-6.427774e10	17486.824	-13.367643
-6.4048583e10	17457.81	-13.377683
-6.381943e10	17428.854	-13.387823
-6.3590277e10	17399.94	-13.398067
-6.3361126e10	17370.898	-13.408355
-6.313197e10	17341.258	-13.418505
-6.290282e10	17311.672	-13.42876
-6.267366e10	17282.14	-13.43912
-6.2444507e10	17252.37	-13.449464
-6.2215356e10	17222.328	-13.459769
-6.19862e10	17192.34	-13.470182
-6.175705e10	17162.41	-13.480705
-6.152789e10	17131.834	-13.491041
-6.129874e10	17101.104	-13.50139
-6.1069586e10	17070.434	-13.5118475
-6.084043e10	17039.78	-13.5223875
-6.061128e10	17008.996	-13.532792
-6.038212e10	16978.264	-13.543307
-6.015297e10	16947.592	-13.553934
-5.9923816e10	16917.19	-13.564596
-5.9694666e10	16887.068	-13.575293
-5.946551e10	16857.002	-13.586104
-5.923636e10	16826.994	-13.5970335
-5.90072e10	16797.168	-13.607814
-5.8778046e10	16767.416	-13.6186905
-5.8548896e10	16737.71	-13.629686
-5.8319737e10	16708.203	-13.640702
-5.809059e10	16678.957	-13.651689
-5.786143e10	16649.77	-13.662797
-5.763228e10	16620.625	-13.67403
-5.7403126e10	16591.58	-13.685094
-5.7173967e10	16562.59	-13.696258
-5.6944816e10	16533.654	-13.707547
-5.671566e10	16504.78	-13.718805
-5.648651e10	16475.975	-13.730022
-5.6257356e10	16447.215	-13.741367
-5.6028205e10	16418.49	-13.752807
-5.5799046e10	16389.56	-13.764042
-5.556989e10	16360.678	-13.775406
-5.534074e10	16331.855	-13.7869
-5.5111586e10	16303.047	-13.798284
-5.4882435e10	16274.269	-13.809713
-5.4653276e10	16245.559	-13.821276
-5.4424125e10	16216.831	-13.832824
-5.419497e10	16188.084	-13.844312
-5.3965816e10	16159.394	-13.855932
-5.3736665e10	16130.764	-13.867637
-5.3507506e10	16102.226	-13.879214
-5.3278355e10	16073.747	-13.890927
-5.30492e10	16045.313	-13.90278
-5.282005e10	16016.94	-13.914464
-5.2590895e10	15988.626	-13.926267
-5.2361736e10	15960.354	-13.9382105
-5.2132585e10	15932.198	-13.950054
-5.190343e10	15904.109	-13.961956
-5.167428e10	15876.07	-13.974001
-5.1445125e10	15848.014	-13.985978
-5.1215974e10	15819.953	-13.997953
-5.0986815e10	15791.945	-14.010075
-5.0757665e10	15763.984	-14.022176
-5.052851e10	15736.069	-14.034248
-5.0299355e10	15708.207	-14.046468
-5.0070204e10	15680.382	-14.058692
-4.9841046e10	15652.587	-14.07086
-4.961189e10	15624.847	-14.083178
-4.938274e10	15597.166	-14.095512
-4.9153585e10	15569.558	-14.107781
-4.892443e10	15541.995	-14.120202
-4.869528e10	15514.425	-14.132628
-4.8466125e10	15486.791	-14.144969
-4.8236974e10	15459.208	-14.157464
-4.8007815e10	15431.599	-14.169954
-4.777866e10	15403.934	-14.1823845
-4.754951e10	15376.321	-14.194971
-4.7320355e10	15348.723	-14.207546
-4.70912e10	15321.146	-14.220111
-4.686205e10	15293.627	-14.232836
-4.6632894e10	15266.124	-14.24552
-4.640374e10	15238.658	-14.25824
-4.6174585e10	15211.24	-14.271123
-4.594543e10	15183.837	-14.2839155
-4.571628e10	15156.468	-14.296795
-4.5487124e10	15129.153	-14.309843
-4.525797e10	15101.736	-14.322717
-4.502882e10	15074.369	-14.335741
-4.4799664e10	15046.994	-14.348869
-4.457051e10	15019.3955	-14.361841
-4.4341354e10	14991.853	-14.374984
-4.41122e10	14964.28	-14.388139
-4.388305e10	14936.652	-14.401249
-4.3653894e10	14909.082	-14.414533
-4.342474e10	14881.54	-14.42774
-4.319559e10	14854.04	-14.44102
-4.296643e10	14826.607	-14.454467
-4.273728e10	14799.256	-14.467746
-4.2508124e10	14771.959	-14.481204
-4.227897e10	14744.735	-14.4946995
-4.204982e10	14717.591	-14.508148
-4.1820664e10	14690.493	-14.521781
-4.159151e10	14663.408	-14.535293
-4.136236e10	14636.366	-14.548901
-4.11332e10	14609.353	-14.562619
-4.090405e10	14582.313	-14.57621
-4.0674894e10	14555.332	-14.589989
-4.044574e10	14528.385	-14.603719
-4.021659e10	14501.483	-14.617507
-3.9987433e10	14474.63	-14.631438
-3.975828e10	14447.776	-14.645236
-3.9529124e10	14420.978	-14.659227
-3.929997e10	14394.2	-14.673171
-3.9070814e10	14367.449	-14.687176
-3.8841663e10	14340.763	-14.701307
-3.861251e10	14314.112	-14.715334
-3.8383354e10	14287.522	-14.72956
-3.8154203e10	14260.817	-14.743674
-3.7925044e10	14234.127	-14.757894
-3.7695894e10	14207.397	-14.772167
-3.746674e10	14180.569	-14.786387
-3.7237584e10	14153.807	-14.80081
-3.7008433e10	14126.885	-14.815053
-3.677928e10	14100.026	-14.829503
-3.6550124e10	14073.045	-14.843895
-3.6320973e10	14046.035	-14.858365
-3.6091814e10	14018.967	-14.872897
-3.5862663e10	13991.733	-14.887378
-3.563351e10	13964.534	-14.902037
-3.5404354e10	13937.167	-14.9165535
-3.5175203e10	13909.874	-14.931284
-3.494605e10	13882.389	-14.945908
-3.4716893e10	13854.93	-14.960684
-3.448774e10	13827.427	-14.975462
-3.4258586e10	13799.923	-14.99032
-3.402943e10	13772.342	-15.005241
-3.3800278e10	13744.622	-15.02016
-3.3571125e10	13716.861	-15.035204
-3.334197e10	13688.809	-15.050173
-3.3112818e10	13660.789	-15.065327
-3.2883665e10	13632.482	-15.080371
-3.2654508e10	13604.257	-15.095646
-3.2425353e10	13575.918	-15.110813
-3.21962e10	13547.664	-15.126214
-3.1967048e10	13519.216	-15.141518
-3.1737893e10	13490.823	-15.157023
-3.150874e10	13462.322	-15.17247
-3.1279587e10	13433.873	-15.188102
-3.105043e10	13405.348	-15.203697
-3.0821278e10	13376.871	-15.219471
-3.0592123e10	13348.265	-15.235205
-3.036297e10	13319.691	-15.251115
-3.0133817e10	13290.961	-15.266971
-2.9904663e10	13262.272	-15.28301
-2.967551e10	13233.791	-15.299036
-2.9446353e10	13205.425	-15.315275
-2.92172e10	13177.145	-15.331429
-2.8988045e10	13148.957	-15.347813
-2.8758893e10	13120.878	-15.364064
-2.852974e10	13092.897	-15.380539
-2.8300585e10	13065.121	-15.396924
-2.8071432e10	13037.49	-15.413485
-2.784228e10	13010.1045	-15.430012
-2.7613123e10	12982.716	-15.446617
-2.738397e10	12955.284	-15.463196
-2.7154815e10	12927.855	-15.479777
-2.6925662e10	12900.449	-15.49643
-2.669651e10	12872.857	-15.512985
-2.6467355e10	12845.28	-15.529707
-2.6238202e10	12817.705	-15.546309
-2.6009045e10	12790.183	-15.563091
-2.5779892e10	12762.584	-15.579849
-2.555074e10	12735.162	-15.59672
-2.5321585e10	12707.902	-15.613713
-2.5092432e10	12680.797	-15.630698
-2.486328e10	12653.807	-15.647858
-2.4634122e10	12627.005	-15.664965
-2.440497e10	12600.127	-15.682146
-2.4175817e10	12573.145	-15.699346
-2.3946662e10	12546.24	-15.7164955
-2.3717507e10	12519.372	-15.733773
-2.3488354e10	12492.352	-15.750956
-2.3259202e10	12465.42	-15.768205
-2.3030047e10	12438.575	-15.785574
-2.2800892e10	12411.436	-15.802791
-2.257174e10	12384.419	-15.820153
-2.2342586e10	12357.55	-15.83761
-2.2113432e10	12330.491	-15.855025
-2.1884277e10	12303.471	-15.872577
-2.1655124e10	12276.53	-15.890212
-2.1425971e10	12249.143	-15.907785
-2.1196816e10	12221.584	-15.925445
-2.0967662e10	12193.827	-15.943154
-2.0738509e10	12165.317	-15.9607315
-2.0509354e10	12136.702	-15.978416
-2.0280201e10	12107.949	-15.996201
-2.0051046e10	12078.58	-16.013952
-1.9821894e10	12048.906	-16.031765
-1.9592739e10	12018.837	-16.049658
-1.9363584e10	11988.427	-16.067648
-1.9134431e10	11958.011	-16.08581
-1.8905278e10	11926.904	-16.103998
-1.8676124e10	11895.413	-16.122295
-1.8446969e10	11863.387	-16.140667
-1.8217816e10	11830.951	-16.159119
-1.7988661e10	11798.327	-16.177689
-1.7759508e10	11765.386	-16.196331
-1.7530354e10	11732.54	-16.21511
-1.73012e10	11699.32	-16.233923
-1.7072046e10	11666.055	-16.252838
-1.6842892e10	11632.304	-16.271765
-1.661374e10	11598.293	-16.290766
-1.6384586e10	11564.205	-16.309898
-1.6155431e10	11529.995	-16.329174
-1.5926277e10	11495.227	-16.348536
-1.5697123e10	11459.767	-16.367966
-1.5467969e10	11423.51	-16.387463
-1.5238816e10	11386.516	-16.407059
-1.5009662e10	11349.199	-16.426832
-1.4780508e10	11311.989	-16.446852
-1.4551353e10	11275.25	-16.467155
-1.43222e10	11238.957	-16.48769
-1.4093047e10	11203.087	-16.508394
-1.3863893e10	11167.491	-16.529192
-1.3634738e10	11132.282	-16.550076
-1.3405584e10	11097.349	-16.571
-1.3176432e10	11062.62	-16.591936
-1.2947278e10	11027.855	-16.61283
-1.2718124e10	10993.035	-16.633678
-1.2488969e10	10957.949	-16.65446
-1.2259815e10	10922.687	-16.6752
-1.2030662e10	10887.379	-16.695925
-1.1801508e10	10852.181	-16.716663
-1.1572354e10	10816.636	-16.737331
-1.13432e10	10780.481	-16.757889
-1.1114046e10	10743.282	-16.778276
-1.0884893e10	10704.946	-16.798504
-1.0655739e10	10665.248	-16.818556
-1.0426585e10	10624.233	-16.838459
-1.0197431e10	10581.6455	-16.858185
-9.968276e9	10537.641	-16.877775
-9.739123e9	10491.993	-16.897194
-9.509969e9	10444.716	-16.91645
-9.280815e9	10395.518	-16.935522
-9.051661e9	10344.598	-16.954477
-8.822508e9	10292.377	-16.973421
-8.593354e9	10239.397	-16.992485
-8.3642e9	10185.776	-17.011698
-8.135046e9	10130.965	-17.030935
-7.9058924e9	10074.18	-17.050026
-7.6767386e9	10015.741	-17.068996
-7.447585e9	9955.563	-17.087812
-7.218431e9	9893.719	-17.10648
-6.9892767e9	9830.34	-17.125027
-6.760123e9	9765.026	-17.143362
-6.530969e9	9696.726	-17.161287
-6.3018153e9	9624.776	-17.178703
-6.0726615e9	9548.542	-17.195524
-5.8435077e9	9466.837	-17.21151
-5.614354e9	9379.309	-17.226576
-5.3851996e9	9285.627	-17.24072
-5.156046e9	9184.8	-17.25383
-4.926892e9	9077.434	-17.266083
-4.697738e9	8965.01	-17.277824
-4.4685844e9	8846.845	-17.289007
-4.2394307e9	8721.011	-17.299358
-4.0102769e9	8586.022	-17.3087
-3.781123e9	8440.367	-17.316862
-3.551969e9	8286.075	-17.324194
-3.3228152e9	8125.5815	-17.331165
-3.0936612e9	7959.088	-17.337866
-2.8645074e9	7783.976	-17.34397
-2.6353536e9	7595.511	-17.34869
-2.4061998e9	7386.8877	-17.35095
-2.177046e9	7153.5044	-17.350128
-1.947892e9	6904.258	-17.347902
-1.7187382e9	6646.1396	-17.345644
-1.4895844e9	6372.17	-17.342386
-1.2604305e9	6089.776	-17.339314
-1.0312767e9	5828.5845	-17.341125
-8.0212275e8	5592.1694	-17.348986
-5.7296896e8	5372.6523	-17.361399
-3.438151e8	5168.7383	-17.37789
-1.14661256e8	4987.432	-17.39934
1.1449259e8	4830.579	-17.425991
3.4364646e8	4693.343	-17.457333
5.728003e8	4569.0293	-17.492476
8.019542e8	4455.079	-17.531158
1.031108e9	4356.583	-17.573978
1.2602619e9	4266.983	-17.619947
1.4894157e9	4184.036	-17.668808
1.7185696e9	4106.5596	-17.720434
1.9477234e9	4035.2783	-17.774603
2.1768773e9	3968.6882	-17.8312
2.406031e9	3906.536	-17.89038
2.6351852e9	3848.8562	-17.952255
2.864339e9	3796.9478	-18.016108
3.0934927e9	3748.9424	-18.082617
3.3226468e9	3704.5928	-18.152004
3.5518006e9	3665.088	-18.22318
3.7809544e9	3629.5	-18.296604
4.0101082e9	3596.7998	-18.372997
4.239262e9	3567.5298	-18.451197
4.468416e9	3541.5117	-18.53072
4.69757e9	3517.6084	-18.613176
4.9267236e9	3496.198	-18.697475
5.1558774e9	3476.8254	-18.78184
5.385031e9	3458.8127	-18.869038
5.614185e9	3442.4595	-18.957975
5.843339e9	3427.3745	-19.04592
6.072493e9	3413.0447	-19.136591
6.301647e9	3399.6238	-19.228506
6.5308006e9	3386.6475	-19.318903
6.759954e9	3373.7605	-19.411982
6.989108e9	3360.8643	-19.505508
7.2182615e9	3348.105	-19.597454
7.447416e9	3335.5361	-19.69218
7.67657e9	3323.244	-19.786503
7.9057234e9	3310.7673	-19.879862
8.1348777e9	3298.182	-19.976109
8.364031e9	3285.2756	-20.070583
8.593186e9	3271.7737	-20.165207
8.822339e9	3257.9282	-20.26279
9.051493e9	3243.3555	-20.356806
9.280646e9	3228.2256	-20.452673
9.509801e9	3212.6084	-20.55083
9.738954e9	3196.7803	-20.644796
9.968109e9	3180.6243	-20.742136
1.0197261e10	3163.8354	-20.83932
1.0426416e10	3146.595	-20.93474
1.065557e10	3129.1626	-21.033602
1.0884724e10	3111.1106	-21.129093
1.1113878e10	3093.0002	-21.225843
1.1343031e10	3074.875	-21.325169
1.1572185e10	3056.3193	-21.419704
1.1801339e10	3037.7668	-21.517912
1.2030493e10	3019.1267	-21.61443
1.2259646e10	3000.6235	-21.709562
1.2488801e10	2982.2896	-21.808006
1.2717954e10	2964.8572	-21.900402
1.2947109e10	2947.7585	-21.99634
1.3176262e10	2931.11	-22.091879
1.3405416e10	2914.8645	-22.185966
1.363457e10	2898.8738	-22.284103
1.3863724e10	2883.508	-22.376984
1.4092877e10	2868.419	-22.473366
1.4322033e10	2853.7144	-22.568863
1.4551185e10	2839.3306	-22.66273
1.4780339e10	2825.155	-22.760439
1.5009493e10	2811.8677	-22.850937
1.5238648e10	2798.9612	-22.94564
1.5467801e10	2786.8232	-23.037634
1.5696954e10	2774.7952	-23.129625
1.5926108e10	2762.8706	-23.223408
1.6155263e10	2751.609	-23.31287
1.6384416e10	2740.581	-23.406618
1.661357e10	2729.9763	-23.495428
1.6842724e10	2719.565	-23.587011
1.7071878e10	2709.4153	-23.67758
1.730103e10	2699.5732	-23.766857
1.7530186e10	2689.9468	-23.858511
1.775934e10	2680.6013	-23.944794
1.7988493e10	2671.41	-24.035315
1.8217646e10	2662.5305	-24.120052
1.84468e10	2653.8157	-24.207567
1.8675956e10	2645.3333	-24.292833
1.8905108e10	2636.994	-24.377684
1.9134261e10	2628.8127	-24.46321
1.9363416e10	2619.8335	-24.545025
1.959257e10	2610.735	-24.630247
1.9821724e10	2601.6372	-24.708973
2.0050876e10	2592.6458	-24.791784
2.0280033e10	2583.4778	-24.869648
2.0509186e10	2574.3838	-24.949741
2.0738339e10	2565.2664	-25.027323
2.0967494e10	2555.6958	-25.104898
2.1196648e10	2545.6924	-25.182
2.1425801e10	2535.5105	-25.257133
2.1654954e10	2525.3455	-25.333761
2.1884109e10	2515.3977	-25.406525
2.2113264e10	2505.6375	-25.482489
2.2342416e10	2496.4067	-25.553741
2.257157e10	2487.236	-25.629017
2.2800724e10	2476.8516	-25.700329
2.3029879e10	2466.8523	-25.77506
2.3259032e10	2457.766	-25.847519
2.3488184e10	2447.7524	-25.921808
2.371734e10	2435.604	-25.993444
2.3946494e10	2424.4004	-26.066654
2.4175647e10	2414.3938	-26.139936
2.44048e10	2400.5344	-26.211784
2.4633956e10	2383.2034	-26.282057
2.486311e10	2367.6172	-26.349463
2.5092262e10	2353.2957	-26.416035
2.5321417e10	2328.1423	-26.473215
2.5550572e10	2298.4563	-26.526834
2.5779724e10	2270.2498	-26.577404
2.6008877e10	2242.9524	-26.628458
2.6238032e10	2224.1797	-26.683847
2.6467185e10	2207.6428	-26.74289
2.6696342e10	2188.1768	-26.80047
2.6925494e10	2168.574	-26.860762
2.7154647e10	2150.9236	-26.919495
2.7383802e10	2133.6833	-26.981497
