-4.643411e10	16904.064	-10.760316
-4.632943e10	16888.105	-10.765992
-4.622475e10	16872.162	-10.771701
-4.6120067e10	16856.232	-10.777443
-4.6015386e10	16840.318	-10.783217
-4.5910704e10	16824.418	-10.789026
-4.5806027e10	16808.535	-10.794868
-4.5701345e10	16792.664	-10.800744
-4.5596664e10	16776.81	-10.806656
-4.5491982e10	16760.967	-10.812602
-4.5387305e10	16745.145	-10.818584
-4.5282623e10	16729.338	-10.824602
-4.517794e10	16713.547	-10.830657
-4.507326e10	16697.65	-10.836722
-4.4968583e10	16680.979	-10.842644
-4.48639e10	16664.322	-10.848599
-4.475922e10	16647.682	-10.854592
-4.465454e10	16631.059	-10.8606205
-4.454986e10	16614.453	-10.866685
-4.444518e10	16597.863	-10.8727865
-4.43405e10	16581.29	-10.878926
-4.4235817e10	16564.732	-10.885103
-4.4131135e10	16548.195	-10.891318
-4.4026454e10	16531.672	-10.8975725
-4.3921773e10	16515.164	-10.903867
-4.381709e10	16498.672	-10.9102
-4.3712414e10	16481.582	-10.916439
-4.3607732e10	16464.104	-10.922627
-4.350305e10	16446.643	-10.928855
-4.339837e10	16429.203	-10.935122
-4.329369e10	16411.78	-10.941427
-4.318901e10	16394.377	-10.947773
-4.308433e10	16376.991	-10.95416
-4.2979647e10	16359.624	-10.9605875
-4.287497e10	16342.276	-10.967056
-4.277029e10	16324.945	-10.973568
-4.2665607e10	16307.634	-10.980122
-4.2560926e10	16290.341	-10.986718
-4.245625e10	16272.61	-10.993249
-4.2351567e10	16254.32	-10.9996805
-4.2246885e10	16236.047	-11.006154
-4.2142204e10	16217.798	-11.01267
-4.2037522e10	16199.569	-11.019228
-4.1932845e10	16181.36	-11.02583
-4.1828164e10	16163.169	-11.032475
-4.1723482e10	16145.009	-11.0391655
-4.16188e10	16126.861	-11.0459
-4.151412e10	16108.725	-11.052682
-4.1409438e10	16090.627	-11.059508
-4.1304756e10	16072.538	-11.066382
-4.120008e10	16054.029	-11.073098
-4.1095397e10	16035.282	-11.07974
-4.0990716e10	16016.558	-11.086426
-4.0886034e10	15997.856	-11.093156
-4.0781357e10	15979.177	-11.099933
-4.0676676e10	15960.52	-11.106755
-4.0571994e10	15941.882	-11.113625
-4.0467317e10	15923.268	-11.120541
-4.0362635e10	15904.676	-11.127506
-4.0257954e10	15886.1045	-11.13452
-4.0153272e10	15867.558	-11.141583
-4.0048595e10	15848.971	-11.148626
-3.9943913e10	15830.1455	-11.155395
-3.983923e10	15811.345	-11.1622095
-3.973455e10	15792.564	-11.16907
-3.962987e10	15773.807	-11.17598
-3.9525188e10	15755.072	-11.182937
-3.9420506e10	15736.364	-11.189941
-3.9315825e10	15717.668	-11.196997
-3.9211147e10	15699.0	-11.204102
-3.9106466e10	15680.355	-11.211258
-3.9001784e10	15661.733	-11.218466
-3.8897103e10	15643.107	-11.225692
-3.8792425e10	15624.281	-11.232588
-3.8687744e10	15605.477	-11.239532
-3.8583063e10	15586.695	-11.246526
-3.847838e10	15567.936	-11.253569
-3.8373704e10	15549.2	-11.260661
-3.8269022e10	15530.482	-11.267804
-3.816434e10	15511.799	-11.274999
-3.805966e10	15493.129	-11.282246
-3.795498e10	15474.478	-11.289545
-3.78503e10	15455.854	-11.296898
-3.774562e10	15437.153	-11.304166
-3.7640937e10	15418.265	-11.311202
-3.7536256e10	15399.401	-11.318289
-3.7431575e10	15380.56	-11.325425
-3.7326897e10	15361.743	-11.332614
-3.7222216e10	15342.949	-11.339854
-3.7117534e10	15324.178	-11.347147
-3.7012853e10	15305.425	-11.354493
-3.690817e10	15286.704	-11.361894
-3.680349e10	15267.999	-11.36935
-3.6698812e10	15249.317	-11.376863
-3.659413e10	15230.44	-11.384042
-3.648945e10	15211.5625	-11.391237
-3.638477e10	15192.707	-11.398483
-3.628009e10	15173.877	-11.405783
-3.617541e10	15155.069	-11.4131365
-3.6070728e10	15136.284	-11.420544
-3.5966046e10	15117.522	-11.428007
-3.586137e10	15098.787	-11.435526
-3.5756687e10	15080.074	-11.443103
-3.5652006e10	15061.384	-11.450736
-3.5547324e10	15042.522	-11.458081
-3.5442647e10	15023.648	-11.465403
-3.5337966e10	15004.8	-11.472779
-3.5233284e10	14985.973	-11.480209
-3.5128603e10	14967.171	-11.487696
-3.502392e10	14948.391	-11.495239
-3.491924e10	14929.631	-11.502839
-3.481456e10	14910.901	-11.510498
-3.470988e10	14892.195	-11.518215
-3.46052e10	14873.499	-11.525975
-3.4500518e10	14854.554	-11.533384
-3.4395836e10	14835.631	-11.540849
-3.429116e10	14816.733	-11.548368
-3.4186478e10	14797.861	-11.555946
-3.4081796e10	14779.011	-11.563581
-3.3977115e10	14760.187	-11.571276
-3.3872437e10	14741.389	-11.579029
-3.3767756e10	14722.606	-11.5868435
-3.3663074e10	14703.854	-11.594719
-3.3558393e10	14684.917	-11.602409
-3.3453713e10	14665.845	-11.609968
-3.3349032e10	14646.796	-11.617585
-3.324435e10	14627.772	-11.62526
-3.313967e10	14608.773	-11.632996
-3.3034992e10	14589.8	-11.64079
-3.293031e10	14570.852	-11.648646
-3.2825629e10	14551.923	-11.656565
-3.2720947e10	14533.022	-11.664547
-3.261627e10	14514.034	-11.672426
-3.2511588e10	14494.885	-11.680104
-3.2406907e10	14475.76	-11.687841
-3.2302225e10	14456.659	-11.69564
-3.2197546e10	14437.584	-11.703498
-3.2092865e10	14418.54	-11.711419
-3.1988183e10	14399.511	-11.719403
-3.1883502e10	14380.508	-11.727452
-3.1778824e10	14361.538	-11.735565
-3.1674143e10	14342.422	-11.743532
-3.1569461e10	14323.156	-11.75134
-3.146478e10	14303.919	-11.759209
-3.13601e10	14284.707	-11.76714
-3.125542e10	14265.52	-11.775135
-3.115074e10	14246.356	-11.783195
-3.1046058e10	14227.224	-11.791319
-3.0941379e10	14208.116	-11.79951
-3.0836697e10	14189.038	-11.807769
-3.0732016e10	14169.655	-11.815716
-3.0627334e10	14150.256	-11.82367
-3.0522657e10	14130.885	-11.831689
-3.0417975e10	14111.539	-11.839772
-3.0313294e10	14092.22	-11.847921
-3.0208612e10	14072.931	-11.856138
-3.0103933e10	14053.667	-11.864422
-2.9999251e10	14034.422	-11.872775
-2.989457e10	14014.96	-11.880968
-2.9789889e10	13995.299	-11.889016
-2.9685211e10	13975.667	-11.897129
-2.958053e10	13956.06	-11.905309
-2.9475848e10	13936.479	-11.913556
-2.937117e10	13916.934	-11.921871
-2.926649e10	13897.412	-11.930257
-2.9161808e10	13877.912	-11.938713
-2.9057126e10	13858.229	-11.947053
-2.8952447e10	13838.289	-11.955214
-2.8847766e10	13818.378	-11.963441
-2.8743084e10	13798.495	-11.971737
-2.8638403e10	13778.641	-11.980103
-2.8533725e10	13758.8125	-11.988539
-2.8429044e10	13739.021	-11.997046
-2.8324362e10	13719.253	-12.005628
-2.821968e10	13699.227	-12.014025
-2.8115003e10	13679.033	-12.022318
-2.8010322e10	13658.87	-12.03068
-2.790564e10	13638.737	-12.039112
-2.7800959e10	13618.634	-12.047617
-2.769628e10	13598.562	-12.056194
-2.7591598e10	13578.522	-12.064845
-2.7486917e10	13558.506	-12.073572
-2.7382235e10	13538.2	-12.081959
-2.7277558e10	13517.927	-12.090416
-2.7172876e10	13497.683	-12.098947
-2.7068195e10	13477.474	-12.10755
-2.6963513e10	13457.289	-12.116227
-2.6858834e10	13437.138	-12.124981
-2.6754152e10	13417.02	-12.133813
-2.6649473e10	13396.73	-12.142452
-2.6544792e10	13376.363	-12.151017
-2.6440112e10	13356.029	-12.159656
-2.633543e10	13335.725	-12.168369
-2.623075e10	13315.455	-12.17716
-2.6126068e10	13295.211	-12.1860285
-2.602139e10	13275.005	-12.194977
-2.5916709e10	13254.64	-12.203783
-2.5812027e10	13234.134	-12.212458
-2.5707346e10	13213.66	-12.221208
-2.5602666e10	13193.216	-12.230035
-2.5497985e10	13172.813	-12.23894
-2.5393304e10	13152.429	-12.247926
-2.5288624e10	13132.087	-12.256993
-2.5183943e10	13111.471	-12.265883
-2.5079263e10	13090.691	-12.274684
-2.4974582e10	13069.944	-12.283562
-2.4869902e10	13049.233	-12.29252
-2.476522e10	13028.551	-12.3015585
-2.4660541e10	13007.902	-12.31068
-2.455586e10	12987.291	-12.319885
-2.4451178e10	12966.289	-12.32881
-2.43465e10	12945.282	-12.33778
-2.4241818e10	12924.309	-12.34683
-2.4137136e10	12903.369	-12.355965
-2.4032457e10	12882.471	-12.365183
-2.3927775e10	12861.6045	-12.374487
-2.3823096e10	12840.598	-12.383704
-2.3718416e10	12819.4	-12.392775
-2.3613735e10	12798.24	-12.401929
-2.3509055e10	12777.12	-12.411167
-2.3404374e10	12756.03	-12.420491
-2.3299693e10	12734.976	-12.429904
-2.3195011e10	12713.885	-12.439342
-2.3090332e10	12692.409	-12.448495
-2.298565e10	12670.971	-12.457734
-2.288097e10	12649.569	-12.467058
-2.277629e10	12628.21	-12.476471
-2.267161e10	12606.878	-12.485973
-2.2566928e10	12585.556	-12.49554
-2.2462249e10	12563.725	-12.504783
-2.2357567e10	12541.934	-12.514112
-2.2252886e10	12520.183	-12.523529
-2.2148205e10	12498.469	-12.533036
-2.2043525e10	12476.793	-12.542634
-2.1938844e10	12455.0625	-12.552256
-2.1834164e10	12432.857	-12.561614
-2.1729483e10	12410.693	-12.571061
-2.1624803e10	12388.572	-12.580599
-2.1520122e10	12366.487	-12.590227
-2.1415442e10	12344.455	-12.59995
-2.131076e10	12322.24	-12.609581
-2.1206082e10	12299.805	-12.619072
-2.11014e10	12277.413	-12.628655
-2.0996719e10	12255.064	-12.63833
-2.0892037e10	12232.76	-12.648101
-2.0787358e10	12210.499	-12.657967
-2.0682676e10	12188.007	-12.667549
-2.0577997e10	12165.535	-12.677187
-2.0473315e10	12143.106	-12.686919
-2.0368636e10	12120.727	-12.696746
-2.0263954e10	12098.385	-12.706671
-2.0159275e10	12075.984	-12.716475
-2.0054594e10	12053.545	-12.726192
-1.9949912e10	12031.151	-12.736005
-1.9845233e10	12008.805	-12.745914
-1.9740551e10	11986.491	-12.755924
-1.963587e10	11964.145	-12.765896
-1.953119e10	11941.685	-12.775709
-1.9426509e10	11919.267	-12.785619
-1.932183e10	11896.895	-12.795629
-1.9217148e10	11874.565	-12.805739
-1.9112468e10	11852.1045	-12.815823
-1.9007787e10	11829.302	-12.825721
-1.8903108e10	11806.547	-12.835718
-1.8798426e10	11783.837	-12.845816
-1.8693745e10	11761.175	-12.856017
-1.8589063e10	11738.191	-12.866143
-1.8484384e10	11714.784	-12.876136
-1.8379702e10	11691.425	-12.88623
-1.8275023e10	11668.12	-12.896428
-1.8170343e10	11644.873	-12.90673
-1.8065662e10	11621.268	-12.916879
-1.7960983e10	11597.552	-12.927024
-1.7856301e10	11573.891	-12.937272
-1.775162e10	11550.285	-12.947627
-1.7646938e10	11526.667	-12.958043
-1.7542259e10	11502.686	-12.968248
-1.7437577e10	11478.76	-12.9785595
-1.7332898e10	11454.891	-12.988978
-1.7228216e10	11431.078	-12.999506
-1.7123537e10	11406.796	-13.009872
-1.7018855e10	11382.344	-13.020224
-1.6914175e10	11357.954	-13.030683
-1.6809495e10	11333.618	-13.041252
-1.6704814e10	11309.082	-13.051793
-1.6600133e10	11284.199	-13.0622225
-1.6495453e10	11259.38	-13.072762
-1.6390772e10	11234.621	-13.083413
-1.6286091e10	11209.82	-13.094099
-1.618141e10	11184.713	-13.104628
-1.607673e10	11159.668	-13.115269
-1.5972049e10	11134.693	-13.126024
-1.5867369e10	11109.678	-13.136825
-1.5762688e10	11084.273	-13.14743
-1.5658008e10	11058.942	-13.158151
-1.5553326e10	11033.673	-13.168986
-1.5448647e10	11008.22	-13.179834
-1.5343965e10	10982.181	-13.19052
-1.5239286e10	10956.217	-13.201323
-1.5134604e10	10930.325	-13.212242
-1.5029924e10	10903.997	-13.223081
-1.4925242e10	10877.33	-13.233871
-1.4820563e10	10850.748	-13.244781
-1.4715881e10	10824.186	-13.25579
-1.4611201e10	10796.855	-13.266589
-1.4506521e10	10769.615	-13.277506
-1.440184e10	10742.46	-13.288544
-1.4297159e10	10714.765	-13.299451
-1.4192479e10	10687.011	-13.310417
-1.4087798e10	10659.347	-13.3215065
-1.3983117e10	10631.331	-13.332497
-1.3878436e10	10603.306	-13.3435545
-1.3773756e10	10575.353	-13.354728
-1.3669075e10	10546.8125	-13.365757
-1.3564396e10	10518.38	-13.376908
-1.3459714e10	10489.725	-13.38806
-1.3355034e10	10460.816	-13.399195
-1.3250352e10	10431.941	-13.410427
-1.3145673e10	10402.591	-13.421574
-1.3040991e10	10373.355	-13.432846
-1.2936312e10	10343.61	-13.444025
-1.283163e10	10313.954	-13.4553175
-1.272695e10	10283.683	-13.466528
-1.2622269e10	10253.427	-13.477836
-1.2517589e10	10222.338	-13.489052
-1.2412909e10	10191.069	-13.500329
-1.2308227e10	10159.245	-13.511594
-1.2203547e10	10127.269	-13.522898
-1.2098866e10	10095.328	-13.53428
-1.1994186e10	10063.56	-13.545733
-1.1889505e10	10031.737	-13.557238
-1.1784825e10	9999.808	-13.568789
-1.1680143e10	9967.6455	-13.580363
-1.1575463e10	9935.058	-13.591912
-1.1470782e10	9902.331	-13.603498
-1.1366102e10	9869.425	-13.615116
-1.1261422e10	9836.275	-13.626757
-1.115674e10	9802.792	-13.638411
-1.105206e10	9768.734	-13.650044
-1.0947379e10	9734.098	-13.661666
-1.0842699e10	9699.073	-13.673297
-1.0738018e10	9663.749	-13.68495
-1.0633338e10	9628.296	-13.696638
-1.0528656e10	9592.77	-13.708366
-1.0423976e10	9557.112	-13.720123
-1.0319295e10	9521.316	-13.731903
-1.0214615e10	9485.341	-13.743698
-1.0109935e10	9449.104	-13.755499
-1.0005253e10	9412.619	-13.767312
-9.900573e9	9375.922	-13.779149
-9.795892e9	9338.958	-13.791009
-9.691213e9	9301.418	-13.802854
-9.586531e9	9263.029	-13.81464
-9.481851e9	9224.062	-13.826402
-9.37717e9	9184.959	-13.838216
-9.27249e9	9146.002	-13.850125
-9.16781e9	9106.924	-13.862091
-9.063129e9	9067.46	-13.874074
-8.958448e9	9027.575	-13.886059
-8.853767e9	8987.386	-13.898052
-8.749087e9	8947.001	-13.9100685
-8.644406e9	8906.355	-13.922097
-8.5397253e9	8865.325	-13.934122
-8.435045e9	8823.714	-13.946117
-8.3303644e9	8781.605	-13.95809
-8.2256835e9	8739.127	-13.970072
-8.121003e9	8696.204	-13.982063
-8.0163226e9	8652.953	-13.994073
-7.9116416e9	8609.677	-14.00614
-7.806961e9	8566.457	-14.0182705
-7.70228e9	8523.113	-14.0304365
-7.5976e9	8479.449	-14.04261
-7.4929193e9	8435.431	-14.054786
-7.3882383e9	8390.978	-14.066948
-7.283558e9	8345.773	-14.079057
-7.1788774e9	8299.854	-14.091122
-7.0741965e9	8253.42	-14.103178
-6.969516e9	8206.385	-14.115234
-6.8648356e9	8158.2476	-14.127232
-6.7601546e9	8108.8877	-14.139133
-6.655474e9	8058.958	-14.151052
-6.550793e9	8009.0674	-14.163108
-6.446113e9	7959.3223	-14.17531
-6.3414323e9	7909.411	-14.187602
-6.2367514e9	7858.793	-14.199897
-6.132071e9	7807.092	-14.212124
-6.0273905e9	7754.33	-14.224269
-5.9227095e9	7700.8213	-14.236372
-5.818029e9	7646.9956	-14.248516
-5.7133486e9	7592.735	-14.260695
-5.6086676e9	7537.544	-14.272826
-5.503987e9	7481.081	-14.284872
-5.399307e9	7423.262	-14.296817
-5.2946263e9	7364.526	-14.308707
-5.189946e9	7305.225	-14.320613
-5.085265e9	7245.375	-14.332528
-4.9805844e9	7185.096	-14.344464
-4.8759035e9	7124.2104	-14.356389
-4.771223e9	7062.9644	-14.3683195
-4.6665426e9	7001.599	-14.380287
-4.5618616e9	6939.921	-14.392262
-4.457181e9	6877.8975	-14.40424
-4.3525007e9	6815.4854	-14.41621
-4.2478198e9	6752.7334	-14.42818
-4.1431393e9	6689.8335	-14.440213
-4.0384586e9	6626.548	-14.45228
-3.933778e9	6562.371	-14.464281
-3.8290975e9	6497.3135	-14.476225
-3.7244168e9	6431.3413	-14.488116
-3.619736e9	6364.499	-14.499941
-3.5150554e9	6297.04	-14.511769
-3.410375e9	6228.8916	-14.523619
-3.3056942e9	6159.33	-14.53533
-3.2010135e9	6088.0347	-14.546826
-3.096333e9	6015.067	-14.5581255
-2.9916526e9	5940.503	-14.569204
-2.886972e9	5864.545	-14.580103
-2.7822912e9	5787.7744	-14.590954
-2.6776105e9	5710.4087	-14.601792
-2.57293e9	5632.201	-14.612571
-2.4682493e9	5553.283	-14.623329
-2.3635686e9	5473.4976	-14.634057
-2.258888e9	5392.6504	-14.644681
-2.1542075e9	5310.8867	-14.655251
-2.0495268e9	5228.2793	-14.665803
-1.9448462e9	5144.4316	-14.676236
-1.8401658e9	5059.602	-14.686575
-1.735485e9	4974.562	-14.696969
-1.6308045e9	4889.7725	-14.707502
-1.5261238e9	4805.5415	-14.718233
-1.4214432e9	4722.0635	-14.729258
-1.3167625e9	4639.3003	-14.740595
-1.2120819e9	4557.5933	-14.752299
-1.1074012e9	4478.415	-14.764636
-1.00272064e9	4403.2583	-14.777894
-8.9804e8	4332.282	-14.792213
-7.933594e8	4264.796	-14.807511
-6.886788e8	4200.8887	-14.823785
-5.839982e8	4141.778	-14.841291
-4.7931757e8	4088.766	-14.860331
-3.7463696e8	4042.1892	-14.881028
-2.6995632e8	4001.48	-14.903351
-1.6527571e8	3965.6155	-14.9271555
-6.0595096e7	3933.4836	-14.952223
4.4085524e7	3904.3118	-14.978382
1.4876614e8	3877.5027	-15.005494
2.5344677e8	3852.463	-15.033421
3.581274e8	3828.8667	-15.062084
4.62808e8	3806.5383	-15.091437
5.6748864e8	3785.1777	-15.121406
6.721693e8	3764.6943	-15.151957
7.7684986e8	3744.869	-15.183037
8.815305e8	3725.7346	-15.214667
9.8621114e8	3707.056	-15.246766
1.0908918e9	3688.975	-15.279389
1.1955724e9	3671.179	-15.312424
1.3002529e9	3653.941	-15.345939
1.4049335e9	3636.8638	-15.379806
1.5096142e9	3620.1729	-15.414117
1.6142948e9	3603.571	-15.448758
1.7189755e9	3587.254	-15.483811
1.8236561e9	3571.0283	-15.5192
1.9283368e9	3554.9724	-15.554961
2.0330173e9	3539.0466	-15.591084
2.1376979e9	3523.175	-15.627541
2.2423785e9	3507.5188	-15.664417
2.347059e9	3491.8062	-15.701574
2.4517396e9	3476.42	-15.739035
2.5564204e9	3461.0178	-15.776745
2.661101e9	3445.8267	-15.814895
2.7657815e9	3430.7617	-15.853418
2.8704622e9	3415.7483	-15.892276
2.975143e9	3401.0022	-15.931512
3.0798236e9	3386.2598	-15.970724
3.184504e9	3371.6807	-16.01044
3.2891845e9	3357.2502	-16.050728
3.3938652e9	3342.8	-16.09083
3.498546e9	3328.514	-16.131325
3.6032264e9	3314.3162	-16.17253
3.707907e9	3300.0806	-16.213411
3.8125878e9	3285.9753	-16.254827
3.9172685e9	3271.9844	-16.296986
4.021949e9	3257.9531	-16.33859
4.1266296e9	3243.9624	-16.381495
4.2313103e9	3230.1687	-16.42356
4.335991e9	3216.435	-16.467337
4.4406717e9	3202.7097	-16.50982
4.545352e9	3189.045	-16.55419
4.6500326e9	3175.671	-16.597376
4.7547136e9	3162.3716	-16.642262
4.859394e9	3149.1528	-16.686522
4.9640745e9	3136.002	-16.7314
5.0687555e9	3122.976	-16.777391
5.173436e9	3110.2341	-16.82206
5.2781164e9	3097.5461	-16.868818
5.3827973e9	3084.9	-16.914717
5.487478e9	3072.2996	-16.960623
5.5921587e9	3059.7515	-17.008736
5.696839e9	3047.4553	-17.054848
5.8015196e9	3035.2686	-17.101831
5.9062e9	3023.1316	-17.151133
6.0108805e9	3011.0667	-17.198072
6.1155615e9	2999.06	-17.245546
6.220242e9	2987.1033	-17.295385
6.3249224e9	2975.3687	-17.34427
6.4296033e9	2963.85	-17.392042
6.5342843e9	2952.3794	-17.44221
6.6389647e9	2940.967	-17.49438
6.7436457e9	2929.735	-17.541897
6.848326e9	2918.5488	-17.591784
6.9530066e9	2907.4102	-17.64429
7.0576876e9	2896.6228	-17.695515
7.162368e9	2886.1755	-17.745253
7.267048e9	2875.768	-17.797594
7.3717284e9	2865.4023	-17.852827
7.4764093e9	2855.5254	-17.903406
7.58109e9	2845.7644	-17.955215
7.68577e9	2836.0408	-18.009853
7.790451e9	2826.505	-18.06634
7.8951316e9	2817.9314	-18.117704
7.999812e9	2809.3877	-18.171852
8.104493e9	2800.8745	-18.2291
8.2091735e9	2792.7043	-18.285818
8.3138545e9	2785.0808	-18.338898
8.418535e9	2777.484	-18.394953
8.5232154e9	2769.9146	-18.45434
8.627896e9	2762.938	-18.511133
8.732577e9	2756.453	-18.565855
8.837257e9	2749.9907	-18.623745
8.941938e9	2743.5532	-18.685192
9.046619e9	2737.5994	-18.742079
9.1513e9	2731.9045	-18.797817
9.25598e9	2726.2373	-18.856846
9.36066e9	2720.597	-18.919579
9.465341e9	2715.98	-18.976929
9.570021e9	2711.794	-19.033806
9.674703e9	2707.6526	-19.094116
9.779383e9	2703.5608	-19.158298
9.884064e9	2700.0994	-19.216461
9.988744e9	2696.9272	-19.273752
1.0093425e10	2693.81	-19.334528
1.0198106e10	2690.7488	-19.399237
1.0302787e10	2688.6333	-19.45873
1.0407467e10	2687.074	-19.51627
1.0512147e10	2685.5771	-19.577324
1.0616828e10	2684.148	-19.64235
1.0721508e10	2683.1995	-19.703547
1.082619e10	2682.7385	-19.760199
1.093087e10	2682.3733	-19.820255
1.1035551e10	2682.1077	-19.88415
1.1140231e10	2682.6838	-19.947428
1.1244912e10	2685.0532	-20.003277
1.1349593e10	2687.6023	-20.062433
1.1454274e10	2690.338	-20.125309
1.1558954e10	2693.2417	-20.191597
1.1663634e10	2695.842	-20.245564
1.1768315e10	2698.6375	-20.30261
1.1872995e10	2701.6345	-20.363108
1.1977677e10	2704.8394	-20.427502
1.2082357e10	2708.9395	-20.484604
1.2187038e10	2713.5518	-20.540318
1.2291718e10	2718.419	-20.599321
1.2396399e10	2723.5505	-20.662025
1.250108e10	2728.0479	-20.723478
1.2605761e10	2730.923	-20.776772
1.2710441e10	2734.1006	-20.833065
1.2815121e10	2737.5862	-20.892717
1.2919801e10	2741.3835	-20.956154
1.3024482e10	2745.6873	-21.010176
1.3129163e10	2750.4075	-21.064848
1.3233844e10	2755.5222	-21.122684
1.3338524e10	2761.0366	-21.184072
1.3443205e10	2764.4595	-21.243826
1.3547886e10	2763.0417	-21.294704
1.3652567e10	2762.1165	-21.348309
1.3757246e10	2761.6748	-21.404951
1.3861928e10	2761.7102	-21.464994
1.3966607e10	2762.6367	-21.517796
1.4071289e10	2764.219	-21.568882
1.4175969e10	2766.2878	-21.622719
1.4280651e10	2768.84	-21.67962
1.438533e10	2771.6013	-21.739355
1.4490012e10	2767.4612	-21.785835
1.4594691e10	2763.7883	-21.83458
1.4699373e10	2760.5693	-21.885824
1.4804053e10	2757.7922	-21.939837
1.4908734e10	2755.697	-21.993183
1.5013414e10	2754.7468	-22.039635
1.5118095e10	2754.344	-22.08835
1.5222775e10	2754.4644	-22.139559
1.5327456e10	2755.087	-22.193535
1.5432137e10	2751.766	-22.24332
1.5536818e10	2743.8127	-22.286785
1.5641498e10	2736.4333	-22.332224
1.5746178e10	2729.591	-22.379827
1.585086e10	2723.2544	-22.429811
1.5955539e10	2720.7402	-22.476812
1.606022e10	2721.2212	-22.521511
1.61649e10	2722.0261	-22.568302
1.6269581e10	2723.1494	-22.61739
1.6374262e10	2724.5916	-22.669012
1.6478943e10	2721.45	-22.715189
1.6583623e10	2715.1309	-22.757435
1.6688304e10	2709.145	-22.801546
1.6792984e10	2703.4873	-22.84769
1.6897665e10	2698.149	-22.896069
1.7002345e10	2695.7566	-22.942135
1.7107027e10	2696.049	-22.985968
1.7211707e10	2696.6753	-23.03181
1.7316389e10	2697.6309	-23.079859
1.7421068e10	2698.9119	-23.13033
1.752575e10	2695.8372	-23.178022
1.763043e10	2685.9395	-23.21936
1.773511e10	2676.4011	-23.262482
1.783979e10	2667.211	-23.307547
1.7944472e10	2658.357	-23.354738
1.804915e10	2651.0764	-23.402418
1.8153832e10	2649.7153	-23.44375
1.8258512e10	2648.6108	-23.486866
1.8363193e10	2647.758	-23.531923
1.8467875e10	2647.1511	-23.579107
1.8572556e10	2646.787	-23.62863
1.8677236e10	2639.9294	-23.664347
1.8781917e10	2632.2842	-23.69923
1.8886597e10	2624.703	-23.735374
1.8991278e10	2617.1858	-23.772875
1.9095958e10	2609.7312	-23.811836
1.920064e10	2601.86	-23.847393
1.9305318e10	2593.6067	-23.879301
1.941e10	2585.4321	-23.912262
1.9514681e10	2577.3367	-23.946344
1.9619363e10	2569.3157	-23.98163
1.9724042e10	2562.2122	-24.017878
1.9828724e10	2560.7725	-24.053226
1.9933403e10	2559.4905	-24.089872
2.0038085e10	2558.3645	-24.127913
2.0142764e10	2557.395	-24.167458
2.0247446e10	2556.5806	-24.20863
2.0352125e10	2550.8613	-24.243757
2.0456806e10	2543.615	-24.277544
2.0561486e10	2536.4792	-24.312511
2.0666167e10	2529.455	-24.348745
2.0770849e10	2522.5396	-24.386343
2.087553e10	2518.4604	-24.423138
2.098021e10	2518.996	-24.45746
2.1084891e10	2519.6443	-24.493002
2.118957e10	2520.4072	-24.529854
2.1294252e10	2521.285	-24.568117
2.1398931e10	2522.278	-24.6079
