-1.0164463e10	14699.11	-10.399325
-1.0131703e10	14680.634	-10.406815
-1.0098942e10	14662.18	-10.414361
-1.0066181e10	14643.747	-10.421964
-1.003342e10	14625.34	-10.4296255
-1.0000659e10	14606.963	-10.437346
-9.9679e9	14588.524	-10.445115
-9.935139e9	14568.9375	-10.45277
-9.902378e9	14549.38	-10.460484
-9.869617e9	14529.853	-10.468258
-9.836857e9	14510.347	-10.476092
-9.804097e9	14490.863	-10.483989
-9.771336e9	14471.09	-10.491904
-9.738575e9	14450.272	-10.499733
-9.705814e9	14429.484	-10.507623
-9.673054e9	14408.728	-10.515575
-9.640293e9	14388.005	-10.523592
-9.607533e9	14367.307	-10.531673
-9.574772e9	14345.895	-10.539719
-9.542011e9	14323.787	-10.547728
-9.509251e9	14301.715	-10.555801
-9.47649e9	14279.671	-10.56394
-9.443729e9	14257.671	-10.572146
-9.410969e9	14235.704	-10.5804205
-9.378208e9	14213.145	-10.588568
-9.345448e9	14190.538	-10.596757
-9.312687e9	14167.97	-10.605013
-9.279926e9	14145.443	-10.6133375
-9.247165e9	14122.946	-10.621732
-9.214405e9	14100.547	-10.630111
-9.181645e9	14078.293	-10.63841
-9.148884e9	14056.075	-10.646777
-9.116123e9	14033.897	-10.655216
-9.083362e9	14011.743	-10.663726
-9.050601e9	13989.634	-10.67231
-9.017842e9	13967.784	-10.680729
-8.985081e9	13945.978	-10.68921
-8.95232e9	13924.204	-10.697763
-8.919559e9	13902.471	-10.70639
-8.886799e9	13880.769	-10.715093
-8.854039e9	13859.248	-10.723703
-8.821278e9	13837.837	-10.7323
-8.788517e9	13816.465	-10.740971
-8.755756e9	13795.122	-10.749718
-8.722996e9	13773.8125	-10.758541
-8.690235e9	13752.533	-10.767316
-8.657475e9	13731.293	-10.7760105
-8.624714e9	13710.087	-10.784781
-8.591953e9	13688.913	-10.79363
-8.5591926e9	13667.774	-10.802557
-8.526432e9	13646.615	-10.8114605
-8.493672e9	13625.398	-10.820245
-8.4609116e9	13604.216	-10.829107
-8.428151e9	13583.065	-10.838049
-8.3953905e9	13561.951	-10.847072
-8.3626296e9	13540.795	-10.8560705
-8.3298693e9	13519.539	-10.864942
-8.2971085e9	13498.316	-10.873893
-8.2643476e9	13477.127	-10.882924
-8.2315873e9	13455.971	-10.892038
-8.1988265e9	13434.74	-10.901098
-8.166066e9	13413.391	-10.910056
-8.1333053e9	13392.073	-10.919095
-8.1005445e9	13370.793	-10.928216
-8.067784e9	13349.552	-10.937421
-8.0350234e9	13328.087	-10.9465065
-8.002263e9	13306.498	-10.955544
-7.969502e9	13284.944	-10.964664
-7.936742e9	13263.427	-10.973869
-7.903981e9	13241.941	-10.983159
-7.87122e9	13220.096	-10.992239
-7.83846e9	13198.233	-11.001364
-7.805699e9	13176.402	-11.010572
-7.772939e9	13154.616	-11.019867
-7.740178e9	13132.731	-11.029163
-7.707417e9	13110.478	-11.038296
-7.674657e9	13088.263	-11.047513
-7.641896e9	13066.086	-11.056815
-7.6091356e9	13043.946	-11.066205
-7.576375e9	13021.461	-11.075451
-7.543614e9	12998.857	-11.084687
-7.5108536e9	12976.289	-11.094009
-7.478093e9	12953.765	-11.103419
-7.4453325e9	12931.092	-11.112832
-7.4125716e9	12907.896	-11.122075
-7.3798113e9	12884.74	-11.131405
-7.3470505e9	12861.634	-11.140821
-7.3142897e9	12838.565	-11.150329
-7.2815293e9	12814.966	-11.159634
-7.2487685e9	12791.332	-11.168985
-7.216008e9	12767.74	-11.178426
-7.1832474e9	12744.202	-11.187957
-7.1504865e9	12720.277	-11.197382
-7.117726e9	12696.111	-11.206761
-7.0849654e9	12671.989	-11.216229
-7.052205e9	12647.919	-11.225787
-7.019444e9	12623.639	-11.235315
-6.986684e9	12599.005	-11.2447405
-6.953923e9	12574.417	-11.254255
-6.921162e9	12549.876	-11.263861
-6.888402e9	12525.185	-11.273475
-6.855641e9	12499.958	-11.282938
-6.822881e9	12474.787	-11.292493
-6.79012e9	12449.661	-11.302139
-6.757359e9	12424.434	-11.311811
-6.724599e9	12398.698	-11.321328
-6.691838e9	12373.016	-11.3309355
-6.6590776e9	12347.387	-11.340637
-6.626317e9	12321.624	-11.350355
-6.593556e9	12295.347	-11.359931
-6.5607956e9	12269.127	-11.369598
-6.528035e9	12242.962	-11.379361
-6.4952745e9	12216.615	-11.3891115
-6.4625137e9	12189.887	-11.398761
-6.4297533e9	12163.216	-11.408504
-6.3969925e9	12136.603	-11.418343
-6.3642317e9	12109.645	-11.428112
-6.3314714e9	12082.394	-11.437833
-6.2987105e9	12055.209	-11.447649
-6.26595e9	12028.078	-11.457562
-6.2331894e9	12000.474	-11.4673395
-6.2004285e9	11972.791	-11.477152
-6.167668e9	11945.173	-11.4870615
-6.1349074e9	11917.545	-11.497036
-6.102147e9	11889.408	-11.506855
-6.069386e9	11861.333	-11.516771
-6.036626e9	11833.336	-11.526787
-6.0038656e9	11805.079	-11.536755
-5.971105e9	11776.591	-11.546684
-5.9383444e9	11748.178	-11.556713
-5.9055836e9	11719.828	-11.566843
-5.872823e9	11690.889	-11.576793
-5.8400625e9	11662.011	-11.586838
-5.8073016e9	11633.209	-11.596986
-5.7745413e9	11604.16	-11.607096
-5.7417805e9	11574.894	-11.617179
-5.7090196e9	11545.701	-11.627363
-5.6762593e9	11516.495	-11.637619
-5.6434985e9	11486.711	-11.647731
-5.610738e9	11457.002	-11.657946
-5.5779773e9	11427.38	-11.668266
-5.5452165e9	11397.139	-11.678463
-5.512456e9	11366.793	-11.688701
-5.4796954e9	11336.534	-11.699044
-5.446935e9	11305.855	-11.709344
-5.414174e9	11274.804	-11.719608
-5.381414e9	11243.838	-11.729979
-5.348653e9	11212.66	-11.74037
-5.315892e9	11180.896	-11.750672
-5.283132e9	11149.226	-11.761082
-5.250371e9	11117.501	-11.771556
-5.217611e9	11085.091	-11.781909
-5.18485e9	11052.78	-11.792371
-5.152089e9	11020.509	-11.802922
-5.119329e9	10987.648	-11.813344
-5.086568e9	10954.893	-11.823875
-5.0538076e9	10922.194	-11.834505
-5.021047e9	10888.917	-11.8449955
-4.9882865e9	10855.749	-11.8555975
-4.9555256e9	10822.611	-11.86629
-4.922765e9	10788.864	-11.876849
-4.8900045e9	10755.224	-11.887521
-4.8572436e9	10721.539	-11.898257
-4.8244833e9	10687.215	-11.908874
-4.7917225e9	10653.007	-11.919603
-4.7589617e9	10618.578	-11.93036
-4.7262013e9	10583.545	-11.941039
-4.6934405e9	10548.637	-11.951833
-4.66068e9	10513.275	-11.962611
-4.6279194e9	10477.522	-11.973384
-4.5951585e9	10441.8955	-11.984275
-4.562398e9	10405.569	-11.995093
-4.5296374e9	10369.195	-12.005987
-4.496877e9	10332.741	-12.01695
-4.464116e9	10295.698	-12.027861
-4.431356e9	10258.796	-12.038891
-4.3985956e9	10221.264	-12.049867
-4.365835e9	10183.638	-12.06091
-4.3330744e9	10145.713	-12.071975
-4.3003136e9	10107.336	-12.083027
-4.267553e9	10068.897	-12.094153
-4.2347924e9	10029.8125	-12.105226
-4.2020316e9	9990.784	-12.116397
-4.169271e9	9951.067	-12.127503
-4.1365105e9	9911.404	-12.138707
-4.10375e9	9871.199	-12.149874
-4.0709893e9	9830.986	-12.1611185
-4.0382285e9	9790.43	-12.172363
-4.005468e9	9749.74	-12.183653
-3.9727073e9	9708.926	-12.194991
-3.9399468e9	9667.67	-12.206309
-3.9071862e9	9626.307	-12.217685
-3.8744256e9	9584.598	-12.229059
-3.8416648e9	9542.389	-12.240421
-3.8089042e9	9499.847	-12.251802
-3.7761436e9	9456.828	-12.263181
-3.743383e9	9413.212	-12.274532
-3.7106225e9	9369.324	-12.285917
-3.677862e9	9325.056	-12.297323
-3.645101e9	9280.308	-12.308739
-3.6123405e9	9235.075	-12.320164
-3.57958e9	9189.194	-12.33158
-3.5468193e9	9142.946	-12.343027
-3.5140588e9	9096.346	-12.354505
-3.4812982e9	9049.422	-12.366018
-3.4485373e9	9002.163	-12.377567
-3.4157768e9	8954.537	-12.389149
-3.3830162e9	8906.518	-12.400762
-3.3502556e9	8857.922	-12.412384
-3.317495e9	8808.784	-12.424022
-3.2847345e9	8759.0625	-12.435673
-3.2519736e9	8708.853	-12.447349
-3.219213e9	8658.198	-12.45906
-3.1864527e9	8607.453	-12.470851
-3.1536922e9	8556.492	-12.482711
-3.1209313e9	8505.442	-12.494654
-3.0881708e9	8454.045	-12.506647
-3.0554102e9	8402.146	-12.518665
-3.0226496e9	8349.67	-12.530697
-2.989889e9	8296.787	-12.542758
-2.9571284e9	8243.454	-12.554845
-2.9243676e9	8189.5415	-12.566941
-2.891607e9	8134.868	-12.579018
-2.8588465e9	8079.6074	-12.591095
-2.826086e9	8023.878	-12.6032
-2.7933253e9	7967.7905	-12.615358
-2.7605647e9	7911.27	-12.627552
-2.727804e9	7854.391	-12.639791
-2.6950433e9	7797.3335	-12.652104
-2.6622828e9	7740.1484	-12.664505
-2.6295222e9	7682.6543	-12.676962
-2.5967616e9	7624.852	-12.689468
-2.5640008e9	7566.84	-12.702039
-2.5312402e9	7508.717	-12.714689
-2.4984796e9	7450.3496	-12.727389
-2.465719e9	7391.5557	-12.740102
-2.4329585e9	7332.3467	-12.752825
-2.400198e9	7273.009	-12.765602
-2.367437e9	7213.7275	-12.77846
-2.3346767e9	7154.7134	-12.791425
-2.3019162e9	7095.9287	-12.80449
-2.2691556e9	7037.5703	-12.817679
-2.236395e9	6979.4062	-12.8309555
-2.2036342e9	6921.368	-12.844312
-2.1708736e9	6863.265	-12.85772
-2.138113e9	6805.093	-12.871185
-2.1053524e9	6746.891	-12.884719
-2.0725917e9	6688.5967	-12.898317
-2.0398312e9	6630.197	-12.911982
-2.0070706e9	6571.739	-12.925729
-1.9743099e9	6513.1826	-12.939562
-1.9415493e9	6454.594	-12.95349
-1.9087887e9	6396.032	-12.967532
-1.876028e9	6337.537	-12.981702
-1.8432675e9	6279.064	-12.9959955
-1.8105069e9	6220.4766	-13.010388
-1.7777462e9	6161.82	-13.024888
-1.7449856e9	6103.4854	-13.039567
-1.712225e9	6045.642	-13.054462
-1.6794643e9	5988.0225	-13.069525
-1.6467037e9	5930.4424	-13.084721
-1.613943e9	5872.9517	-13.100058
-1.5811826e9	5815.6396	-13.115555
-1.548422e9	5758.6333	-13.131236
-1.5156613e9	5701.961	-13.147113
-1.4829007e9	5645.6265	-13.163183
-1.45014e9	5589.6587	-13.179455
-1.4173795e9	5534.1035	-13.195934
-1.3846189e9	5478.971	-13.212618
-1.3518582e9	5424.2983	-13.229508
-1.3190977e9	5370.1543	-13.246619
-1.2863372e9	5316.508	-13.263949
-1.2535764e9	5263.2354	-13.281473
-1.2208159e9	5210.261	-13.299175
-1.1880552e9	5157.5435	-13.317051
-1.1552946e9	5105.12	-13.335111
-1.122534e9	5053.1426	-13.353386
-1.0897733e9	5001.7056	-13.371902
-1.05701274e9	4950.8276	-13.390667
-1.02425216e9	4900.505	-13.409676
-9.914915e8	4850.6636	-13.428912
-9.587309e8	4801.176	-13.448346
-9.2597037e8	4751.9453	-13.467955
-8.932097e8	4702.9194	-13.487727
-8.6044915e8	4654.011	-13.507649
-8.276885e8	4605.281	-13.527732
-7.949279e8	4556.8047	-13.547998
-7.6216723e8	4508.855	-13.568519
-7.2940666e8	4461.5654	-13.589336
-6.96646e8	4415.3545	-13.610581
-6.638854e8	4370.403	-13.6323185
-6.311248e8	4326.975	-13.654637
-5.983642e8	4285.272	-13.677626
-5.656036e8	4245.455	-13.701345
-5.3284298e8	4207.484	-13.725806
-5.0008234e8	4171.455	-13.751075
-4.6732173e8	4137.38	-13.77718
-4.3456112e8	4105.089	-13.804104
-4.0180054e8	4074.6338	-13.831878
-3.690399e8	4045.8088	-13.860464
-3.362793e8	4018.4739	-13.889825
-3.035187e8	3992.4321	-13.919906
-2.7075805e8	3967.685	-13.950722
-2.3799746e8	3943.932	-13.982172
-2.0523685e8	3921.1523	-14.014262
-1.7247624e8	3899.195	-14.046941
-1.3971562e8	3878.0027	-14.08019
-1.06955e8	3857.4697	-14.113976
-7.419439e7	3837.5408	-14.148277
-4.143378e7	3818.0789	-14.183039
-8.673166e6	3799.1213	-14.218285
2.4087446e7	3780.5044	-14.253938
5.684806e7	3762.2822	-14.290035
8.960867e7	3744.3738	-14.32654
1.2236928e8	3726.7488	-14.363441
1.551299e8	3709.381	-14.400734
1.8789051e8	3692.2378	-14.438404
2.2065112e8	3675.2969	-14.476441
2.5341173e8	3658.5269	-14.5148325
2.8617235e8	3641.9016	-14.553572
3.1893296e8	3625.416	-14.592657
3.5169357e8	3609.0518	-14.632083
3.8445418e8	3592.7896	-14.671841
4.172148e8	3576.6172	-14.711929
4.499754e8	3560.5317	-14.752352
4.82736e8	3544.5303	-14.79311
5.1549664e8	3528.619	-14.834212
5.482573e8	3512.8079	-14.87567
5.8101786e8	3497.105	-14.917494
6.137784e8	3481.5146	-14.959694
6.465391e8	3466.038	-15.002278
6.792997e8	3450.6733	-15.045252
7.120603e8	3435.425	-15.088537
7.448209e8	3420.2979	-15.132113
7.775816e8	3405.2842	-15.176068
8.1034214e8	3390.3638	-15.220396
8.431027e8	3375.5317	-15.265103
8.7586336e8	3360.7708	-15.310199
9.08624e8	3346.0671	-15.3557005
9.413846e8	3331.431	-15.401484
9.741452e8	3316.8232	-15.447269
1.00690586e9	3302.2703	-15.493484
1.0396664e9	3287.7627	-15.540204
1.0724271e9	3273.2822	-15.587324
1.1051877e9	3258.8787	-15.634201
1.1379483e9	3244.5227	-15.681754
1.1707089e9	3230.2112	-15.730037
1.2034694e9	3216.0261	-15.77775
1.2362301e9	3201.909	-15.826494
1.2689907e9	3187.859	-15.875447
1.3017513e9	3173.9656	-15.924497
1.334512e9	3160.1797	-15.974841
1.3672726e9	3146.4966	-16.024195
1.4000332e9	3132.8845	-16.075563
1.4327939e9	3119.538	-16.125544
1.4655544e9	3106.255	-16.17789
1.498315e9	3093.1206	-16.228552
1.5310757e9	3080.0432	-16.281916
1.5638362e9	3067.246	-16.33324
1.5965969e9	3054.5105	-16.3872
1.6293576e9	3041.9136	-16.439749
1.6621181e9	3029.395	-16.493856
1.6948787e9	3017.0503	-16.548223
1.7276394e9	3004.8936	-16.602283
1.7603999e9	2992.8005	-16.65916
1.7931604e9	2981.0386	-16.71287
1.825921e9	2969.325	-16.769627
1.8586817e9	2957.8584	-16.826088
1.8914423e9	2946.6277	-16.882177
1.9242029e9	2935.4421	-16.941603
1.9569636e9	2924.9983	-16.997858
1.9897242e9	2914.6807	-17.056555
2.0224847e9	2904.545	-17.11726
2.0552454e9	2895.0105	-17.174908
2.088006e9	2885.5098	-17.236082
2.1207666e9	2876.2488	-17.29681
2.1535273e9	2867.2415	-17.356358
2.1862879e9	2858.266	-17.419674
2.2190484e9	2849.4805	-17.479794
2.251809e9	2840.781	-17.540928
2.2845699e9	2832.1108	-17.606045
2.3173304e9	2823.3496	-17.665018
2.350091e9	2814.6135	-17.72733
2.3828516e9	2805.8928	-17.791912
2.4156122e9	2797.1233	-17.851559
2.4483727e9	2788.3845	-17.914988
2.4811336e9	2779.6477	-17.978788
2.5138941e9	2770.8916	-18.039337
2.5466547e9	2762.166	-18.103786
2.579415e9	2753.4597	-18.16691
2.612176e9	2744.7737	-18.228355
2.6449364e9	2736.1172	-18.293825
2.677697e9	2727.4504	-18.356411
2.7104576e9	2718.791	-18.418625
2.7432182e9	2710.16	-18.484968
2.7759788e9	2701.5432	-18.547138
2.8087396e9	2692.95	-18.610052
2.8415002e9	2684.385	-18.677189
2.8742607e9	2675.8071	-18.739077
2.9070213e9	2667.2478	-18.802534
2.939782e9	2658.7183	-18.870295
2.9725425e9	2650.1626	-18.932116
3.0053033e9	2641.6267	-18.996077
3.0380639e9	2633.1218	-19.064411
3.0708244e9	2624.4807	-19.126265
3.103585e9	2615.847	-19.190462
3.1363456e9	2607.2434	-19.259066
3.1691062e9	2598.553	-19.321249
3.201867e9	2589.8762	-19.385685
3.2346276e9	2581.23	-19.45456
3.2673882e9	2572.458	-19.517317
3.3001487e9	2563.6863	-19.581842
3.3329093e9	2554.946	-19.650818
3.36567e9	2546.1477	-19.714598
3.3984307e9	2537.3545	-19.779367
3.4311913e9	2528.5916	-19.848621
3.463952e9	2519.7239	-19.913746
3.4967124e9	2510.8223	-19.978586
3.529473e9	2501.953	-20.047926
3.5622339e9	2493.1045	-20.114775
3.5949944e9	2484.2788	-20.17974
3.627755e9	2475.4878	-20.249222
3.6605156e9	2466.718	-20.318129
3.6932762e9	2457.9639	-20.382866
3.7260367e9	2449.2441	-20.452085
3.7587976e9	2440.5852	-20.52324
3.7915576e9	2432.0593	-20.587568
3.8243182e9	2423.5667	-20.65632
3.857079e9	2415.1062	-20.730013
3.8898396e9	2406.675	-20.793573
3.9226002e9	2398.2769	-20.86145
3.9553608e9	2389.9106	-20.93427
3.9881213e9	2381.6729	-21.00042
4.020882e9	2373.496	-21.06731
4.0536428e9	2365.3523	-21.138998
4.0864033e9	2357.288	-21.207664
4.119164e9	2349.304	-21.272266
4.1519245e9	2341.352	-21.34133
4.184685e9	2333.4504	-21.41214
4.2174456e9	2325.6548	-21.473894
4.2502065e9	2317.8896	-21.539715
4.282967e9	2310.155	-21.610172
4.3157274e9	2302.5686	-21.670963
4.348488e9	2295.0242	-21.733927
4.381249e9	2287.5083	-21.80112
4.4140093e9	2280.1282	-21.863773
4.44677e9	2272.8462	-21.923979
4.4795305e9	2265.59	-21.988045
4.5122913e9	2258.441	-22.052225
4.545052e9	2251.5073	-22.110212
4.5778125e9	2244.597	-22.171772
4.6105733e9	2237.7095	-22.237371
