-1.2301939e10	15550.114	-11.610617
-1.2261522e10	15531.198	-11.618308
-1.2221106e10	15512.305	-11.626059
-1.218069e10	15493.435	-11.63387
-1.2140274e10	15474.592	-11.641743
-1.2099857e10	15455.769	-11.649678
-1.205944e10	15436.962	-11.657678
-1.2019025e10	15417.928	-11.665703
-1.1978608e10	15398.15	-11.67368
-1.1938192e10	15378.4	-11.681722
-1.1897775e10	15358.673	-11.689828
-1.1857359e10	15338.969	-11.698001
-1.1816943e10	15319.299	-11.706241
-1.1776526e10	15299.65	-11.714549
-1.173611e10	15279.305	-11.722832
-1.1695694e10	15258.614	-11.731132
-1.1655278e10	15237.953	-11.739502
-1.1614861e10	15217.32	-11.747943
-1.1574445e10	15196.715	-11.756455
-1.1534029e10	15176.134	-11.765041
-1.1493612e10	15155.336	-11.773658
-1.1453196e10	15133.663	-11.782193
-1.1412779e10	15112.022	-11.790802
-1.1372364e10	15090.412	-11.799486
-1.1331946e10	15068.832	-11.808246
-1.129153e10	15047.287	-11.817083
-1.1251114e10	15025.767	-11.825999
-1.1210698e10	15003.646	-11.834747
-1.1170281e10	14981.516	-11.8435545
-1.1129865e10	14959.418	-11.852441
-1.1089449e10	14937.348	-11.861406
-1.1049033e10	14915.316	-11.870453
-1.1008615e10	14893.322	-11.879581
-1.09682e10	14871.232	-11.88853
-1.0927783e10	14849.148	-11.897494
-1.0887368e10	14827.098	-11.90654
-1.084695e10	14805.081	-11.915668
-1.0806534e10	14783.094	-11.92488
-1.0766118e10	14761.148	-11.934177
-1.0725702e10	14739.129	-11.943247
-1.0685285e10	14717.127	-11.952334
-1.0644869e10	14695.156	-11.961505
-1.0604453e10	14673.22	-11.97076
-1.0564037e10	14651.314	-11.980103
-1.052362e10	14629.444	-11.98953
-1.0483204e10	14607.505	-11.998682
-1.0442787e10	14585.598	-12.007919
-1.0402372e10	14563.725	-12.017242
-1.0361954e10	14541.884	-12.026653
-1.0321538e10	14520.078	-12.036154
-1.0281122e10	14498.267	-12.045618
-1.0240706e10	14476.425	-12.054919
-1.0200289e10	14454.613	-12.064307
-1.0159873e10	14432.84	-12.073784
-1.0119457e10	14411.09	-12.083352
-1.0079041e10	14389.384	-12.093012
-1.0038624e10	14367.616	-12.102458
-9.998208e9	14345.865	-12.111918
-9.957791e9	14324.146	-12.121469
-9.917375e9	14302.462	-12.13111
-9.876958e9	14280.813	-12.140846
-9.836543e9	14259.097	-12.150514
-9.796126e9	14237.28	-12.16004
-9.755709e9	14215.497	-12.169657
-9.715293e9	14193.743	-12.179367
-9.674877e9	14172.033	-12.189172
-9.634461e9	14150.301	-12.199013
-9.594044e9	14128.345	-12.208606
-9.553628e9	14106.422	-12.218293
-9.513212e9	14084.535	-12.228075
-9.472795e9	14062.678	-12.237953
-9.432379e9	14040.849	-12.247916
-9.391962e9	14018.631	-12.257584
-9.351547e9	13996.45	-12.267344
-9.31113e9	13974.308	-12.277203
-9.270713e9	13952.195	-12.287158
-9.230297e9	13930.109	-12.297198
-9.189881e9	13907.791	-12.3069725
-9.149465e9	13885.511	-12.316843
-9.109048e9	13863.268	-12.326812
-9.068632e9	13841.0625	-12.336881
-9.028216e9	13818.84	-12.346987
-8.9878e9	13796.434	-12.356879
-8.947383e9	13774.0625	-12.366871
-8.906966e9	13751.728	-12.376964
-8.866551e9	13729.429	-12.387159
-8.826134e9	13707.04	-12.397296
-8.785718e9	13684.516	-12.407318
-8.745301e9	13662.029	-12.417441
-8.704885e9	13639.581	-12.427668
-8.664468e9	13617.171	-12.438001
-8.624052e9	13594.453	-12.448133
-8.5836355e9	13571.692	-12.458296
-8.5432197e9	13548.971	-12.468562
-8.502803e9	13526.285	-12.478936
-8.462387e9	13503.531	-12.48931
-8.4219704e9	13480.545	-12.499539
-8.381554e9	13457.598	-12.509874
-8.341138e9	13434.695	-12.520317
-8.3007217e9	13411.828	-12.53087
-8.260305e9	13388.791	-12.54122
-8.219889e9	13365.78	-12.551645
-8.1794724e9	13342.812	-12.5621805
-8.1390566e9	13319.876	-12.572828
-8.09864e9	13296.889	-12.583365
-8.0582236e9	13273.889	-12.593879
-8.017807e9	13250.928	-12.604505
-7.977391e9	13228.01	-12.615244
-7.9369743e9	13205.075	-12.625931
-7.8965586e9	13182.115	-12.636527
-7.856142e9	13159.198	-12.647237
-7.8157256e9	13136.321	-12.658063
-7.775309e9	13113.394	-12.668857
-7.734893e9	13090.366	-12.679528
-7.6944763e9	13067.385	-12.690315
-7.6540605e9	13044.4375	-12.70122
-7.613644e9	13021.389	-12.712085
-7.5732275e9	12998.178	-12.722847
-7.532811e9	12975.01	-12.7337265
-7.492395e9	12951.885	-12.744726
-7.451978e9	12928.609	-12.755651
-7.4115625e9	12905.22	-12.766541
-7.3711457e9	12881.88	-12.77755
-7.3307295e9	12858.575	-12.788681
-7.2903127e9	12835.124	-12.799671
-7.249897e9	12811.667	-12.810713
-7.20948e9	12788.253	-12.8218775
-7.1690644e9	12764.849	-12.833125
-7.1286477e9	12741.24	-12.844191
-7.0882314e9	12717.678	-12.85538
-7.047815e9	12694.16	-12.866695
-7.007399e9	12670.452	-12.877937
-6.966982e9	12646.59	-12.889135
-6.9265664e9	12622.775	-12.900459
-6.8861496e9	12598.98	-12.911892
-6.845734e9	12574.775	-12.923108
-6.805317e9	12550.62	-12.93445
-6.764901e9	12526.516	-12.945923
-6.724484e9	12502.171	-12.957302
-6.6840684e9	12477.729	-12.968692
-6.6436516e9	12453.333	-12.980212
-6.603236e9	12428.863	-12.991754
-6.562819e9	12404.187	-13.003208
-6.522403e9	12379.56	-13.014795
-6.481986e9	12354.94	-13.02648
-6.4415703e9	12329.962	-13.037994
-6.4011535e9	12305.043	-13.0496435
-6.360738e9	12280.169	-13.061429
-6.320321e9	12255.067	-13.073031
-6.279905e9	12230.009	-13.084759
-6.2394885e9	12205.008	-13.096625
-6.1990723e9	12179.806	-13.10833
-6.158656e9	12154.631	-13.120138
-6.1182397e9	12129.52	-13.132088
-6.0778235e9	12104.19	-13.143871
-6.0374067e9	12078.891	-13.155764
-5.9969905e9	12053.655	-13.1678
-5.956574e9	12028.216	-13.179645
-5.916158e9	12002.837	-13.191629
-5.8757417e9	11977.49	-13.203713
-5.8353254e9	11952.048	-13.215679
-5.7949087e9	11926.671	-13.227789
-5.7544924e9	11901.265	-13.239927
-5.714076e9	11875.796	-13.2520275
-5.67366e9	11850.3955	-13.264276
-5.6332436e9	11824.852	-13.276443
-5.5928274e9	11799.302	-13.288683
-5.552411e9	11773.733	-13.3010025
-5.5119944e9	11747.96	-13.313244
-5.471578e9	11722.244	-13.325637
-5.431162e9	11696.396	-13.337953
-5.3907456e9	11670.58	-13.35038
-5.3503293e9	11644.621	-13.362805
-5.309913e9	11618.589	-13.375274
-5.2694963e9	11592.461	-13.387783
-5.22908e9	11566.198	-13.400307
-5.188664e9	11539.787	-13.412878
-5.1482476e9	11513.171	-13.425461
-5.1078313e9	11486.409	-13.43808
-5.067415e9	11459.531	-13.450746
-5.0269983e9	11432.321	-13.463397
-4.986582e9	11405.031	-13.476137
-4.946166e9	11377.355	-13.488816
-4.9057495e9	11349.58	-13.501571
-4.865333e9	11321.629	-13.51436
-4.824917e9	11293.284	-13.527127
-4.7845007e9	11264.66	-13.539942
-4.744084e9	11235.721	-13.552789
-4.7036677e9	11206.502	-13.565643
-4.6632515e9	11177.323	-13.57858
-4.622835e9	11148.233	-13.591605
-4.582419e9	11119.237	-13.604715
-4.5420027e9	11090.22	-13.617891
-4.501586e9	11061.323	-13.631128
-4.4611697e9	11032.387	-13.644424
-4.4207534e9	11003.428	-13.657782
-4.380337e9	10974.385	-13.671188
-4.339921e9	10945.251	-13.684643
-4.2995046e9	10915.983	-13.698139
-4.2590881e9	10886.491	-13.711665
-4.2186719e9	10856.747	-13.725215
-4.1782554e9	10826.645	-13.7387705
-4.137839e9	10796.309	-13.752342
-4.0974228e9	10765.881	-13.765942
-4.0570063e9	10735.586	-13.7795925
-4.01659e9	10705.239	-13.79327
-3.9761738e9	10674.884	-13.806974
-3.9357576e9	10644.54	-13.820708
-3.895341e9	10614.285	-13.834481
-3.8549248e9	10583.677	-13.848244
-3.8145085e9	10552.668	-13.86199
-3.774092e9	10521.109	-13.875707
-3.7336758e9	10489.051	-13.889409
-3.6932595e9	10456.4	-13.9030905
-3.652843e9	10423.36	-13.916783
-3.6124268e9	10389.929	-13.930493
-3.5720105e9	10356.204	-13.944239
-3.531594e9	10322.078	-13.958014
-3.4911777e9	10287.66	-13.971835
-3.4507615e9	10252.84	-13.985692
-3.410345e9	10217.872	-13.999618
-3.3699287e9	10182.791	-14.01361
-3.3295124e9	10147.607	-14.027662
-3.2890962e9	10112.225	-14.041755
-3.2486797e9	10076.927	-14.055914
-3.2082634e9	10041.725	-14.070139
-3.1678472e9	10006.651	-14.084427
-3.1274307e9	9971.409	-14.098742
-3.0870144e9	9935.854	-14.113068
-3.0465981e9	9899.813	-14.127395
-3.0061816e9	9863.313	-14.141735
-2.9657654e9	9826.191	-14.156077
-2.925349e9	9788.489	-14.170434
-2.8849326e9	9750.041	-14.184789
-2.8445164e9	9710.802	-14.199139
-2.8041e9	9670.849	-14.213489
-2.7636836e9	9630.449	-14.227875
-2.7232673e9	9589.099	-14.242231
-2.682851e9	9546.405	-14.256501
-2.6424348e9	9502.781	-14.270737
-2.6020183e9	9459.333	-14.285101
-2.561602e9	9416.04	-14.299599
-2.5211858e9	9372.676	-14.314185
-2.4807693e9	9328.556	-14.328763
-2.440353e9	9283.788	-14.343337
-2.3999368e9	9238.231	-14.357893
-2.3595203e9	9192.5625	-14.372517
-2.319104e9	9146.555	-14.387171
-2.2786877e9	9100.774	-14.401922
-2.2382712e9	9054.704	-14.416709
-2.197855e9	9008.511	-14.431555
-2.1574387e9	8961.616	-14.446367
-2.1170223e9	8913.616	-14.461105
-2.076606e9	8864.268	-14.475738
-2.0361897e9	8813.805	-14.490297
-1.9957733e9	8762.466	-14.5048275
-1.9553569e9	8710.673	-14.519402
-1.9149407e9	8658.09	-14.533957
-1.8745243e9	8605.412	-14.548588
-1.834108e9	8552.831	-14.563339
-1.7936916e9	8500.281	-14.578198
-1.7532753e9	8447.205	-14.593079
-1.712859e9	8393.27	-14.607912
-1.6724426e9	8338.356	-14.622679
-1.6320262e9	8282.47	-14.637389
-1.59161e9	8225.336	-14.652006
-1.5511936e9	8167.023	-14.666536
-1.5107773e9	8107.606	-14.680994
-1.470361e9	8047.2266	-14.695408
-1.4299446e9	7985.8457	-14.709771
-1.3895283e9	7923.327	-14.724059
-1.3491119e9	7859.5566	-14.738258
-1.3086956e9	7794.438	-14.752357
-1.2682793e9	7727.996	-14.7663555
-1.2278629e9	7660.394	-14.780293
-1.1874467e9	7591.6533	-14.794177
-1.1470303e9	7521.8257	-14.808003
-1.106614e9	7450.992	-14.821796
-1.0661977e9	7378.9727	-14.835537
-1.0257814e9	7305.3896	-14.849154
-9.85365e8	7230.417	-14.86265
-9.449487e8	7154.3594	-14.876099
-9.0453235e8	7076.7476	-14.889434
-8.6411603e8	6997.0576	-14.902562
-8.2369965e8	6915.114	-14.915467
-7.8328326e8	6830.47	-14.928072
-7.4286694e8	6742.9917	-14.940318
-7.024506e8	6653.2646	-14.9522915
-6.620343e8	6561.0435	-14.9639845
-6.216179e8	6465.2495	-14.975233
-5.812016e8	6365.0024	-14.98589
-5.407853e8	6259.642	-14.995867
-5.0036893e8	6148.329	-15.005033
-4.5995264e8	6030.149	-15.013237
-4.1953632e8	5904.4756	-15.0204115
-3.7911994e8	5770.993	-15.026522
-3.387036e8	5630.5845	-15.031685
-2.9828726e8	5485.099	-15.03627
-2.5787094e8	5337.553	-15.040724
-2.1745461e8	5191.633	-15.04569
-1.7703827e8	5050.9966	-15.051742
-1.3662194e8	4918.711	-15.059574
-9.620561e7	4796.4893	-15.069367
-5.578927e7	4684.416	-15.081272
-1.5372938e7	4583.4043	-15.095429
2.5043396e7	4494.067	-15.112005
6.545973e7	4415.855	-15.13101
1.0587606e8	4347.2485	-15.152284
1.462924e8	4286.3213	-15.175574
1.8670874e8	4231.283	-15.200621
2.2712507e8	4181.406	-15.227305
2.675414e8	4134.835	-15.25523
3.0795776e8	4090.955	-15.284292
3.4837408e8	4049.3306	-15.314427
3.8879043e8	4009.8606	-15.345604
4.2920675e8	3972.524	-15.377722
4.696231e8	3936.6536	-15.4107895
5.1003942e8	3902.0947	-15.4448595
5.5045574e8	3869.4722	-15.479729
5.908721e8	3837.9387	-15.515543
6.3128845e8	3807.4316	-15.552377
6.7170477e8	3778.6172	-15.589851
7.121211e8	3750.5322	-15.628442
7.525374e8	3723.7495	-15.6677475
7.929537e8	3697.8738	-15.707955
8.333701e8	3672.86	-15.74914
8.7378643e8	3648.8018	-15.790847
9.142028e8	3625.2722	-15.833759
9.5461914e8	3602.779	-15.876925
9.9503546e8	3580.705	-15.9214945
1.0354518e9	3559.474	-15.966104
1.0758682e9	3538.6057	-16.012096
1.1162844e9	3518.4575	-16.058243
1.1567008e9	3498.746	-16.105465
1.1971172e9	3479.542	-16.15334
1.2375334e9	3460.9092	-16.201511
1.2779498e9	3442.5056	-16.251392
1.3183662e9	3424.778	-16.300203
1.3587825e9	3407.1494	-16.351519
1.3991987e9	3390.0222	-16.40154
1.4396151e9	3373.0833	-16.45317
1.4800314e9	3356.3452	-16.505552
1.5204477e9	3339.8767	-16.55719
1.5608641e9	3323.4973	-16.61164
1.6012804e9	3307.385	-16.663738
1.6416968e9	3291.381	-16.718037
1.682113e9	3275.5571	-16.772903
1.7225294e9	3259.9585	-16.826944
1.7629458e9	3244.4434	-16.884073
1.803362e9	3229.3008	-16.938475
1.8437784e9	3214.2742	-16.995235
1.8841948e9	3199.4827	-17.052773
1.9246111e9	3185.0317	-17.109102
1.9650275e9	3170.6584	-17.168797
2.0054437e9	3156.8345	-17.225832
2.0458601e9	3143.1782	-17.284952
2.0862765e9	3129.765	-17.34556
2.1266927e9	3116.859	-17.403936
2.167109e9	3104.0217	-17.465935
2.2075254e9	3091.6638	-17.525837
2.247942e9	3079.541	-17.586843
2.2883581e9	3067.5532	-17.650738
2.3287744e9	3056.1333	-17.71066
2.369191e9	3044.776	-17.774406
2.4096072e9	3033.8716	-17.837578
2.4500234e9	3023.391	-17.900146
2.4904397e9	3012.9705	-17.966892
2.5308562e9	3003.3914	-18.029247
2.5712724e9	2993.958	-18.094658
2.6116887e9	2984.879	-18.161959
2.6521052e9	2976.679	-18.226097
2.6925215e9	2968.537	-18.29463
2.7329377e9	2961.0752	-18.361382
2.7733542e9	2954.068	-18.428282
2.8137705e9	2947.1245	-18.49998
2.8541868e9	2941.22	-18.565779
2.8946033e9	2935.4402	-18.635483
2.9350195e9	2930.0037	-18.707233
2.9754358e9	2925.435	-18.774748
3.0158523e9	2920.9412	-18.847153
3.0562685e9	2917.3545	-18.917849
3.0966848e9	2914.52	-18.987637
3.137101e9	2911.7817	-19.06266
3.1775176e9	2910.2527	-19.131659
3.2179336e9	2909.0742	-19.203264
3.25835e9	2908.1553	-19.27894
3.2987663e9	2908.45	-19.347038
3.3391826e9	2908.934	-19.420116
3.379599e9	2909.6343	-19.493647
3.4200154e9	2910.586	-19.56239
3.4604316e9	2911.7666	-19.636208
3.500848e9	2913.32	-19.706913
3.5412644e9	2915.2524	-19.776003
3.5816806e9	2917.4854	-19.850224
3.622097e9	2919.3445	-19.917816
3.6625134e9	2921.3533	-19.98679
3.7029297e9	2923.6973	-20.060875
3.743346e9	2925.6423	-20.125525
3.7837624e9	2927.9534	-20.194437
3.8241787e9	2930.381	-20.266031
3.864595e9	2931.8303	-20.330038
3.9050115e9	2933.679	-20.398424
3.9454277e9	2935.7896	-20.467249
3.985844e9	2938.0098	-20.531013
4.0262605e9	2940.649	-20.599125
4.0666767e9	2942.3828	-20.665535
4.107093e9	2942.9858	-20.72858
4.1475095e9	2943.955	-20.79587
4.1879258e9	2943.8867	-20.860184
4.228342e9	2943.255	-20.923195
4.2687583e9	2943.033	-20.990444
4.309175e9	2940.8362	-21.053202
4.349591e9	2938.051	-21.115898
4.3900073e9	2935.7012	-21.182789
4.4304236e9	2932.1768	-21.244642
4.4708403e9	2928.6814	-21.307766
4.5112566e9	2925.6404	-21.375143
4.551673e9	2918.0593	-21.435562
4.592089e9	2910.2217	-21.497803
4.6325053e9	2902.9395	-21.564175
4.6729216e9	2894.078	-21.62331
4.713338e9	2885.5767	-21.684921
4.7537546e9	2877.6235	-21.750582
4.794171e9	2866.0188	-21.807724
4.834587e9	2854.7798	-21.867517
4.8750034e9	2844.121	-21.931114
4.9154196e9	2832.4502	-21.987303
4.955836e9	2821.266	-22.04632
4.9962527e9	2810.6067	-22.109041
5.036669e9	2796.855	-22.163958
5.077085e9	2783.4604	-22.221489
5.1175014e9	2770.5664	-22.282534
5.1579177e9	2757.8333	-22.337307
5.198334e9	2745.5906	-22.394495
5.23875e9	2733.841	-22.455154
5.279167e9	2719.263	-22.508898
5.319583e9	2704.835	-22.564335
5.3599995e9	2690.9329	-22.623026
5.4004157e9	2677.5496	-22.67675
5.440832e9	2664.6682	-22.731707
5.4812483e9	2652.266	-22.789862
5.521665e9	2637.1577	-22.842606
5.5620813e9	2621.5117	-22.895205
5.6024975e9	2606.3403	-22.950724
5.642914e9	2591.3848	-23.00343
5.68333e9	2576.797	-23.055716
5.7237463e9	2562.6895	-23.110886
5.764163e9	2545.8887	-23.163292
5.8045793e9	2526.99	-23.213202
5.8449956e9	2508.6982	-23.265736
5.885412e9	2491.4644	-23.31796
5.925828e9	2475.5	-23.368008
5.9662444e9	2460.047	-23.42069
6.0066606e9	2444.3245	-23.473673
6.0470774e9	2426.7544	-23.521074
6.0874936e9	2409.6367	-23.570833
6.12791e9	2393.1423	-23.622734
6.168326e9	2379.72	-23.67078
6.2087424e9	2366.6506	-23.721252
6.2491587e9	2353.917	-23.774408
6.2895754e9	2337.9434	-23.821276
6.3299917e9	2321.8108	-23.869024
6.370408e9	2306.029	-23.919168
6.4108247e9	2292.6724	-23.967878
6.4512404e9	2280.69	-24.016832
6.491657e9	2268.9666	-24.06831
6.532073e9	2255.779	-24.11788
6.5724897e9	2240.5125	-24.16323
6.612906e9	2225.5483	-24.210735
6.653323e9	2211.3904	-24.259779
6.6937385e9	2200.1143	-24.306871
6.7341553e9	2189.0417	-24.35629
6.774571e9	2178.1658	-24.408281
6.814988e9	2164.11	-24.453152
6.855404e9	2149.8655	-24.498798
6.895821e9	2135.8564	-24.546629
6.9362365e9	2125.444	-24.595268
6.9766533e9	2117.4944	-24.64523
7.017069e9	2109.6272	-24.697817
7.057486e9	2101.7698	-24.749836
7.097902e9	2093.8052	-24.794878
7.138319e9	2085.9202	-24.842047
7.1787346e9	2078.1138	-24.89155
7.2191514e9	2066.71	-24.927753
7.259567e9	2055.2522	-24.964518
7.299984e9	2043.9208	-25.002686
7.3404e9	2034.882	-25.040504
7.380817e9	2027.1592	-25.078703
7.4212326e9	2019.4968	-25.118418
7.4616494e9	2011.6937	-25.15714
7.502065e9	2003.5244	-25.191559
7.542482e9	1995.419	-25.227205
7.582898e9	1987.377	-25.264168
