-4.10848e10	14669.56	-13.56885
-4.093065e10	14651.022	-13.577897
-4.0776495e10	14632.51	-13.587027
-4.0622346e10	14614.022	-13.59624
-4.0468193e10	14595.556	-13.605539
-4.031404e10	14577.122	-13.614925
-4.0159887e10	14557.8125	-13.624259
-4.000574e10	14538.301	-13.633643
-3.9851586e10	14518.813	-13.643117
-3.9697433e10	14499.362	-13.652681
-3.954328e10	14479.93	-13.662337
-3.938913e10	14459.75	-13.671989
-3.9234978e10	14439.271	-13.681696
-3.9080825e10	14418.829	-13.691496
-3.892667e10	14398.406	-13.701393
-3.8772523e10	14378.02	-13.71139
-3.861837e10	14356.624	-13.72125
-3.8464217e10	14334.876	-13.731117
-3.8310064e10	14313.162	-13.741082
-3.8155915e10	14291.48	-13.751148
-3.8001762e10	14269.831	-13.761316
-3.784761e10	14247.718	-13.771362
-3.769346e10	14225.562	-13.781473
-3.7539308e10	14203.441	-13.791687
-3.7385155e10	14181.352	-13.802006
-3.7231e10	14159.339	-13.812413
-3.7076853e10	14137.702	-13.822752
-3.69227e10	14116.104	-13.8331995
-3.6768547e10	14094.533	-13.843757
-3.6614394e10	14073.007	-13.854427
-3.6460245e10	14051.582	-13.865032
-3.630609e10	14030.277	-13.875532
-3.615194e10	14009.009	-13.886143
-3.5997786e10	13987.771	-13.896868
-3.5843637e10	13966.569	-13.907709
-3.5689484e10	13945.64	-13.91835
-3.553533e10	13924.763	-13.929076
-3.538118e10	13903.92	-13.9399185
-3.522703e10	13883.115	-13.950879
-3.507288e10	13862.308	-13.9617605
-3.4918724e10	13841.507	-13.972546
-3.4764575e10	13820.74	-13.98345
-3.461042e10	13800.007	-13.994473
-3.4456273e10	13779.312	-14.005559
-3.4302118e10	13758.669	-14.016445
-3.4147967e10	13738.065	-14.0274515
-3.3993814e10	13717.492	-14.03858
-3.3839663e10	13696.951	-14.049834
-3.368551e10	13676.134	-14.060806
-3.353136e10	13655.333	-14.071871
-3.3377206e10	13634.566	-14.08306
-3.3223055e10	13613.833	-14.094376
-3.3068902e10	13593.02	-14.105495
-3.2914751e10	13572.212	-14.116664
-3.2760599e10	13551.44	-14.127958
-3.2606448e10	13530.702	-14.139381
-3.2452295e10	13509.708	-14.150586
-3.2298144e10	13488.668	-14.161817
-3.2143995e10	13467.669	-14.173175
-3.198984e10	13446.694	-14.184665
-3.183569e10	13425.44	-14.195906
-3.1681536e10	13404.161	-14.207204
-3.1527387e10	13382.926	-14.218632
-3.1373232e10	13361.72	-14.23019
-3.1219083e10	13340.26	-14.241459
-3.1064928e10	13318.838	-14.252856
-3.091078e10	13297.462	-14.264385
-3.0756624e10	13276.137	-14.27596
-3.0602476e10	13254.888	-14.287404
-3.044832e10	13233.676	-14.298981
-3.0294172e10	13212.508	-14.310693
-3.0140019e10	13191.457	-14.32235
-2.9985868e10	13170.497	-14.334006
-2.9831715e10	13149.572	-14.3458
-2.9677564e10	13128.693	-14.357733
-2.9523413e10	13107.787	-14.369442
-2.936926e10	13086.913	-14.38129
-2.921511e10	13066.088	-14.393281
-2.9060956e10	13045.136	-14.405207
-2.8906805e10	13024.071	-14.417074
-2.8752652e10	13003.045	-14.429085
-2.8598501e10	12982.024	-14.441198
-2.8444348e10	12960.678	-14.453083
-2.8290198e10	12939.376	-14.46511
-2.8136045e10	12918.118	-14.477284
-2.7981894e10	12896.615	-14.489299
-2.782774e10	12875.072	-14.501367
-2.767359e10	12853.581	-14.51358
-2.7519437e10	12832.007	-14.525761
-2.7365286e10	12810.362	-14.537912
-2.7211133e10	12788.765	-14.550215
-2.7056982e10	12767.103	-14.562547
-2.690283e10	12745.263	-14.574786
-2.6748678e10	12723.471	-14.587178
-2.6594527e10	12701.651	-14.599639
-2.6440374e10	12679.61	-14.61197
-2.6286223e10	12657.62	-14.624454
-2.613207e10	12635.64	-14.637024
-2.5977922e10	12613.538	-14.6494665
-2.5823767e10	12591.487	-14.662066
-2.5669618e10	12569.444	-14.674738
-2.5515463e10	12547.285	-14.687288
-2.5361312e10	12525.181	-14.699999
-2.5207159e10	12503.043	-14.712734
-2.505301e10	12480.784	-14.725378
-2.4898857e10	12458.581	-14.738184
-2.4744706e10	12436.204	-14.75094
-2.4590553e10	12413.675	-14.763668
-2.4436402e10	12391.209	-14.77656
-2.428225e10	12368.378	-14.78931
-2.4128098e10	12345.486	-14.8021345
-2.3973945e10	12322.612	-14.815095
-2.3819794e10	12299.38	-14.827885
-2.3665641e10	12276.213	-14.84084
-2.351149e10	12252.889	-14.853805
-2.3357338e10	12229.354	-14.866743
-2.3203187e10	12205.895	-14.87985
-2.3049034e10	12182.225	-14.892846
-2.2894883e10	12158.596	-14.905976
-2.274073e10	12134.966	-14.919165
-2.2586579e10	12111.296	-14.932337
-2.2432426e10	12087.702	-14.945684
-2.2278275e10	12063.938	-14.958908
-2.2124124e10	12040.234	-14.972287
-2.1969973e10	12016.491	-14.985671
-2.181582e10	11992.724	-14.999084
-2.166167e10	11969.04	-15.012618
-2.1507516e10	11945.443	-15.026096
-2.1353366e10	11921.925	-15.03976
-2.1199213e10	11898.707	-15.05336
-2.1045062e10	11875.59	-15.067128
-2.0890909e10	11852.404	-15.080854
-2.0736758e10	11829.251	-15.094669
-2.0582605e10	11805.942	-15.10849
-2.0428454e10	11782.518	-15.122331
-2.02743e10	11759.244	-15.136263
-2.012015e10	11736.145	-15.150235
-1.9965997e10	11713.129	-15.164311
-1.9811846e10	11690.204	-15.178396
-1.9657693e10	11667.1875	-15.19256
-1.9503542e10	11643.863	-15.206658
-1.9349391e10	11620.495	-15.220835
-1.9195238e10	11596.973	-15.23499
-1.9041087e10	11573.616	-15.249235
-1.8886935e10	11550.436	-15.263553
-1.8732784e10	11527.359	-15.277909
-1.857863e10	11504.387	-15.292375
-1.842448e10	11480.92	-15.306719
-1.8270327e10	11457.273	-15.321146
-1.8116176e10	11432.687	-15.335399
-1.7962023e10	11407.65	-15.349652
-1.7807872e10	11382.247	-15.363922
-1.7653721e10	11356.3955	-15.378142
-1.7499568e10	11330.586	-15.392474
-1.7345417e10	11304.797	-15.406903
-1.7191264e10	11279.107	-15.421405
-1.7037112e10	11253.712	-15.436047
-1.688296e10	11228.627	-15.450827
-1.6728808e10	11203.969	-15.465711
-1.6574657e10	11179.48	-15.480656
-1.6420507e10	11155.04	-15.495655
-1.6266355e10	11130.563	-15.510685
-1.6112203e10	11106.01	-15.525731
-1.5958051e10	11081.408	-15.540772
-1.5803899e10	11056.653	-15.555804
-1.5649747e10	11031.524	-15.5708
-1.5495595e10	11005.916	-15.585756
-1.5341443e10	10979.934	-15.600704
-1.5187291e10	10953.669	-15.615678
-1.5033139e10	10926.999	-15.630673
-1.4878987e10	10899.756	-15.645673
-1.4724835e10	10872.16	-15.66072
-1.4570683e10	10844.341	-15.675837
-1.4416531e10	10816.169	-15.691001
-1.426238e10	10787.831	-15.706234
-1.4108228e10	10759.532	-15.721563
-1.3954076e10	10731.152	-15.736962
-1.3799924e10	10702.369	-15.752368
-1.3645774e10	10672.744	-15.767707
-1.3491622e10	10642.4375	-15.783006
-1.333747e10	10611.896	-15.79835
-1.3183318e10	10581.381	-15.813788
-1.3029166e10	10550.467	-15.829236
-1.2875014e10	10519.499	-15.844741
-1.2720862e10	10488.444	-15.860306
-1.256671e10	10457.183	-15.875925
-1.2412558e10	10425.62	-15.891578
-1.2258406e10	10393.164	-15.907177
-1.2104254e10	10359.696	-15.922709
-1.1950103e10	10325.56	-15.938226
-1.1795951e10	10290.443	-15.953698
-1.1641799e10	10254.583	-15.969167
-1.1487648e10	10218.293	-15.984685
-1.1333496e10	10181.6875	-16.000282
-1.1179344e10	10144.914	-16.01598
-1.1025192e10	10107.751	-16.031761
-1.087104e10	10070.627	-16.04767
-1.0716888e10	10033.927	-16.06374
-1.0562736e10	9997.565	-16.079935
-1.0408584e10	9961.361	-16.096199
-1.0254432e10	9924.958	-16.112465
-1.010028e10	9888.347	-16.128725
-9.946128e9	9851.398	-16.144949
-9.791976e9	9813.938	-16.161112
-9.637825e9	9775.629	-16.177158
-9.483674e9	9736.268	-16.193052
-9.329522e9	9695.671	-16.208757
-9.17537e9	9653.864	-16.224277
-9.021218e9	9611.098	-16.239676
-8.867066e9	9567.36	-16.254965
-8.712914e9	9522.66	-16.270155
-8.5587625e9	9477.623	-16.285355
-8.4046106e9	9432.355	-16.300581
-8.2504586e9	9386.179	-16.315722
-8.0963067e9	9338.707	-16.330723
-7.942155e9	9289.422	-16.345497
-7.788003e9	9237.87	-16.359997
-7.633851e9	9184.452	-16.37429
-7.479699e9	9129.635	-16.388481
-7.325547e9	9072.902	-16.402512
-7.171395e9	9013.566	-16.41631
-7.017244e9	8951.846	-16.429943
-6.863092e9	8887.048	-16.443306
-6.7089403e9	8818.465	-16.45627
-6.5547884e9	8747.018	-16.469013
-6.4006364e9	8673.904	-16.481735
-6.2464845e9	8597.83	-16.494259
-6.0923325e9	8519.422	-16.50667
-5.938181e9	8438.33	-16.518879
-5.784029e9	8354.636	-16.530869
-5.629877e9	8269.065	-16.54278
-5.4757253e9	8182.515	-16.554733
-5.321574e9	8093.7856	-16.566484
-5.167422e9	8002.4946	-16.577925
-5.01327e9	7909.6577	-16.589241
-4.859118e9	7816.1465	-16.600481
-4.704966e9	7720.183	-16.611395
-4.550814e9	7622.317	-16.622076
-4.3966623e9	7522.2554	-16.632433
-4.2425106e9	7418.2188	-16.642221
-4.0883587e9	7309.1313	-16.65132
-3.9342067e9	7195.363	-16.659815
-3.7800553e9	7077.925	-16.667728
-3.6259034e9	6956.4756	-16.67515
-3.4717514e9	6829.918	-16.681883
-3.3175995e9	6696.777	-16.687763
-3.1634478e9	6554.3623	-16.692469
-3.0092961e9	6402.266	-16.69599
-2.8551442e9	6245.7817	-16.698992
-2.7009923e9	6086.787	-16.701897
-2.5468406e9	5926.2656	-16.70495
-2.3926886e9	5762.8174	-16.707987
-2.238537e9	5595.757	-16.711018
-2.0843849e9	5429.181	-16.714615
-1.9302332e9	5263.209	-16.718842
-1.7760813e9	5100.822	-16.724133
-1.6219293e9	4949.0874	-16.731508
-1.4677777e9	4812.8794	-16.741812
-1.3136257e9	4692.415	-16.755312
-1.1594739e9	4590.6465	-16.77254
-1.00532205e9	4504.2715	-16.793148
-8.5117024e8	4425.1147	-16.816046
-6.9701843e8	4350.661	-16.840769
-5.4286656e8	4284.0244	-16.86751
-3.8871475e8	4224.419	-16.896166
-2.3456293e8	4169.253	-16.926458
-8.041108e7	4117.366	-16.958202
7.374076e7	4068.1646	-16.991198
2.2789259e8	4021.1868	-17.02537
3.8204445e8	3976.2273	-17.060768
5.361963e8	3933.2834	-17.09735
6.903481e8	3892.3098	-17.135038
8.445e8	3853.168	-17.173864
9.986518e8	3815.8755	-17.213896
1.1528036e9	3780.409	-17.255104
1.3069554e9	3746.7444	-17.297417
1.4611072e9	3714.9602	-17.34077
1.6152591e9	3684.8691	-17.385302
1.769411e9	3656.3354	-17.430935
1.9235628e9	3629.35	-17.47767
2.0777146e9	3603.811	-17.525517
2.2318664e9	3579.621	-17.574493
2.3860183e9	3556.774	-17.624664
2.54017e9	3535.42	-17.6755
2.694322e9	3515.1406	-17.727371
2.8484739e9	3495.8472	-17.78034
3.0026255e9	3477.4934	-17.834488
3.1567775e9	3460.4236	-17.88925
3.3109292e9	3444.1147	-17.94471
3.465081e9	3428.4531	-18.001364
3.619233e9	3413.5022	-18.059021
3.773385e9	3399.4	-18.11656
3.927537e9	3385.8188	-18.175423
4.0816883e9	3372.8308	-18.23527
4.2358403e9	3360.4614	-18.294632
4.389992e9	3348.4246	-18.355585
4.544144e9	3336.8877	-18.416662
4.698296e9	3325.8298	-18.477957
4.8524477e9	3315.0383	-18.541283
5.0065997e9	3304.6716	-18.602688
5.160751e9	3294.4873	-18.666286
5.314903e9	3284.658	-18.72941
5.469055e9	3275.08	-18.793182
5.623207e9	3265.7322	-18.857958
5.777359e9	3256.6272	-18.921854
5.931511e9	3247.6506	-18.988146
6.085662e9	3239.0286	-19.052069
6.239814e9	3230.5044	-19.119139
6.393966e9	3222.1128	-19.183674
6.548118e9	3213.7966	-19.250927
6.70227e9	3205.5723	-19.31649
6.856422e9	3197.383	-19.383785
7.010574e9	3189.2043	-19.4503
7.164725e9	3181.1455	-19.517565
7.3188767e9	3173.2212	-19.584892
7.4730286e9	3165.389	-19.652046
7.6271805e9	3157.655	-19.72008
7.7813325e9	3150.1594	-19.787088
7.9354844e9	3142.8408	-19.855738
8.0896364e9	3135.7341	-19.922615
8.2437883e9	3128.7795	-19.991823
8.39794e9	3121.9084	-20.058504
8.552092e9	3115.1602	-20.12807
8.706244e9	3108.71	-20.194729
8.860396e9	3102.435	-20.264803
9.014547e9	3096.203	-20.33132
9.168699e9	3090.1255	-20.401579
9.32285e9	3084.3948	-20.468124
9.477002e9	3078.861	-20.538685
9.631154e9	3073.6545	-20.605377
9.785306e9	3068.6707	-20.67622
9.939458e9	3063.7678	-20.743107
1.009361e10	3059.1074	-20.81414
1.0247762e10	3054.5833	-20.881344
1.0401914e10	3050.351	-20.952562
1.0556066e10	3046.093	-21.020208
1.0710218e10	3042.146	-21.091599
1.086437e10	3038.1135	-21.159899
1.1018522e10	3034.4114	-21.231564
1.1172674e10	3029.3577	-21.300621
1.1326824e10	3024.4473	-21.372482
1.1480976e10	3018.8088	-21.44224
1.1635128e10	3013.5884	-21.51399
1.178928e10	3009.99	-21.584465
1.1943432e10	3007.6182	-21.65599
1.2097584e10	3006.3577	-21.727417
1.2251736e10	3006.1638	-21.798967
1.2405888e10	3006.1868	-21.871628
1.256004e10	3006.2205	-21.943241
1.2714192e10	3005.65	-22.017324
1.2868343e10	3002.49	-22.08896
1.3022495e10	2999.2961	-22.16459
1.3176647e10	2990.9595	-22.235931
1.3330799e10	2984.2136	-22.312756
1.3484951e10	2974.9333	-22.383133
1.3639102e10	2967.2693	-22.45851
1.3793254e10	2959.3838	-22.529411
1.3947406e10	2952.6838	-22.602903
1.4101558e10	2945.7778	-22.674538
1.425571e10	2939.383	-22.746445
1.4409862e10	2933.4329	-22.819006
1.4564014e10	2927.3738	-22.889494
1.4718166e10	2922.0657	-22.963097
1.4872318e10	2915.0156	-23.031944
1.502647e10	2909.4866	-23.105885
1.5180622e10	2901.486	-23.17414
1.5334772e10	2894.8018	-23.246729
1.5488924e10	2886.804	-23.316309
1.5643076e10	2879.0598	-23.387049
1.5797228e10	2871.1372	-23.45806
1.5951379e10	2862.5583	-23.527214
1.6105531e10	2854.4978	-23.599665
1.6259683e10	2842.7983	-23.666256
1.6413835e10	2832.584	-23.7376
1.6567987e10	2821.147	-23.803827
1.6722139e10	2810.7278	-23.872728
1.6876291e10	2799.581	-23.939913
1.7030443e10	2787.8733	-24.005571
1.7184594e10	2776.9695	-24.073572
1.7338747e10	2765.5723	-24.13697
1.7492898e10	2755.3757	-24.204659
1.764705e10	2742.351	-24.266537
1.7801202e10	2729.821	-24.33058
1.7955355e10	2718.1606	-24.393858
1.8109506e10	2707.3574	-24.455774
1.8263656e10	2696.9773	-24.520521
1.841781e10	2682.611	-24.579275
1.857196e10	2669.276	-24.641697
1.8726113e10	2658.0376	-24.702015
1.8880264e10	2648.175	-24.763588
1.9034417e10	2637.3828	-24.825703
1.9188568e10	2623.2402	-24.883457
1.934272e10	2609.847	-24.944754
1.9496872e10	2599.6445	-25.004284
1.9651023e10	2590.4856	-25.066715
1.9805176e10	2577.487	-25.129417
1.9959327e10	2559.1035	-25.190823
2.011348e10	2541.2808	-25.256247
2.026763e10	2528.3477	-25.319738
2.0421784e10	2516.0496	-25.387297
2.0575934e10	2498.1475	-25.452782
2.0730087e10	2474.3716	-25.515018
2.0884238e10	2451.139	-25.581388
2.103839e10	2427.8848	-25.639282
2.1192542e10	2405.1475	-25.700584
2.1346693e10	2387.07	-25.761164
2.1500846e10	2373.669	-25.820469
2.1654997e10	2360.6035	-25.883514
2.180915e10	2342.18	-25.93519
2.19633e10	2324.0105	-25.989595
2.2117454e10	2308.273	-26.042358
2.2271605e10	2294.9216	-26.092989
2.2425758e10	2281.756	-26.146318
