-1.6413724e11	17241.457	-11.254585
-1.6372189e11	17222.59	-11.261443
-1.6330654e11	17203.744	-11.268349
-1.6289122e11	17184.92	-11.275302
-1.6247587e11	17166.117	-11.282304
-1.6206052e11	17147.332	-11.289355
-1.6164518e11	17128.568	-11.296457
-1.6122985e11	17109.824	-11.303609
-1.608145e11	17091.104	-11.310813
-1.6039916e11	17072.08	-11.317975
-1.5998381e11	17052.64	-11.325061
-1.5956848e11	17033.225	-11.332198
-1.5915314e11	17013.832	-11.339386
-1.587378e11	16994.46	-11.346625
-1.5832244e11	16975.11	-11.353919
-1.5790712e11	16955.785	-11.361265
-1.5749177e11	16936.475	-11.368666
-1.5707642e11	16917.166	-11.376115
-1.5666109e11	16897.129	-11.383402
-1.5624575e11	16877.113	-11.390742
-1.558304e11	16857.123	-11.398138
-1.5541507e11	16837.154	-11.405588
-1.5499972e11	16817.21	-11.413094
-1.5458438e11	16797.29	-11.420656
-1.5416905e11	16777.39	-11.428277
-1.537537e11	16757.52	-11.435956
-1.5333835e11	16736.914	-11.443478
-1.5292303e11	16716.164	-11.451006
-1.5250768e11	16695.441	-11.458592
-1.5209233e11	16674.742	-11.466236
-1.51677e11	16654.07	-11.473939
-1.5126166e11	16633.422	-11.481701
-1.5084631e11	16612.803	-11.489525
-1.5043097e11	16592.203	-11.49741
-1.5001562e11	16571.236	-11.505118
-1.4960029e11	16550.178	-11.512816
-1.4918495e11	16529.145	-11.520576
-1.487696e11	16508.139	-11.528395
-1.4835425e11	16487.166	-11.536276
-1.4793893e11	16466.207	-11.54422
-1.4752358e11	16445.281	-11.552227
-1.4710823e11	16424.387	-11.560299
-1.466929e11	16403.455	-11.568117
-1.4627756e11	16382.547	-11.575968
-1.4586221e11	16361.662	-11.583881
-1.4544688e11	16340.809	-11.591858
-1.4503153e11	16319.969	-11.599898
-1.446162e11	16299.176	-11.608004
-1.4420086e11	16278.396	-11.616176
-1.4378551e11	16257.598	-11.624325
-1.4337016e11	16236.681	-11.63225
-1.4295484e11	16215.792	-11.640238
-1.4253949e11	16194.931	-11.64829
-1.4212414e11	16174.103	-11.656407
-1.417088e11	16153.289	-11.664591
-1.4129347e11	16132.508	-11.672842
-1.4087812e11	16111.749	-11.681163
-1.4046278e11	16090.902	-11.689276
-1.4004743e11	16070.033	-11.697354
-1.396321e11	16049.192	-11.705499
-1.3921676e11	16028.382	-11.713711
-1.3880141e11	16007.596	-11.72199
-1.3838608e11	15986.827	-11.730338
-1.3797075e11	15966.099	-11.738757
-1.375554e11	15945.308	-11.7470875
-1.3714005e11	15924.429	-11.755256
-1.3672471e11	15903.578	-11.763491
-1.36309375e11	15882.753	-11.771794
-1.3589403e11	15861.953	-11.780167
-1.3547869e11	15841.186	-11.78861
-1.3506334e11	15820.444	-11.797127
-1.3464801e11	15799.701	-11.805618
-1.3423266e11	15778.8955	-11.813896
-1.3381732e11	15758.119	-11.822244
-1.3340198e11	15737.369	-11.830661
-1.3298664e11	15716.646	-11.839149
-1.325713e11	15695.949	-11.847711
-1.3215596e11	15675.282	-11.856346
-1.31740615e11	15654.6	-11.86495
-1.3132527e11	15633.821	-11.873334
-1.3090994e11	15613.072	-11.881787
-1.30494595e11	15592.349	-11.890314
-1.30079244e11	15571.654	-11.898913
-1.296639e11	15550.984	-11.907587
-1.29248575e11	15530.349	-11.916337
-1.28833225e11	15509.673	-11.9249935
-1.2841788e11	15488.951	-11.933505
-1.2800254e11	15468.256	-11.94209
-1.27587205e11	15447.589	-11.950748
-1.2717186e11	15426.954	-11.959483
-1.2675652e11	15406.34	-11.968295
-1.2634118e11	15385.75	-11.977185
-1.2592584e11	15365.033	-11.9858465
-1.255105e11	15344.293	-11.994493
-1.2509516e11	15323.58	-12.003214
-1.2467981e11	15302.8955	-12.012012
-1.2426448e11	15282.233	-12.020887
-1.2384913e11	15261.607	-12.029843
-1.2343379e11	15240.955	-12.03878
-1.23018445e11	15220.173	-12.047513
-1.2260311e11	15199.422	-12.056322
-1.2218777e11	15178.7	-12.065209
-1.21772425e11	15158.0	-12.074177
-1.2135708e11	15137.332	-12.083225
-1.2094175e11	15116.693	-12.092356
-1.20526406e11	15095.876	-12.101214
-1.2011106e11	15075.0625	-12.110112
-1.1969571e11	15054.276	-12.11909
-1.1928039e11	15033.522	-12.128149
-1.18865035e11	15012.799	-12.13729
-1.1844969e11	14992.096	-12.146517
-1.1803435e11	14971.263	-12.155553
-1.17619016e11	14950.386	-12.164545
-1.1720367e11	14929.535	-12.173618
-1.1678833e11	14908.716	-12.1827755
-1.1637299e11	14887.921	-12.192017
-1.1595765e11	14867.167	-12.2013445
-1.1554231e11	14846.302	-12.210506
-1.1512697e11	14825.391	-12.219597
-1.1471162e11	14804.511	-12.228772
-1.1429629e11	14783.659	-12.238031
-1.1388095e11	14762.84	-12.247377
-1.134656e11	14742.046	-12.256811
-1.13050255e11	14721.146	-12.266061
-1.1263492e11	14700.22	-12.275274
-1.1221958e11	14679.324	-12.2845745
-1.11804236e11	14658.457	-12.293962
-1.1138889e11	14637.618	-12.303437
-1.1097356e11	14616.809	-12.3130045
-1.1055822e11	14595.895	-12.322296
-1.1014287e11	14574.992	-12.331637
-1.0972752e11	14554.121	-12.341067
-1.093122e11	14533.28	-12.350587
-1.0889685e11	14512.465	-12.360198
-1.084815e11	14491.643	-12.369799
-1.0806616e11	14470.715	-12.379187
-1.0765083e11	14449.819	-12.388663
-1.0723548e11	14428.948	-12.398231
-1.0682014e11	14408.11	-12.40789
-1.064048e11	14387.306	-12.417644
-1.0598946e11	14366.41	-12.427195
-1.0557412e11	14345.497	-12.4367285
-1.0515878e11	14324.619	-12.446354
-1.0474344e11	14303.768	-12.456073
-1.043281e11	14282.94	-12.465887
-1.0391276e11	14262.069	-12.475667
-1.0349741e11	14241.066	-12.485285
-1.0308207e11	14220.096	-12.494996
-1.0266674e11	14199.155	-12.504802
-1.0225139e11	14178.251	-12.514706
-1.0183605e11	14157.352	-12.52468
-1.0142071e11	14136.271	-12.534401
-1.0100536e11	14115.224	-12.544216
-1.0059003e11	14094.202	-12.55413
-1.00174684e11	14073.22	-12.564142
-9.975934e10	14052.267	-12.574255
-9.9344e10	14031.11	-12.584115
-9.892866e10	14009.967	-12.594045
-9.851331e10	13988.853	-12.6040745
-9.809797e10	13967.774	-12.614206
-9.768264e10	13946.731	-12.62444
-9.7267294e10	13925.53	-12.634427
-9.685195e10	13904.342	-12.644476
-9.643661e10	13883.187	-12.654627
-9.6021275e10	13862.064	-12.664883
-9.560592e10	13840.978	-12.675244
-9.519059e10	13819.71	-12.685306
-9.477525e10	13798.48	-12.695469
-9.4359904e10	13777.281	-12.705736
-9.394456e10	13756.115	-12.716109
-9.352923e10	13734.946	-12.726508
-9.311388e10	13713.669	-12.736688
-9.269854e10	13692.426	-12.74697
-9.22832e10	13671.216	-12.757361
-9.186786e10	13650.037	-12.76786
-9.1452514e10	13628.8125	-12.778257
-9.103718e10	13607.547	-12.788566
-9.062183e10	13586.31	-12.798982
-9.0206495e10	13565.11	-12.809507
-8.979115e10	13543.943	-12.820146
-8.937581e10	13522.629	-12.830511
-8.896047e10	13501.336	-12.840964
-8.854513e10	13480.071	-12.851528
-8.812978e10	13458.845	-12.862205
-8.771445e10	13437.566	-12.8728
-8.7299105e10	13416.225	-12.883297
-8.688376e10	13394.918	-12.893906
-8.646842e10	13373.645	-12.904628
-8.6053085e10	13352.378	-12.915418
-8.5637734e10	13330.966	-12.925965
-8.52224e10	13309.589	-12.9366255
-8.480706e10	13288.251	-12.947401
-8.4391715e10	13266.94	-12.958294
-8.397637e10	13245.533	-12.968959
-8.356104e10	13224.14	-12.979683
-8.314569e10	13202.777	-12.990523
-8.273035e10	13181.454	-13.001482
-8.231501e10	13160.029	-13.012293
-8.189967e10	13138.573	-13.023105
-8.1484325e10	13117.153	-13.034035
-8.106899e10	13095.768	-13.045085
-8.065365e10	13074.299	-13.056027
-8.0238305e10	13052.795	-13.066956
-7.982296e10	13031.329	-13.078005
-7.940762e10	13009.8955	-13.089177
-7.899228e10	12988.301	-13.100236
-7.857694e10	12966.65	-13.111297
-7.81616e10	12945.031	-13.122481
-7.774626e10	12923.46	-13.133792
-7.7330915e10	12901.729	-13.144947
-7.691557e10	12879.986	-13.15615
-7.650023e10	12858.284	-13.1674795
-7.6084896e10	12836.613	-13.178939
-7.566955e10	12814.708	-13.190157
-7.525421e10	12792.84	-13.201503
-7.483887e10	12771.006	-13.212979
-7.4423525e10	12749.16	-13.224473
-7.400818e10	12727.224	-13.235833
-7.359285e10	12705.323	-13.247324
-7.3177506e10	12683.459	-13.258948
-7.276216e10	12661.471	-13.270445
-7.234682e10	12639.442	-13.281955
-7.193148e10	12617.457	-13.293598
-7.1516135e10	12595.475	-13.305316
-7.11008e10	12573.394	-13.316846
-7.068546e10	12551.352	-13.328509
-7.0270116e10	12529.345	-13.34031
-6.985477e10	12507.209	-13.351978
-6.943944e10	12485.047	-13.363673
-6.902409e10	12462.918	-13.375506
-6.8608754e10	12440.776	-13.387349
-6.8193407e10	12418.575	-13.399088
-6.777807e10	12396.413	-13.410965
-6.7362726e10	12374.276	-13.422962
-6.6947387e10	12351.97	-13.434749
-6.6532045e10	12329.704	-13.446676
-6.61167e10	12307.48	-13.458747
-6.570136e10	12285.151	-13.470648
-6.5286017e10	12262.839	-13.4826355
-6.487068e10	12240.564	-13.494768
-6.4455336e10	12218.167	-13.506786
-6.4039997e10	12195.74	-13.518843
-6.362465e10	12173.349	-13.531048
-6.3209312e10	12150.877	-13.54317
-6.279397e10	12128.376	-13.555317
-6.237863e10	12105.922	-13.567613
-6.196329e10	12083.331	-13.579828
-6.154795e10	12060.691	-13.592074
-6.1132603e10	12038.096	-13.604473
-6.0717265e10	12015.389	-13.616779
-6.0301922e10	11992.667	-13.62915
-5.9886584e10	11969.986	-13.641677
-5.947124e10	11947.118	-13.654061
-5.9055903e10	11924.268	-13.666562
-5.8640556e10	11901.435	-13.67919
-5.822522e10	11878.474	-13.691679
-5.7809875e10	11855.556	-13.704326
-5.7394536e10	11832.591	-13.717004
-5.6979194e10	11809.518	-13.729627
-5.6563855e10	11786.489	-13.742411
-5.6148513e10	11763.361	-13.75512
-5.5733174e10	11740.223	-13.767898
-5.5317828e10	11717.092	-13.780798
-5.490249e10	11693.799	-13.793552
-5.4487146e10	11670.549	-13.806472
-5.407181e10	11647.245	-13.819363
-5.3656465e10	11623.908	-13.832277
-5.3241127e10	11600.6	-13.845327
-5.282578e10	11577.126	-13.858247
-5.241044e10	11553.7	-13.871336
-5.19951e10	11530.193	-13.884375
-5.157976e10	11506.678	-13.89748
-5.116442e10	11483.118	-13.910661
-5.074908e10	11459.411	-13.923805
-5.0333733e10	11435.747	-13.937116
-4.9918394e10	11411.949	-13.950276
-4.950305e10	11388.202	-13.9636135
-4.908771e10	11364.253	-13.976877
-4.867237e10	11340.297	-13.990259
-4.825703e10	11316.24	-14.003615
-4.7841686e10	11292.16	-14.017049
-4.7426347e10	11268.003	-14.030468
-4.7011004e10	11243.815	-14.043942
-4.659566e10	11219.577	-14.057412
-4.6180323e10	11195.331	-14.070954
-4.576498e10	11170.995	-14.084464
-4.534964e10	11146.658	-14.098082
-4.49343e10	11122.227	-14.111658
-4.4518957e10	11097.805	-14.125355
-4.4103614e10	11073.271	-14.139018
-4.3688276e10	11048.726	-14.152753
-4.3272933e10	11024.164	-14.166563
-4.285759e10	10999.476	-14.180338
-4.2442252e10	10974.785	-14.194196
-4.202691e10	10950.078	-14.208097
-4.161157e10	10925.223	-14.221988
-4.119623e10	10900.364	-14.235941
-4.0780886e10	10875.493	-14.249945
-4.0365548e10	10850.478	-14.263939
-3.9950205e10	10825.484	-14.277954
-3.9534862e10	10800.43	-14.292012
-3.9119524e10	10775.31	-14.306109
-3.870418e10	10750.224	-14.320228
-3.828884e10	10724.965	-14.334368
-3.78735e10	10699.736	-14.348522
-3.7458158e10	10674.362	-14.362729
-3.7042815e10	10648.921	-14.376977
-3.6627476e10	10623.366	-14.391273
-3.6212134e10	10597.7	-14.40562
-3.579679e10	10571.962	-14.420016
-3.5381453e10	10546.08	-14.434468
-3.496611e10	10520.134	-14.448976
-3.4550768e10	10494.018	-14.463542
-3.4135427e10	10467.829	-14.478174
-3.3720087e10	10441.441	-14.492866
-3.3304746e10	10414.96	-14.507627
-3.2889403e10	10388.258	-14.522442
-3.2474063e10	10361.453	-14.537326
-3.2058722e10	10334.425	-14.5522585
-3.1643382e10	10307.296	-14.567261
-3.122804e10	10279.955	-14.582311
-3.0812699e10	10252.515	-14.597426
-3.0397358e10	10224.871	-14.612583
-2.9982015e10	10197.146	-14.627795
-2.9566675e10	10169.235	-14.643034
-2.9151334e10	10141.252	-14.658308
-2.8735992e10	10113.103	-14.673589
-2.8320651e10	10084.906	-14.688887
-2.790531e10	10056.566	-14.704183
-2.7489968e10	10028.183	-14.719498
-2.7074628e10	9999.652	-14.734818
-2.6659287e10	9971.082	-14.750159
-2.6243944e10	9942.36	-14.765505
-2.5828604e10	9913.578	-14.780871
-2.5413261e10	9884.627	-14.796245
-2.499792e10	9855.62	-14.811645
-2.4582578e10	9826.449	-14.827062
-2.4167238e10	9797.237	-14.842516
-2.3751897e10	9767.87	-14.857999
-2.3336554e10	9738.444	-14.873531
-2.2921214e10	9708.823	-14.889095
-2.2505873e10	9679.127	-14.904707
-2.2090533e10	9649.204	-14.920347
-2.167519e10	9619.164	-14.936042
-2.125985e10	9588.801	-14.951789
-2.084451e10	9558.223	-14.967626
-2.0429167e10	9527.249	-14.983534
-2.0013826e10	9496.016	-14.999531
-1.9598486e10	9464.327	-15.015587
-1.9183143e10	9432.376	-15.031722
-1.8767802e10	9400.035	-15.047919
-1.8352462e10	9367.564	-15.064215
-1.793712e10	9334.735	-15.08058
-1.7521779e10	9301.725	-15.097041
-1.7106438e10	9268.249	-15.113565
-1.6691097e10	9234.533	-15.130184
-1.6275755e10	9200.312	-15.146859
-1.5860414e10	9165.906	-15.163619
-1.5445073e10	9131.039	-15.180406
-1.5029731e10	9096.058	-15.197248
-1.4614391e10	9060.606	-15.214088
-1.4199049e10	9025.084	-15.230969
-1.3783709e10	8989.126	-15.247835
-1.3368367e10	8953.159	-15.264735
-1.2953026e10	8916.731	-15.28161
-1.2537684e10	8880.345	-15.298516
-1.2122342e10	8843.463	-15.315392
-1.1707002e10	8806.6	-15.332312
-1.129166e10	8769.143	-15.349207
-1.0876319e10	8731.653	-15.366166
-1.0460978e10	8693.463	-15.383119
-1.0045637e10	8655.211	-15.400158
-9.630296e9	8616.169	-15.417187
-9.214954e9	8577.051	-15.434305
-8.799613e9	8537.018	-15.451411
-8.384272e9	8496.866	-15.468621
-7.968931e9	8455.653	-15.485827
-7.55359e9	8414.307	-15.503156
-7.138248e9	8371.802	-15.520474
-6.722907e9	8329.161	-15.537931
-6.3075656e9	8285.23	-15.555382
-5.8922245e9	8241.184	-15.572984
-5.4768835e9	8195.712	-15.590572
-5.061542e9	8150.126	-15.608316
-4.646201e9	8102.977	-15.626022
-4.2308598e9	8055.6807	-15.643878
-3.8155182e9	8006.7446	-15.661688
-3.400177e9	7957.7983	-15.67967
-2.984836e9	7907.2505	-15.697611
-2.5694945e9	7856.5854	-15.715684
-2.1541535e9	7804.1313	-15.733667
-1.7388123e9	7751.521	-15.751814
-1.323471e9	7697.769	-15.770037
-9.081298e8	7644.141	-15.788483
-4.9278854e8	7589.458	-15.806976
-7.744734e7	7534.1045	-15.825564
3.378939e8	7477.4297	-15.844161
7.532351e8	7420.2026	-15.862849
1.1685764e9	7362.148	-15.881577
1.5839176e9	7303.068	-15.900308
1.9992588e9	7242.5063	-15.919019
2.4146e9	7179.911	-15.93764
2.8299412e9	7119.1177	-15.956756
3.2452823e9	7061.0347	-15.976534
3.6606236e9	7000.9155	-15.996094
4.0759647e9	6939.3364	-16.015543
4.4913065e9	6878.919	-16.035309
4.9066476e9	6818.816	-16.055153
5.3219886e9	6763.608	-16.075832
5.7373297e9	6714.5923	-16.097498
6.152671e9	6670.608	-16.119995
6.5680123e9	6632.3193	-16.143381
6.9833533e9	6600.365	-16.167763
7.3986944e9	6574.3687	-16.193155
7.814036e9	6552.918	-16.219269
8.229377e9	6534.5186	-16.245998
8.644719e9	6518.09	-16.273233
9.060059e9	6503.0312	-16.300932
9.475401e9	6488.8555	-16.329037
9.890741e9	6475.598	-16.357218
1.0306083e10	6462.789	-16.385687
1.0721424e10	6450.3564	-16.414473
1.1136766e10	6438.209	-16.443123
1.1552108e10	6426.4824	-16.472044
1.1967448e10	6415.099	-16.501364
1.238279e10	6404.3013	-16.53046
1.2798131e10	6393.833	-16.559969
1.3213472e10	6383.8423	-16.589655
1.3628813e10	6374.3613	-16.619314
1.4044154e10	6365.1196	-16.649513
1.4459495e10	6356.5356	-16.679165
1.4874837e10	6348.082	-16.70941
1.5290178e10	6339.908	-16.73933
1.5705519e10	6331.6094	-16.769588
1.6120861e10	6322.9927	-16.799604
1.6536201e10	6314.472	-16.829744
1.6951543e10	6306.06	-16.85965
1.7366884e10	6295.7627	-16.88923
1.7782225e10	6283.028	-16.918005
1.8197565e10	6267.7812	-16.946487
1.8612908e10	6248.562	-16.973917
1.9028249e10	6225.431	-17.00125
1.944359e10	6191.684	-17.027073
1.9858932e10	6154.128	-17.052744
2.0274272e10	6087.258	-17.073704
2.0689613e10	6022.9683	-17.095112
2.1104955e10	5899.54	-17.107851
2.1520296e10	5778.867	-17.12026
2.1935636e10	5625.968	-17.129374
2.235098e10	5466.628	-17.137304
2.2766322e10	5297.234	-17.144405
2.3181662e10	5118.149	-17.150612
2.3597003e10	4953.6113	-17.158699
2.4012345e10	4818.1387	-17.173803
2.4427686e10	4688.5723	-17.18914
2.4843026e10	4610.87	-17.21438
2.5258367e10	4540.014	-17.241312
2.567371e10	4485.5415	-17.271591
2.608905e10	4443.0156	-17.304869
2.650439e10	4403.839	-17.33947
2.6919733e10	4376.5723	-17.376068
2.7335074e10	4349.539	-17.414059
2.7750414e10	4328.5254	-17.452692
2.8165757e10	4309.1826	-17.492641
2.8581097e10	4291.7236	-17.533487
2.8996438e10	4277.5674	-17.574612
2.941178e10	4263.5015	-17.6175
2.9827121e10	4251.729	-17.659489
3.0242462e10	4240.3237	-17.702929
3.0657804e10	4229.2393	-17.7469
3.1073145e10	4218.6343	-17.790413
3.1488485e10	4208.1045	-17.835905
3.1903826e10	4197.809	-17.879555
3.2319169e10	4187.616	-17.924383
3.273451e10	4177.6733	-17.969921
3.314985e10	4168.293	-18.013521
3.3565192e10	4158.98	-18.059109
3.3980533e10	4150.531	-18.10318
3.4395873e10	4142.575	-18.147217
3.4811216e10	4134.6904	-18.19326
3.5226554e10	4128.7134	-18.235872
3.5641897e10	4122.7935	-18.28038
3.605724e10	4117.49	-18.325287
3.647258e10	4113.432	-18.368578
3.688792e10	4109.426	-18.41383
3.7303263e10	4106.3564	-18.458147
3.77186e10	4103.932	-18.502365
3.8133944e10	4101.557	-18.54863
3.8549287e10	4100.249	-18.592806
3.8964625e10	4099.1885	-18.638165
3.937997e10	4098.181	-18.685472
3.979531e10	4097.173	-18.730307
4.021065e10	4096.2246	-18.777246
4.062599e10	4095.0557	-18.825418
4.1041334e10	4092.8823	-18.871708
4.1456673e10	4090.782	-18.920242
4.1872015e10	4088.0	-18.969343
4.228736e10	4083.7917	-19.016949
4.2702696e10	4079.6782	-19.066935
4.311804e10	4075.0322	-19.11662
4.353338e10	4069.6204	-19.164606
4.394872e10	4064.32	-19.215014
4.4364063e10	4059.5613	-19.264404
4.4779405e10	4055.4055	-19.311852
4.5194744e10	4051.35	-19.361664
4.5610086e10	4048.0884	-19.410395
4.602543e10	4045.7166	-19.457188
4.6440767e10	4043.4336	-19.506277
4.6856114e10	4041.9924	-19.554855
4.7271453e10	4041.6438	-19.60165
4.7686795e10	4041.385	-19.650742
4.8102138e10	4041.3206	-19.699873
4.8517476e10	4041.555	-19.746653
4.893282e10	4041.8894	-19.795729
4.934816e10	4042.301	-19.845755
4.97635e10	4042.756	-19.89272
5.0178843e10	4043.355	-19.942
5.0594185e10	4043.9282	-19.993357
5.1009524e10	4042.04	-20.039713
5.1424866e10	4040.3184	-20.088326
5.1840205e10	4038.7617	-20.13942
5.2255547e10	4037.3347	-20.186798
5.2670886e10	4036.046	-20.235348
5.308623e10	4034.8987	-20.286375
5.3501567e10	4031.9678	-20.335194
5.3916914e10	4027.8677	-20.383015
5.4332252e10	4023.8938	-20.433239
5.4747595e10	4022.3572	-20.4842
5.5162933e10	4026.3943	-20.533138
5.5578276e10	4030.5466	-20.584597
5.5993614e10	4034.8127	-20.638847
5.640896e10	4033.8535	-20.684412
5.68243e10	4032.6355	-20.73154
5.7239642e10	4031.416	-20.781004
5.765498e10	4029.959	-20.82772
5.8070323e10	4028.3157	-20.872398
5.848566e10	4026.6738	-20.919167
5.890101e10	4025.883	-20.967402
5.9316347e10	4029.2634	-21.013882
5.973169e10	4032.7573	-21.062626
6.014703e10	4036.3606	-21.11387
6.056237e10	4033.194	-21.159725
6.097771e10	4028.219	-21.2054
6.1393056e10	4023.3645	-21.253262
6.1808394e10	4019.335	-21.300512
6.2223737e10	4016.5364	-21.345182
6.2639075e10	4013.8625	-21.39194
6.3054418e10	4011.315	-21.440992
