-2.1589187e9	22342.426	-8.733387
-2.1551514e9	22321.248	-8.7381935
-2.151384e9	22300.092	-8.743024
-2.147617e9	22278.951	-8.747877
-2.14385e9	22257.832	-8.752754
-2.1400827e9	22236.732	-8.757654
-2.1363155e9	22215.654	-8.76258
-2.1325484e9	22194.6	-8.7675295
-2.1287813e9	22173.555	-8.772503
-2.1250141e9	22152.537	-8.777502
-2.1212468e9	22131.531	-8.782526
-2.1174797e9	22110.55	-8.787576
-2.1137125e9	22089.592	-8.792651
-2.1099455e9	22068.656	-8.797751
-2.1061783e9	22047.256	-8.80275
-2.1024111e9	22025.568	-8.807692
-2.0986438e9	22003.902	-8.812658
-2.0948767e9	21982.258	-8.81765
-2.0911096e9	21960.635	-8.822665
-2.0873425e9	21939.031	-8.827707
-2.0835753e9	21917.45	-8.832774
-2.079808e9	21895.89	-8.837868
-2.0760408e9	21874.357	-8.842986
-2.0722738e9	21852.836	-8.848132
-2.0685066e9	21831.342	-8.853304
-2.0647395e9	21809.857	-8.858502
-2.0609722e9	21788.408	-8.863729
-2.057205e9	21766.56	-8.868867
-2.053438e9	21744.316	-8.873914
-2.0496708e9	21722.09	-8.878987
-2.0459036e9	21699.887	-8.884086
-2.0421363e9	21677.709	-8.889211
-2.0383692e9	21655.55	-8.894362
-2.0346021e9	21633.414	-8.89954
-2.030835e9	21611.307	-8.904745
-2.0270678e9	21589.219	-8.909977
-2.0233006e9	21567.146	-8.915237
-2.0195333e9	21545.111	-8.920525
-2.0157663e9	21523.092	-8.92584
-2.0119991e9	21501.09	-8.931184
-2.008232e9	21478.564	-8.936405
-2.0044648e9	21455.76	-8.94157
-2.0006975e9	21432.982	-8.946762
-1.9969303e9	21410.227	-8.951982
-1.9931633e9	21387.5	-8.957228
-1.9893961e9	21364.795	-8.962502
-1.9856289e9	21342.11	-8.967804
-1.9818616e9	21319.457	-8.973134
-1.9780945e9	21296.824	-8.978493
-1.9743274e9	21274.209	-8.98388
-1.9705603e9	21251.627	-8.989298
-1.9667931e9	21229.066	-8.994744
-1.9630259e9	21206.498	-9.000204
-1.9592586e9	21183.457	-9.005466
-1.9554916e9	21160.436	-9.0107565
-1.9517244e9	21137.445	-9.016075
-1.9479572e9	21114.475	-9.021422
-1.9441901e9	21091.53	-9.026798
-1.9404228e9	21068.611	-9.032204
-1.9366557e9	21045.72	-9.037638
-1.9328886e9	21022.844	-9.043101
-1.9291214e9	21000.014	-9.048595
-1.9253542e9	20977.182	-9.05412
-1.921587e9	20954.396	-9.059675
-1.91782e9	20931.627	-9.065261
-1.9140527e9	20908.732	-9.070687
-1.9102856e9	20885.822	-9.076083
-1.9065184e9	20862.936	-9.081508
-1.9027511e9	20840.076	-9.086962
-1.8989842e9	20817.242	-9.092446
-1.8952169e9	20794.432	-9.09796
-1.8914497e9	20771.645	-9.103506
-1.8876826e9	20748.883	-9.109082
-1.8839154e9	20726.143	-9.114689
-1.8801484e9	20703.44	-9.120328
-1.876381e9	20680.746	-9.1259985
-1.8726139e9	20658.09	-9.131701
-1.8688467e9	20635.342	-9.137255
-1.8650796e9	20612.574	-9.142766
-1.8613125e9	20589.836	-9.148307
-1.8575453e9	20567.117	-9.15388
-1.853778e9	20544.426	-9.159484
-1.8500109e9	20521.76	-9.16512
-1.8462437e9	20499.111	-9.170788
-1.8424767e9	20476.502	-9.176487
-1.8387095e9	20453.916	-9.1822195
-1.8349422e9	20431.34	-9.187985
-1.831175e9	20408.8	-9.193784
-1.8274079e9	20386.287	-9.199617
-1.8236408e9	20363.63	-9.205219
-1.8198737e9	20340.994	-9.210837
-1.8161064e9	20318.383	-9.216488
-1.8123392e9	20295.793	-9.22217
-1.808572e9	20273.23	-9.227884
-1.804805e9	20250.697	-9.233631
-1.8010378e9	20228.182	-9.239412
-1.7972705e9	20205.693	-9.245226
-1.7935034e9	20183.23	-9.251074
-1.7897362e9	20160.791	-9.256957
-1.7859692e9	20138.387	-9.262874
-1.782202e9	20115.877	-9.268714
-1.7784348e9	20093.24	-9.274435
-1.7746675e9	20070.623	-9.280189
-1.7709004e9	20048.035	-9.285975
-1.7671333e9	20025.473	-9.291796
-1.7633661e9	20002.934	-9.29765
-1.759599e9	19980.426	-9.303539
-1.7558317e9	19957.936	-9.3094635
-1.7520645e9	19935.47	-9.315423
-1.7482975e9	19913.04	-9.321418
-1.7445303e9	19890.627	-9.327449
-1.7407631e9	19868.205	-9.33347
-1.7369958e9	19845.613	-9.339277
-1.7332287e9	19823.049	-9.345119
-1.7294616e9	19800.512	-9.350994
-1.7256945e9	19778.0	-9.356905
-1.7219273e9	19755.512	-9.36285
-1.71816e9	19733.049	-9.368832
-1.7143928e9	19710.607	-9.374848
-1.7106258e9	19688.205	-9.380901
-1.7068586e9	19665.816	-9.386992
-1.7030915e9	19643.46	-9.39312
-1.6993243e9	19621.09	-9.399245
-1.695557e9	19598.53	-9.405156
-1.6917898e9	19575.996	-9.411102
-1.6880228e9	19553.488	-9.417084
-1.6842556e9	19531.01	-9.423101
-1.6804884e9	19508.553	-9.429156
-1.6767212e9	19486.123	-9.435247
-1.672954e9	19463.713	-9.441376
-1.669187e9	19441.338	-9.447542
-1.6654198e9	19418.984	-9.453747
-1.6616526e9	19396.662	-9.45999
-1.6578853e9	19374.258	-9.466165
-1.6541181e9	19351.697	-9.472186
-1.6503511e9	19329.166	-9.478244
-1.6465839e9	19306.658	-9.48434
-1.6428168e9	19284.178	-9.490472
-1.6390495e9	19261.725	-9.496642
-1.6352823e9	19239.303	-9.502851
-1.6315153e9	19216.893	-9.509098
-1.6277481e9	19194.52	-9.515385
-1.6239809e9	19172.166	-9.52171
-1.6202138e9	19149.844	-9.528077
-1.6164465e9	19127.332	-9.534242
-1.6126794e9	19104.797	-9.540389
-1.6089123e9	19082.29	-9.546575
-1.6051451e9	19059.809	-9.552799
-1.6013779e9	19037.352	-9.559063
-1.5976108e9	19014.924	-9.565366
-1.5938436e9	18992.518	-9.571709
-1.5900764e9	18970.145	-9.578092
-1.5863092e9	18947.8	-9.584516
-1.5825421e9	18925.469	-9.5909815
-1.5787749e9	18903.035	-9.597333
-1.5750077e9	18880.482	-9.603573
-1.5712406e9	18857.955	-9.609853
-1.5674734e9	18835.457	-9.616171
-1.5637062e9	18812.986	-9.62253
-1.5599391e9	18790.549	-9.62893
-1.5561719e9	18768.12	-9.635371
-1.5524047e9	18745.736	-9.641853
-1.5486376e9	18723.371	-9.648378
-1.5448704e9	18701.035	-9.654946
-1.5411032e9	18678.615	-9.661426
-1.537336e9	18656.078	-9.6677685
-1.5335689e9	18633.568	-9.67415
-1.5298017e9	18611.084	-9.680574
-1.5260346e9	18588.629	-9.687039
-1.5222674e9	18566.203	-9.693547
-1.5185002e9	18543.805	-9.700097
-1.5147332e9	18521.43	-9.70669
-1.5109659e9	18499.076	-9.713327
-1.5071987e9	18476.762	-9.720008
-1.5034316e9	18454.305	-9.72656
-1.4996644e9	18431.754	-9.733016
-1.4958973e9	18409.229	-9.739514
-1.49213e9	18386.729	-9.746055
-1.4883629e9	18364.26	-9.752639
-1.4845957e9	18341.818	-9.759266
-1.4808285e9	18319.398	-9.765938
-1.4770615e9	18297.012	-9.772655
-1.4732942e9	18274.656	-9.779416
-1.469527e9	18252.318	-9.786224
-1.46576e9	18229.787	-9.792787
-1.4619927e9	18207.26	-9.799363
-1.4582255e9	18184.76	-9.805984
-1.4544584e9	18162.29	-9.812648
-1.4506912e9	18139.85	-9.819357
-1.4469242e9	18117.424	-9.826111
-1.4431569e9	18095.04	-9.8329115
-1.4393897e9	18072.684	-9.839758
-1.4356227e9	18050.344	-9.846652
-1.4318554e9	18027.9	-9.853442
-1.4280883e9	18005.326	-9.86011
-1.424321e9	17982.78	-9.866822
-1.4205539e9	17960.262	-9.87358
-1.4167868e9	17937.771	-9.880384
-1.4130195e9	17915.305	-9.887235
-1.4092525e9	17892.875	-9.894132
-1.4054853e9	17870.475	-9.901077
-1.401718e9	17848.096	-9.9080715
-1.397951e9	17825.666	-9.915034
-1.3941837e9	17803.025	-9.921798
-1.3904166e9	17780.414	-9.928606
-1.3866495e9	17757.832	-9.935461
-1.3828822e9	17735.275	-9.942365
-1.3791151e9	17712.746	-9.949315
-1.3753478e9	17690.254	-9.956314
-1.3715808e9	17667.783	-9.963363
-1.3678136e9	17645.34	-9.970462
-1.3640463e9	17622.867	-9.977541
-1.3602793e9	17600.176	-9.984414
-1.3565121e9	17577.514	-9.991336
-1.352745e9	17554.88	-9.998305
-1.3489778e9	17532.275	-10.005323
-1.3452105e9	17509.705	-10.012391
-1.3414435e9	17487.154	-10.019509
-1.3376763e9	17464.633	-10.026679
-1.3339091e9	17442.148	-10.0339
-1.330142e9	17419.586	-10.041045
-1.3263748e9	17396.889	-10.048038
-1.3226076e9	17374.223	-10.055079
-1.3188404e9	17351.584	-10.062171
-1.3150733e9	17328.97	-10.069313
-1.3113061e9	17306.393	-10.076507
-1.307539e9	17283.844	-10.083753
-1.3037718e9	17261.334	-10.09105
-1.3000046e9	17238.834	-10.098403
-1.2962373e9	17216.145	-10.105554
-1.2924703e9	17193.404	-10.112669
-1.2887031e9	17170.691	-10.119837
-1.284936e9	17148.01	-10.127055
-1.2811688e9	17125.361	-10.134327
-1.2774016e9	17102.736	-10.141651
-1.2736344e9	17080.146	-10.14903
-1.2698673e9	17057.582	-10.156464
-1.2661001e9	17034.953	-10.16385
-1.2623329e9	17012.13	-10.171054
-1.2585658e9	16989.34	-10.17831
-1.2547986e9	16966.578	-10.185618
-1.2510314e9	16943.846	-10.192982
-1.2472643e9	16921.146	-10.200399
-1.2434971e9	16898.469	-10.207872
-1.2397299e9	16875.836	-10.215402
-1.2359628e9	16853.215	-10.222974
-1.2321956e9	16830.383	-10.230272
-1.2284284e9	16807.582	-10.237624
-1.2246612e9	16784.81	-10.24503
-1.2208941e9	16762.082	-10.252493
-1.2171269e9	16739.357	-10.26001
-1.2133597e9	16716.684	-10.267585
-1.2095926e9	16694.04	-10.275218
-1.2058254e9	16671.418	-10.282909
-1.2020582e9	16648.537	-10.290327
-1.1982911e9	16625.672	-10.297786
-1.1945239e9	16602.838	-10.305301
-1.1907567e9	16580.043	-10.312873
-1.1869896e9	16557.268	-10.320502
-1.1832224e9	16534.521	-10.328192
-1.1794552e9	16511.818	-10.335939
-1.1756881e9	16489.125	-10.343728
-1.171921e9	16466.18	-10.35124
-1.1681537e9	16443.27	-10.358809
-1.1643866e9	16420.389	-10.366437
-1.1606194e9	16397.545	-10.374123
-1.1568522e9	16374.718	-10.381867
-1.153085e9	16351.942	-10.389673
-1.1493179e9	16329.19	-10.39754
-1.1455507e9	16306.349	-10.405357
-1.1417837e9	16283.312	-10.412997
-1.1380164e9	16260.305	-10.420697
-1.1342492e9	16237.329	-10.428456
-1.130482e9	16214.389	-10.436276
-1.1267149e9	16191.478	-10.444158
-1.1229478e9	16168.598	-10.452102
-1.1191805e9	16145.763	-10.46011
-1.1154134e9	16122.707	-10.467915
-1.1116462e9	16099.614	-10.475697
-1.107879e9	16076.554	-10.48354
-1.104112e9	16053.531	-10.491444
-1.1003447e9	16030.533	-10.499413
-1.0965775e9	16007.573	-10.507444
-1.0928105e9	15984.64	-10.515541
-1.0890432e9	15961.6	-10.523573
-1.0852762e9	15938.33	-10.531441
-1.0815089e9	15915.094	-10.539371
-1.0777417e9	15891.891	-10.547364
-1.0739747e9	15868.723	-10.555422
-1.0702074e9	15845.587	-10.563545
-1.0664403e9	15822.486	-10.571734
-1.0626731e9	15799.364	-10.579945
-1.05890586e9	15775.921	-10.58791
-1.05513875e9	15752.511	-10.59594
-1.0513716e9	15729.138	-10.604033
-1.0476045e9	15705.798	-10.612194
-1.04383725e9	15682.493	-10.620421
-1.0400701e9	15659.225	-10.628716
-1.036303e9	15635.969	-10.637062
-1.03253574e9	15612.421	-10.645142
-1.02876864e9	15588.909	-10.653288
-1.0250014e9	15565.435	-10.6615
-1.02123424e9	15541.993	-10.669781
-1.01746714e9	15518.584	-10.678131
-1.0136999e9	15495.218	-10.686551
-1.0099328e9	15471.844	-10.694994
-1.00616557e9	15448.237	-10.703198
-1.0023984e9	15424.67	-10.711472
-9.986313e8	15401.139	-10.719812
-9.9486406e8	15377.643	-10.728225
-9.910969e8	15354.187	-10.736707
-9.873298e8	15330.757	-10.745263
-9.8356256e8	15307.252	-10.75376
-9.7979546e8	15283.577	-10.762101
-9.760282e8	15259.938	-10.770512
-9.7226106e8	15236.336	-10.778994
-9.6849395e8	15212.771	-10.787548
-9.647267e8	15189.242	-10.796177
-9.609596e8	15165.75	-10.80488
-9.5719245e8	15142.002	-10.813373
-9.534252e8	15118.188	-10.821838
-9.496581e8	15094.416	-10.830377
-9.458909e8	15070.679	-10.838988
-9.421238e8	15046.98	-10.847674
-9.383566e8	15023.32	-10.856437
-9.345894e8	14999.571	-10.865177
-9.308223e8	14975.526	-10.873724
-9.270551e8	14951.52	-10.882344
-9.2328794e8	14927.554	-10.89104
-9.195208e8	14903.624	-10.899811
-9.1575354e8	14879.735	-10.90866
-9.119864e8	14855.884	-10.917588
-9.0821926e8	14831.775	-10.926243
-9.0445216e8	14807.687	-10.934948
-9.006849e8	14783.638	-10.943729
-8.969177e8	14759.628	-10.952589
-8.931506e8	14735.661	-10.961528
-8.893834e8	14711.726	-10.970548
-8.856163e8	14687.611	-10.979373
-8.818491e8	14663.459	-10.988181
-8.780819e8	14639.347	-10.9970665
-8.743148e8	14615.279	-11.006032
-8.705476e8	14591.243	-11.015079
-8.667805e8	14567.248	-11.024208
-8.6301325e8	14543.038	-11.0331545
-8.592461e8	14518.745	-11.042057
-8.55479e8	14494.494	-11.05104
-8.5171174e8	14470.289	-11.060104
-8.479446e8	14446.119	-11.069251
-8.441774e8	14421.986	-11.078483
-8.4041024e8	14397.58	-11.087509
-8.3664314e8	14373.114	-11.096522
-8.328759e8	14348.69	-11.1056185
-8.2910874e8	14324.307	-11.114798
-8.2534163e8	14299.967	-11.124062
-8.215744e8	14275.667	-11.133412
-8.178073e8	14250.965	-11.142497
-8.1404006e8	14226.287	-11.1516485
-8.102729e8	14201.647	-11.160886
-8.065058e8	14177.056	-11.170208
-8.0273856e8	14152.51	-11.179619
-7.989714e8	14127.868	-11.18901
-7.952043e8	14102.927	-11.198216
-7.914371e8	14078.029	-11.207509
-7.8766995e8	14053.172	-11.216888
-7.839027e8	14028.369	-11.2263565
-7.8013555e8	14003.6	-11.235916
-7.7636845e8	13978.524	-11.245288
-7.726013e8	13953.369	-11.254651
-7.688341e8	13928.261	-11.264102
-7.650669e8	13903.191	-11.2736435
-7.612998e8	13878.176	-11.283277
-7.575326e8	13853.023	-11.292884
-7.5376544e8	13827.549	-11.302324
-7.499983e8	13802.12	-11.311854
-7.462311e8	13776.735	-11.321477
-7.4246394e8	13751.406	-11.331192
-7.3869677e8	13726.112	-11.340999
-7.349296e8	13700.269	-11.350531
-7.3116243e8	13674.474	-11.360156
-7.2739526e8	13648.729	-11.369874
-7.236281e8	13623.035	-11.379687
-7.198609e8	13597.386	-11.389598
-7.1609376e8	13571.285	-11.399293
-7.123266e8	13545.129	-11.409016
-7.085594e8	13519.025	-11.418834
-7.0479226e8	13492.974	-11.428748
-7.010251e8	13466.974	-11.438763
-6.972579e8	13440.556	-11.448601
-6.9349075e8	13414.04	-11.458442
-6.897236e8	13387.58	-11.46838
-6.859564e8	13361.166	-11.478418
-6.8218925e8	13334.812	-11.488559
-6.7842214e8	13308.104	-11.498502
-6.746549e8	13281.341	-11.508461
-6.7088774e8	13254.632	-11.51852
-6.671206e8	13227.982	-11.528682
-6.633535e8	13201.388	-11.538947
-6.5958624e8	13174.339	-11.548972
-6.558191e8	13147.306	-11.559071
-6.520519e8	13120.333	-11.569272
-6.482848e8	13093.412	-11.579578
-6.445176e8	13066.448	-11.589927
-6.407504e8	13039.071	-11.600079
-6.3698323e8	13011.756	-11.610334
-6.3321606e8	12984.498	-11.620696
-6.2944896e8	12957.298	-11.631167
-6.256818e8	12929.971	-11.641544
-6.2191456e8	12902.537	-11.651852
-6.181474e8	12875.158	-11.662265
-6.143803e8	12847.852	-11.672789
-6.106131e8	12820.594	-11.683424
-6.0684595e8	12792.978	-11.693781
-6.030787e8	12765.42	-11.704243
-5.993116e8	12737.927	-11.714815
-5.9554445e8	12710.484	-11.7255
-5.917773e8	12682.784	-11.736078
-5.880101e8	12654.873	-11.746582
-5.8424294e8	12627.025	-11.757198
-5.804758e8	12599.24	-11.767927
-5.767086e8	12571.385	-11.778694
-5.7294144e8	12543.054	-11.789256
-5.691743e8	12514.789	-11.799931
-5.654071e8	12486.591	-11.81072
-5.6163994e8	12458.454	-11.821628
-5.578728e8	12429.711	-11.832281
-5.541056e8	12400.998	-11.84303
-5.503384e8	12372.352	-11.853896
-5.4657126e8	12343.782	-11.864881
-5.428041e8	12314.732	-11.875683
-5.390369e8	12285.612	-11.886521
-5.352698e8	12256.566	-11.897478
-5.315026e8	12227.586	-11.908556
-5.2773542e8	12198.183	-11.919495
-5.2396826e8	12168.655	-11.930447
-5.2020112e8	12139.208	-11.941521
-5.1643395e8	12109.822	-11.952719
-5.1266675e8	12079.998	-11.963761
-5.088996e8	12050.104	-11.974849
-5.0513245e8	12020.282	-11.98606
-5.0136528e8	11990.515	-11.997384
-4.9759808e8	11960.118	-12.008493
-4.938309e8	11929.802	-12.019728
-4.9006378e8	11899.566	-12.03109
-4.862966e8	11868.933	-12.0424
-4.8252944e8	11837.931	-12.053668
-4.7876224e8	11807.019	-12.065064
-4.749951e8	11775.995	-12.076526
-4.7122794e8	11744.348	-12.087877
-4.6746077e8	11712.795	-12.099358
-4.6369363e8	11681.24	-12.110938
-4.599264e8	11649.152	-12.122414
-4.5615926e8	11617.162	-12.134023
-4.523921e8	11585.1	-12.1456995
-4.4862496e8	11552.638	-12.157308
-4.448578e8	11520.276	-12.169052
-4.410906e8	11487.654	-12.180773
-4.3732342e8	11454.873	-12.192511
-4.3355626e8	11422.14	-12.204366
-4.2978912e8	11388.882	-12.216101
-4.2602192e8	11355.732	-12.227976
-4.2225475e8	11322.26	-12.2397995
-4.1848758e8	11288.759	-12.251702
-4.1472045e8	11255.081	-12.263613
-4.1095328e8	11221.313	-12.27557
-4.0718608e8	11187.352	-12.287546
-4.034189e8	11153.267	-12.299567
-3.9965178e8	11119.0	-12.311599
-3.958846e8	11084.702	-12.323708
-3.9211744e8	11050.064	-12.335779
-3.8835027e8	11015.359	-12.34793
-3.845831e8	10980.247	-12.360049
-3.8081594e8	10944.974	-12.372198
-3.7704877e8	10909.603	-12.3844
-3.732816e8	10874.024	-12.396586
-3.6951443e8	10838.337	-12.408808
-3.6574726e8	10802.548	-12.421073
-3.619801e8	10766.613	-12.433363
-3.5821293e8	10730.482	-12.445657
-3.5444576e8	10694.256	-12.457993
-3.5067862e8	10657.891	-12.470364
-3.4691142e8	10621.333	-12.482763
-3.431443e8	10584.465	-12.49517
-3.393771e8	10547.143	-12.50757
-3.3560995e8	10509.482	-12.519992
-3.3184275e8	10471.521	-12.532441
-3.280756e8	10433.263	-12.54492
-3.2430845e8	10394.668	-12.557428
-3.2054125e8	10355.679	-12.569961
-3.167741e8	10316.249	-12.582514
-3.130069e8	10276.385	-12.595085
-3.0923978e8	10236.099	-12.607678
-3.054726e8	10195.414	-12.620297
-3.0170544e8	10154.298	-12.632938
-2.9793827e8	10112.695	-12.645592
-2.941711e8	10070.537	-12.658246
-2.9040394e8	10027.918	-12.670915
-2.8663677e8	9985.0	-12.683616
-2.828696e8	9941.819	-12.69636
-2.7910243e8	9898.314	-12.709139
-2.7533526e8	9854.403	-12.721943
-2.715681e8	9810.062	-12.73477
-2.6780093e8	9765.317	-12.747622
-2.6403378e8	9720.211	-12.760507
-2.6026661e8	9674.685	-12.773415
-2.5649944e8	9628.711	-12.786338
-2.5273227e8	9582.291	-12.799271
-2.489651e8	9535.426	-12.812212
-2.4519794e8	9488.145	-12.825167
-2.4143075e8	9440.372	-12.838138
-2.376636e8	9392.769	-12.851208
-2.3389645e8	9344.51	-12.864278
-2.3012926e8	9296.296	-12.877435
-2.2636211e8	9247.385	-12.890586
-2.2259493e8	9198.23	-12.903801
-2.1882778e8	9148.49	-12.917035
-2.1506059e8	9097.355	-12.930185
-2.1129344e8	9045.978	-12.943405
-2.0752627e8	8994.587	-12.956723
-2.037591e8	8942.162	-12.970011
-1.9999194e8	8889.524	-12.983377
-1.9622477e8	8837.042	-12.996861
-1.924576e8	8783.761	-13.010336
-1.8869043e8	8730.178	-13.023863
-1.8492326e8	8677.414	-13.037576
-1.811561e8	8623.55	-13.05125
-1.7738894e8	8570.096	-13.065077
-1.7362178e8	8517.544	-13.079104
-1.6985461e8	8463.19	-13.092973
-1.6608744e8	8407.107	-13.106731
-1.6232027e8	8351.5625	-13.120661
-1.585531e8	8293.868	-13.134381
-1.5478594e8	8234.282	-13.147916
-1.5101877e8	8173.858	-13.161422
-1.472516e8	8111.203	-13.174723
-1.4348443e8	8046.528	-13.187844
-1.3971726e8	7981.501	-13.201031
-1.359501e8	7916.112	-13.214312
-1.3218293e8	7848.9775	-13.22748
-1.2841578e8	7782.053	-13.240785
-1.2464861e8	7714.3364	-13.254115
-1.2088144e8	7644.8857	-13.267324
-1.1711427e8	7575.565	-13.280704
-1.133471e8	7505.398	-13.2941
-1.0957994e8	7434.209	-13.307508
-1.05812776e8	7362.996	-13.321079
-1.0204561e8	7291.3257	-13.334727
-9.827844e7	7219.6157	-13.348505
-9.451127e7	7148.3506	-13.362477
-9.0744104e7	7076.1665	-13.376394
-8.6976936e7	7004.1016	-13.390434
-8.320977e7	6932.6235	-13.404663
-7.94426e7	6859.0713	-13.418587
-7.567544e7	6785.0356	-13.432488
-7.190827e7	6711.648	-13.446553
-6.81411e7	6634.5605	-13.46
-6.437394e7	6555.8657	-13.473211
-6.0606772e7	6479.6484	-13.486877
-5.6839604e7	6400.921	-13.500139
-5.307244e7	6319.958	-13.513103
-4.930527e7	6240.4478	-13.526402
-4.5538108e7	6159.1626	-13.539475
-4.177094e7	6076.2354	-13.552402
-3.8003772e7	5994.34	-13.565642
-3.423661e7	5910.342	-13.578644
-3.0469438e7	5824.055	-13.591406
-2.6702272e7	5736.8438	-13.604168
-2.2935106e7	5646.9155	-13.616629
-1.916794e7	5553.7124	-13.628726
-1.5400773e7	5457.3335	-13.640488
-1.1633606e7	5358.332	-13.651989
-7.86644e6	5258.128	-13.663501
-4.0992732e6	5157.8706	-13.675262
-332106.56	5059.719	-13.687671
3.43506e6	4966.3477	-13.701223
7.2022265e6	4879.4746	-13.716271
1.0969393e7	4800.182	-13.733063
1.473656e7	4728.7734	-13.751708
1.8503728e7	4664.7344	-13.772173
2.2270892e7	4607.2163	-13.794346
2.603806e7	4555.201	-13.818061
2.9805226e7	4507.7905	-13.843172
3.357239e7	4464.098	-13.869509
3.733956e7	4423.49	-13.89695
4.1106724e7	4385.3833	-13.925368
4.4873892e7	4349.379	-13.954684
4.864106e7	4315.107	-13.984801
5.2408224e7	4282.3306	-14.015658
5.617539e7	4250.808	-14.047195
5.994256e7	4220.382	-14.079371
6.3709724e7	4190.8955	-14.112138
6.74769e7	4162.2505	-14.145457
7.124406e7	4134.36	-14.17929
7.5011224e7	4107.145	-14.213611
7.877839e7	4080.518	-14.248389
8.254556e7	4054.4128	-14.283593
8.631272e7	4028.7656	-14.319196
9.007989e7	4003.5215	-14.355187
9.3847064e7	3978.6394	-14.391563
9.761422e7	3954.08	-14.4283285
1.013814e8	3929.8167	-14.465489
1.0514855e8	3905.8289	-14.503053
1.0891572e8	3882.1055	-14.54103
1.1268289e8	3858.6545	-14.579346
1.16450056e8	3835.4775	-14.618045
1.20217224e8	3812.5835	-14.657186
1.239844e8	3789.9834	-14.696786
1.2775155e8	3767.6787	-14.736866
1.3151872e8	3745.6672	-14.777445
1.3528589e8	3723.9395	-14.8185425
1.3905306e8	3702.4934	-14.860052
1.4282022e8	3681.319	-14.901839
1.465874e8	3660.369	-14.944147
1.5035456e8	3639.6245	-14.987024
1.5412173e8	3619.07	-15.030543
1.578889e8	3598.7134	-15.073956
1.6165606e8	3578.5144	-15.11802
1.6542323e8	3558.4714	-15.162884
1.691904e8	3538.6233	-15.207716
1.7295755e8	3518.9575	-15.253129
1.7672472e8	3499.45	-15.299565
1.8049189e8	3480.208	-15.345491
1.8425906e8	3461.1255	-15.392818
1.8802622e8	3442.3162	-15.439904
1.9179339e8	3423.6843	-15.488078
1.9556056e8	3405.2896	-15.536289
1.9932771e8	3387.0664	-15.585497
2.0309488e8	3369.0642	-15.634577
2.0686206e8	3351.1892	-15.685168
2.1062923e8	3333.5159	-15.734759
2.1439638e8	3315.9348	-15.786939
2.1816357e8	3298.5273	-15.837011
2.2193072e8	3281.219	-15.889296
2.256979e8	3264.0237	-15.941827
2.2946506e8	3246.9458	-15.99376
2.3323221e8	3229.9597	-16.048538
2.369994e8	3213.1326	-16.101254
2.4076654e8	3196.417	-16.155165
2.4453373e8	3179.7876	-16.212149
2.4830088e8	3163.3638	-16.265743
2.5206806e8	3147.0457	-16.321228
2.5583522e8	3130.812	-16.379972
2.5960238e8	3114.7766	-16.435705
2.6336957e8	3098.8652	-16.492147
2.6713672e8	3083.0378	-16.551966
2.709039e8	3067.3318	-16.611921
2.7467104e8	3051.7827	-16.668615
2.784382e8	3036.3147	-16.728718
2.8220538e8	3020.9263	-16.792665
2.8597254e8	3005.7656	-16.85211
2.897397e8	2990.7397	-16.91169
2.9350688e8	2975.7917	-16.975046
2.9727408e8	2960.9182	-17.04269
3.010412e8	2946.47	-17.103231
3.048084e8	2932.1628	-17.165154
3.0857555e8	2917.9258	-17.231165
3.1234272e8	2903.7612	-17.301846
3.161099e8	2890.0588	-17.365997
3.1987706e8	2876.5825	-17.429409
3.2364422e8	2863.1707	-17.497116
3.274114e8	2849.8232	-17.569744
3.3117856e8	2836.7727	-17.640526
3.3494573e8	2824.1309	-17.704659
3.387129e8	2811.5479	-17.77319
3.4248006e8	2799.0234	-17.846764
3.4624723e8	2786.5576	-17.926184
3.5001437e8	2774.5505	-17.990791
3.5378157e8	2762.6145	-18.05897
3.575487e8	2750.732	-18.132137
3.613159e8	2738.9058	-18.211084
3.6508304e8	2727.2998	-18.28698
3.6885024e8	2715.9922	-18.353588
3.7261738e8	2704.7346	-18.424952
3.7638454e8	2693.529	-18.501802
3.801517e8	2682.3716	-18.585056
3.8391888e8	2671.44	-18.656538
3.8768605e8	2660.6265	-18.725227
3.9145322e8	2649.8606	-18.798986
3.9522038e8	2639.1416	-18.878622
3.9898755e8	2628.4697	-18.96515
4.0275472e8	2617.8489	-19.033514
4.065219e8	2607.2756	-19.103315
4.1028906e8	2596.7483	-19.178356
4.140562e8	2586.2693	-19.25949
4.1782342e8	2575.8354	-19.347792
4.2159056e8	2565.3633	-19.415321
4.2535773e8	2554.9312	-19.485123
4.2912486e8	2544.5466	-19.560163
4.3289203e8	2534.209	-19.641294
4.3665923e8	2523.9192	-19.729597
4.404264e8	2513.6028	-19.79959
4.4419357e8	2503.3171	-19.86838
4.479607e8	2493.0793	-19.942253
4.5172787e8	2482.8887	-20.022024
4.5549507e8	2472.745	-20.108713
4.5926224e8	2462.818	-20.184544
4.6302938e8	2453.0667	-20.250668
4.6679654e8	2443.3584	-20.321476
4.705637e8	2433.693	-20.397682
4.743309e8	2424.0703	-20.48018
4.7809805e8	2414.5693	-20.564949
4.818652e8	2405.529	-20.627632
4.856324e8	2396.5266	-20.69451
4.8939952e8	2387.5623	-20.76618
4.9316672e8	2378.6348	-20.84339
4.969339e8	2369.745	-20.927063
5.0070106e8	2360.945	-20.998507
5.044682e8	2352.215	-21.06119
5.082354e8	2343.5208	-21.128067
5.1200256e8	2334.8623	-21.199738
5.1576973e8	2326.2385	-21.276945
5.1953686e8	2317.6487	-21.360617
5.2330403e8	2309.2417	-21.42232
5.2707123e8	2300.888	-21.483738
5.308384e8	2292.5676	-21.549173
5.3460554e8	2284.2803	-21.619194
5.3837274e8	2276.026	-21.694489
5.4213984e8	2267.8787	-21.771246
5.459071e8	2260.1626	-21.827765
5.4967424e8	2252.4756	-21.887669
5.534414e8	2244.8184	-21.951391
5.572085e8	2237.1892	-22.019451
5.609757e8	2229.5889	-22.092485
5.647429e8	2222.0908	-22.15976
5.685101e8	2214.7139	-22.21626
5.722772e8	2207.3645	-22.276146
5.7604435e8	2200.0425	-22.339848
5.798116e8	2192.7478	-22.407887
5.8357875e8	2185.4807	-22.480894
5.8734586e8	2178.4182	-22.5411
5.91113e8	2171.4512	-22.597548
5.948802e8	2164.5098	-22.657372
5.986474e8	2157.593	-22.721004
6.024146e8	2150.7024	-22.788963
6.061817e8	2143.837	-22.86188
