-1.803281e8	21594.045	-8.231964
-1.7986992e8	21565.418	-8.238408
-1.7941173e8	21536.828	-8.244895
-1.7895355e8	21508.275	-8.251424
-1.7849538e8	21479.756	-8.257995
-1.780372e8	21451.285	-8.26461
-1.7757902e8	21422.854	-8.271269
-1.7712085e8	21394.027	-8.277883
-1.7666266e8	21364.893	-8.284467
-1.7620448e8	21335.797	-8.291095
-1.757463e8	21306.738	-8.297767
-1.7528811e8	21277.738	-8.304483
-1.7482994e8	21248.746	-8.311245
-1.7437176e8	21219.639	-8.31802
-1.7391358e8	21189.785	-8.3246975
-1.7345541e8	21159.973	-8.33142
-1.7299723e8	21130.205	-8.338187
-1.7253904e8	21100.479	-8.345001
-1.7208086e8	21070.797	-8.351862
-1.7162269e8	21041.15	-8.35877
-1.711645e8	21010.725	-8.3655615
-1.7070632e8	20980.271	-8.372385
-1.7024814e8	20949.867	-8.379255
-1.6978997e8	20919.504	-8.386173
-1.6933179e8	20889.191	-8.39314
-1.6887362e8	20858.916	-8.400155
-1.6841542e8	20828.248	-8.407075
-1.6795725e8	20797.486	-8.413995
-1.6749907e8	20766.77	-8.420962
-1.6704088e8	20736.098	-8.427979
-1.665827e8	20705.47	-8.435045
-1.6612453e8	20674.887	-8.442162
-1.6566635e8	20644.184	-8.449192
-1.6520818e8	20613.445	-8.456202
-1.6474998e8	20582.752	-8.463262
-1.642918e8	20552.098	-8.470371
-1.6383363e8	20521.502	-8.477531
-1.6337546e8	20490.941	-8.484744
-1.6291726e8	20460.338	-8.491868
-1.6245909e8	20429.732	-8.498975
-1.6200091e8	20399.174	-8.506131
-1.6154274e8	20368.662	-8.51334
-1.6108456e8	20338.19	-8.520601
-1.6062637e8	20307.77	-8.527915
-1.601682e8	20277.166	-8.53511
-1.5971002e8	20246.54	-8.542308
-1.5925184e8	20215.96	-8.549557
-1.5879365e8	20185.422	-8.556859
-1.5833547e8	20154.938	-8.564215
-1.578773e8	20124.502	-8.571626
-1.5741912e8	20093.846	-8.5788765
-1.5696094e8	20063.229	-8.586171
-1.5650275e8	20032.654	-8.593521
-1.5604458e8	20002.129	-8.6009245
-1.555864e8	19971.658	-8.608383
-1.5512822e8	19941.16	-8.615844
-1.5467003e8	19910.506	-8.62319
-1.5421186e8	19879.9	-8.630591
-1.5375368e8	19849.338	-8.638046
-1.532955e8	19818.822	-8.645558
-1.5283733e8	19788.36	-8.653127
-1.5237914e8	19757.797	-8.660618
-1.5192096e8	19727.193	-8.668076
-1.5146278e8	19696.633	-8.67559
-1.510046e8	19666.129	-8.683161
-1.5054642e8	19635.654	-8.690789
-1.5008824e8	19605.227	-8.698464
-1.4963006e8	19574.6	-8.705981
-1.4917189e8	19544.016	-8.713554
-1.4871371e8	19513.484	-8.721187
-1.4825552e8	19482.998	-8.728876
-1.4779734e8	19452.56	-8.736626
-1.4733917e8	19421.996	-8.7443
-1.46881e8	19391.367	-8.751937
-1.464228e8	19360.787	-8.759632
-1.4596462e8	19330.248	-8.767387
-1.4550645e8	19299.773	-8.775203
-1.4504827e8	19269.275	-8.783032
-1.445901e8	19238.607	-8.790735
-1.441319e8	19207.984	-8.798499
-1.4367373e8	19177.404	-8.806323
-1.4321555e8	19146.885	-8.814208
-1.4275738e8	19116.408	-8.822157
-1.4229918e8	19085.723	-8.829955
-1.4184101e8	19055.055	-8.8377905
-1.4138283e8	19024.44	-8.845688
-1.4092466e8	18993.867	-8.853648
-1.4046648e8	18963.346	-8.861672
-1.4000829e8	18932.7	-8.869599
-1.3955011e8	18902.012	-8.877511
-1.3909194e8	18871.377	-8.885487
-1.3863374e8	18840.781	-8.893526
-1.3817557e8	18810.244	-8.90163
-1.3771739e8	18779.596	-8.909672
-1.3725922e8	18748.857	-8.917664
-1.3680104e8	18718.178	-8.925719
-1.3634286e8	18687.531	-8.933841
-1.3588467e8	18656.951	-8.942029
-1.354265e8	18626.275	-8.95017
-1.3496832e8	18595.49	-8.958246
-1.3451013e8	18564.76	-8.966388
-1.3405195e8	18534.076	-8.974597
-1.3359378e8	18503.45	-8.982874
-1.3313561e8	18472.71	-8.991101
-1.3267742e8	18441.865	-8.999266
-1.3221924e8	18411.066	-9.007498
-1.31761064e8	18380.326	-9.015798
-1.3130288e8	18349.629	-9.024168
-1.308447e8	18318.8	-9.032468
-1.3038652e8	18287.885	-9.040728
-1.2992834e8	18257.018	-9.049056
-1.2947016e8	18226.21	-9.057455
-1.2901199e8	18195.44	-9.065925
-1.2855381e8	18164.496	-9.074284
-1.28095624e8	18133.506	-9.082644
-1.2763745e8	18102.57	-9.091076
-1.2717926e8	18071.69	-9.099578
-1.2672109e8	18040.852	-9.108154
-1.26262904e8	18009.777	-9.116562
-1.2580472e8	17978.738	-9.125031
-1.2534654e8	17947.758	-9.133574
-1.24888376e8	17916.824	-9.142189
-1.2443019e8	17885.871	-9.150813
-1.2397201e8	17854.771	-9.159328
-1.2351383e8	17823.729	-9.167917
-1.2305565e8	17792.738	-9.176579
-1.22597464e8	17761.805	-9.185319
-1.2213929e8	17730.736	-9.193972
-1.216811e8	17699.621	-9.202608
-1.2122293e8	17668.562	-9.211321
-1.2076476e8	17637.562	-9.220109
-1.2030658e8	17606.576	-9.228952
-1.1984839e8	17575.342	-9.23764
-1.19390216e8	17544.16	-9.246404
-1.1893203e8	17513.031	-9.255244
-1.1847385e8	17481.965	-9.264164
-1.1801567e8	17450.752	-9.273006
-1.1755749e8	17419.46	-9.281826
-1.1709931e8	17388.22	-9.290724
-1.1664114e8	17357.05	-9.299702
-1.1618296e8	17325.86	-9.30871
-1.15724776e8	17294.457	-9.317586
-1.152666e8	17263.113	-9.326543
-1.1480842e8	17231.826	-9.33558
-1.1435023e8	17200.592	-9.344699
-1.13892056e8	17169.115	-9.353678
-1.1343387e8	17137.64	-9.362696
-1.129757e8	17106.217	-9.371797
-1.1251752e8	17074.861	-9.3809805
-1.1205934e8	17043.342	-9.390098
-1.1160116e8	17011.713	-9.39918
-1.11142984e8	16980.139	-9.408345
-1.106848e8	16948.63	-9.417595
-1.10226616e8	16917.045	-9.42684
-1.0976844e8	16885.258	-9.435991
-1.0931026e8	16853.533	-9.445228
-1.0885208e8	16821.87	-9.454551
-1.083939e8	16790.19	-9.46391
-1.0793573e8	16758.252	-9.473139
-1.07477544e8	16726.373	-9.482454
-1.0701937e8	16694.56	-9.491857
-1.0656118e8	16662.764	-9.501322
-1.06103e8	16630.676	-9.5106325
-1.05644824e8	16598.645	-9.520031
-1.0518664e8	16566.69	-9.529518
-1.0472846e8	16534.758	-9.539078
-1.0427029e8	16502.54	-9.548479
-1.0381211e8	16470.385	-9.557969
-1.0335393e8	16438.291	-9.56755
-1.0289575e8	16406.229	-9.577198
-1.0243757e8	16373.918	-9.586698
-1.01979384e8	16341.67	-9.596288
-1.0152121e8	16309.486	-9.605971
-1.0106302e8	16277.293	-9.615698
-1.0060485e8	16244.86	-9.625297
-1.0014667e8	16212.495	-9.634989
-9.968849e7	16180.185	-9.644776
-9.923031e7	16147.825	-9.654569
-9.8772136e7	16115.3	-9.664277
-9.831395e7	16082.833	-9.674081
-9.785577e7	16050.443	-9.683982
-9.739759e7	16017.876	-9.693828
-9.6939416e7	15985.179	-9.703645
-9.648123e7	15952.549	-9.713559
-9.602306e7	15919.985	-9.723573
-9.556487e7	15887.185	-9.733462
-9.5106696e7	15854.381	-9.743399
-9.464852e7	15821.646	-9.753436
-9.419034e7	15788.913	-9.7635355
-9.373215e7	15755.852	-9.773498
-9.3273976e7	15722.861	-9.78356
-9.28158e7	15689.935	-9.793725
-9.235762e7	15656.88	-9.803852
-9.189944e7	15623.713	-9.813951
-9.1441256e7	15590.622	-9.824151
-9.098308e7	15557.596	-9.834457
-9.05249e7	15524.21	-9.844603
-9.006672e7	15490.878	-9.854837
-8.9608536e7	15457.616	-9.865178
-8.915036e7	15424.277	-9.875508
-8.8692184e7	15390.822	-9.885793
-8.8234e7	15357.442	-9.896184
-8.777582e7	15324.122	-9.906685
-8.731764e7	15290.42	-9.917015
-8.6859464e7	15256.78	-9.927446
-8.640128e7	15223.213	-9.937987
-8.59431e7	15189.477	-9.948481
-8.548492e7	15155.632	-9.958963
-8.5026744e7	15121.868	-9.969558
-8.456857e7	15088.058	-9.980203
-8.411038e7	15053.931	-9.990738
-8.365221e7	15019.876	-10.001384
-8.3194024e7	14985.911	-10.012145
-8.273585e7	14951.64	-10.022767
-8.227766e7	14917.413	-10.03348
-8.181949e7	14883.27	-10.044307
-8.1361304e7	14848.889	-10.055065
-8.090313e7	14814.429	-10.065842
-8.044495e7	14780.05	-10.076735
-7.998677e7	14745.555	-10.087622
-7.952859e7	14710.902	-10.098472
-7.907041e7	14676.336	-10.109441
-7.861223e7	14641.705	-10.120447
-7.815405e7	14606.833	-10.131371
-7.769587e7	14572.04	-10.142415
-7.723769e7	14537.255	-10.15353
-7.677951e7	14502.176	-10.164534
-7.6321336e7	14467.183	-10.17566
-7.586315e7	14432.203	-10.186876
-7.540497e7	14396.85	-10.197963
-7.49468e7	14361.588	-10.209173
-7.4488616e7	14326.352	-10.22048
-7.403043e7	14290.763	-10.231658
-7.357226e7	14255.265	-10.242962
-7.311407e7	14219.771	-10.254354
-7.2655896e7	14183.876	-10.265619
-7.219772e7	14148.075	-10.277014
-7.173954e7	14112.237	-10.288478
-7.128135e7	14076.047	-10.299845
-7.082318e7	14039.951	-10.311341
-7.0365e7	14003.734	-10.322874
-6.990682e7	13967.194	-10.33434
-6.944864e7	13930.748	-10.345941
-6.8990456e7	13894.102	-10.357531
-6.853228e7	13857.24	-10.369106
-6.8074104e7	13820.489	-10.380818
-6.761592e7	13783.406	-10.392467
-6.7157736e7	13746.25	-10.404163
-6.6699564e7	13709.191	-10.415999
-6.6241384e7	13671.735	-10.427709
-6.5783204e7	13634.349	-10.439542
-6.532502e7	13596.944	-10.451449
-6.486684e7	13559.231	-10.463282
-6.4408664e7	13521.623	-10.475255
-6.3950484e7	13483.809	-10.487213
-6.3492304e7	13445.862	-10.499193
-6.3034124e7	13408.031	-10.511317
-6.2575948e7	13369.664	-10.523315
-6.211777e7	13331.365	-10.535441
-6.1659588e7	13292.944	-10.547615
-6.1201404e7	13254.193	-10.55975
-6.0743224e7	13215.564	-10.572033
-6.028505e7	13176.49	-10.584238
-5.9826868e7	13137.391	-10.596537
-5.936869e7	13098.204	-10.608905
-5.8910508e7	13058.63	-10.621222
-5.8452332e7	13019.176	-10.633691
-5.799415e7	12979.267	-10.646082
-5.7535972e7	12939.345	-10.658575
-5.7077788e7	12899.275	-10.671114
-5.661961e7	12858.878	-10.68363
-5.616143e7	12818.609	-10.696303
-5.5703252e7	12777.805	-10.708855
-5.524507e7	12737.111	-10.72156
-5.4786892e7	12696.131	-10.734253
-5.4328716e7	12655.016	-10.746998
-5.3870536e7	12613.827	-10.759824
-5.341235e7	12572.247	-10.77261
-5.2954172e7	12530.78	-10.785552
-5.249599e7	12488.798	-10.798389
-5.2037816e7	12446.955	-10.811393
-5.1579636e7	12404.732	-10.824334
-5.1121456e7	12362.569	-10.837407
-5.0663276e7	12320.042	-10.850447
-5.02051e7	12277.517	-10.8636
-4.974692e7	12234.616	-10.876724
-4.9288736e7	12191.726	-10.889968
-4.883056e7	12148.345	-10.903159
-4.837238e7	12104.978	-10.916479
-4.79142e7	12061.033	-10.929744
-4.745602e7	12016.974	-10.943104
-4.699784e7	11972.571	-10.95649
-4.653966e7	11927.791	-10.969894
-4.608148e7	11882.855	-10.983383
-4.5623304e7	11837.485	-10.996868
-4.516512e7	11791.84	-11.010402
-4.4706944e7	11745.986	-11.024002
-4.4248764e7	11699.799	-11.037638
-4.379058e7	11653.301	-11.051298
-4.3332404e7	11606.584	-11.065018
-4.2874224e7	11559.584	-11.078791
-4.2416044e7	11512.218	-11.092608
-4.1957864e7	11464.42	-11.106436
-4.149969e7	11416.241	-11.120299
-4.1041504e7	11367.74	-11.134209
-4.058333e7	11318.8955	-11.148158
-4.0125148e7	11269.658	-11.162147
-3.9666964e7	11220.002	-11.176175
-3.9208788e7	11169.9375	-11.190243
-3.875061e7	11119.437	-11.2043495
-3.8292428e7	11068.48	-11.218496
-3.783425e7	11017.063	-11.232681
-3.737607e7	10965.195	-11.246904
-3.691789e7	10912.809	-11.26116
-3.645971e7	10859.882	-11.275447
-3.6001532e7	10806.355	-11.289761
-3.554335e7	10752.307	-11.3041115
-3.5085172e7	10697.819	-11.318512
-3.462699e7	10642.917	-11.332967
-3.4168812e7	10587.524	-11.347468
-3.371063e7	10531.678	-11.362025
-3.3252454e7	10475.235	-11.376623
-3.2794272e7	10417.968	-11.39124
-3.2336094e7	10359.976	-11.40589
-3.1877914e7	10301.469	-11.420602
-3.1419736e7	10242.403	-11.435369
-3.0961556e7	10182.756	-11.450192
-3.0503374e7	10122.518	-11.465071
-3.0045196e7	10061.667	-11.48
-2.9587016e7	10000.188	-11.494977
-2.9128838e7	9938.113	-11.510004
-2.8670656e7	9875.535	-11.52509
-2.8212478e7	9812.514	-11.540241
-2.7754298e7	9748.977	-11.555448
-2.729612e7	9684.744	-11.570691
-2.683794e7	9619.6045	-11.58595
-2.6379758e7	9553.4375	-11.601213
-2.592158e7	9486.347	-11.616496
-2.54634e7	9418.636	-11.631835
-2.5005222e7	9350.406	-11.647246
-2.4547042e7	9281.551	-11.66272
-2.4088862e7	9212.103	-11.678262
-2.3630682e7	9142.055	-11.6938715
-2.3172502e7	9071.31	-11.709539
-2.2714322e7	8999.83	-11.725264
-2.2256144e7	8927.628	-11.741043
-2.1797964e7	8854.789	-11.756887
-2.1339784e7	8781.534	-11.772823
-2.0881606e7	8707.874	-11.788849
-2.0423426e7	8633.647	-11.804942
-1.9965246e7	8558.769	-11.821088
-1.9507066e7	8483.315	-11.8372965
-1.9048886e7	8407.318	-11.853566
-1.8590706e7	8330.885	-11.86991
-1.8132528e7	8253.963	-11.886324
-1.7674348e7	8176.4995	-11.902799
-1.7216168e7	8098.5024	-11.919336
-1.6757989e7	8019.9067	-11.935934
-1.629981e7	7940.4453	-11.952562
-1.584163e7	7860.156	-11.96923
-1.5383449e7	7779.322	-11.985983
-1.492527e7	7698.1943	-12.002864
-1.446709e7	7616.703	-12.019865
-1.4008911e7	7534.8887	-12.036993
-1.3550732e7	7452.7866	-12.054255
-1.3092552e7	7370.4185	-12.071655
-1.2634373e7	7287.762	-12.089199
-1.2176193e7	7204.688	-12.106868
-1.1718013e7	7121.1265	-12.124651
-1.1259834e7	7037.3804	-12.142598
-1.0801654e7	6953.7065	-12.160757
-1.0343475e7	6870.062	-12.179126
-9.885295e6	6786.355	-12.197688
-9.427115e6	6702.6055	-12.21645
-8.968936e6	6618.835	-12.235414
-8.510756e6	6535.0967	-12.254586
-8.052577e6	6451.3887	-12.273968
-7.594397e6	6367.689	-12.293553
-7.1362175e6	6283.9517	-12.313336
-6.678038e6	6200.082	-12.333306
-6.2198585e6	6115.9287	-12.353442
-5.761679e6	6031.375	-12.373726
-5.3034995e6	5946.47	-12.394172
-4.8453195e6	5861.338	-12.414808
-4.3871405e6	5776.1284	-12.435672
-3.9289605e6	5691.0034	-12.456804
-3.470781e6	5606.1304	-12.478247
-3.0126015e6	5521.8076	-12.50006
-2.5544218e6	5438.5186	-12.522339
-2.0962425e6	5356.858	-12.545202
-1.6380629e6	5277.4487	-12.568778
-1.1798832e6	5200.898	-12.593202
-721703.6	5127.6597	-12.61859
-263524.1	5057.9995	-12.645027
194655.47	4991.997	-12.672559
652835.06	4929.576	-12.701199
1.1110146e6	4870.5366	-12.730936
1.5691941e6	4814.6113	-12.761741
2.0273738e6	4761.528	-12.793582
2.4855532e6	4711.0034	-12.826423
2.943733e6	4662.952	-12.860201
3.4019125e6	4616.9917	-12.894876
3.8600922e6	4572.91	-12.930429
4.3182715e6	4530.522	-12.966844
4.776451e6	4489.672	-13.004106
5.234631e6	4450.2163	-13.042211
5.69281e6	4412.0806	-13.081094
6.15099e6	4375.289	-13.120573
6.6091695e6	4339.4688	-13.160831
7.067349e6	4304.523	-13.20192
7.525528e6	4270.469	-13.2436905
7.9837085e6	4237.3154	-13.285875
8.441888e6	4204.812	-13.328971
8.900067e6	4173.013	-13.372857
9.358247e6	4142.096	-13.416999
9.816427e6	4111.7183	-13.462291
1.0274606e7	4082.1272	-13.50801
1.0732786e7	4053.153	-13.554383
1.1190965e7	4024.6592	-13.601923
1.1649144e7	3996.8345	-13.649284
1.2107325e7	3969.2983	-13.698405
1.2565504e7	3942.2944	-13.746801
1.3023683e7	3915.5115	-13.797067
1.3481863e7	3889.0952	-13.846758
1.3940042e7	3862.9011	-13.898229
1.4398222e7	3837.0415	-13.949098
1.4856401e7	3811.404	-14.001932
1.5314582e7	3786.174	-14.053927
1.5772761e7	3761.1416	-14.108366
1.6230941e7	3736.578	-14.161392
1.668912e7	3712.1729	-14.217388
1.71473e7	3688.1658	-14.271562
1.760548e7	3664.3254	-14.328569
1.8063658e7	3640.7163	-14.3844185
1.8521838e7	3617.2783	-14.442296
1.8980018e7	3593.987	-14.499875
1.9438196e7	3570.8423	-14.558509
1.9896378e7	3547.8552	-14.617887
2.0354558e7	3525.0278	-14.677255
2.0812736e7	3502.383	-14.7385645
2.1270916e7	3479.9773	-14.798711
2.1729096e7	3457.736	-14.8621435
2.2187274e7	3435.8613	-14.923099
2.2645454e7	3414.1267	-14.988011
2.3103634e7	3392.7927	-15.050588
2.3561812e7	3371.6284	-15.116377
2.4019992e7	3350.7578	-15.181236
2.4478174e7	3330.0933	-15.247755
2.4936352e7	3309.6326	-15.315006
2.5394532e7	3289.3862	-15.382106
2.585271e7	3269.2964	-15.451872
2.631089e7	3249.4312	-15.519457
2.6769072e7	3229.69	-15.591886
2.722725e7	3210.2896	-15.659958
2.768543e7	3191.0066	-15.733005
2.8143608e7	3172.1772	-15.803886
2.860179e7	3153.5625	-15.87757
2.9059968e7	3135.314	-15.951528
2.9518148e7	3117.4097	-16.025751
2.9976326e7	3099.782	-16.103027
3.0434508e7	3082.7454	-16.177773
3.0892688e7	3065.8052	-16.25856
3.1350866e7	3049.4985	-16.333637
3.1809046e7	3033.2888	-16.414698
3.2267224e7	3017.6155	-16.493307
3.2725406e7	3002.205	-16.574518
3.3183584e7	2987.2617	-16.656967
3.3641764e7	2972.8984	-16.738354
3.4099944e7	2958.6882	-16.824905
3.4558124e7	2945.044	-16.905895
3.50163e7	2931.4675	-16.994028
3.5474484e7	2918.2273	-17.076672
3.5932664e7	2905.1045	-17.163834
3.639084e7	2892.1028	-17.250278
3.684902e7	2879.2173	-17.3361
3.73072e7	2866.3994	-17.42639
3.776538e7	2853.6633	-17.510744
3.822356e7	2840.9888	-17.602873
3.868174e7	2828.3328	-17.687696
3.9139916e7	2815.7322	-17.777931
3.95981e7	2803.0706	-17.866812
4.005628e7	2790.3672	-17.95491
4.0514456e7	2777.6707	-18.047815
4.097264e7	2764.8093	-18.133698
4.1430816e7	2752.014	-18.227654
4.1888996e7	2738.8823	-18.314081
4.2347176e7	2725.7427	-18.405169
4.2805356e7	2712.4988	-18.495888
4.3263532e7	2699.1372	-18.58432
4.3721716e7	2685.8027	-18.679302
4.4179896e7	2672.1836	-18.76516
4.463807e7	2658.6362	-18.859087
4.5096256e7	2645.1897	-18.948036
4.555443e7	2631.8232	-19.039509
4.6012612e7	2618.495	-19.133497
4.647079e7	2605.1682	-19.222397
4.6928972e7	2591.9116	-19.319977
4.7387148e7	2578.9636	-19.408016
4.7845332e7	2566.1	-19.50293
4.830351e7	2553.264	-19.596497
4.876169e7	2540.4592	-19.688318
4.921987e7	2527.7673	-19.787315
4.967805e7	2515.5479	-19.876549
5.0136228e7	2503.389	-19.974531
5.059441e7	2491.341	-20.067554
5.1052588e7	2479.3767	-20.161825
5.151077e7	2467.6167	-20.260809
5.1968944e7	2456.3853	-20.352379
5.2427124e7	2445.205	-20.453188
5.2885304e7	2434.206	-20.54536
5.334349e7	2423.2932	-20.641048
5.3801668e7	2412.3335	-20.738312
5.4259844e7	2401.2417	-20.827911
5.4718024e7	2390.2014	-20.926336
5.5176204e7	2379.5012	-21.013748
5.5634384e7	2368.8838	-21.106737
5.609256e7	2358.3555	-21.198969
5.655074e7	2347.9246	-21.28665
5.7008924e7	2337.54	-21.382767
