-4.8537567e10	15715.664	-14.231673
-4.831717e10	15688.47	-14.2428665
-4.809677e10	15661.328	-14.254187
-4.787637e10	15633.67	-14.265492
-4.7655973e10	15605.489	-14.27678
-4.743557e10	15577.34	-14.288194
-4.7215174e10	15548.11	-14.299452
-4.6994776e10	15518.946	-14.310839
-4.6774374e10	15488.789	-14.322007
-4.6553977e10	15457.866	-14.333022
-4.633358e10	15426.995	-14.344134
-4.6113178e10	15395.989	-14.355188
-4.589278e10	15365.049	-14.366366
-4.5672382e10	15335.221	-14.377821
-4.545198e10	15305.876	-14.38947
-4.5231583e10	15276.827	-14.40121
-4.5011186e10	15248.348	-14.412991
-4.4790784e10	15219.927	-14.424912
-4.4570386e10	15192.28	-14.436839
-4.434999e10	15164.726	-14.448904
-4.4129587e10	15137.27	-14.460947
-4.390919e10	15109.8955	-14.473029
-4.3688792e10	15082.558	-14.48518
-4.346839e10	15055.248	-14.497288
-4.3247993e10	15027.995	-14.509542
-4.3027595e10	15000.518	-14.521645
-4.2807194e10	14973.098	-14.533894
-4.2586796e10	14945.716	-14.546105
-4.23664e10	14918.391	-14.558393
-4.2145997e10	14891.087	-14.570707
-4.19256e10	14863.813	-14.583027
-4.17052e10	14836.651	-14.595451
-4.14848e10	14809.748	-14.607868
-4.1264402e10	14782.905	-14.620436
-4.1044005e10	14756.156	-14.632916
-4.0823603e10	14729.467	-14.6455555
-4.0603206e10	14702.654	-14.658111
-4.038281e10	14675.871	-14.670774
-4.0162406e10	14648.916	-14.6833935
-3.994201e10	14621.913	-14.696067
-3.972161e10	14594.953	-14.708774
-3.950121e10	14568.045	-14.7215185
-3.928081e10	14541.188	-14.734328
-3.9060414e10	14514.385	-14.747146
-3.8840013e10	14487.607	-14.760051
-3.8619615e10	14460.812	-14.772919
-3.8399218e10	14434.029	-14.785895
-3.8178816e10	14407.111	-14.79879
-3.795842e10	14380.249	-14.811817
-3.7738017e10	14353.396	-14.824767
-3.751762e10	14326.611	-14.837868
-3.729722e10	14300.023	-14.850912
-3.707682e10	14273.505	-14.864116
-3.6856422e10	14247.172	-14.877259
-3.6636025e10	14220.902	-14.890567
-3.6415623e10	14194.691	-14.903801
-3.6195226e10	14168.531	-14.917197
-3.597483e10	14142.243	-14.9305
-3.5754426e10	14115.978	-14.943954
-3.553403e10	14089.398	-14.957297
-3.5313627e10	14062.844	-14.97078
-3.509323e10	14036.047	-14.98418
-3.487283e10	14009.308	-14.997714
-3.465243e10	13982.582	-15.011231
-3.4432033e10	13955.925	-15.024862
-3.4211633e10	13929.325	-15.038502
-3.3991236e10	13902.75	-15.052217
-3.3770838e10	13876.171	-15.065942
-3.3550436e10	13849.677	-15.079719
-3.3330039e10	13823.27	-15.093551
-3.3109641e10	13797.145	-15.107425
-3.288924e10	13771.2	-15.12141
-3.2668842e10	13745.603	-15.135398
-3.2448444e10	13720.14	-15.149538
-3.2228043e10	13694.764	-15.163575
-3.2007645e10	13669.409	-15.177743
-3.1787248e10	13643.92	-15.191819
-3.1566846e10	13618.359	-15.20595
-3.1346448e10	13592.636	-15.220054
-3.112605e10	13566.771	-15.234145
-3.090565e10	13540.855	-15.248304
-3.0685252e10	13514.747	-15.262383
-3.0464852e10	13488.653	-15.276584
-3.0244452e10	13462.501	-15.29074
-3.0024055e10	13436.324	-15.304984
-2.9803655e10	13410.087	-15.319262
-2.9583256e10	13383.565	-15.333519
-2.9362858e10	13356.974	-15.347879
-2.9142458e10	13329.864	-15.362121
-2.8922059e10	13302.789	-15.376484
-2.870166e10	13275.687	-15.390892
-2.8481262e10	13248.647	-15.405356
-2.8260862e10	13221.685	-15.419952
-2.8040462e10	13194.737	-15.434534
-2.7820065e10	13167.75	-15.449212
-2.7599665e10	13140.683	-15.463939
-2.7379266e10	13113.434	-15.478651
-2.7158868e10	13086.106	-15.493462
-2.6938468e10	13058.48	-15.508256
-2.6718069e10	13030.664	-15.523101
-2.6497671e10	13002.769	-15.5380535
-2.627727e10	12974.605	-15.553008
-2.6056872e10	12946.355	-15.568073
-2.5836474e10	12918.064	-15.583264
-2.5616073e10	12889.814	-15.598532
-2.5395675e10	12861.662	-15.61395
-2.5175276e10	12833.583	-15.629515
-2.4954878e10	12805.091	-15.645047
-2.4734478e10	12776.457	-15.660663
-2.4514079e10	12747.669	-15.676356
-2.4293681e10	12718.691	-15.69202
-2.4073282e10	12689.727	-15.70779
-2.3852882e10	12660.751	-15.7236595
-2.3632484e10	12631.476	-15.73949
-2.3412085e10	12601.999	-15.755355
-2.3191685e10	12572.489	-15.771307
-2.2971288e10	12543.059	-15.787349
-2.2750888e10	12513.76	-15.803452
-2.2530488e10	12484.404	-15.819626
-2.231009e10	12454.855	-15.835838
-2.2089691e10	12424.894	-15.852029
-2.1869292e10	12394.486	-15.868179
-2.1648894e10	12364.04	-15.884423
-2.1428494e10	12333.716	-15.900797
-2.1208095e10	12303.566	-15.917316
-2.0987697e10	12273.484	-15.933955
-2.0767298e10	12243.471	-15.950683
-2.0546898e10	12213.719	-15.967544
-2.03265e10	12184.191	-15.984525
-2.01061e10	12154.733	-16.001575
-1.9885701e10	12125.342	-16.018673
-1.9665304e10	12096.002	-16.035795
-1.9444904e10	12066.673	-16.052925
-1.9224504e10	12037.453	-16.070063
-1.9004107e10	12008.287	-16.087189
-1.8783707e10	11979.555	-16.10437
-1.8563308e10	11951.284	-16.121603
-1.834291e10	11923.458	-16.138872
-1.812251e10	11895.56	-16.156075
-1.790211e10	11867.916	-16.17327
-1.7681713e10	11840.045	-16.190369
-1.7461314e10	11812.194	-16.207432
-1.7240914e10	11784.08	-16.224422
-1.7020515e10	11756.347	-16.241476
-1.6800116e10	11728.484	-16.258503
-1.6579716e10	11700.522	-16.275532
-1.6359319e10	11671.8	-16.29245
-1.6138919e10	11642.937	-16.309387
-1.5918519e10	11613.397	-16.326258
-1.5698122e10	11583.584	-16.343151
-1.5477722e10	11552.527	-16.359892
-1.5257322e10	11520.815	-16.376625
-1.5036925e10	11488.054	-16.39331
-1.4816525e10	11455.404	-16.41019
-1.4596126e10	11421.91	-16.427097
-1.4375728e10	11388.274	-16.444176
-1.4155329e10	11353.963	-16.4613
-1.3934929e10	11319.991	-16.478651
-1.3714531e10	11285.218	-16.496
-1.3494132e10	11250.816	-16.513536
-1.3273732e10	11215.395	-16.530975
-1.3053335e10	11179.61	-16.548439
-1.2832935e10	11142.223	-16.565725
-1.2612535e10	11104.798	-16.583172
-1.2392137e10	11066.151	-16.600613
-1.2171738e10	11027.363	-16.618261
-1.1951338e10	10987.058	-16.635866
-1.173094e10	10946.549	-16.653645
-1.151054e10	10904.46	-16.671307
-1.1290142e10	10862.28	-16.689087
-1.1069742e10	10818.685	-16.706766
-1.0849343e10	10774.894	-16.724579
-1.0628945e10	10729.511	-16.7423
-1.0408545e10	10683.677	-16.760118
-1.0188147e10	10636.071	-16.777807
-9.967747e9	10587.336	-16.795496
-9.747348e9	10536.46	-16.81307
-9.52695e9	10484.775	-16.830801
-9.30655e9	10431.224	-16.848486
-9.086152e9	10376.297	-16.866152
-8.865753e9	10319.244	-16.88363
-8.645353e9	10261.116	-16.90107
-8.424955e9	10201.329	-16.918339
-8.2045563e9	10139.569	-16.93539
-7.9841567e9	10075.532	-16.952188
-7.763758e9	10009.466	-16.968756
-7.5433595e9	9941.591	-16.985138
-7.32296e9	9871.989	-17.001379
-7.1025613e9	9801.052	-17.017506
-6.8821627e9	9728.252	-17.0334
-6.661763e9	9653.569	-17.048965
-6.4413645e9	9576.686	-17.064213
-6.2209654e9	9497.032	-17.07895
-6.0005663e9	9414.62	-17.093287
-5.780167e9	9330.099	-17.107412
-5.559768e9	9242.296	-17.121157
-5.3393695e9	9150.219	-17.134407
-5.1189704e9	9054.159	-17.147247
-4.8985713e9	8955.471	-17.159866
-4.6781727e9	8850.673	-17.17175
-4.4577736e9	8742.092	-17.183235
-4.2373745e9	8628.656	-17.194113
-4.016976e9	8507.159	-17.203787
-3.7965768e9	8378.521	-17.212378
-3.5761777e9	8244.686	-17.220314
-3.3557786e9	8099.912	-17.226715
-3.1353797e9	7944.4194	-17.231586
-2.9149806e9	7778.1177	-17.234875
-2.6945818e9	7599.9746	-17.23644
-2.474183e9	7412.8887	-17.237
-2.2537838e9	7223.6787	-17.238085
-2.0333848e9	7039.4077	-17.240757
-1.812986e9	6852.032	-17.243738
-1.592587e9	6656.55	-17.24617
-1.372188e9	6457.6646	-17.248371
-1.151789e9	6256.9434	-17.250532
-9.3139e8	6043.98	-17.251514
-7.109911e8	5835.58	-17.254036
-4.905921e8	5627.122	-17.257488
-2.7019315e8	5416.0713	-17.261553
-4.9794172e7	5216.499	-17.268448
1.706048e8	5026.797	-17.278429
3.9100378e8	4856.285	-17.293161
6.1140275e8	4713.759	-17.314247
8.318017e8	4599.3237	-17.341942
1.0522007e9	4510.5312	-17.376137
1.2725996e9	4439.0405	-17.41562
1.4929987e9	4378.4097	-17.459202
1.7133976e9	4324.907	-17.506054
1.9337965e9	4276.255	-17.555517
2.1541957e9	4231.3174	-17.607204
2.3745946e9	4189.3584	-17.660933
2.5949934e9	4150.213	-17.716616
2.8153925e9	4113.377	-17.774183
3.0357914e9	4079.1213	-17.833347
3.2561905e9	4046.8772	-17.894196
3.4765893e9	4016.7766	-17.956738
3.6969884e9	3988.6045	-18.02093
3.9173873e9	3962.2395	-18.086775
4.137786e9	3937.6997	-18.154331
4.358185e9	3915.2866	-18.222687
4.578584e9	3894.5378	-18.292288
4.798983e9	3875.2695	-18.363424
5.0193823e9	3857.365	-18.436134
5.2397814e9	3840.785	-18.509983
5.46018e9	3825.6602	-18.583975
5.680579e9	3811.2239	-18.659351
5.900978e9	3797.321	-18.736172
6.121377e9	3783.8232	-18.81356
6.341776e9	3770.6204	-18.890575
6.562175e9	3757.5618	-18.968933
6.7825736e9	3744.631	-19.048637
7.002973e9	3732.0088	-19.127228
7.223372e9	3719.736	-19.206287
7.4437704e9	3707.6484	-19.286625
7.66417e9	3695.589	-19.367369
7.8845686e9	3683.744	-19.446764
8.1049677e9	3671.9146	-19.52755
8.325367e9	3660.1013	-19.609749
8.545766e9	3648.5088	-19.690308
8.766164e9	3636.8408	-19.771687
8.986564e9	3625.2256	-19.854572
9.206962e9	3613.774	-19.937231
9.427362e9	3602.2358	-20.019281
9.64776e9	3590.9512	-20.102953
9.868159e9	3580.055	-20.187672
1.0088559e10	3569.1084	-20.270464
1.0308957e10	3558.2378	-20.355022
1.0529357e10	3547.4321	-20.441347
1.0749755e10	3535.8694	-20.525284
1.0970155e10	3523.9634	-20.610598
1.1190554e10	3511.7737	-20.6977
1.1410952e10	3498.6033	-20.78302
1.1631352e10	3485.3608	-20.868628
1.185175e10	3472.3633	-20.95595
1.2072149e10	3459.6807	-21.042166
1.2292549e10	3446.4739	-21.127962
1.2512947e10	3432.9207	-21.215523
1.2733346e10	3418.3704	-21.302288
1.2953744e10	3402.4592	-21.387976
1.3174144e10	3386.1042	-21.475428
1.3394544e10	3368.9976	-21.562313
1.3614941e10	3352.0073	-21.647999
1.3835341e10	3335.3474	-21.735662
1.405574e10	3318.6516	-21.82304
1.4276138e10	3302.1062	-21.909267
1.4496538e10	3285.7703	-21.99761
1.4716937e10	3268.9194	-22.08549
1.4937335e10	3251.4756	-22.1724
1.5157734e10	3234.2686	-22.26158
1.5378134e10	3216.6694	-22.349981
1.5598533e10	3199.6533	-22.437914
1.5818931e10	3183.1836	-22.528322
1.6039331e10	3165.8835	-22.617393
1.6259729e10	3149.0088	-22.706598
1.6480128e10	3132.7937	-22.798351
1.6700528e10	3115.5066	-22.887411
1.6920926e10	3099.0105	-22.977303
1.7141326e10	3083.375	-23.06969
1.7361725e10	3065.659	-23.157396
1.7582123e10	3049.6045	-23.246962
1.7802523e10	3035.1484	-23.338392
1.8022922e10	3018.5134	-23.425377
1.824332e10	3003.0034	-23.51485
1.846372e10	2988.6394	-23.604418
1.868412e10	2971.1677	-23.689953
1.8904517e10	2954.77	-23.777405
1.9124916e10	2941.2234	-23.863169
1.9345316e10	2925.387	-23.947948
1.9565713e10	2909.2795	-24.0348
1.9786113e10	2897.8623	-24.119265
2.0006513e10	2883.9583	-24.203537
2.022691e10	2867.3293	-24.286655
2.044731e10	2859.109	-24.368357
2.066771e10	2848.2227	-24.45229
2.0888107e10	2827.6167	-24.533825
2.1108507e10	2815.096	-24.616323
2.1328906e10	2804.5405	-24.701935
2.1549304e10	2772.669	-24.77992
2.1769703e10	2741.189	-24.858452
2.1990103e10	2710.0432	-24.93616
2.22105e10	2692.9417	-25.012665
2.24309e10	2675.5784	-25.090437
2.26513e10	2648.2498	-25.162003
2.2871697e10	2624.171	-25.23345
2.3092097e10	2602.2776	-25.306627
