-4.8537567e10	15713.12	-14.231212
-4.831717e10	15685.737	-14.242385
-4.809677e10	15658.408	-14.253685
-4.787637e10	15630.683	-14.264993
-4.7655973e10	15602.555	-14.276307
-4.743557e10	15574.455	-14.287746
-4.7215174e10	15545.115	-14.299007
-4.6994776e10	15515.846	-14.310397
-4.6774374e10	15485.573	-14.321553
-4.6553977e10	15454.526	-14.3325405
-4.633358e10	15423.535	-14.343624
-4.6113178e10	15392.403	-14.3546505
-4.589278e10	15361.342	-14.365799
-4.5672382e10	15331.404	-14.377248
-4.545198e10	15301.957	-14.388901
-4.5231583e10	15272.857	-14.400654
-4.5011186e10	15244.442	-14.412467
-4.4790784e10	15216.084	-14.42442
-4.4570386e10	15188.267	-14.436337
-4.434999e10	15160.531	-14.44839
-4.4129587e10	15132.976	-14.460423
-4.390919e10	15105.554	-14.472498
-4.3688792e10	15078.295	-14.48465
-4.346839e10	15051.365	-14.496779
-4.3247993e10	15024.493	-14.509058
-4.3027595e10	14997.864	-14.521216
-4.2807194e10	14971.291	-14.533524
-4.2586796e10	14944.897	-14.545798
-4.23664e10	14918.609	-14.558152
-4.2145997e10	14892.329	-14.570527
-4.19256e10	14866.06	-14.582901
-4.17052e10	14839.816	-14.5953665
-4.14848e10	14813.556	-14.607776
-4.1264402e10	14787.345	-14.620336
-4.1044005e10	14760.882	-14.632761
-4.0823603e10	14734.48	-14.645343
-4.0603206e10	14707.8955	-14.657849
-4.038281e10	14681.327	-14.6704645
-4.0162406e10	14654.632	-14.683058
-3.994201e10	14627.916	-14.695716
-3.972161e10	14601.129	-14.708391
-3.950121e10	14574.291	-14.721091
-3.928081e10	14547.429	-14.733844
-3.9060414e10	14520.483	-14.746582
-3.8840013e10	14493.559	-14.759412
-3.8619615e10	14466.58	-14.772215
-3.8399218e10	14439.575	-14.785124
-3.8178816e10	14412.242	-14.797952
-3.795842e10	14384.927	-14.810911
-3.7738017e10	14357.269	-14.823784
-3.751762e10	14329.676	-14.836809
-3.729722e10	14302.065	-14.849803
-3.707682e10	14274.537	-14.862957
-3.6856422e10	14247.086	-14.876086
-3.6636025e10	14219.713	-14.88938
-3.6415623e10	14192.389	-14.902632
-3.6195226e10	14165.139	-14.916047
-3.597483e10	14137.862	-14.929404
-3.5754426e10	14110.662	-14.942923
-3.553403e10	14083.55	-14.956403
-3.5313627e10	14056.535	-14.970036
-3.509323e10	14029.693	-14.983647
-3.487283e10	14002.957	-14.997397
-3.465243e10	13976.394	-15.011137
-3.4432033e10	13949.934	-15.024991
-3.4211633e10	13923.613	-15.038847
-3.3991236e10	13897.469	-15.052806
-3.3770838e10	13871.555	-15.066815
-3.3550436e10	13845.824	-15.0809
-3.3330039e10	13820.267	-15.095067
-3.3109641e10	13794.747	-15.109236
-3.288924e10	13769.272	-15.123499
-3.2668842e10	13743.594	-15.137667
-3.2448444e10	13717.927	-15.151967
-3.2228043e10	13692.146	-15.166134
-3.2007645e10	13666.418	-15.18044
-3.1787248e10	13640.655	-15.194676
-3.1566846e10	13615.056	-15.209007
-3.1346448e10	13589.65	-15.223373
-3.112605e10	13564.475	-15.237778
-3.090565e10	13539.471	-15.252286
-3.0685252e10	13514.959	-15.266797
-3.0464852e10	13490.613	-15.281452
-3.0244452e10	13466.582	-15.296077
-3.0024055e10	13442.702	-15.310799
-2.9803655e10	13419.026	-15.325562
-2.9583256e10	13395.112	-15.340256
-2.9362858e10	13371.131	-15.355039
-2.9142458e10	13346.579	-15.36961
-2.8922059e10	13321.857	-15.384254
-2.870166e10	13296.744	-15.398836
-2.8481262e10	13271.564	-15.413427
-2.8260862e10	13246.379	-15.428123
-2.8040462e10	13220.84	-15.442725
-2.7820065e10	13195.195	-15.457407
-2.7599665e10	13169.384	-15.472118
-2.7379266e10	13143.244	-15.486773
-2.7158868e10	13117.1	-15.501524
-2.6938468e10	13091.017	-15.5162945
-2.6718069e10	13064.804	-15.531079
-2.6497671e10	13038.545	-15.545944
-2.627727e10	13012.162	-15.560754
-2.6056872e10	12985.782	-15.575636
-2.5836474e10	12959.428	-15.590606
-2.5616073e10	12933.369	-15.605595
-2.5395675e10	12907.352	-15.620678
-2.5175276e10	12881.359	-15.635846
-2.4954878e10	12855.293	-15.650981
-2.4734478e10	12829.03	-15.666176
-2.4514079e10	12802.542	-15.681422
-2.4293681e10	12775.787	-15.696629
-2.4073282e10	12748.805	-15.71189
-2.3852882e10	12721.634	-15.727207
-2.3632484e10	12694.296	-15.742512
-2.3412085e10	12666.969	-15.757893
-2.3191685e10	12639.828	-15.773398
-2.2971288e10	12613.058	-15.789054
-2.2750888e10	12586.309	-15.804748
-2.2530488e10	12559.58	-15.820528
-2.231009e10	12532.758	-15.83637
-2.2089691e10	12505.64	-15.852215
-2.1869292e10	12478.12	-15.868007
-2.1648894e10	12450.274	-15.883807
-2.1428494e10	12422.248	-15.899641
-2.1208095e10	12394.121	-15.91553
-2.0987697e10	12365.82	-15.931463
-2.0767298e10	12337.098	-15.9473715
-2.0546898e10	12307.807	-15.963259
-2.03265e10	12278.317	-15.979211
-2.01061e10	12248.923	-15.995299
-1.9885701e10	12219.6045	-16.011528
-1.9665304e10	12190.131	-16.02785
-1.9444904e10	12160.38	-16.044226
-1.9224504e10	12130.405	-16.06066
-1.9004107e10	12100.382	-16.077179
-1.8783707e10	12070.213	-16.093758
-1.8563308e10	12039.911	-16.110386
-1.834291e10	12009.363	-16.127039
-1.812251e10	11978.891	-16.143791
-1.790211e10	11948.289	-16.160618
-1.7681713e10	11917.758	-16.177559
-1.7461314e10	11886.908	-16.194538
-1.7240914e10	11856.058	-16.211618
-1.7020515e10	11824.896	-16.228743
-1.6800116e10	11793.479	-16.24591
-1.6579716e10	11761.571	-16.263092
-1.6359319e10	11729.861	-16.28044
-1.6138919e10	11698.309	-16.297941
-1.5918519e10	11666.797	-16.31557
-1.5698122e10	11634.785	-16.333212
-1.5477722e10	11602.417	-16.350878
-1.5257322e10	11569.448	-16.368525
-1.5036925e10	11536.387	-16.38625
-1.4816525e10	11503.069	-16.404026
-1.4596126e10	11470.196	-16.421982
-1.4375728e10	11437.668	-16.44007
-1.4155329e10	11405.646	-16.458298
-1.3934929e10	11373.281	-16.476498
-1.3714531e10	11340.634	-16.49468
-1.3494132e10	11307.23	-16.512764
-1.3273732e10	11273.777	-16.530884
-1.3053335e10	11240.27	-16.549055
-1.2832935e10	11207.522	-16.56742
-1.2612535e10	11174.646	-16.585798
-1.2392137e10	11141.925	-16.604216
-1.2171738e10	11108.753	-16.622545
-1.1951338e10	11075.3955	-16.64084
-1.173094e10	11040.884	-16.65893
-1.151054e10	11005.632	-16.676908
-1.1290142e10	10968.767	-16.694647
-1.1069742e10	10931.185	-16.712336
-1.0849343e10	10892.28	-16.729895
-1.0628945e10	10853.312	-16.74757
-1.0408545e10	10813.852	-16.765278
-1.0188147e10	10775.231	-16.783245
-9.967747e9	10736.0	-16.80116
-9.747348e9	10697.181	-16.819164
-9.52695e9	10656.888	-16.83692
-9.30655e9	10616.507	-16.854683
-9.086152e9	10574.153	-16.872122
-8.865753e9	10531.191	-16.889492
-8.645353e9	10486.242	-16.906528
-8.424955e9	10440.579	-16.923466
-8.2045563e9	10392.22	-16.939972
-7.9841567e9	10342.979	-16.956432
-7.763758e9	10290.855	-16.972473
-7.5433595e9	10236.638	-16.988287
-7.32296e9	10178.467	-17.003584
-7.1025613e9	10118.111	-17.01873
-6.8821627e9	10055.428	-17.033695
-6.661763e9	9991.963	-17.04879
-6.4413645e9	9925.894	-17.06364
-6.2209654e9	9856.685	-17.078072
-6.0005663e9	9781.958	-17.091646
-5.780167e9	9704.354	-17.104797
-5.559768e9	9621.646	-17.117107
-5.3393695e9	9535.069	-17.128803
-5.1189704e9	9441.995	-17.139542
-4.8985713e9	9344.808	-17.149757
-4.6781727e9	9242.118	-17.159336
-4.4577736e9	9137.967	-17.16907
-4.2373745e9	9030.905	-17.178783
-4.016976e9	8919.503	-17.18822
-3.7965768e9	8801.748	-17.197027
-3.5761777e9	8679.116	-17.205578
-3.3557786e9	8548.925	-17.213343
-3.1353797e9	8407.909	-17.219763
-2.9149806e9	8253.521	-17.224352
-2.6945818e9	8097.093	-17.228851
-2.474183e9	7931.299	-17.232294
-2.2537838e9	7755.8604	-17.234764
-2.0333848e9	7565.332	-17.235266
-1.812986e9	7365.4067	-17.234697
-1.592587e9	7143.806	-17.23102
-1.372188e9	6896.1484	-17.223331
-1.151789e9	6609.52	-17.210115
-9.3139e8	6300.2407	-17.194738
-7.109911e8	6007.3955	-17.183447
-4.905921e8	5741.8525	-17.178547
-2.7019315e8	5502.1924	-17.17961
-4.9794172e7	5290.4717	-17.186592
1.706048e8	5113.9766	-17.200525
3.9100378e8	4959.888	-17.219807
6.1140275e8	4818.7993	-17.24339
8.318017e8	4693.161	-17.271296
1.0522007e9	4585.2993	-17.303936
1.2725996e9	4500.637	-17.342228
1.4929987e9	4432.5605	-17.385447
1.7133976e9	4373.4087	-17.432234
1.9337965e9	4320.237	-17.481764
2.1541957e9	4271.259	-17.533512
2.3745946e9	4225.726	-17.587217
2.5949934e9	4183.22	-17.642744
2.8153925e9	4143.4165	-17.70004
3.0357914e9	4106.4307	-17.758734
3.2561905e9	4071.9038	-17.819061
3.4765893e9	4039.585	-17.88101
3.6969884e9	4009.5361	-17.944584
3.9173873e9	3981.6455	-18.009827
4.137786e9	3955.6233	-18.076805
4.358185e9	3931.965	-18.144743
4.578584e9	3910.0906	-18.213953
4.798983e9	3889.4817	-18.284637
5.0193823e9	3870.0295	-18.356827
5.2397814e9	3851.9133	-18.430138
5.46018e9	3835.1472	-18.503338
5.680579e9	3819.074	-18.577892
5.900978e9	3803.5642	-18.653845
6.121377e9	3788.5322	-18.730228
6.341776e9	3773.9072	-18.806168
6.562175e9	3759.6	-18.883429
6.7825736e9	3745.6113	-18.962042
7.002973e9	3732.0144	-19.039606
7.223372e9	3718.55	-19.117743
7.4437704e9	3705.3477	-19.197212
7.66417e9	3692.5728	-19.277147
7.8845686e9	3679.1233	-19.355831
8.1049677e9	3665.8918	-19.435896
8.325367e9	3652.9368	-19.517345
8.545766e9	3639.4973	-19.597069
8.766164e9	3625.8752	-19.677498
8.986564e9	3612.1956	-19.7593
9.206962e9	3598.49	-19.840721
9.427362e9	3584.037	-19.921318
9.64776e9	3569.6292	-20.003342
9.868159e9	3555.5122	-20.08623
1.0088559e10	3540.486	-20.166962
1.0308957e10	3525.611	-20.249243
1.0529357e10	3510.9521	-20.333065
1.0749755e10	3496.1707	-20.414547
1.0970155e10	3481.7673	-20.497255
1.1190554e10	3467.7656	-20.5816
1.1410952e10	3454.2844	-20.664358
1.1631352e10	3441.177	-20.74751
1.185175e10	3428.3484	-20.832361
1.2072149e10	3415.5178	-20.916185
1.2292549e10	3402.899	-20.99974
1.2512947e10	3390.2656	-21.085005
1.2733346e10	3377.055	-21.169476
1.2953744e10	3364.263	-21.25315
1.3174144e10	3351.9944	-21.338614
1.3394544e10	3340.2622	-21.42361
1.3614941e10	3329.444	-21.507536
1.3835341e10	3318.9148	-21.593384
1.405574e10	3308.0835	-21.678972
1.4276138e10	3296.8606	-21.763426
1.4496538e10	3285.1907	-21.849903
1.4716937e10	3272.1272	-21.935947
1.4937335e10	3259.4795	-22.020983
1.5157734e10	3246.9656	-22.108067
1.5378134e10	3233.426	-22.194118
1.5598533e10	3219.3416	-22.279411
1.5818931e10	3205.4075	-22.366722
1.6039331e10	3190.5647	-22.452068
1.6259729e10	3176.4353	-22.537176
1.6480128e10	3162.5564	-22.624296
1.6700528e10	3145.422	-22.708336
1.6920926e10	3128.1245	-22.792871
1.7141326e10	3111.055	-22.879381
1.7361725e10	3090.3867	-22.960968
1.7582123e10	3072.0193	-23.044144
1.7802523e10	3055.797	-23.128923
1.8022922e10	3036.2178	-23.20859
1.824332e10	3019.101	-23.290411
1.846372e10	3005.359	-23.372623
1.868412e10	2987.55	-23.450735
1.8904517e10	2971.229	-23.530668
1.9124916e10	2960.2295	-23.61067
1.9345316e10	2943.6682	-23.688396
1.9565713e10	2925.6648	-23.767029
1.9786113e10	2916.6228	-23.844358
2.0006513e10	2901.9766	-23.920704
2.022691e10	2881.5767	-23.9951
2.044731e10	2872.7666	-24.071249
2.066771e10	2860.1472	-24.149128
2.0888107e10	2834.3372	-24.223337
2.1108507e10	2822.296	-24.297455
2.1328906e10	2815.049	-24.373066
2.1549304e10	2789.7178	-24.436136
2.1769703e10	2764.5679	-24.499271
2.1990103e10	2739.5396	-24.561544
2.22105e10	2727.0986	-24.627363
2.24309e10	2712.4902	-24.695114
2.26513e10	2682.359	-24.75864
2.2871697e10	2659.8142	-24.823488
2.3092097e10	2642.1172	-24.890844
