-1.3224365e10	15746.34	-12.189891
-1.3169732e10	15720.953	-12.200434
-1.3115097e10	15695.606	-12.211089
-1.3060463e10	15670.268	-12.221848
-1.3005829e10	15644.394	-12.232507
-1.2951195e10	15618.558	-12.243281
-1.2896561e10	15592.667	-12.254141
-1.2841928e10	15566.164	-12.264916
-1.2787293e10	15539.704	-12.27581
-1.2732659e10	15513.023	-12.286741
-1.2678025e10	15485.582	-12.297539
-1.2623392e10	15458.191	-12.3084545
-1.2568757e10	15430.721	-12.3194
-1.2514124e10	15403.091	-12.330321
-1.2459489e10	15375.514	-12.341363
-1.2404856e10	15348.235	-12.352453
-1.2350221e10	15321.217	-12.3636055
-1.2295588e10	15294.232	-12.374884
-1.2240953e10	15267.445	-12.386105
-1.218632e10	15240.743	-12.397392
-1.2131685e10	15214.102	-12.408808
-1.2077052e10	15187.549	-12.420107
-1.2022417e10	15161.046	-12.43153
-1.1967783e10	15134.56	-12.44302
-1.191315e10	15107.99	-12.454424
-1.1858516e10	15081.467	-12.46596
-1.1803881e10	15054.9375	-12.477492
-1.1749248e10	15028.402	-12.489026
-1.1694614e10	15001.904	-12.500693
-1.163998e10	14975.42	-12.512283
-1.1585346e10	14948.969	-12.523958
-1.1530712e10	14922.533	-12.535728
-1.1476078e10	14895.949	-12.547388
-1.1421444e10	14869.412	-12.559186
-1.136681e10	14842.831	-12.570978
-1.1312176e10	14816.207	-12.5827675
-1.1257542e10	14789.627	-12.594697
-1.1202907e10	14763.096	-12.606532
-1.1148275e10	14736.606	-12.618479
-1.109364e10	14710.163	-12.6304865
-1.1039006e10	14683.731	-12.642443
-1.0984372e10	14657.357	-12.654543
-1.0929738e10	14630.897	-12.66657
-1.0875104e10	14604.438	-12.678662
-1.0820471e10	14578.006	-12.690843
-1.0765836e10	14551.48	-12.702932
-1.0711202e10	14525.001	-12.71517
-1.0656568e10	14498.474	-12.727357
-1.0601934e10	14471.938	-12.739599
-1.05473e10	14445.434	-12.751936
-1.0492666e10	14418.854	-12.764187
-1.0438032e10	14392.322	-12.776589
-1.0383399e10	14365.741	-12.788926
-1.0328764e10	14339.168	-12.801335
-1.027413e10	14312.621	-12.813811
-1.0219496e10	14286.035	-12.826228
-1.0164862e10	14259.509	-12.8388
-1.0110227e10	14232.976	-12.851269
-1.0055595e10	14206.483	-12.863857
-1.0000961e10	14180.014	-12.876463
-9.946326e9	14153.565	-12.889077
-9.891693e9	14127.137	-12.901815
-9.837058e9	14100.591	-12.914447
-9.782425e9	14074.098	-12.92724
-9.72779e9	14047.535	-12.939967
-9.673157e9	14020.993	-12.952791
-9.618523e9	13994.469	-12.965651
-9.563889e9	13967.957	-12.978519
-9.509254e9	13941.484	-12.9915085
-9.454621e9	13914.957	-13.004418
-9.399986e9	13888.484	-13.017496
-9.345353e9	13861.894	-13.030473
-9.290719e9	13835.333	-13.043586
-9.236085e9	13808.686	-13.056675
-9.18145e9	13782.018	-13.069823
-9.126817e9	13755.3	-13.083016
-9.072182e9	13728.486	-13.096192
-9.017549e9	13701.662	-13.10948
-8.962915e9	13674.651	-13.12268
-8.908281e9	13647.702	-13.136052
-8.853647e9	13620.444	-13.149273
-8.799013e9	13593.249	-13.16267
-8.744378e9	13565.887	-13.1759815
-8.689745e9	13538.547	-13.189423
-8.63511e9	13511.139	-13.202836
-8.580477e9	13483.744	-13.216342
-8.525843e9	13456.269	-13.229854
-8.471209e9	13428.752	-13.243422
-8.416575e9	13401.169	-13.257028
-8.361941e9	13373.519	-13.270661
-8.3073065e9	13345.864	-13.284367
-8.2526725e9	13318.185	-13.298085
-8.198039e9	13290.455	-13.311887
-8.143405e9	13262.571	-13.325674
-8.088771e9	13234.671	-13.339563
-8.034137e9	13206.647	-13.353437
-7.979503e9	13178.673	-13.367428
-7.9248686e9	13150.693	-13.381416
-7.8702356e9	13122.771	-13.395521
-7.815601e9	13094.886	-13.409624
-7.760967e9	13066.962	-13.423824
-7.706333e9	13038.871	-13.437995
-7.651699e9	13010.736	-13.45225
-7.597065e9	12982.445	-13.466487
-7.5424307e9	12954.153	-13.480796
-7.487798e9	12925.822	-13.495119
-7.4331633e9	12897.495	-13.509493
-7.3785293e9	12869.183	-13.523911
-7.3238953e9	12840.854	-13.53835
-7.2692613e9	12812.542	-13.552865
-7.2146273e9	12784.244	-13.567373
-7.159993e9	12756.0	-13.582002
-7.10536e9	12727.721	-13.5965805
-7.0507254e9	12699.495	-13.611324
-6.9960914e9	12671.258	-13.625983
-6.9414574e9	12643.049	-13.640804
-6.8868234e9	12614.685	-13.655577
-6.832189e9	12586.258	-13.670451
-6.777555e9	12557.664	-13.685337
-6.722922e9	12528.949	-13.700264
-6.6682875e9	12500.158	-13.71528
-6.6136535e9	12471.306	-13.730288
-6.5590195e9	12442.497	-13.745451
-6.5043855e9	12413.653	-13.760561
-6.449751e9	12384.864	-13.775808
-6.3951176e9	12356.08	-13.791077
-6.3404836e9	12327.32	-13.806397
-6.2858496e9	12298.6	-13.821823
-6.2312156e9	12269.763	-13.837199
-6.1765816e9	12240.916	-13.852708
-6.1219476e9	12211.844	-13.868174
-6.0673137e9	12182.653	-13.8837
-6.0126797e9	12153.359	-13.899302
-5.9580457e9	12123.891	-13.914863
-5.9034117e9	12094.387	-13.930549
-5.8487777e9	12064.655	-13.94622
-5.7941437e9	12034.724	-13.961926
-5.73951e9	12004.6875	-13.977736
-5.684876e9	11974.302	-13.993461
-5.630242e9	11943.88	-14.009288
-5.575608e9	11913.416	-14.025202
-5.520974e9	11882.816	-14.041085
-5.46634e9	11852.251	-14.057079
-5.411706e9	11821.699	-14.073174
-5.357072e9	11790.968	-14.08925
-5.302438e9	11760.051	-14.105392
-5.247804e9	11728.876	-14.121598
-5.19317e9	11697.28	-14.13782
-5.138536e9	11665.275	-14.154035
-5.083902e9	11633.153	-14.170333
-5.029268e9	11600.984	-14.186725
-4.974634e9	11568.831	-14.203216
-4.92e9	11536.606	-14.219781
-4.865366e9	11504.441	-14.236416
-4.810732e9	11472.259	-14.253127
-4.756098e9	11440.115	-14.269914
-4.701464e9	11408.033	-14.286765
-4.6468306e9	11375.993	-14.30367
-4.592196e9	11343.914	-14.320612
-4.537562e9	11311.727	-14.337577
-4.482928e9	11279.522	-14.35458
-4.428294e9	11247.136	-14.371604
-4.37366e9	11214.495	-14.388644
-4.319026e9	11181.524	-14.405692
-4.2643924e9	11148.362	-14.422777
-4.2097585e9	11114.886	-14.439889
-4.1551242e9	11081.156	-14.457043
-4.1004905e9	11047.088	-14.474233
-4.0458565e9	11012.687	-14.491465
-3.9912223e9	10977.695	-14.508712
-3.9365883e9	10942.202	-14.525994
-3.8819546e9	10906.043	-14.543292
-3.8273206e9	10869.483	-14.560642
-3.7726863e9	10832.919	-14.578099
-3.7180526e9	10796.64	-14.595712
-3.6634186e9	10760.348	-14.613433
-3.6087844e9	10723.701	-14.631218
-3.5541504e9	10686.458	-14.649036
-3.4995167e9	10648.753	-14.6669035
-3.4448827e9	10610.577	-14.684816
-3.3902484e9	10572.082	-14.702784
-3.3356147e9	10533.494	-14.72083
-3.2809807e9	10494.768	-14.738938
-3.2263465e9	10455.85	-14.757089
-3.1717128e9	10416.6455	-14.775259
-3.1170788e9	10376.944	-14.793421
-3.0624448e9	10336.371	-14.811525
-3.0078108e9	10295.277	-14.82963
-2.9531766e9	10253.551	-14.847742
-2.8985428e9	10210.888	-14.8658285
-2.8439089e9	10167.267	-14.883903
-2.789275e9	10123.17	-14.902052
-2.734641e9	10078.519	-14.920294
-2.680007e9	10033.256	-14.938613
-2.625373e9	9987.958	-14.957071
-2.570739e9	9941.422	-14.975494
-2.516105e9	9893.71	-14.993878
-2.461471e9	9844.545	-15.012184
-2.406837e9	9794.541	-15.030488
-2.352203e9	9743.95	-15.048832
-2.297569e9	9692.54	-15.067186
-2.242935e9	9639.949	-15.085506
-2.188301e9	9586.233	-15.103803
-2.133667e9	9531.529	-15.122088
-2.0790331e9	9475.535	-15.140335
-2.0243992e9	9417.455	-15.158449
-1.9697651e9	9356.757	-15.1763735
-1.9151311e9	9293.575	-15.19413
-1.8604972e9	9228.378	-15.211804
-1.8058632e9	9161.243	-15.2294235
-1.7512293e9	9092.119	-15.246941
-1.6965952e9	9021.352	-15.264402
-1.6419613e9	8949.495	-15.28187
-1.5873272e9	8876.336	-15.299277
-1.5326932e9	8801.537	-15.316533
-1.4780593e9	8725.098	-15.333634
-1.4234253e9	8647.243	-15.350607
-1.3687913e9	8567.469	-15.367386
-1.3141574e9	8485.345	-15.383966
-1.2595233e9	8400.369	-15.400276
-1.2048893e9	8312.035	-15.41621
-1.1502554e9	8220.048	-15.431714
-1.0956214e9	8125.48	-15.447021
-1.0409874e9	8028.2617	-15.462082
-9.863535e8	7926.622	-15.476654
-9.317195e8	7822.0576	-15.491001
-8.770855e8	7713.803	-15.505033
-8.224515e8	7600.479	-15.51849
-7.6781754e8	7482.3154	-15.531424
-7.1318355e8	7360.4556	-15.543984
-6.5854957e8	7232.5737	-15.555745
-6.039156e8	7098.6577	-15.566742
-5.492816e8	6957.8354	-15.576956
-4.9464765e8	6811.951	-15.586553
-4.4001363e8	6663.9316	-15.596003
-3.8537968e8	6516.753	-15.605914
-3.307457e8	6366.292	-15.615651
-2.761117e8	6206.835	-15.624489
-2.2147773e8	6035.6274	-15.632054
-1.6684374e8	5855.7246	-15.638687
-1.1220976e8	5662.9746	-15.643792
-5.757578e7	5465.4023	-15.648634
-2.9418015e6	5265.008	-15.653673
5.169218e7	5072.3574	-15.660428
1.0632616e8	4902.872	-15.671094
1.6096014e8	4751.8774	-15.685525
2.1559413e8	4624.798	-15.704442
2.702281e8	4522.554	-15.728198
3.2486208e8	4438.0283	-15.756017
3.7949606e8	4367.7183	-15.787393
4.3413005e8	4306.7437	-15.821579
4.8876403e8	4252.259	-15.858096
5.43398e8	4202.2383	-15.896499
5.98032e8	4154.956	-15.936461
6.526659e8	4111.2686	-15.978018
7.073e8	4071.2478	-16.021147
7.6193395e8	4034.135	-16.0658
8.165679e8	3999.1394	-16.111784
8.712019e8	3966.0027	-16.159052
9.258359e8	3934.3723	-16.207539
9.804699e8	3904.26	-16.257206
1.0351038e9	3875.5217	-16.308025
1.0897379e9	3847.984	-16.359951
1.1443718e9	3821.6416	-16.412962
1.1990058e9	3796.3738	-16.467041
1.2536398e9	3772.2695	-16.522217
1.3082738e9	3748.9944	-16.578259
1.3629076e9	3726.775	-16.635063
1.4175416e9	3705.177	-16.692755
1.4721757e9	3684.3547	-16.751402
1.5268097e9	3664.1816	-16.810999
1.5814437e9	3644.4575	-16.871525
1.6360777e9	3625.6414	-16.932468
1.6907116e9	3607.0173	-16.99384
1.7453457e9	3588.956	-17.056204
1.7999796e9	3571.4636	-17.119682
1.8546135e9	3554.1362	-17.18315
1.9092476e9	3537.485	-17.246964
1.9638815e9	3521.1782	-17.3119
2.0185156e9	3505.0962	-17.377804
2.0731494e9	3489.8528	-17.44295
2.1277834e9	3474.95	-17.509394
2.1824174e9	3460.3855	-17.577272
2.2370514e9	3447.1152	-17.644054
2.2916854e9	3434.2332	-17.712236
2.3463194e9	3421.7454	-17.782042
2.4009533e9	3410.5818	-17.850481
2.4555873e9	3399.5166	-17.92049
2.5102213e9	3388.5566	-17.991892
2.5648553e9	3378.4656	-18.061811
2.6194893e9	3368.0989	-18.133299
2.6741233e9	3357.3057	-18.205685
2.7287572e9	3347.0173	-18.276659
2.7833912e9	3336.2134	-18.349155
2.8380252e9	3324.4734	-18.421951
2.8926592e9	3313.4297	-18.493624
2.9472932e9	3301.9653	-18.566818
3.0019272e9	3289.3093	-18.639668
3.0565612e9	3277.7556	-18.711884
3.1111951e9	3266.0	-18.785686
3.165829e9	3252.7478	-18.85848
3.220463e9	3240.9917	-18.931301
3.2750968e9	3229.426	-19.005857
3.329731e9	3216.004	-19.078644
3.384365e9	3204.3984	-19.151978
3.4389993e9	3193.5156	-19.227123
3.4936328e9	3180.1294	-19.299442
3.548267e9	3168.4937	-19.372873
3.602901e9	3158.1255	-19.448221
3.6575347e9	3144.3406	-19.519667
3.712169e9	3132.2896	-19.59283
3.766803e9	3122.058	-19.667406
3.8214367e9	3107.964	-19.738117
3.876071e9	3095.4148	-19.810646
3.930705e9	3085.5867	-19.883978
3.985339e9	3072.426	-19.954618
4.0399726e9	3060.0125	-20.026873
4.0946068e9	3050.7725	-20.099396
4.1492408e9	3038.2344	-20.170313
4.2038746e9	3025.4453	-20.242514
4.2585088e9	3016.0305	-20.314196
4.313143e9	3003.0718	-20.385195
4.367777e9	2988.5034	-20.456947
4.422411e9	2977.6184	-20.527046
4.4770447e9	2964.2969	-20.59759
4.5316787e9	2948.469	-20.667828
4.5863127e9	2937.496	-20.736996
4.6409467e9	2926.629	-20.80731
4.6955807e9	2913.7422	-20.876154
4.750214e9	2905.549	-20.945107
4.8048486e9	2898.0833	-21.015709
4.8594826e9	2886.3865	-21.08371
4.9141166e9	2878.1455	-21.153135
4.9687506e9	2871.537	-21.225018
5.0233846e9	2854.4592	-21.293488
5.0780186e9	2841.86	-21.363815
5.132652e9	2833.8103	-21.435785
5.1872865e9	2823.2424	-21.50396
5.2419205e9	2812.219	-21.5728
5.296554e9	2800.7527	-21.63943
5.3511885e9	2792.2666	-21.705055
5.4058225e9	2783.9805	-21.771563
5.4604564e9	2769.8179	-21.833996
5.5150904e9	2761.6768	-21.896988
5.5697244e9	2757.922	-21.961447
