-1.4781291e11	15675.546	-14.344715
-1.4713002e11	15648.193	-14.355831
-1.4644712e11	15620.897	-14.367072
-1.457642e11	15592.885	-14.378188
-1.450813e11	15564.882	-14.389416
-1.4439842e11	15536.033	-14.400499
-1.4371552e11	15507.152	-14.41168
-1.430326e11	15476.747	-14.422412
-1.4234971e11	15446.193	-14.433179
-1.4166681e11	15415.619	-14.443906
-1.4098391e11	15385.1	-14.454723
-1.4030101e11	15355.985	-14.465901
-1.396181e11	15327.158	-14.477246
-1.389352e11	15299.066	-14.488643
-1.382523e11	15271.14	-14.500157
-1.375694e11	15243.802	-14.511696
-1.368865e11	15216.59	-14.523355
-1.362036e11	15189.7	-14.534975
-1.3552071e11	15162.885	-14.546714
-1.34837805e11	15136.474	-14.558419
-1.34154895e11	15110.135	-14.570253
-1.3347199e11	15084.14	-14.58203
-1.327891e11	15058.209	-14.593931
-1.321062e11	15032.43	-14.605761
-1.31423306e11	15006.692	-14.617694
-1.307404e11	14980.9375	-14.629554
-1.30057495e11	14955.128	-14.641487
-1.293746e11	14929.04	-14.653337
-1.286917e11	14902.855	-14.665236
-1.2800879e11	14876.418	-14.6770935
-1.2732589e11	14849.982	-14.689007
-1.26642995e11	14823.543	-14.700954
-1.2596009e11	14797.296	-14.71297
-1.252772e11	14771.2	-14.72507
-1.2459429e11	14745.207	-14.737192
-1.2391139e11	14719.293	-14.749407
-1.2322849e11	14693.522	-14.761608
-1.22545594e11	14667.823	-14.773929
-1.21862685e11	14642.109	-14.786173
-1.2117978e11	14616.425	-14.79853
-1.2049689e11	14590.698	-14.810842
-1.1981399e11	14564.993	-14.823232
-1.1913108e11	14539.258	-14.835623
-1.1844818e11	14513.662	-14.848077
-1.1776528e11	14488.217	-14.860602
-1.1708238e11	14463.024	-14.873165
-1.1639949e11	14437.97	-14.8858385
-1.1571658e11	14413.127	-14.898493
-1.1503368e11	14388.34	-14.91126
-1.14350785e11	14363.531	-14.923976
-1.1366788e11	14338.747	-14.936765
-1.1298497e11	14313.957	-14.949559
-1.1230207e11	14289.052	-14.96235
-1.1161918e11	14264.1	-14.975196
-1.1093628e11	14238.881	-14.987966
-1.1025338e11	14213.619	-15.000827
-1.0957047e11	14187.961	-15.013597
-1.0888757e11	14162.188	-15.026429
-1.0820468e11	14136.185	-15.039259
-1.0752178e11	14109.897	-15.052079
-1.0683887e11	14083.507	-15.064975
-1.0615597e11	14056.798	-15.077815
-1.0547307e11	14030.107	-15.090765
-1.0479017e11	14003.364	-15.103745
-1.0410728e11	13976.663	-15.116802
-1.0342437e11	13950.026	-15.129959
-1.0274147e11	13923.345	-15.143126
-1.02058566e11	13896.747	-15.156413
-1.01375664e11	13870.274	-15.169763
-1.0069277e11	13844.054	-15.183243
-1.0000986e11	13818.05	-15.196865
-9.932697e10	13792.382	-15.210576
-9.864406e10	13766.822	-15.224417
-9.7961165e10	13741.36	-15.238306
-9.727826e10	13715.901	-15.252231
-9.659536e10	13690.476	-15.266253
-9.591246e10	13664.953	-15.280177
-9.522956e10	13639.418	-15.294167
-9.4546665e10	13613.822	-15.308149
-9.3863756e10	13587.885	-15.322016
-9.318086e10	13561.833	-15.33592
-9.249795e10	13535.489	-15.349724
-9.181506e10	13509.063	-15.36354
-9.113215e10	13482.631	-15.377421
-9.044926e10	13456.115	-15.391252
-8.9766355e10	13429.53	-15.405149
-8.908345e10	13402.854	-15.419099
-8.840055e10	13376.089	-15.433051
-8.771765e10	13349.454	-15.447126
-8.703476e10	13322.984	-15.461304
-8.635185e10	13296.715	-15.475556
-8.5668954e10	13270.463	-15.489911
-8.4986044e10	13244.084	-15.504292
-8.430315e10	13217.529	-15.518665
-8.362024e10	13190.909	-15.533116
-8.293735e10	13164.154	-15.547582
-8.225445e10	13137.427	-15.56208
-8.1571545e10	13110.705	-15.576664
-8.088864e10	13083.911	-15.591263
-8.020574e10	13057.078	-15.605862
-7.952285e10	13030.243	-15.620531
-7.883994e10	13003.352	-15.635224
-7.8157046e10	12976.736	-15.649965
-7.747414e10	12950.279	-15.6648035
-7.679124e10	12923.98	-15.679715
-7.610834e10	12898.139	-15.694668
-7.542544e10	12872.478	-15.709692
-7.474254e10	12846.96	-15.724783
-7.405964e10	12821.638	-15.73985
-7.337674e10	12796.331	-15.754954
-7.269383e10	12771.055	-15.770117
-7.201094e10	12745.793	-15.785293
-7.132803e10	12720.017	-15.80039
-7.064514e10	12693.982	-15.815514
-6.996223e10	12667.73	-15.830673
-6.9279334e10	12640.902	-15.845749
-6.859643e10	12614.008	-15.860904
-6.791353e10	12586.946	-15.876119
-6.7230634e10	12559.471	-15.891323
-6.654773e10	12532.0	-15.906585
-6.586483e10	12504.487	-15.921943
-6.518193e10	12476.958	-15.937407
-6.449903e10	12449.491	-15.952975
-6.3816126e10	12421.929	-15.968609
-6.313323e10	12394.369	-15.984347
-6.2450323e10	12366.715	-16.000164
-6.1767426e10	12338.497	-16.015936
-6.108452e10	12310.212	-16.031752
-6.0401623e10	12281.898	-16.047651
-5.9718726e10	12253.622	-16.063643
-5.903582e10	12225.535	-16.079744
-5.8352923e10	12197.342	-16.095863
-5.767002e10	12169.442	-16.112127
-5.698712e10	12141.62	-16.128489
-5.630422e10	12113.663	-16.144907
-5.562132e10	12085.646	-16.161356
-5.4938415e10	12057.483	-16.177824
-5.4255518e10	12029.516	-16.194391
-5.3572612e10	12001.692	-16.211042
-5.2889715e10	11973.838	-16.227737
-5.2206817e10	11945.789	-16.244425
-5.152391e10	11916.687	-16.26092
-5.0841014e10	11886.683	-16.27728
-5.0158113e10	11855.623	-16.293497
-4.9475215e10	11823.702	-16.309633
-4.8792314e10	11791.186	-16.325783
-4.8109412e10	11758.1045	-16.341991
-4.742651e10	11724.827	-16.358356
-4.674361e10	11691.378	-16.374897
-4.6060708e10	11658.16	-16.391684
-4.5377806e10	11625.353	-16.408724
-4.4694905e10	11593.425	-16.426065
-4.4012007e10	11561.861	-16.443565
-4.3329106e10	11530.201	-16.461086
-4.2646204e10	11497.933	-16.47851
-4.1963307e10	11465.017	-16.495825
-4.1280406e10	11431.716	-16.513088
-4.0597504e10	11398.235	-16.530357
-3.9914602e10	11364.537	-16.547636
-3.92317e10	11330.683	-16.564928
-3.85488e10	11296.916	-16.582273
-3.78659e10	11263.312	-16.5997
-3.7183e10	11229.545	-16.61717
-3.65001e10	11195.073	-16.634577
-3.5817198e10	11159.713	-16.651882
-3.5134296e10	11123.237	-16.669033
-3.44514e10	11085.458	-16.686
-3.3768497e10	11046.332	-16.702805
-3.3085596e10	11006.389	-16.719584
-3.2402694e10	10965.789	-16.73639
-3.1719795e10	10924.549	-16.75323
-3.1036893e10	10882.575	-16.770079
-3.0353992e10	10839.683	-16.786877
-2.967109e10	10795.433	-16.803553
-2.898819e10	10749.845	-16.82013
-2.830529e10	10702.348	-16.836535
-2.762239e10	10652.9	-16.852764
-2.693949e10	10601.308	-16.868795
-2.6256589e10	10547.204	-16.884535
-2.5573687e10	10490.885	-16.900017
-2.4890786e10	10433.357	-16.915474
-2.4207886e10	10374.56	-16.930946
-2.3524985e10	10314.024	-16.94634
-2.2842083e10	10251.569	-16.96163
-2.2159184e10	10187.678	-16.97693
-2.1476282e10	10122.143	-16.992205
-2.0793383e10	10054.627	-17.007391
-2.0110481e10	9984.775	-17.022432
-1.942758e10	9912.088	-17.037165
-1.8744678e10	9836.325	-17.051525
-1.8061779e10	9757.107	-17.065508
-1.737888e10	9673.92	-17.079023
-1.6695978e10	9585.981	-17.09198
-1.6013076e10	9493.948	-17.10464
-1.5330176e10	9399.173	-17.117352
-1.4647277e10	9298.809	-17.129684
-1.3964375e10	9193.945	-17.141754
-1.3281475e10	9085.271	-17.153645
-1.2598573e10	8970.681	-17.16485
-1.1915673e10	8849.688	-17.175219
-1.1232772e10	8725.769	-17.18533
-1.0549871e10	8596.691	-17.195013
-9.866971e9	8463.446	-17.204548
-9.18407e9	8329.3125	-17.214796
-8.5011697e9	8191.682	-17.225132
-7.8182687e9	8043.951	-17.234152
-7.1353677e9	7889.794	-17.2425
-6.452467e9	7730.0337	-17.250116
-5.769566e9	7562.726	-17.256376
-5.0866657e9	7389.073	-17.261948
-4.403765e9	7209.8564	-17.267118
-3.720864e9	7022.08	-17.271187
-3.0379635e9	6822.3633	-17.273851
-2.3550628e9	6618.577	-17.276161
-1.672162e9	6413.681	-17.278606
-9.8926144e8	6212.932	-17.282148
-3.063607e8	6010.24	-17.285543
3.7654003e8	5795.156	-17.286499
1.0594407e9	5564.3257	-17.284578
1.7423414e9	5332.5254	-17.283197
2.425242e9	5119.6533	-17.28606
3.1081428e9	4917.693	-17.29292
3.7910436e9	4732.891	-17.304789
4.4739446e9	4569.734	-17.322357
5.156845e9	4427.9043	-17.345507
5.8397455e9	4310.739	-17.374731
6.5226465e9	4215.6104	-17.409609
7.2055475e9	4140.217	-17.44998
7.8884475e9	4081.0234	-17.49569
8.5713485e9	4034.8362	-17.54628
9.254249e9	3996.8267	-17.600925
9.93715e9	3962.9514	-17.658552
1.062005e10	3932.7668	-17.718685
1.1302952e10	3904.8733	-17.780811
1.1985852e10	3879.312	-17.84481
1.2668753e10	3855.1362	-17.910555
1.3351654e10	3832.7244	-17.978033
1.4034555e10	3811.3696	-18.047003
1.4717454e10	3791.2827	-18.117329
1.5400356e10	3772.0007	-18.189152
1.6083256e10	3754.0427	-18.262398
1.6766158e10	3737.184	-18.337051
1.7449058e10	3721.2244	-18.413143
1.8131958e10	3706.0222	-18.490673
1.881486e10	3691.2505	-18.56955
1.949776e10	3677.1763	-18.648602
2.018066e10	3663.2844	-18.728655
2.0863562e10	3649.468	-18.809813
2.1546461e10	3635.6755	-18.89205
2.2229363e10	3621.869	-18.97535
2.2912264e10	3607.9233	-19.058847
2.3595164e10	3593.6394	-19.142149
2.4278065e10	3579.197	-19.226404
2.4960967e10	3564.5605	-19.311575
2.5643866e10	3549.707	-19.397593
2.6326768e10	3534.6055	-19.483208
2.7009667e10	3519.2607	-19.568562
2.7692569e10	3503.8062	-19.654737
2.837547e10	3488.1182	-19.741686
2.9058372e10	3472.0093	-19.829311
2.9741271e10	3454.8308	-19.915375
3.0424173e10	3436.8845	-20.001741
3.110707e10	3418.5156	-20.088764
3.1789971e10	3399.996	-20.1764
3.2472873e10	3381.7063	-20.263641
3.3155774e10	3363.4016	-20.349648
3.3838674e10	3345.22	-20.436436
3.4521575e10	3326.8655	-20.524033
3.5204477e10	3308.0	-20.612453
3.588738e10	3288.447	-20.698696
3.657028e10	3268.5342	-20.785437
3.725318e10	3248.4934	-20.872726
3.793608e10	3228.495	-20.960554
3.861898e10	3207.8105	-21.046276
3.930188e10	3187.164	-21.132114
3.998478e10	3166.4578	-21.218576
4.066768e10	3145.703	-21.30552
4.1350582e10	3125.4456	-21.390663
4.2033484e10	3105.9438	-21.475054
4.2716385e10	3087.859	-21.559853
4.3399287e10	3071.446	-21.645088
4.408219e10	3055.801	-21.727997
4.476509e10	3042.0005	-21.811031
4.5447987e10	3028.5667	-21.894697
4.613089e10	3014.8123	-21.97874
4.6813786e10	3002.7983	-22.061066
4.7496688e10	2989.6375	-22.143238
4.817959e10	2976.854	-22.226065
4.886249e10	2965.803	-22.30968
4.9545392e10	2951.63	-22.389818
5.0228294e10	2939.3877	-22.470938
5.0911195e10	2927.7039	-22.552696
5.1594093e10	2912.5361	-22.632362
5.2276994e10	2901.0908	-22.711668
5.2959896e10	2887.6682	-22.791039
5.3642797e10	2871.441	-22.869932
5.4325694e10	2861.1553	-22.947947
5.50086e10	2845.3955	-23.024118
5.5691497e10	2830.6155	-23.100693
5.6374395e10	2824.5767	-23.179415
5.70573e10	2805.8916	-23.255457
5.7740198e10	2792.1267	-23.333511
5.8423103e10	2784.4487	-23.413916
5.9106e10	2761.6484	-23.488592
5.9788902e10	2738.185	-23.561852
6.04718e10	2717.6646	-23.635153
6.1154705e10	2707.1086	-23.709124
6.1837603e10	2685.179	-23.778275
6.252051e10	2666.0405	-23.84736
6.3203406e10	2654.0273	-23.917318
