-3.6276756e7	16641.473	-6.3024797
-3.6140828e7	16605.305	-6.3118963
-3.6004892e7	16569.213	-6.3214025
-3.586896e7	16532.23	-6.330886
-3.5733028e7	16493.604	-6.3402534
-3.5597096e7	16455.074	-6.34971
-3.5461164e7	16413.7	-6.358964
-3.532523e7	16371.388	-6.3681974
-3.51893e7	16328.687	-6.3774714
-3.505337e7	16282.798	-6.3865166
-3.4917436e7	16237.047	-6.395644
-3.4781504e7	16190.911	-6.4047723
-3.464557e7	16144.478	-6.413912
-3.4509636e7	16098.181	-6.4231358
-3.4373708e7	16054.099	-6.432487
-3.4237772e7	16010.211	-6.4419284
-3.410184e7	15967.569	-6.4514866
-3.3965908e7	15926.643	-6.4611764
-3.3829976e7	15885.828	-6.4709616
-3.3694044e7	15846.558	-6.480818
-3.355811e7	15807.589	-6.490768
-3.3422178e7	15769.373	-6.5008087
-3.3286246e7	15732.4375	-6.5109324
-3.3150316e7	15695.602	-6.5211596
-3.3014384e7	15659.045	-6.5313606
-3.287845e7	15622.62	-6.5416427
-3.2742518e7	15586.533	-6.5519857
-3.2606586e7	15551.007	-6.562356
-3.2470652e7	15515.5625	-6.572835
-3.2334722e7	15479.836	-6.5832343
-3.219879e7	15444.145	-6.5937185
-3.2062856e7	15408.548	-6.604234
-3.1926924e7	15373.042	-6.614756
-3.1790992e7	15337.612	-6.625389
-3.1655058e7	15301.604	-6.6359005
-3.1519126e7	15265.673	-6.6465216
-3.1383196e7	15229.607	-6.6571336
-3.1247264e7	15193.469	-6.667766
-3.111133e7	15157.285	-6.678473
-3.0975398e7	15120.587	-6.689094
-3.0839468e7	15083.976	-6.6998296
-3.0703532e7	15047.035	-6.710505
-3.0567602e7	15010.059	-6.721245
-3.043167e7	14972.906	-6.732006
-3.0295736e7	14935.437	-6.7427444
-3.0159804e7	14898.045	-6.7535877
-3.0023872e7	14860.251	-6.764337
-2.9887938e7	14822.556	-6.775203
-2.9752008e7	14784.564	-6.78603
-2.9616076e7	14746.514	-6.796908
-2.9480142e7	14708.373	-6.8078218
-2.934421e7	14670.024	-6.818718
-2.9208278e7	14631.757	-6.8297195
-2.9072348e7	14593.22	-6.8406434
-2.8936412e7	14554.781	-6.851689
-2.8800482e7	14516.102	-6.862687
-2.866455e7	14477.42	-6.8737583
-2.8528616e7	14438.695	-6.884851
-2.8392684e7	14399.921	-6.8959618
-2.8256754e7	14361.171	-6.907148
-2.8120818e7	14322.223	-6.9182935
-2.7984888e7	14283.38	-6.9295645
-2.7848956e7	14244.449	-6.940764
-2.7713022e7	14205.621	-6.952087
-2.757709e7	14166.622	-6.9633765
-2.7441158e7	14127.645	-6.9747396
-2.7305224e7	14088.695	-6.986128
-2.7169294e7	14049.791	-6.997551
-2.7033362e7	14010.891	-7.0090356
-2.689743e7	13971.86	-7.0205045
-2.6761496e7	13932.931	-7.0320797
-2.6625564e7	13894.003	-7.043613
-2.6489634e7	13855.196	-7.055281
-2.6353698e7	13816.186	-7.0668745
-2.6217768e7	13777.277	-7.078594
-2.6081836e7	13738.381	-7.090287
-2.5945902e7	13699.573	-7.1020765
-2.580997e7	13660.673	-7.113859
-2.567404e7	13621.78	-7.1257043
-2.5538104e7	13582.824	-7.137573
-2.5402174e7	13543.83	-7.1494737
-2.5266242e7	13504.792	-7.1614246
-2.513031e7	13465.658	-7.1733813
-2.4994376e7	13426.529	-7.1854134
-2.4858444e7	13387.282	-7.197429
-2.4722512e7	13348.069	-7.209542
-2.458658e7	13308.662	-7.221616
-2.4450648e7	13269.321	-7.2338057
-2.4314714e7	13229.773	-7.2459416
-2.4178784e7	13190.3125	-7.2582083
-2.404285e7	13150.566	-7.2704043
-2.3906918e7	13110.936	-7.2827435
-2.3770986e7	13071.014	-7.295002
-2.3635054e7	13031.212	-7.307412
-2.3499122e7	12991.056	-7.319733
-2.336319e7	12951.02	-7.3322067
-2.3227256e7	12910.647	-7.344596
-2.3091326e7	12870.388	-7.3571343
-2.2955392e7	12829.729	-7.369587
-2.281946e7	12789.179	-7.382189
-2.2683528e7	12748.225	-7.3947034
-2.2547596e7	12707.384	-7.40737
-2.2411664e7	12666.0625	-7.419941
-2.227573e7	12624.849	-7.4326634
-2.2139798e7	12583.143	-7.445296
-2.2003866e7	12541.525	-7.4580703
-2.1867934e7	12499.385	-7.470764
-2.1732002e7	12457.288	-7.4835844
-2.159607e7	12414.673	-7.4963393
-2.1460136e7	12372.045	-7.5092025
-2.1324206e7	12328.927	-7.5220175
-2.1188272e7	12285.709	-7.534919
-2.105234e7	12242.051	-7.5477953
-2.0916408e7	12198.223	-7.5607333
-2.0780476e7	12154.046	-7.573675
-2.0644544e7	12109.587	-7.586649
-2.0508612e7	12064.85	-7.5996566
-2.0372678e7	12019.755	-7.612668
-2.0236746e7	11974.524	-7.6257505
-2.0100814e7	11928.727	-7.638795
-1.9964882e7	11882.88	-7.6519456
-1.982895e7	11836.467	-7.665032
-1.9693018e7	11790.094	-7.6782484
-1.9557086e7	11742.984	-7.691386
-1.9421152e7	11695.866	-7.7046347
-1.928522e7	11648.34	-7.717868
-1.9149288e7	11600.554	-7.731157
-1.9013356e7	11552.363	-7.7444654
-1.8877422e7	11503.84	-7.75779
-1.8741492e7	11455.212	-7.771199
-1.8605558e7	11405.804	-7.784548
-1.8469628e7	11356.369	-7.798015
-1.8333694e7	11306.321	-7.811424
-1.8197762e7	11256.054	-7.824922
-1.806183e7	11204.98	-7.8383856
-1.7925898e7	11153.522	-7.8518834
-1.7789964e7	11101.783	-7.86544
-1.7654034e7	11049.019	-7.878932
-1.75181e7	10996.113	-7.8925266
-1.7382168e7	10942.373	-7.9060593
-1.7246236e7	10888.333	-7.91967
-1.7110304e7	10833.522	-7.9332685
-1.6974372e7	10778.131	-7.9468775
-1.6838438e7	10722.551	-7.9605756
-1.6702507e7	10665.535	-7.97416
-1.6566575e7	10608.34	-7.987842
-1.6430642e7	10550.359	-8.001506
-1.629471e7	10491.599	-8.015173
-1.6158777e7	10432.409	-8.028899
-1.6022845e7	10372.113	-8.042559
-1.5886913e7	10311.537	-8.056302
-1.575098e7	10249.963	-8.070012
-1.5615049e7	10187.788	-8.083745
-1.5479116e7	10125.42	-8.0975685
-1.5343183e7	10061.699	-8.111302
-1.5207252e7	9997.863	-8.125136
-1.5071319e7	9933.613	-8.139019
-1.4935386e7	9868.611	-8.152902
-1.4799455e7	9803.506	-8.166886
-1.4663522e7	9737.904	-8.180897
-1.4527591e7	9671.944	-8.194968
-1.4391658e7	9605.885	-8.209142
-1.4255725e7	9539.338	-8.223335
-1.4119793e7	9472.724	-8.237635
-1.3983861e7	9405.953	-8.252027
-1.3847928e7	9338.913	-8.266469
-1.3711996e7	9271.902	-8.281034
-1.3576064e7	9204.735	-8.295687
-1.3440132e7	9137.526	-8.310426
-1.3304199e7	9070.438	-8.3253
-1.3168266e7	9003.241	-8.340268
-1.3032335e7	8936.111	-8.355345
-1.2896402e7	8869.171	-8.37057
-1.2760469e7	8802.24	-8.385906
-1.2624538e7	8735.544	-8.401372
-1.2488605e7	8669.111	-8.417002
-1.2352673e7	8602.816	-8.432766
-1.2216741e7	8536.773	-8.448668
-1.2080809e7	8471.002	-8.464741
-1.1944877e7	8405.437	-8.480969
-1.1808944e7	8340.218	-8.497342
-1.1673012e7	8275.319	-8.513895
-1.153708e7	8210.721	-8.53063
-1.1401147e7	8146.481	-8.547507
-1.1265215e7	8082.6035	-8.56457
-1.1129282e7	8019.1377	-8.581834
-1.099335e7	7956.149	-8.599279
-1.0857418e7	7893.549	-8.616898
-1.0721485e7	7831.401	-8.634735
-1.0585553e7	7769.734	-8.652799
-1.0449621e7	7708.461	-8.671019
-1.0313689e7	7647.6895	-8.689466
-1.0177756e7	7587.399	-8.708145
-1.0041824e7	7527.5547	-8.727035
-9.905892e6	7468.2905	-8.74612
-9.76996e6	7409.5513	-8.7654505
-9.634027e6	7351.3457	-8.785032
-9.498095e6	7293.739	-8.804854
-9.362163e6	7236.6587	-8.824883
-9.226231e6	7180.1426	-8.845178
-9.090298e6	7124.1816	-8.865741
-8.954366e6	7068.754	-8.886559
-8.818433e6	7013.9634	-8.9076
-8.682501e6	6959.7114	-8.928917
-8.546568e6	6906.0356	-8.950519
-8.410636e6	6852.97	-8.972413
-8.274704e6	6800.501	-8.994541
-8.138772e6	6748.65	-9.016944
-8.002839e6	6697.3535	-9.039639
-7.866907e6	6646.604	-9.062632
-7.730975e6	6596.42	-9.085927
-7.595043e6	6546.7905	-9.109458
-7.45911e6	6497.7427	-9.133285
-7.323178e6	6449.2505	-9.157423
-7.187246e6	6401.326	-9.181884
-7.0513135e6	6353.985	-9.206673
-6.9153815e6	6307.1924	-9.231761
-6.7794485e6	6260.9556	-9.257111
-6.6435165e6	6215.2065	-9.282776
-6.5075845e6	6169.9473	-9.308762
-6.3716525e6	6125.1777	-9.3350725
-6.23572e6	6080.896	-9.361712
-6.0997875e6	6037.0938	-9.388687
-5.963855e6	5993.779	-9.415941
-5.8279225e6	5950.931	-9.443506
-5.6919905e6	5908.5522	-9.471415
-5.556058e6	5866.649	-9.499671
-5.420126e6	5825.215	-9.528279
-5.2841935e6	5784.237	-9.5572405
-5.1482615e6	5743.68	-9.586547
-5.012329e6	5703.523	-9.6162
-4.876397e6	5663.737	-9.646193
-4.7404645e6	5624.3545	-9.676477
-4.604532e6	5585.3457	-9.707105
-4.4685995e6	5546.7134	-9.738093
-4.3326675e6	5508.4355	-9.769443
-4.196735e6	5470.5205	-9.801152
-4.060803e6	5432.9473	-9.833218
-3.9248705e6	5395.706	-9.86565
-3.7889382e6	5358.794	-9.898458
-3.653006e6	5322.214	-9.931643
-3.5170738e6	5285.9624	-9.965205
-3.3811412e6	5250.017	-9.9991455
-3.2452092e6	5214.368	-10.033466
-3.1092768e6	5179.0015	-10.068161
-2.9733445e6	5143.9165	-10.103236
-2.8374122e6	5109.094	-10.138683
-2.70148e6	5074.5327	-10.174523
-2.5655478e6	5040.225	-10.210737
-2.4296152e6	5006.148	-10.247339
-2.293683e6	4972.2744	-10.284316
-2.1577508e6	4938.5923	-10.321677
-2.0218184e6	4905.079	-10.359416
-1.8858861e6	4871.7446	-10.397537
-1.7499539e6	4838.57	-10.436054
-1.6140215e6	4805.5728	-10.474969
-1.4780892e6	4772.7407	-10.514287
-1.342157e6	4740.094	-10.554019
-1.2062248e6	4707.622	-10.594173
-1.0702924e6	4675.3477	-10.634763
-934360.06	4643.2847	-10.675807
-798427.75	4611.4863	-10.717339
-662495.5	4579.977	-10.759384
-526563.2	4548.8037	-10.801977
-390630.88	4517.9854	-10.845141
-254698.56	4487.544	-10.888883
-118766.26	4457.484	-10.933169
17166.037	4427.7954	-10.978055
153098.34	4398.4746	-11.02355
289030.62	4369.488	-11.069647
424962.9	4340.825	-11.116349
560895.2	4312.4536	-11.163647
696827.5	4284.3745	-11.211554
832759.9	4256.561	-11.260066
968692.2	4229.0225	-11.309197
1.1046244e6	4201.753	-11.35896
1.2405566e6	4174.74	-11.409358
1.376489e6	4148.0156	-11.460422
1.5124212e6	4121.5186	-11.512129
1.6483536e6	4095.3447	-11.564523
1.7842859e6	4069.4011	-11.617337
1.9202182e6	4043.8254	-11.670879
2.0561505e6	4018.5366	-11.725105
2.1920828e6	3993.667	-11.780099
2.328015e6	3969.2136	-11.835864
2.4639475e6	3945.2798	-11.892467
2.5998798e6	3921.9922	-11.949991
2.735812e6	3899.3584	-12.00844
2.8717442e6	3877.7766	-12.068075
3.0076768e6	3857.2483	-12.128364
3.143609e6	3838.58	-12.190269
3.279541e6	3821.1453	-12.25338
3.4154735e6	3804.715	-12.317525
3.5514058e6	3788.8835	-12.382418
3.6873382e6	3773.2656	-12.447761
3.8232702e6	3757.8555	-12.513549
3.9592028e6	3742.6526	-12.579295
4.095135e6	3727.6519	-12.645127
4.2310675e6	3712.834	-12.711379
4.3669995e6	3698.1638	-12.778035
4.502932e6	3683.6238	-12.845094
4.638864e6	3669.209	-12.912558
4.7747965e6	3654.895	-12.980246
4.9107285e6	3640.7493	-13.047511
5.046661e6	3626.7063	-13.115168
5.1825935e6	3612.766	-13.183221
5.318526e6	3598.8718	-13.251647
5.454458e6	3584.9512	-13.320397
5.5903905e6	3570.9573	-13.388977
5.7263225e6	3556.7822	-13.4570465
5.862255e6	3542.4995	-13.525422
5.998187e6	3528.1172	-13.594125
6.1341195e6	3513.6536	-13.663188
6.2700515e6	3499.1567	-13.73257
6.405984e6	3484.6165	-13.801108
6.5419165e6	3470.0925	-13.870134
6.677849e6	3455.5874	-13.939665
6.813781e6	3441.105	-14.009723
6.949713e6	3426.6545	-14.080166
7.085645e6	3412.2488	-14.149805
7.221578e6	3397.8984	-14.22003
7.35751e6	3383.6191	-14.290872
7.4934425e6	3369.4219	-14.362354
7.6293745e6	3355.285	-14.433729
7.7653075e6	3341.2512	-14.50479
7.9012395e6	3327.2578	-14.576506
8.0371715e6	3313.3076	-14.648891
8.1731035e6	3299.4138	-14.72198
8.3090365e6	3285.436	-14.79378
8.444969e6	3271.4783	-14.866268
8.580901e6	3257.4927	-14.939457
8.716833e6	3243.451	-15.013336
8.852766e6	3229.4333	-15.086449
8.988698e6	3215.3206	-15.159708
9.12463e6	3201.2383	-15.233796
9.260562e6	3187.2217	-15.308771
9.396495e6	3173.1265	-15.383001
9.532427e6	3159.201	-15.457433
9.668359e6	3145.3103	-15.53278
9.804291e6	3131.4297	-15.609024
9.940224e6	3117.7915	-15.6845665
1.0076156e7	3104.0789	-15.760271
1.0212088e7	3090.4658	-15.837012
1.034802e7	3077.0334	-15.914902
1.0483953e7	3063.4053	-15.991048
1.0619885e7	3049.9917	-16.06817
1.0755818e7	3036.6277	-16.146402
1.089175e7	3023.112	-16.224878
1.1027683e7	3010.0996	-16.302485
1.1163615e7	2997.2769	-16.380636
1.1299547e7	2984.5295	-16.459145
1.1435479e7	2971.4792	-16.536345
1.1571412e7	2958.853	-16.612854
1.1707344e7	2946.4038	-16.689754
1.1843276e7	2934.0288	-16.766811
