-2.185411e10	18741.975	-12.452621
-2.1793122e10	18716.805	-12.460485
-2.1732137e10	18691.666	-12.468412
-2.167115e10	18666.564	-12.476402
-2.161016e10	18641.496	-12.484456
-2.1549173e10	18616.46	-12.492577
-2.1488187e10	18591.197	-12.500666
-2.1427198e10	18565.613	-12.50869
-2.136621e10	18540.064	-12.516779
-2.1305225e10	18514.55	-12.524934
-2.1244236e10	18489.076	-12.533155
-2.1183248e10	18463.625	-12.541446
-2.1122263e10	18437.555	-12.549597
-2.1061276e10	18411.469	-12.557799
-2.1000286e10	18385.416	-12.56607
-2.0939299e10	18359.404	-12.5744095
-2.0878313e10	18333.424	-12.582819
-2.0817324e10	18307.08	-12.591142
-2.0756337e10	18280.389	-12.599385
-2.0695351e10	18253.736	-12.6076975
-2.0634362e10	18227.125	-12.616079
-2.0573374e10	18200.55	-12.624532
-2.051239e10	18173.96	-12.633012
-2.0451402e10	18147.178	-12.641355
-2.0390412e10	18120.432	-12.649767
-2.0329425e10	18093.723	-12.658251
-2.026844e10	18067.059	-12.666807
-2.020745e10	18040.43	-12.675438
-2.0146463e10	18014.04	-12.683957
-2.0085477e10	17987.703	-12.692532
-2.0024488e10	17961.404	-12.701181
-1.99635e10	17935.143	-12.709906
-1.9902515e10	17908.918	-12.718707
-1.9841528e10	17882.852	-12.727372
-1.9780538e10	17856.86	-12.736034
-1.971955e10	17830.906	-12.744773
-1.9658566e10	17804.986	-12.753588
-1.9597576e10	17779.117	-12.762482
-1.9536589e10	17753.318	-12.771275
-1.9475603e10	17727.586	-12.780038
-1.9414614e10	17701.89	-12.788879
-1.9353627e10	17676.238	-12.7978
-1.9292641e10	17650.613	-12.8068
-1.9231652e10	17624.955	-12.815696
-1.9170664e10	17599.281	-12.824548
-1.9109677e10	17573.65	-12.833478
-1.9048692e10	17548.055	-12.842488
-1.8987702e10	17522.488	-12.851581
-1.8926715e10	17497.0	-12.860576
-1.886573e10	17471.566	-12.869553
-1.880474e10	17446.172	-12.878612
-1.8743753e10	17420.805	-12.887753
-1.8682767e10	17395.482	-12.896978
-1.8621778e10	17370.145	-12.906059
-1.856079e10	17344.83	-12.915153
-1.8499803e10	17319.559	-12.92433
-1.8438818e10	17294.309	-12.933592
-1.8377828e10	17269.111	-12.942941
-1.831684e10	17243.924	-12.952087
-1.8255856e10	17218.775	-12.961307
-1.8194866e10	17193.66	-12.970611
-1.8133879e10	17168.586	-12.980002
-1.8072893e10	17143.52	-12.989412
-1.8011904e10	17118.39	-12.998659
-1.7950917e10	17093.3	-13.007992
-1.788993e10	17068.254	-13.017412
-1.7828944e10	17043.236	-13.026922
-1.7767954e10	17018.191	-13.0363455
-1.7706967e10	16993.14	-13.045714
-1.7645982e10	16968.123	-13.055171
-1.7584992e10	16943.154	-13.064719
-1.7524005e10	16918.209	-13.074359
-1.746302e10	16893.145	-13.083775
-1.740203e10	16868.105	-13.093266
-1.7341043e10	16843.098	-13.102847
-1.7280055e10	16818.14	-13.112522
-1.7219068e10	16793.2	-13.122158
-1.7158082e10	16768.273	-13.131711
-1.7097093e10	16743.39	-13.1413555
-1.7036107e10	16718.537	-13.1510935
-1.6975119e10	16693.723	-13.160928
-1.6914131e10	16668.846	-13.170556
-1.6853145e10	16644.0	-13.180267
-1.6792157e10	16619.191	-13.190074
-1.6731169e10	16594.418	-13.199978
-1.6670181e10	16569.607	-13.209799
-1.6609195e10	16544.768	-13.21958
-1.6548207e10	16519.963	-13.229457
-1.6487219e10	16495.207	-13.239433
-1.6426233e10	16470.447	-13.24943
-1.6365245e10	16445.621	-13.259278
-1.6304257e10	16420.834	-13.269225
-1.6243271e10	16396.09	-13.279272
-1.6182283e10	16371.377	-13.28942
-1.6121295e10	16346.564	-13.299343
-1.6060307e10	16321.79	-13.309359
-1.5999321e10	16297.051	-13.319475
-1.5938333e10	16272.349	-13.329695
-1.5877345e10	16247.614	-13.339762
-1.5816359e10	16222.8955	-13.349856
-1.5755372e10	16198.213	-13.360054
-1.5694383e10	16173.571	-13.370357
-1.5633396e10	16148.829	-13.380548
-1.5572409e10	16124.049	-13.390719
-1.5511421e10	16099.312	-13.400995
-1.5450434e10	16074.6045	-13.411378
-1.5389447e10	16049.809	-13.421681
-1.5328459e10	16024.944	-13.431943
-1.5267471e10	16000.116	-13.442311
-1.5206485e10	15975.34	-13.452787
-1.5145498e10	15950.558	-13.463203
-1.5084509e10	15925.784	-13.473581
-1.5023522e10	15901.051	-13.484068
-1.4962535e10	15876.356	-13.494666
-1.4901547e10	15851.68	-13.505185
-1.484056e10	15827.021	-13.515677
-1.4779573e10	15802.402	-13.52628
-1.4718585e10	15777.822	-13.536999
-1.4657597e10	15753.153	-13.547585
-1.4596611e10	15728.461	-13.558171
-1.4535624e10	15703.81	-13.568871
-1.4474635e10	15679.2	-13.579685
-1.4413648e10	15654.458	-13.590317
-1.4352662e10	15629.728	-13.601006
-1.4291673e10	15605.042	-13.611811
-1.4230686e10	15580.384	-13.622712
-1.4169699e10	15555.658	-13.633414
-1.4108711e10	15530.979	-13.644233
-1.4047724e10	15506.328	-13.6551695
-1.3986737e10	15481.716	-13.666112
-1.3925749e10	15457.1045	-13.676946
-1.3864761e10	15432.531	-13.687898
-1.3803774e10	15408.014	-13.698971
-1.3742788e10	15383.531	-13.709937
-1.3681799e10	15359.098	-13.720907
-1.3620812e10	15334.711	-13.731999
-1.3559825e10	15310.352	-13.743198
-1.3498837e10	15285.911	-13.75417
-1.343785e10	15261.511	-13.765265
-1.3376863e10	15237.155	-13.7764845
-1.3315875e10	15212.672	-13.787647
-1.3254887e10	15188.05	-13.7987385
-1.31939e10	15163.476	-13.809954
-1.3132914e10	15138.94	-13.821296
-1.3071925e10	15114.1875	-13.832434
-1.3010938e10	15089.469	-13.843688
-1.2949951e10	15064.805	-13.85507
-1.2888963e10	15040.12	-13.866423
-1.2827976e10	15015.422	-13.877751
-1.2766988e10	14990.767	-13.889211
-1.2706001e10	14966.136	-13.900766
-1.2645014e10	14941.317	-13.912148
-1.2584026e10	14916.551	-13.923661
-1.2523039e10	14891.828	-13.935308
-1.2462051e10	14866.986	-13.9468355
-1.2401064e10	14842.145	-13.958409
-1.2340077e10	14817.346	-13.9701185
-1.2279089e10	14792.578	-13.981821
-1.2218102e10	14767.82	-13.993476
-1.2157114e10	14743.111	-14.005268
-1.2096127e10	14718.422	-14.017137
-1.203514e10	14693.667	-14.028859
-1.1974152e10	14668.963	-14.04072
-1.1913165e10	14644.298	-14.052724
-1.1852177e10	14619.493	-14.064512
-1.179119e10	14594.73	-14.076433
-1.1730203e10	14570.013	-14.088498
-1.1669215e10	14545.287	-14.100427
-1.1608228e10	14520.587	-14.112434
-1.154724e10	14495.946	-14.124589
-1.1486253e10	14471.289	-14.136654
-1.1425266e10	14446.66	-14.148764
-1.1364278e10	14422.071	-14.161022
-1.1303291e10	14397.623	-14.173239
-1.1242303e10	14373.271	-14.185493
-1.1181316e10	14348.971	-14.1979
-1.1120329e10	14324.822	-14.210267
-1.1059341e10	14300.796	-14.222662
-1.0998354e10	14276.817	-14.235212
-1.0937367e10	14252.862	-14.2476845
-1.0876379e10	14228.942	-14.260174
-1.0815392e10	14205.066	-14.272822
-1.0754404e10	14181.051	-14.285347
-1.0693417e10	14157.002	-14.297906
-1.063243e10	14133.003	-14.310625
-1.0571442e10	14108.651	-14.323172
-1.0510455e10	14084.255	-14.335797
-1.0449467e10	14059.92	-14.348585
-1.038848e10	14035.064	-14.3611555
-1.0327493e10	14010.253	-14.373873
-1.0266505e10	13985.414	-14.386698
-1.0205518e10	13960.234	-14.399394
-1.014453e10	13935.122	-14.412253
-1.0083543e10	13910.016	-14.425163
-1.0022556e10	13884.8955	-14.438062
-9.961568e9	13859.834	-14.451129
-9.900581e9	13834.817	-14.46416
-9.839593e9	13809.852	-14.477261
-9.778606e9	13784.958	-14.490536
-9.717619e9	13759.885	-14.5036125
-9.656631e9	13734.881	-14.516861
-9.595644e9	13709.913	-14.530155
-9.534657e9	13684.969	-14.543383
-9.473669e9	13660.087	-14.556788
-9.412682e9	13635.372	-14.570108
-9.351694e9	13610.753	-14.58352
-9.290707e9	13586.219	-14.597047
-9.22972e9	13561.882	-14.610468
-9.168732e9	13537.6045	-14.624072
-9.107745e9	13513.347	-14.637603
-9.046757e9	13489.128	-14.651184
-8.98577e9	13464.929	-14.664883
-8.924783e9	13440.603	-14.678436
-8.863795e9	13416.334	-14.692177
-8.802808e9	13391.967	-14.705845
-8.74182e9	13367.595	-14.719602
-8.680833e9	13343.217	-14.733447
-8.619846e9	13318.729	-14.747255
-8.5588577e9	13294.309	-14.761258
-8.497871e9	13269.42	-14.775109
-8.4368835e9	13244.566	-14.78913
-8.3758956e9	13219.471	-14.803131
-8.3149087e9	13194.229	-14.817177
-8.253921e9	13168.991	-14.83132
-8.192934e9	13143.647	-14.845404
-8.1319465e9	13118.381	-14.859685
-8.0709586e9	13093.058	-14.873795
-8.0099717e9	13067.8125	-14.888106
-7.948984e9	13042.489	-14.902312
-7.887997e9	13017.204	-14.916626
-7.8270095e9	12991.735	-14.930897
-7.7660216e9	12966.164	-14.945176
-7.705035e9	12940.518	-14.959499
-7.644047e9	12914.72	-14.973773
-7.5830595e9	12888.994	-14.988167
-7.5220726e9	12863.273	-15.002507
-7.4610847e9	12837.658	-15.0170145
-7.400098e9	12812.119	-15.031463
-7.33911e9	12786.673	-15.046105
-7.2781225e9	12761.273	-15.060668
-7.2171356e9	12735.968	-15.075443
-7.1561477e9	12710.6	-15.090111
-7.095161e9	12685.333	-15.104996
-7.034173e9	12660.005	-15.119785
-6.9731855e9	12634.77	-15.134791
-6.9121976e9	12609.158	-15.149664
-6.851211e9	12583.603	-15.164739
-6.790224e9	12557.356	-15.179643
-6.729236e9	12531.111	-15.194721
-6.6682486e9	12504.226	-15.20966
-6.6072607e9	12477.291	-15.224743
-6.546274e9	12449.881	-15.239762
-6.485287e9	12422.426	-15.2549095
-6.424299e9	12394.79	-15.270096
-6.3633116e9	12367.36	-15.285414
-6.302324e9	12340.129	-15.300875
-6.241337e9	12312.952	-15.316372
-6.1803494e9	12285.886	-15.332036
-6.119362e9	12258.289	-15.347556
-6.0583747e9	12230.629	-15.363192
-5.9973873e9	12202.704	-15.378817
-5.9364e9	12174.605	-15.394433
-5.8754125e9	12146.455	-15.410138
-5.814425e9	12118.024	-15.425776
-5.7534377e9	12089.473	-15.441431
-5.6924503e9	12060.923	-15.457152
-5.631463e9	12032.442	-15.472887
-5.5704755e9	12004.146	-15.488665
-5.509488e9	11976.148	-15.504542
-5.4485007e9	11948.525	-15.520518
-5.3875133e9	11921.34	-15.536549
-5.326526e9	11894.263	-15.55259
-5.2655386e9	11867.43	-15.568692
-5.204551e9	11840.837	-15.584849
-5.143564e9	11814.411	-15.601052
-5.0825764e9	11788.114	-15.6172905
-5.021589e9	11761.876	-15.633553
-4.9606016e9	11735.62	-15.649809
-4.899614e9	11709.316	-15.666078
-4.838627e9	11682.671	-15.682319
-4.7776394e9	11655.507	-15.698505
-4.716652e9	11627.565	-15.7146
-4.6556646e9	11598.9	-15.730622
-4.5946767e9	11569.933	-15.746662
-4.53369e9	11541.154	-15.7628145
-4.4727025e9	11512.679	-15.779091
-4.411715e9	11484.429	-15.795462
-4.3507277e9	11456.212	-15.811884
-4.28974e9	11427.852	-15.82832
-4.228753e9	11399.139	-15.844727
-4.1677655e9	11370.204	-15.861134
-4.1067779e9	11341.411	-15.877617
-4.0457905e9	11312.909	-15.894206
-3.984803e9	11284.505	-15.910864
-3.923816e9	11256.002	-15.927549
-3.8628285e9	11227.281	-15.94424
-3.801841e9	11198.28	-15.960929
-3.7408535e9	11169.007	-15.977628
-3.679866e9	11139.345	-15.994318
-3.618879e9	11109.389	-16.011017
-3.5578916e9	11079.307	-16.027756
-3.496904e9	11049.009	-16.044527
-3.4359165e9	11018.381	-16.061317
-3.3749292e9	10987.502	-16.07814
-3.313942e9	10956.234	-16.09498
-3.2529544e9	10924.431	-16.111813
-3.191967e9	10892.109	-16.12864
-3.1309796e9	10859.231	-16.145458
-3.0699922e9	10825.524	-16.16223
-3.0090048e9	10790.842	-16.178932
-2.9480174e9	10755.256	-16.195585
-2.88703e9	10718.965	-16.21223
-2.8260426e9	10682.127	-16.228897
-2.7650552e9	10644.646	-16.245579
-2.7040678e9	10606.323	-16.262243
-2.6430804e9	10567.096	-16.278877
-2.582093e9	10526.927	-16.295475
-2.5211057e9	10485.606	-16.312014
-2.4601183e9	10442.894	-16.328465
-2.399131e9	10398.495	-16.34478
-2.3381432e9	10352.223	-16.36094
-2.277156e9	10304.195	-16.376978
-2.2161687e9	10254.694	-16.39294
-2.1551813e9	10203.727	-16.408827
-2.0941938e9	10151.282	-16.424631
-2.0332064e9	10097.454	-16.440365
-1.9722191e9	10041.632	-16.455906
-1.9112316e9	9983.12	-16.471138
-1.8502441e9	9922.113	-16.486113
-1.7892568e9	9859.136	-16.500929
-1.7282694e9	9793.969	-16.515533
-1.667282e9	9726.739	-16.52993
-1.6062947e9	9657.652	-16.544146
-1.5453073e9	9586.191	-16.558096
-1.4843199e9	9511.955	-16.571733
-1.4233324e9	9434.532	-16.585
-1.3623451e9	9352.471	-16.59765
-1.3013577e9	9265.458	-16.609617
-1.2403703e9	9174.476	-16.621075
-1.1793829e9	9080.152	-16.632103
-1.1183954e9	8981.683	-16.642555
-1.05740806e9	8878.287	-16.652367
-9.964207e8	8769.782	-16.661568
-9.354333e8	8655.084	-16.669996
-8.744459e8	8531.854	-16.677324
-8.134584e8	8400.241	-16.683596
-7.5247104e8	8260.147	-16.688892
-6.914837e8	8111.355	-16.693241
-6.3049626e8	7955.5034	-16.696901
-5.6950886e8	7788.612	-16.69924
-5.0852147e8	7603.513	-16.699223
-4.4753408e8	7403.842	-16.697609
-3.865467e8	7191.5244	-16.694948
-3.255593e8	6978.7344	-16.693064
-2.6457189e8	6756.343	-16.69074
-2.0358451e8	6510.195	-16.68603
-1.4259709e8	6261.231	-16.68203
-8.16097e7	6026.0874	-16.681211
-2.0622302e7	5784.2593	-16.681086
4.0365096e7	5571.972	-16.686398
1.01352504e8	5389.0244	-16.697252
1.6233989e8	5225.798	-16.71247
2.2332728e8	5083.029	-16.731993
2.843147e8	4963.438	-16.755983
3.4530208e8	4866.0327	-16.784637
4.0628947e8	4781.4585	-16.816362
4.6727686e8	4707.9067	-16.85088
5.282643e8	4642.8223	-16.887953
5.8925165e8	4583.834	-16.927341
6.502391e8	4530.283	-16.968737
7.1122643e8	4479.7793	-17.011738
7.722139e8	4431.8965	-17.056341
8.3320134e8	4387.1997	-17.102081
8.941887e8	4344.666	-17.149054
9.5517606e8	4303.819	-17.19754
1.01616346e9	4265.4634	-17.246914
1.0771508e9	4229.098	-17.29742
1.1381382e9	4194.0957	-17.349623
1.1991256e9	4161.3467	-17.402033
1.260113e9	4130.0454	-17.456087
1.3211004e9	4100.651	-17.511341
1.3820878e9	4073.039	-17.56711
1.4430753e9	4046.256	-17.625034
1.5040626e9	4021.9067	-17.682297
1.56505e9	3998.2744	-17.741697
1.6260374e9	3976.1162	-17.801397
1.6870249e9	3955.1755	-17.862082
1.7480122e9	3935.3066	-17.924067
1.8089997e9	3916.7234	-17.98568
1.8699871e9	3898.6277	-18.049818
1.9309743e9	3881.895	-18.112148
1.9919619e9	3865.5168	-18.177319
2.0529491e9	3850.2844	-18.241207
2.1139366e9	3835.3545	-18.306982
2.174924e9	3820.896	-18.372465
2.2359114e9	3807.0764	-18.438711
2.2968988e9	3793.8572	-18.505796
2.3578862e9	3780.964	-18.572393
2.4188736e9	3768.2795	-18.640863
2.479861e9	3756.2163	-18.707762
2.5408484e9	3744.3748	-18.777655
2.6018358e9	3732.3745	-18.844778
2.6628232e9	3720.4438	-18.915802
2.7238106e9	3708.5762	-18.983295
2.784798e9	3696.7017	-19.054794
2.8457853e9	3683.9463	-19.123085
2.9067727e9	3671.1658	-19.194874
2.9677604e9	3657.7986	-19.26402
3.0287475e9	3644.1748	-19.336208
3.089735e9	3629.315	-19.405806
3.1507223e9	3614.4111	-19.478176
3.2117097e9	3599.0845	-19.548298
3.272697e9	3583.7063	-19.621017
3.3336845e9	3567.9072	-19.691425
3.394672e9	3552.1257	-19.764458
3.4556595e9	3536.1057	-19.835125
3.516647e9	3520.0974	-19.908606
3.577634e9	3503.7727	-19.979446
3.6386214e9	3487.5205	-20.053476
3.699609e9	3471.0562	-20.124432
3.7605965e9	3454.6982	-20.199144
3.821584e9	3438.1062	-20.270163
3.882571e9	3421.7021	-20.3457
3.9435584e9	3405.419	-20.416672
4.004546e9	3389.347	-20.493069
4.0655334e9	3373.8682	-20.564056
4.1265208e9	3358.6128	-20.6404
4.187508e9	3344.1672	-20.712412
4.2484954e9	3330.024	-20.788551
4.309483e9	3316.8352	-20.861822
4.3704704e9	3304.1084	-20.937782
4.431458e9	3291.9182	-21.012463
4.492445e9	3280.163	-21.088097
4.5534326e9	3268.941	-21.164366
4.61442e9	3258.3262	-21.239655
4.6754074e9	3247.87	-21.317657
4.736395e9	3237.4229	-21.392231
4.797382e9	3227.2544	-21.471968
4.8583695e9	3217.218	-21.545929
4.919357e9	3207.5288	-21.625803
4.9803443e9	3196.089	-21.70055
5.0413317e9	3184.7097	-21.778994
5.102319e9	3173.514	-21.855787
5.1633065e9	3162.7122	-21.933151
5.224294e9	3152.035	-22.01205
5.2852813e9	3141.1062	-22.087645
5.3462687e9	3130.9717	-22.168516
5.407256e9	3124.4717	-22.243065
5.4682435e9	3118.4905	-22.323624
5.529231e9	3111.4075	-22.39935
5.590218e9	3104.3782	-22.477434
5.6512056e9	3099.6838	-22.555971
5.712193e9	3097.7646	-22.633053
5.7731804e9	3095.8535	-22.714792
5.834168e9	3089.9954	-22.788246
5.895155e9	3084.8137	-22.867525
5.9561426e9	3083.558	-22.943382
6.01713e9	3084.1123	-23.021801
6.0781174e9	3080.5833	-23.100502
6.139105e9	3069.6892	-23.174206
6.200092e9	3059.6177	-23.253778
6.2610796e9	3051.6995	-23.327742
6.3220675e9	3044.8809	-23.407194
6.3830543e9	3029.1545	-23.482838
6.444042e9	3006.5178	-23.555202
6.505029e9	2986.5193	-23.632149
6.5660165e9	2979.162	-23.705643
6.6270044e9	2973.0154	-23.784971
6.6879913e9	2953.7644	-23.859356
6.748979e9	2927.5278	-23.932613
6.809966e9	2905.0728	-24.00976
6.8709535e9	2898.791	-24.082075
6.9319414e9	2893.1477	-24.160032
6.9929283e9	2871.2373	-24.225979
7.053916e9	2840.8804	-24.285837
7.114903e9	2811.0356	-24.348104
7.1758904e9	2779.9604	-24.403322
7.2368783e9	2749.7004	-24.461767
7.297865e9	2728.4739	-24.523205
7.358853e9	2713.6052	-24.58819
7.41984e9	2698.1528	-24.656797
7.4808274e9	2665.6943	-24.715103
7.5418153e9	2633.896	-24.777023
7.602802e9	2608.3303	-24.838634
7.66379e9	2588.2258	-24.90014
7.7247775e9	2568.558	-24.96568
