-4.9421764e7	21778.963	-7.001024
-4.928017e7	21745.934	-7.0076036
-4.913857e7	21712.957	-7.014227
-4.8996976e7	21680.031	-7.0208945
-4.885538e7	21647.148	-7.027607
-4.8713784e7	21614.139	-7.034339
-4.8572184e7	21580.426	-7.0410156
-4.843059e7	21546.773	-7.0477366
-4.8288996e7	21513.168	-7.054504
-4.81474e7	21479.623	-7.061317
-4.80058e7	21445.742	-7.068123
-4.786421e7	21411.48	-7.0749116
-4.7722612e7	21377.28	-7.0817475
-4.7581016e7	21343.111	-7.0886297
-4.7439416e7	21309.016	-7.09556
-4.729782e7	21274.19	-7.1024346
-4.7156228e7	21239.182	-7.109326
-4.7014628e7	21204.236	-7.116265
-4.687303e7	21169.346	-7.1232524
-4.6731436e7	21134.422	-7.130269
-4.6589844e7	21098.994	-7.1372123
-4.6448244e7	21063.627	-7.1442046
-4.630665e7	21028.324	-7.1512456
-4.6165052e7	20993.078	-7.158337
-4.602346e7	20957.752	-7.165395
-4.588186e7	20922.377	-7.172437
-4.5740264e7	20887.066	-7.1795297
-4.5598668e7	20851.812	-7.186672
-4.5457076e7	20816.602	-7.19386
-4.5315476e7	20781.037	-7.200938
-4.517388e7	20745.537	-7.208067
-4.5032284e7	20710.094	-7.2152467
-4.489069e7	20674.719	-7.222479
-4.4749092e7	20639.242	-7.2296734
-4.4607496e7	20603.715	-7.2368526
-4.44659e7	20568.246	-7.2440834
-4.4324304e7	20532.844	-7.251367
-4.4182708e7	20497.453	-7.2586784
-4.404111e7	20461.812	-7.265904
-4.3899516e7	20426.236	-7.2731814
-4.375792e7	20390.72	-7.2805123
-4.3616324e7	20355.268	-7.2878976
-4.347473e7	20319.564	-7.2952046
-4.3333132e7	20283.842	-7.30253
-4.3191536e7	20248.174	-7.309909
-4.3049936e7	20212.578	-7.3173428
-4.2908344e7	20176.893	-7.324754
-4.2766748e7	20141.102	-7.3321342
-4.262515e7	20105.38	-7.3395696
-4.248355e7	20069.71	-7.3470607
-4.234196e7	20034.018	-7.3545704
-4.2200364e7	19998.066	-7.3620024
-4.2058764e7	19962.178	-7.36949
-4.191717e7	19926.367	-7.377034
-4.1775576e7	19890.602	-7.3846335
-4.163398e7	19854.562	-7.3921256
-4.149238e7	19818.59	-7.3996744
-4.1350784e7	19782.68	-7.40728
-4.120919e7	19746.842	-7.4149446
-4.1067596e7	19710.709	-7.4225197
-4.0925996e7	19674.58	-7.4301267
-4.07844e7	19638.514	-7.4377923
-4.0642804e7	19602.53	-7.4455166
-4.0501212e7	19566.37	-7.4531765
-4.0359612e7	19530.2	-7.460852
-4.0218016e7	19494.094	-7.468587
-4.007642e7	19458.059	-7.4763823
-3.9934824e7	19421.8	-7.4841185
-3.9793228e7	19385.467	-7.4918594
-3.965163e7	19349.2	-7.499661
-3.9510036e7	19313.002	-7.5075235
-3.936844e7	19276.643	-7.515332
-3.9226844e7	19240.232	-7.523145
-3.908525e7	19203.893	-7.5310197
-3.8943652e7	19167.623	-7.538957
-3.8802056e7	19131.143	-7.546832
-3.866046e7	19094.617	-7.5547175
-3.8518864e7	19058.16	-7.562666
-3.8377268e7	19021.777	-7.570678
-3.823567e7	18985.133	-7.578613
-3.8094076e7	18948.48	-7.5865736
-3.795248e7	18911.889	-7.5945983
-3.7810884e7	18875.383	-7.602688
-3.766929e7	18838.56	-7.610677
-3.7527692e7	18801.77	-7.6187162
-3.7386096e7	18765.062	-7.626821
-3.72445e7	18728.385	-7.6349735
-3.71029e7	18691.396	-7.64303
-3.6961308e7	18654.484	-7.6511526
-3.681971e7	18617.646	-7.6593413
-3.6678116e7	18580.752	-7.6675406
-3.6536516e7	18543.674	-7.6756873
-3.639492e7	18506.67	-7.683901
-3.625333e7	18469.738	-7.692182
-3.6111732e7	18432.61	-7.7004232
-3.5970132e7	18395.367	-7.7086573
-3.5828536e7	18358.193	-7.7169595
-3.5686944e7	18321.107	-7.725331
-3.5545348e7	18283.75	-7.7336116
-3.5403748e7	18246.434	-7.7419443
-3.526215e7	18209.197	-7.750347
-3.512056e7	18171.898	-7.7587724
-3.497896e7	18134.305	-7.7671304
-3.4837364e7	18096.791	-7.775559
-3.469577e7	18059.354	-7.784059
-3.4554172e7	18021.781	-7.792516
-3.4412576e7	17984.178	-7.800986
-3.427098e7	17946.658	-7.8095284
-3.4129384e7	17909.15	-7.818124
-3.3987788e7	17871.275	-7.8266234
-3.384619e7	17833.475	-7.8351955
-3.3704596e7	17795.766	-7.843842
-3.3563e7	17757.906	-7.852457
-3.3421404e7	17719.969	-7.861072
-3.327981e7	17682.121	-7.8697615
-3.3138212e7	17644.28	-7.8785048
-3.2996616e7	17606.07	-7.8871555
-3.2855018e7	17567.947	-7.8958817
-3.2713422e7	17529.904	-7.9046845
-3.2571828e7	17491.674	-7.913438
-3.2430232e7	17453.406	-7.9222107
-3.2288634e7	17415.225	-7.9310617
-3.2147038e7	17376.97	-7.939934
-3.2005444e7	17338.443	-7.9487495
-3.1863848e7	17299.996	-7.957644
-3.172225e7	17261.646	-7.966618
-3.1580654e7	17222.965	-7.975496
-3.143906e7	17184.354	-7.9844437
-3.1297464e7	17145.828	-7.993472
-3.1155866e7	17107.041	-8.002457
-3.101427e7	17068.148	-8.011452
-3.0872676e7	17029.35	-8.020528
-3.0731078e7	16990.46	-8.029616
-3.0589482e7	16951.38	-8.038668
-3.0447886e7	16912.39	-8.047802
-3.0306288e7	16873.404	-8.056993
-3.0164694e7	16834.012	-8.066095
-3.0023098e7	16794.701	-8.075283
-2.9881502e7	16755.498	-8.084555
-2.9739904e7	16715.92	-8.09373
-2.959831e7	16676.42	-8.102981
-2.9456714e7	16637.006	-8.112318
-2.9315118e7	16597.227	-8.121581
-2.917352e7	16557.42	-8.13089
-2.9031926e7	16517.707	-8.1402855
-2.889033e7	16477.775	-8.149642
-2.8748732e7	16437.787	-8.159025
-2.8607136e7	16397.898	-8.168497
-2.846554e7	16357.757	-8.177938
-2.8323946e7	16317.482	-8.187387
-2.8182348e7	16277.3125	-8.196928
-2.8040752e7	16236.963	-8.206449
-2.7899156e7	16196.49	-8.215974
-2.7757562e7	16156.118	-8.225591
-2.7615964e7	16115.5	-8.235187
-2.7474368e7	16074.707	-8.244784
-2.733277e7	16034.018	-8.254475
-2.7191178e7	15993.116	-8.264143
-2.704958e7	15952.094	-8.273823
-2.6907984e7	15911.187	-8.283597
-2.6766386e7	15869.971	-8.293334
-2.6624792e7	15828.644	-8.303093
-2.6483196e7	15787.43	-8.312947
-2.63416e7	15745.893	-8.322748
-2.6200002e7	15704.32	-8.332596
-2.6058406e7	15662.862	-8.342541
-2.5916812e7	15620.931	-8.352402
-2.5775216e7	15579.038	-8.362338
-2.5633618e7	15537.231	-8.372362
-2.5492022e7	15494.998	-8.382297
-2.5350428e7	15452.876	-8.392331
-2.520883e7	15410.7	-8.402411
-2.5067234e7	15368.131	-8.4124365
-2.4925638e7	15325.687	-8.422563
-2.4784042e7	15283.046	-8.432691
-2.4642446e7	15240.223	-8.442818
-2.450085e7	15197.522	-8.453048
-2.4359254e7	15154.381	-8.463221
-2.4217658e7	15111.2	-8.473447
-2.407606e7	15068.097	-8.483765
-2.3934466e7	15024.545	-8.493998
-2.3792868e7	14981.113	-8.504335
-2.3651274e7	14937.505	-8.514693
-2.3509676e7	14893.567	-8.525029
-2.3368082e7	14849.761	-8.535473
-2.3226484e7	14805.509	-8.545864
-2.308489e7	14761.219	-8.556316
-2.2943292e7	14716.936	-8.566843
-2.2801698e7	14672.131	-8.577304
-2.26601e7	14627.463	-8.587874
-2.2518506e7	14582.474	-8.598432
-2.2376908e7	14537.315	-8.6090145
-2.2235312e7	14492.25	-8.619699
-2.2093716e7	14446.594	-8.630298
-2.195212e7	14401.077	-8.641011
-2.1810524e7	14355.269	-8.651726
-2.1668928e7	14309.251	-8.662459
-2.1527332e7	14263.313	-8.673296
-2.1385736e7	14216.765	-8.684052
-2.124414e7	14170.369	-8.694925
-2.1102544e7	14123.599	-8.705785
-2.0960948e7	14076.664	-8.71668
-2.0819352e7	14029.72	-8.727652
-2.0677756e7	13982.267	-8.738576
-2.0536158e7	13934.982	-8.749621
-2.0394564e7	13887.136	-8.760616
-2.0252966e7	13839.288	-8.771692
-2.011137e7	13791.209	-8.782799
-1.9969774e7	13742.817	-8.793912
-1.9828178e7	13694.486	-8.805125
-1.9686582e7	13645.506	-8.816271
-1.9544986e7	13596.699	-8.827542
-1.940339e7	13547.355	-8.83877
-1.9261794e7	13498.018	-8.850083
-1.9120198e7	13448.347	-8.861411
-1.8978602e7	13398.389	-8.872765
-1.8837006e7	13348.369	-8.88419
-1.869541e7	13297.852	-8.895589
-1.8553814e7	13247.474	-8.90711
-1.8412218e7	13196.342	-8.918554
-1.8270622e7	13145.41	-8.930131
-1.8129026e7	13093.894	-8.941665
-1.7987428e7	13042.4375	-8.9533
-1.7845834e7	12990.51	-8.964928
-1.7704236e7	12938.46	-8.97662
-1.7562642e7	12886.109	-8.9883375
-1.7421044e7	12833.507	-9.0000925
-1.727945e7	12780.669	-9.011895
-1.7137852e7	12727.389	-9.023705
-1.6996258e7	12674.014	-9.035585
-1.685466e7	12620.151	-9.047459
-1.6713065e7	12566.227	-9.05942
-1.6571468e7	12511.65	-9.071353
-1.6429873e7	12457.1	-9.083388
-1.6288276e7	12401.911	-9.095396
-1.6146681e7	12346.767	-9.107511
-1.6005084e7	12290.878	-9.11959
-1.5863487e7	12235.047	-9.131779
-1.5721892e7	12178.573	-9.14394
-1.5580295e7	12122.115	-9.156206
-1.54387e7	12064.967	-9.168446
-1.5297103e7	12007.806	-9.180781
-1.5155508e7	11950.099	-9.193112
-1.5013911e7	11892.23	-9.205521
-1.4872316e7	11833.753	-9.217929
-1.4730719e7	11775.026	-9.230399
-1.4589123e7	11715.886	-9.242901
-1.4447527e7	11656.362	-9.255443
-1.4305931e7	11596.587	-9.268045
-1.4164335e7	11536.328	-9.280669
-1.4022739e7	11476.029	-9.293388
-1.3881142e7	11414.934	-9.306085
-1.3739546e7	11353.923	-9.318903
-1.359795e7	11291.96	-9.331675
-1.3456354e7	11229.989	-9.344556
-1.3314758e7	11167.3	-9.357434
-1.3173161e7	11104.301	-9.370379
-1.3031566e7	11040.94	-9.383379
-1.2889969e7	10976.873	-9.396392
-1.2748374e7	10912.782	-9.409513
-1.2606777e7	10847.621	-9.422597
-1.2465181e7	10782.433	-9.435794
-1.2323585e7	10716.598	-9.449015
-1.2181989e7	10650.298	-9.46229
-1.2040393e7	10583.82	-9.475659
-1.1898797e7	10516.361	-9.489009
-1.1757201e7	10448.796	-9.502463
-1.1615605e7	10380.727	-9.515962
-1.1474009e7	10312.151	-9.529502
-1.1332413e7	10243.444	-9.543141
-1.1190817e7	10174.164	-9.556813
-1.1049221e7	10104.467	-9.570545
-1.0907625e7	10034.5625	-9.584367
-1.0766028e7	9964.148	-9.598235
-1.0624432e7	9893.247	-9.612154
-1.0482836e7	9822.102	-9.62616
-1.034124e7	9750.691	-9.640248
-1.0199644e7	9678.721	-9.654378
-1.0058048e7	9606.458	-9.668586
-9.916452e6	9533.944	-9.6828785
-9.774856e6	9461.161	-9.697254
-9.633259e6	9388.098	-9.711714
-9.491663e6	9314.6	-9.726235
-9.350067e6	9240.852	-9.740848
-9.208471e6	9166.899	-9.755559
-9.066875e6	9092.715	-9.770368
-8.925279e6	9018.265	-9.785273
-8.783683e6	8943.538	-9.800272
-8.642086e6	8868.531	-9.815367
-8.50049e6	8793.257	-9.830562
-8.3588945e6	8717.782	-9.845865
-8.217298e6	8642.196	-9.86129
-8.075702e6	8566.581	-9.876847
-7.934106e6	8490.929	-9.892538
-7.79251e6	8415.246	-9.908363
-7.650914e6	8339.537	-9.924326
-7.509318e6	8263.799	-9.940428
-7.367722e6	8188.0356	-9.956672
-7.226126e6	8112.296	-9.973066
-7.08453e6	8036.5728	-9.989613
-6.942934e6	7960.926	-10.00632
-6.8013375e6	7885.3877	-10.023194
-6.6597415e6	7810.04	-10.040246
-6.518145e6	7734.92	-10.057487
-6.376549e6	7660.0967	-10.074927
-6.234953e6	7585.5444	-10.092569
-6.093357e6	7511.2935	-10.110417
-5.9517605e6	7437.37	-10.128476
-5.8101645e6	7363.898	-10.146768
-5.6685685e6	7290.924	-10.1653
-5.5269725e6	7218.4854	-10.184083
-5.3853765e6	7146.5225	-10.2031145
-5.2437805e6	7075.0737	-10.222402
-5.1021845e6	7004.154	-10.241952
-4.960588e6	6933.911	-10.26179
-4.818992e6	6864.3633	-10.281922
-4.677396e6	6795.5596	-10.302361
-4.5358e6	6727.441	-10.323092
-4.394204e6	6660.1	-10.344135
-4.2526075e6	6593.6123	-10.365502
-4.1110118e6	6528.073	-10.387219
-3.9694152e6	6463.3906	-10.409283
-3.8278192e6	6399.614	-10.4317045
-3.6862232e6	6336.7544	-10.454492
-3.5446272e6	6274.8364	-10.477652
-3.403031e6	6213.8345	-10.50118
-3.261435e6	6153.8555	-10.525103
-3.1198388e6	6094.8945	-10.549424
-2.9782428e6	6036.9937	-10.574159
-2.8366468e6	5980.1255	-10.599306
-2.6950505e6	5924.326	-10.624877
-2.5534545e6	5869.51	-10.650857
-2.4118582e6	5815.7227	-10.677261
-2.2702622e6	5762.878	-10.704076
-2.128666e6	5711.0347	-10.731319
-1.98707e6	5660.0776	-10.758968
-1.845474e6	5610.0566	-10.787035
-1.7038779e6	5560.849	-10.815498
-1.5622818e6	5512.5107	-10.844388
-1.4206856e6	5464.9346	-10.873689
-1.2790895e6	5418.116	-10.9034
-1.1374935e6	5371.9233	-10.933498
-995897.3	5326.387	-10.964001
-854301.25	5281.39	-10.994894
-712705.2	5237.0347	-11.026213
-571109.06	5193.1133	-11.057907
-429512.94	5149.7354	-11.090014
-287916.88	5106.6772	-11.122483
-146320.75	5064.101	-11.155369
-4724.6562	5021.828	-11.188626
136871.44	4980.1055	-11.222345
278467.53	4938.805	-11.256496
420063.66	4898.2334	-11.291188
561659.75	4858.2476	-11.326385
703255.8	4819.1743	-11.362212
844852.0	4780.812	-11.398617
986448.0	4743.45	-11.435713
1.1280441e6	4706.812	-11.473407
1.2696402e6	4671.114	-11.511794
1.4112364e6	4636.04	-11.55077
1.5528324e6	4601.822	-11.590434
1.6944285e6	4568.188	-11.6306925
1.8360246e6	4535.3623	-11.671648
1.9776206e6	4503.1035	-11.713213
2.119217e6	4471.568	-11.755465
2.260813e6	4440.5415	-11.798321
2.402409e6	4410.0933	-11.84182
2.5440052e6	4380.085	-11.885914
2.6856012e6	4350.4883	-11.930596
2.8271972e6	4321.3154	-11.975891
2.9687932e6	4292.382	-12.021724
3.1103895e6	4263.9033	-12.0682335
3.2519855e6	4235.498	-12.11507
3.393582e6	4207.555	-12.16244
3.535178e6	4179.7363	-12.210355
3.676774e6	4152.23	-12.258951
3.81837e6	4125.0527	-12.308303
3.959966e6	4097.9814	-12.358236
4.1015622e6	4071.4253	-12.408442
4.243158e6	4044.9883	-12.459358
4.3847545e6	4018.7722	-12.511125
4.5263505e6	3992.948	-12.56363
4.6679465e6	3967.1233	-12.616044
4.8095425e6	3941.5686	-12.6694765
4.951139e6	3916.3118	-12.724098
5.092735e6	3891.0078	-12.778064
5.234331e6	3866.0266	-12.833268
5.3759275e6	3841.359	-12.889812
5.5175235e6	3816.713	-12.945579
5.6591195e6	3792.41	-13.0029
5.8007155e6	3768.5405	-13.061167
5.9423115e6	3744.8228	-13.119243
6.0839075e6	3721.371	-13.179147
6.2255035e6	3698.6282	-13.238974
6.3671e6	3676.0874	-13.299899
6.508696e6	3653.746	-13.362077
6.650292e6	3632.3022	-13.424017
6.791888e6	3611.177	-13.488294
6.933484e6	3590.4375	-13.551782
7.0750805e6	3570.432	-13.617075
7.2166765e6	3551.2861	-13.683658
7.3582725e6	3532.7278	-13.750099
7.4998685e6	3514.4531	-13.819271
7.6414645e6	3498.0198	-13.887134
7.7830605e6	3481.885	-13.95816
7.9246565e6	3466.4817	-14.028174
8.0662535e6	3451.9055	-14.100191
8.2078495e6	3438.3955	-14.173101
8.3494455e6	3425.2979	-14.245935
8.491042e6	3412.4717	-14.3207245
8.632638e6	3400.794	-14.39409
8.774234e6	3389.4377	-14.47125
8.91583e6	3377.709	-14.54396
9.057426e6	3366.0708	-14.620925
9.199022e6	3355.104	-14.694477
9.340618e6	3343.91	-14.771468
9.482214e6	3331.7112	-14.844711
9.62381e6	3319.5933	-14.920583
9.765406e6	3307.5994	-14.994574
9.907002e6	3294.9634	-15.069958
1.0048598e7	3281.1995	-15.143118
1.0190195e7	3267.61	-15.217693
1.0331791e7	3254.2336	-15.291738
1.0473387e7	3240.1128	-15.366245
1.0614983e7	3225.07	-15.439468
1.0756579e7	3210.3938	-15.513879
1.0898175e7	3196.1404	-15.588291
1.1039771e7	3181.1626	-15.663241
1.1181367e7	3165.2473	-15.736727
1.1322963e7	3149.8118	-15.812014
1.1464559e7	3135.0457	-15.886902
1.1606155e7	3119.7544	-15.963509
1.1747751e7	3103.3838	-16.037327
1.1889347e7	3087.439	-16.114424
1.2030943e7	3072.565	-16.189745
1.217254e7	3057.5046	-16.26922
1.2314136e7	3041.043	-16.343248
1.2455732e7	3024.699	-16.423006
1.2597328e7	3009.9827	-16.498487
1.2738924e7	2995.3394	-16.580135
1.2880521e7	2979.1277	-16.655836
1.3022116e7	2962.7495	-16.735506
1.3163713e7	2947.721	-16.81409
1.3305309e7	2933.3423	-16.895432
1.3446905e7	2918.2546	-16.976423
1.3588502e7	2902.4175	-17.055836
1.3730097e7	2887.4292	-17.139149
1.3871694e7	2874.7014	-17.22077
1.4013289e7	2862.0295	-17.309551
1.4154886e7	2849.5793	-17.389723
1.4296481e7	2837.1843	-17.476887
1.4438078e7	2823.3684	-17.555828
1.4579673e7	2809.1443	-17.635736
1.472127e7	2795.994	-17.714972
1.4862865e7	2783.893	-17.79289
1.5004462e7	2771.686	-17.873003
1.5146057e7	2759.0637	-17.94596
1.5287654e7	2746.4995	-18.02466
