-1.4781291e11	15679.253	-14.347405
-1.4713002e11	15652.242	-14.358344
-1.4644712e11	15625.28	-14.369403
-1.457642e11	15597.37	-14.380281
-1.450813e11	15569.457	-14.391263
-1.4439842e11	15540.446	-14.402051
-1.4371552e11	15511.38	-14.412924
-1.430326e11	15480.3	-14.423308
-1.4234971e11	15449.007	-14.433718
-1.4166681e11	15417.694	-14.444088
-1.4098391e11	15386.442	-14.454543
-1.4030101e11	15357.083	-14.465405
-1.396181e11	15328.091	-14.4764385
-1.389352e11	15300.067	-14.487582
-1.382523e11	15272.244	-14.498849
-1.375694e11	15245.208	-14.510201
-1.368865e11	15218.321	-14.521679
-1.362036e11	15191.716	-14.533144
-1.3552071e11	15165.179	-14.544728
-1.34837805e11	15139.072	-14.556313
-1.34154895e11	15113.033	-14.568026
-1.3347199e11	15087.109	-14.579673
-1.327891e11	15061.241	-14.591442
-1.321062e11	15035.449	-14.603157
-1.31423306e11	15009.688	-14.614975
-1.307404e11	14983.8545	-14.626734
-1.30057495e11	14958.06	-14.638585
-1.293746e11	14932.296	-14.650418
-1.286917e11	14906.527	-14.662321
-1.2800879e11	14880.698	-14.674216
-1.2732589e11	14854.889	-14.686166
-1.26642995e11	14829.103	-14.698145
-1.2596009e11	14803.304	-14.710147
-1.252772e11	14777.498	-14.722198
-1.2459429e11	14751.74	-14.734256
-1.2391139e11	14726.042	-14.746398
-1.2322849e11	14700.301	-14.758509
-1.22545594e11	14674.6	-14.770733
-1.21862685e11	14648.735	-14.782882
-1.2117978e11	14622.829	-14.795135
-1.2049689e11	14596.463	-14.807298
-1.1981399e11	14570.074	-14.819541
-1.1913108e11	14543.549	-14.831791
-1.1844818e11	14517.005	-14.844102
-1.1776528e11	14490.46	-14.85648
-1.1708238e11	14464.049	-14.868918
-1.1639949e11	14437.736	-14.8814745
-1.1571658e11	14411.583	-14.894056
-1.1503368e11	14385.526	-14.906765
-1.14350785e11	14359.6875	-14.919497
-1.1366788e11	14333.949	-14.932316
-1.1298497e11	14308.338	-14.945168
-1.1230207e11	14282.9375	-14.95806
-1.1161918e11	14257.7	-14.971037
-1.1093628e11	14232.569	-14.983964
-1.1025338e11	14207.506	-14.99699
-1.0957047e11	14182.445	-15.009935
-1.0888757e11	14157.411	-15.022943
-1.0820468e11	14132.364	-15.035947
-1.0752178e11	14107.449	-15.048977
-1.0683887e11	14082.637	-15.062103
-1.0615597e11	14057.91	-15.07519
-1.0547307e11	14033.209	-15.088374
-1.0479017e11	14008.438	-15.101538
-1.0410728e11	13983.507	-15.114712
-1.0342437e11	13958.48	-15.127932
-1.0274147e11	13933.272	-15.141102
-1.02058566e11	13908.049	-15.154367
-1.01375664e11	13882.679	-15.167622
-1.0069277e11	13857.23	-15.180926
-1.0000986e11	13831.735	-15.194306
-9.932697e10	13805.993	-15.2076435
-9.864406e10	13780.203	-15.221071
-9.7961165e10	13754.236	-15.234495
-9.727826e10	13728.1455	-15.2479515
-9.659536e10	13702.019	-15.261499
-9.591246e10	13675.673	-15.275003
-9.522956e10	13649.266	-15.288597
-9.4546665e10	13622.717	-15.302225
-9.3863756e10	13596.056	-15.3158655
-9.318086e10	13569.421	-15.329609
-9.249795e10	13542.8	-15.343382
-9.181506e10	13516.307	-15.35723
-9.113215e10	13489.931	-15.371189
-9.044926e10	13463.616	-15.385119
-8.9766355e10	13437.404	-15.399135
-8.908345e10	13411.293	-15.413223
-8.840055e10	13385.193	-15.427288
-8.771765e10	13359.167	-15.441454
-8.703476e10	13333.209	-15.455684
-8.635185e10	13307.242	-15.469922
-8.5668954e10	13281.331	-15.484254
-8.4986044e10	13255.48	-15.498629
-8.430315e10	13229.599	-15.513006
-8.362024e10	13203.734	-15.527464
-8.293735e10	13177.89	-15.541945
-8.225445e10	13151.997	-15.556424
-8.1571545e10	13126.146	-15.570984
-8.088864e10	13100.397	-15.585581
-8.020574e10	13074.474	-15.600146
-7.952285e10	13048.511	-15.614773
-7.883994e10	13022.505	-15.629421
-7.8157046e10	12996.551	-15.644078
-7.747414e10	12970.719	-15.658834
-7.679124e10	12945.051	-15.673682
-7.610834e10	12919.317	-15.6884985
-7.542544e10	12893.707	-15.703397
-7.474254e10	12868.209	-15.718376
-7.405964e10	12842.66	-15.733304
-7.337674e10	12817.33	-15.748307
-7.269383e10	12792.198	-15.763398
-7.201094e10	12767.247	-15.778523
-7.132803e10	12742.624	-15.793706
-7.064514e10	12717.929	-15.808927
-6.996223e10	12693.002	-15.824151
-6.9279334e10	12667.676	-15.839242
-6.859643e10	12641.856	-15.8542795
-6.791353e10	12615.802	-15.869319
-6.7230634e10	12589.806	-15.884407
-6.654773e10	12563.905	-15.899535
-6.586483e10	12538.421	-15.914821
-6.518193e10	12513.32	-15.93026
-6.449903e10	12488.376	-15.9457655
-6.3816126e10	12463.614	-15.961335
-6.313323e10	12438.656	-15.976942
-6.2450323e10	12413.419	-15.992567
-6.1767426e10	12387.885	-16.008179
-6.108452e10	12361.158	-16.023598
-6.0401623e10	12333.891	-16.038994
-5.9718726e10	12306.156	-16.054388
-5.903582e10	12277.832	-16.069763
-5.8352923e10	12249.66	-16.085241
-5.767002e10	12221.3	-16.100788
-5.698712e10	12193.003	-16.116447
-5.630422e10	12164.92	-16.132248
-5.562132e10	12136.409	-16.148024
-5.4938415e10	12108.218	-16.163925
-5.4255518e10	12079.986	-16.179903
-5.3572612e10	12051.897	-16.195993
-5.2889715e10	12024.118	-16.212234
-5.2206817e10	11995.732	-16.228428
-5.152391e10	11967.389	-16.244684
-5.0841014e10	11938.287	-16.26088
-5.0158113e10	11909.158	-16.277174
-4.9475215e10	11879.838	-16.293547
-4.8792314e10	11850.002	-16.309933
-4.8109412e10	11820.164	-16.326433
-4.742651e10	11789.402	-16.342867
-4.674361e10	11758.944	-16.35947
-4.6060708e10	11727.895	-16.376066
-4.5377806e10	11697.483	-16.392878
-4.4694905e10	11666.458	-16.409655
-4.4012007e10	11635.698	-16.426573
-4.3329106e10	11605.126	-16.443623
-4.2646204e10	11575.02	-16.460842
-4.1963307e10	11545.064	-16.478138
-4.1280406e10	11515.245	-16.495472
-4.0597504e10	11485.349	-16.512796
-3.9914602e10	11455.244	-16.530092
-3.92317e10	11424.993	-16.547379
-3.85488e10	11394.777	-16.564709
-3.78659e10	11364.798	-16.582127
-3.7183e10	11334.891	-16.599604
-3.65001e10	11304.756	-16.617073
-3.5817198e10	11274.011	-16.634457
-3.5134296e10	11242.441	-16.651701
-3.44514e10	11209.842	-16.668756
-3.3768497e10	11176.291	-16.685633
-3.3085596e10	11141.782	-16.702347
-3.2402694e10	11106.728	-16.719017
-3.1719795e10	11071.248	-16.735708
-3.1036893e10	11035.538	-16.752476
-3.0353992e10	10999.026	-16.769197
-2.967109e10	10961.282	-16.785751
-2.898819e10	10922.12	-16.802097
-2.830529e10	10881.743	-16.818285
-2.762239e10	10839.954	-16.834305
-2.693949e10	10796.933	-16.850233
-2.6256589e10	10753.283	-16.866226
-2.5573687e10	10708.887	-16.882298
-2.4890786e10	10663.236	-16.898357
-2.4207886e10	10615.994	-16.91434
-2.3524985e10	10566.79	-16.93019
-2.2842083e10	10515.394	-16.945902
-2.2159184e10	10461.411	-16.961433
-2.1476282e10	10404.042	-16.976606
-2.0793383e10	10342.34	-16.991232
-2.0110481e10	10276.198	-17.005318
-1.942758e10	10207.002	-17.019175
-1.8744678e10	10135.658	-17.033113
-1.8061779e10	10063.357	-17.047361
-1.737888e10	9990.138	-17.061836
-1.6695978e10	9914.387	-17.07626
-1.6013076e10	9835.615	-17.090462
-1.5330176e10	9754.739	-17.10453
-1.4647277e10	9671.408	-17.118492
-1.3964375e10	9586.271	-17.132532
-1.3281475e10	9500.723	-17.1468
-1.2598573e10	9412.147	-17.1607
-1.1915673e10	9319.052	-17.17387
-1.1232772e10	9221.171	-17.186308
-1.0549871e10	9117.84	-17.197857
-9.866971e9	9008.695	-17.208614
-9.18407e9	8894.888	-17.219051
-8.5011697e9	8775.193	-17.228893
-7.8182687e9	8643.506	-17.237173
-7.1353677e9	8503.477	-17.244513
-6.452467e9	8358.329	-17.251495
-5.769566e9	8209.917	-17.258469
-5.0866657e9	8058.364	-17.265606
-4.403765e9	7906.63	-17.273197
-3.720864e9	7750.137	-17.28037
-3.0379635e9	7592.493	-17.287926
-2.3550628e9	7431.6533	-17.295612
-1.672162e9	7260.117	-17.301983
-9.8926144e8	7067.6567	-17.305147
-3.063607e8	6858.254	-17.30556
3.7654003e8	6632.9976	-17.303156
1.0594407e9	6401.305	-17.299501
1.7423414e9	6156.4565	-17.2935
2.425242e9	5899.177	-17.285398
3.1081428e9	5651.739	-17.279253
3.7910436e9	5404.765	-17.274475
4.4739446e9	5157.6343	-17.271051
5.156845e9	4918.472	-17.270905
5.8397455e9	4701.5005	-17.2763
6.5226465e9	4515.065	-17.289265
7.2055475e9	4369.019	-17.311743
7.8884475e9	4267.3525	-17.344757
8.5713485e9	4193.743	-17.385881
9.254249e9	4134.4746	-17.432472
9.93715e9	4085.7834	-17.483213
1.062005e10	4044.1277	-17.537104
1.1302952e10	4007.7444	-17.593756
1.1985852e10	3974.755	-17.65272
1.2668753e10	3944.4417	-17.713675
1.3351654e10	3916.3005	-17.77639
1.4034555e10	3890.4846	-17.840574
1.4717454e10	3866.3484	-17.90591
1.5400356e10	3844.1167	-17.972595
1.6083256e10	3823.2166	-18.040451
1.6766158e10	3803.5771	-18.109488
1.7449058e10	3785.0244	-18.179703
1.8131958e10	3767.371	-18.251066
1.881486e10	3750.7434	-18.323593
1.949776e10	3734.6277	-18.396196
2.018066e10	3719.244	-18.469652
2.0863562e10	3703.9827	-18.544037
2.1546461e10	3688.8557	-18.619337
2.2229363e10	3673.9727	-18.695534
2.2912264e10	3658.929	-18.77178
2.3595164e10	3643.7527	-18.847855
2.4278065e10	3628.1108	-18.924603
2.4960967e10	3612.0532	-19.002008
2.5643866e10	3595.6377	-19.080048
2.6326768e10	3578.365	-19.157562
2.7009667e10	3560.7644	-19.234667
2.7692569e10	3542.7815	-19.3122
2.837547e10	3524.64	-19.390175
2.9058372e10	3506.639	-19.468649
2.9741271e10	3488.1606	-19.54567
3.0424173e10	3469.589	-19.623007
3.110707e10	3450.4316	-19.700869
3.1789971e10	3430.7058	-19.779242
3.2472873e10	3411.0386	-19.85755
3.3155774e10	3390.5618	-19.934763
3.3838674e10	3370.8132	-20.01272
3.4521575e10	3351.3582	-20.09133
3.5204477e10	3331.4382	-20.170366
3.588738e10	3312.7744	-20.248123
3.657028e10	3293.2358	-20.326326
3.725318e10	3274.0688	-20.405333
3.793608e10	3255.9639	-20.485415
3.861898e10	3236.169	-20.563816
3.930188e10	3217.8877	-20.643135
3.998478e10	3199.371	-20.723316
4.066768e10	3180.1628	-20.80408
4.1350582e10	3163.5044	-20.884737
4.2033484e10	3144.9045	-20.964943
4.2716385e10	3127.4958	-21.046236
4.3399287e10	3112.1406	-21.128906
4.408219e10	3094.189	-21.20926
4.476509e10	3079.6272	-21.29081
4.5447987e10	3064.8267	-21.373314
4.613089e10	3048.1575	-21.45609
4.6813786e10	3036.2397	-21.538391
4.7496688e10	3020.9814	-21.620255
4.817959e10	3006.2322	-21.703259
4.886249e10	2995.4644	-21.788614
4.9545392e10	2978.4102	-21.870422
5.0228294e10	2965.0183	-21.953974
5.0911195e10	2952.8823	-22.038607
5.1594093e10	2935.28	-22.12026
5.2276994e10	2924.2366	-22.202623
5.2959896e10	2911.6384	-22.285336
5.3642797e10	2896.2512	-22.367592
5.4325694e10	2890.0955	-22.44912
5.50086e10	2877.83	-22.528486
5.5691497e10	2865.2695	-22.608435
5.6374395e10	2859.1794	-22.691465
5.70573e10	2839.8926	-22.772383
5.7740198e10	2825.0583	-22.85436
5.8423103e10	2816.3032	-22.93684
5.9106e10	2798.6067	-23.007668
5.9788902e10	2780.1775	-23.077805
6.04718e10	2763.4197	-23.149237
6.1154705e10	2752.9146	-23.224363
6.1837603e10	2731.8662	-23.296724
6.252051e10	2714.2175	-23.3692
6.3203406e10	2704.3455	-23.441938
