-1.3224365e10	15749.059	-12.190564
-1.3169732e10	15723.72	-12.201091
-1.3115097e10	15698.425	-12.211729
-1.3060463e10	15673.13	-12.222468
-1.3005829e10	15647.218	-12.233104
-1.2951195e10	15621.345	-12.243853
-1.2896561e10	15595.412	-12.254684
-1.2841928e10	15568.825	-12.265425
-1.2787293e10	15542.283	-12.276281
-1.2732659e10	15515.5625	-12.287179
-1.2678025e10	15488.209	-12.297957
-1.2623392e10	15460.905	-12.308852
-1.2568757e10	15433.524	-12.319777
-1.2514124e10	15405.987	-12.330678
-1.2459489e10	15378.502	-12.3417
-1.2404856e10	15351.218	-12.352759
-1.2350221e10	15324.112	-12.363875
-1.2295588e10	15297.045	-12.375116
-1.2240953e10	15270.209	-12.386309
-1.218632e10	15243.467	-12.397569
-1.2131685e10	15216.787	-12.408958
-1.2077052e10	15190.289	-12.420239
-1.2022417e10	15163.84	-12.431644
-1.1967783e10	15137.455	-12.443119
-1.191315e10	15111.143	-12.454517
-1.1858516e10	15084.871	-12.466047
-1.1803881e10	15058.631	-12.47757
-1.1749248e10	15032.419	-12.489085
-1.1694614e10	15006.24	-12.500735
-1.163998e10	14980.026	-12.512283
-1.1585346e10	14953.836	-12.523911
-1.1530712e10	14927.669	-12.535633
-1.1476078e10	14901.41	-12.54724
-1.1421444e10	14875.196	-12.558984
-1.136681e10	14848.953	-12.570721
-1.1312176e10	14822.676	-12.58245
-1.1257542e10	14796.44	-12.594317
-1.1202907e10	14770.121	-12.606071
-1.1148275e10	14743.825	-12.617932
-1.109364e10	14717.554	-12.62985
-1.1039006e10	14691.244	-12.641714
-1.0984372e10	14664.994	-12.65372
-1.0929738e10	14638.666	-12.66566
-1.0875104e10	14612.342	-12.677666
-1.0820471e10	14586.035	-12.68976
-1.0765836e10	14559.613	-12.701763
-1.0711202e10	14533.237	-12.713913
-1.0656568e10	14506.817	-12.726014
-1.0601934e10	14480.398	-12.738173
-1.05473e10	14454.006	-12.750423
-1.0492666e10	14427.537	-12.76259
-1.0438032e10	14401.119	-12.774908
-1.0383399e10	14374.545	-12.787155
-1.0328764e10	14347.941	-12.799472
-1.027413e10	14321.309	-12.811853
-1.0219496e10	14294.508	-12.824174
-1.0164862e10	14267.767	-12.836648
-1.0110227e10	14240.817	-12.849014
-1.0055595e10	14213.882	-12.861499
-1.0000961e10	14186.845	-12.873994
-9.946326e9	14159.696	-12.886491
-9.891693e9	14132.569	-12.899112
-9.837058e9	14105.305	-12.91164
-9.782425e9	14078.096	-12.924329
-9.72779e9	14050.789	-12.936956
-9.673157e9	14023.494	-12.949681
-9.618523e9	13996.204	-12.962443
-9.563889e9	13968.906	-12.975218
-9.509254e9	13941.671	-12.988114
-9.454621e9	13914.471	-13.000953
-9.399986e9	13887.332	-13.013958
-9.345353e9	13860.231	-13.026889
-9.290719e9	13833.184	-13.039957
-9.236085e9	13806.14	-13.053017
-9.18145e9	13779.127	-13.066143
-9.126817e9	13752.111	-13.079323
-9.072182e9	13725.066	-13.092498
-9.017549e9	13698.033	-13.105789
-8.962915e9	13670.909	-13.119011
-8.908281e9	13643.847	-13.132407
-8.853647e9	13616.685	-13.145685
-8.799013e9	13589.582	-13.159142
-8.744378e9	13562.495	-13.172534
-8.689745e9	13535.465	-13.186063
-8.63511e9	13508.42	-13.199562
-8.580477e9	13481.409	-13.213155
-8.525843e9	13454.4	-13.226753
-8.471209e9	13427.406	-13.240408
-8.416575e9	13400.3955	-13.2541
-8.361941e9	13373.37	-13.267817
-8.3073065e9	13346.3125	-13.281597
-8.2526725e9	13319.19	-13.295378
-8.198039e9	13292.062	-13.309243
-8.143405e9	13264.86	-13.323093
-8.088771e9	13237.671	-13.337043
-8.034137e9	13210.422	-13.350966
-7.979503e9	13183.152	-13.36499
-7.9248686e9	13155.708	-13.378968
-7.8702356e9	13128.212	-13.393044
-7.815601e9	13100.491	-13.407073
-7.760967e9	13072.723	-13.421197
-7.706333e9	13044.763	-13.435287
-7.651699e9	13016.768	-13.449466
-7.597065e9	12988.631	-13.463633
-7.5424307e9	12960.479	-13.477872
-7.487798e9	12932.266	-13.4921255
-7.4331633e9	12904.079	-13.506438
-7.3785293e9	12875.931	-13.520804
-7.3238953e9	12847.796	-13.535204
-7.2692613e9	12819.7	-13.549688
-7.2146273e9	12791.515	-13.564165
-7.159993e9	12763.342	-13.578762
-7.10536e9	12734.96	-13.593302
-7.0507254e9	12706.598	-13.608005
-6.9960914e9	12677.931	-13.622609
-6.9414574e9	12649.284	-13.637378
-6.8868234e9	12620.442	-13.652119
-6.832189e9	12591.592	-13.666977
-6.777555e9	12562.666	-13.681877
-6.722922e9	12533.709	-13.696839
-6.6682875e9	12504.745	-13.7119055
-6.6136535e9	12475.73	-13.726966
-6.5590195e9	12446.76	-13.742184
-6.5043855e9	12417.688	-13.757328
-6.449751e9	12388.629	-13.7726
-6.3951176e9	12359.478	-13.787867
-6.3404836e9	12330.25	-13.803163
-6.2858496e9	12300.989	-13.818544
-6.2312156e9	12271.491	-13.833851
-6.1765816e9	12242.0	-13.849289
-6.1219476e9	12212.397	-13.864703
-6.0673137e9	12182.756	-13.880195
-6.0126797e9	12153.081	-13.895777
-5.9580457e9	12123.123	-13.911322
-5.9034117e9	12093.1045	-13.926995
-5.8487777e9	12062.822	-13.942672
-5.7941437e9	12032.37	-13.958405
-5.73951e9	12001.834	-13.974258
-5.684876e9	11970.921	-13.990049
-5.630242e9	11939.884	-14.0059395
-5.575608e9	11908.709	-14.021909
-5.520974e9	11877.156	-14.037813
-5.46634e9	11845.54	-14.053812
-5.411706e9	11813.852	-14.069896
-5.357072e9	11782.087	-14.085969
-5.302438e9	11750.216	-14.102122
-5.247804e9	11718.183	-14.118352
-5.19317e9	11685.866	-14.134622
-5.138536e9	11653.413	-14.150917
-5.083902e9	11621.084	-14.167325
-5.029268e9	11588.844	-14.183838
-4.974634e9	11556.6045	-14.200436
-4.92e9	11524.166	-14.217071
-4.865366e9	11491.609	-14.233727
-4.810732e9	11459.049	-14.25045
-4.756098e9	11426.508	-14.267237
-4.701464e9	11393.878	-14.284064
-4.6468306e9	11361.041	-14.300917
-4.592196e9	11328.022	-14.317797
-4.537562e9	11294.95	-14.334722
-4.482928e9	11261.809	-14.351691
-4.428294e9	11228.373	-14.368675
-4.37366e9	11194.573	-14.385669
-4.319026e9	11160.431	-14.402683
-4.2643924e9	11126.164	-14.419761
-4.2097585e9	11091.756	-14.436908
-4.1551242e9	11057.307	-14.454147
-4.1004905e9	11022.653	-14.471457
-4.0458565e9	10987.766	-14.488831
-3.9912223e9	10952.622	-14.506261
-3.9365883e9	10917.198	-14.523735
-3.8819546e9	10881.34	-14.5412245
-3.8273206e9	10845.185	-14.558743
-3.7726863e9	10808.898	-14.576309
-3.7180526e9	10772.805	-14.593966
-3.6634186e9	10736.742	-14.611688
-3.6087844e9	10700.524	-14.629448
-3.5541504e9	10664.063	-14.647237
-3.4995167e9	10627.505	-14.665079
-3.4448827e9	10590.902	-14.682988
-3.3902484e9	10554.265	-14.700971
-3.3356147e9	10517.448	-14.719007
-3.2809807e9	10480.287	-14.737074
-3.2263465e9	10442.775	-14.755172
-3.1717128e9	10404.8955	-14.773299
-3.1170788e9	10366.525	-14.791442
-3.0624448e9	10327.815	-14.809627
-3.0078108e9	10288.804	-14.8278675
-2.9531766e9	10249.236	-14.846133
-2.8985428e9	10208.742	-14.864382
-2.8439089e9	10167.353	-14.882618
-2.789275e9	10124.624	-14.90079
-2.734641e9	10080.982	-14.918961
-2.680007e9	10036.281	-14.937114
-2.625373e9	9991.916	-14.955429
-2.570739e9	9946.866	-14.973778
-2.516105e9	9901.003	-14.992126
-2.461471e9	9853.737	-15.010401
-2.406837e9	9805.084	-15.028605
-2.352203e9	9755.119	-15.046757
-2.297569e9	9704.233	-15.064931
-2.242935e9	9652.427	-15.083127
-2.188301e9	9599.991	-15.101378
-2.133667e9	9546.771	-15.119651
-2.0790331e9	9492.49	-15.1378975
-2.0243992e9	9436.708	-15.156041
-1.9697651e9	9379.325	-15.174074
-1.9151311e9	9319.946	-15.191954
-1.8604972e9	9258.979	-15.209738
-1.8058632e9	9196.71	-15.227494
-1.7512293e9	9132.594	-15.24512
-1.6965952e9	9065.848	-15.262494
-1.6419613e9	8997.009	-15.279672
-1.5873272e9	8926.661	-15.296743
-1.5326932e9	8853.771	-15.313556
-1.4780593e9	8777.079	-15.329949
-1.4234253e9	8696.317	-15.345892
-1.3687913e9	8611.039	-15.36134
-1.3141574e9	8522.211	-15.376491
-1.2595233e9	8429.79	-15.391424
-1.2048893e9	8333.452	-15.406075
-1.1502554e9	8233.776	-15.420511
-1.0956214e9	8132.19	-15.434989
-1.0409874e9	8027.791	-15.449311
-9.863535e8	7920.4653	-15.463407
-9.317195e8	7810.0933	-15.477331
-8.770855e8	7695.661	-15.490867
-8.224515e8	7574.842	-15.503607
-7.6781754e8	7447.4004	-15.515577
-7.1318355e8	7316.1665	-15.527211
-6.5854957e8	7178.453	-15.538099
-6.039156e8	7031.9785	-15.547994
-5.492816e8	6879.746	-15.557326
-4.9464765e8	6717.169	-15.565466
-4.4001363e8	6546.06	-15.572648
-3.8537968e8	6363.0273	-15.578626
-3.307457e8	6171.7983	-15.583811
-2.761117e8	5972.678	-15.588308
-2.2147773e8	5769.9653	-15.592939
-1.6684374e8	5574.6943	-15.599068
-1.1220976e8	5390.4165	-15.607398
-5.757578e7	5217.7886	-15.618185
-2.9418015e6	5051.742	-15.630879
5.169218e7	4886.992	-15.644715
1.0632616e8	4736.2935	-15.661279
1.6096014e8	4608.351	-15.681871
2.1559413e8	4503.331	-15.706889
2.702281e8	4417.3706	-15.7359915
3.2486208e8	4344.533	-15.768433
3.7949606e8	4282.917	-15.803851
4.3413005e8	4230.25	-15.841901
4.8876403e8	4183.381	-15.882096
5.43398e8	4140.392	-15.924083
5.98032e8	4100.528	-15.967683
6.526659e8	4062.8909	-16.01271
7.073e8	4027.4333	-16.059141
7.6193395e8	3993.818	-16.106905
8.165679e8	3961.8694	-16.155956
8.712019e8	3931.4065	-16.20627
9.258359e8	3902.3916	-16.25781
9.804699e8	3874.7463	-16.310543
1.0351038e9	3848.4229	-16.36448
1.0897379e9	3823.3677	-16.419603
1.1443718e9	3799.4827	-16.475874
1.1990058e9	3776.7068	-16.533287
1.2536398e9	3754.912	-16.591848
1.3082738e9	3733.9402	-16.651304
1.3629076e9	3713.8254	-16.711546
1.4175416e9	3694.3435	-16.772745
1.4721757e9	3675.4536	-16.834948
1.5268097e9	3657.088	-16.898184
1.5814437e9	3639.1934	-16.962473
1.6360777e9	3621.935	-17.027012
1.6907116e9	3605.0566	-17.092093
1.7453457e9	3588.5566	-17.158173
1.7999796e9	3572.4072	-17.225365
1.8546135e9	3556.5125	-17.292591
1.9092476e9	3541.0713	-17.36012
1.9638815e9	3525.8828	-17.42886
2.0185156e9	3510.87	-17.498646
2.0731494e9	3496.3743	-17.567423
2.1277834e9	3482.0754	-17.637575
2.1824174e9	3467.98	-17.70924
2.2370514e9	3454.5933	-17.779472
2.2916854e9	3441.5703	-17.85126
2.3463194e9	3428.9272	-17.924849
2.4009533e9	3417.711	-17.996876
2.4555873e9	3406.929	-18.070667
2.5102213e9	3396.6287	-18.146032
2.5648553e9	3387.4167	-18.219519
2.6194893e9	3377.9553	-18.294645
2.6741233e9	3368.0588	-18.370623
2.7287572e9	3357.6738	-18.444675
2.7833912e9	3346.3494	-18.520311
2.8380252e9	3333.49	-18.59619
2.8926592e9	3320.294	-18.67067
2.9472932e9	3306.6638	-18.746792
3.0019272e9	3292.0283	-18.822609
3.0565612e9	3278.2627	-18.897573
3.1111951e9	3264.5703	-18.974253
3.165829e9	3250.159	-19.05
3.220463e9	3237.015	-19.125456
3.2750968e9	3224.219	-19.202684
3.329731e9	3210.4363	-19.278229
3.384365e9	3197.791	-19.354185
3.4389993e9	3185.5833	-19.432016
3.4936328e9	3171.2195	-19.507156
3.548267e9	3157.4927	-19.583302
3.602901e9	3144.2546	-19.66135
3.6575347e9	3127.9866	-19.735756
3.712169e9	3112.4602	-19.812029
3.766803e9	3097.7456	-19.889833
3.8214367e9	3079.3848	-19.964542
3.876071e9	3061.4783	-20.041374
3.930705e9	3044.47	-20.119083
3.985339e9	3024.263	-20.19443
4.0399726e9	3005.6172	-20.271673
4.0946068e9	2990.87	-20.34892
4.1492408e9	2975.5078	-20.424889
4.2038746e9	2960.8062	-20.502577
4.2585088e9	2949.5195	-20.57963
4.313143e9	2936.2842	-20.656391
4.367777e9	2922.2388	-20.734428
4.422411e9	2912.0771	-20.810684
4.4770447e9	2900.1917	-20.887827
4.5316787e9	2886.4553	-20.96505
4.5863127e9	2876.4055	-21.041008
4.6409467e9	2865.79	-21.11854
4.6955807e9	2852.672	-21.194658
4.750214e9	2843.9246	-21.27033
4.8048486e9	2835.6978	-21.347708
4.8594826e9	2823.0667	-21.421543
4.9141166e9	2813.6736	-21.496418
4.9687506e9	2806.021	-21.57368
5.0233846e9	2790.2278	-21.646233
5.0780186e9	2779.4778	-21.720448
5.132652e9	2773.8782	-21.795946
5.1872865e9	2763.929	-21.865606
5.2419205e9	2753.3174	-21.93587
5.296554e9	2742.2883	-22.004154
5.3511885e9	2735.7605	-22.072979
5.4058225e9	2729.8079	-22.143646
5.4604564e9	2717.025	-22.210863
5.5150904e9	2710.049	-22.279198
5.5697244e9	2707.341	-22.349659
