-1.8474907e8	22560.857	-7.5998487
-1.8427571e8	22529.408	-7.606318
-1.8380234e8	22498.002	-7.6128297
-1.8332896e8	22466.635	-7.6193833
-1.8285558e8	22435.328	-7.6259804
-1.823822e8	22404.055	-7.6326213
-1.8190883e8	22372.795	-7.639303
-1.8143547e8	22340.691	-7.645866
-1.8096208e8	22308.627	-7.652472
-1.8048872e8	22276.617	-7.659122
-1.8001534e8	22244.648	-7.665817
-1.7954197e8	22212.71	-7.6725564
-1.790686e8	22180.746	-7.679323
-1.7859522e8	22148.154	-7.686001
-1.7812186e8	22115.61	-7.6927233
-1.7764848e8	22083.115	-7.6994915
-1.771751e8	22050.654	-7.7063055
-1.7670173e8	22018.254	-7.713166
-1.7622835e8	21985.564	-7.720019
-1.7575499e8	21952.145	-7.7267885
-1.7528162e8	21918.77	-7.7336044
-1.7480824e8	21885.445	-7.7404666
-1.7433486e8	21852.174	-7.747377
-1.7386149e8	21818.951	-7.7543344
-1.7338811e8	21785.436	-7.761242
-1.7291474e8	21751.703	-7.768116
-1.7244136e8	21718.018	-7.775038
-1.71968e8	21684.383	-7.7820077
-1.7149462e8	21650.809	-7.7890267
-1.7102125e8	21617.28	-7.7960954
-1.7054787e8	21583.732	-7.803059
-1.700745e8	21550.24	-7.810052
-1.6960114e8	21516.807	-7.8170934
-1.6912774e8	21483.404	-7.824185
-1.6865438e8	21450.074	-7.831327
-1.6818101e8	21416.666	-7.83846
-1.6770763e8	21383.03	-7.845496
-1.6723427e8	21349.445	-7.852582
-1.6676088e8	21315.904	-7.859719
-1.6628752e8	21282.43	-7.8669066
-1.6581414e8	21249.0	-7.874147
-1.6534077e8	21215.47	-7.8812885
-1.648674e8	21181.953	-7.888439
-1.6439402e8	21148.494	-7.895641
-1.6392066e8	21115.068	-7.9028945
-1.6344728e8	21081.719	-7.9102015
-1.629739e8	21048.27	-7.9174905
-1.6250053e8	21014.604	-7.924692
-1.6202715e8	20980.996	-7.9319468
-1.6155378e8	20947.438	-7.939254
-1.6108042e8	20913.94	-7.9466143
-1.6060702e8	20880.482	-7.95403
-1.6013366e8	20846.854	-7.9613047
-1.5966029e8	20813.268	-7.968627
-1.5918691e8	20779.74	-7.9760036
-1.5871354e8	20746.258	-7.983435
-1.5824016e8	20712.832	-7.9909225
-1.577668e8	20679.205	-7.998321
-1.572934e8	20645.51	-8.005707
-1.5682005e8	20611.867	-8.013147
-1.5634667e8	20578.29	-8.020643
-1.558733e8	20544.746	-8.028196
-1.5539994e8	20511.145	-8.035711
-1.5492654e8	20477.445	-8.043171
-1.5445318e8	20443.797	-8.050686
-1.539798e8	20410.205	-8.058259
-1.5350643e8	20376.668	-8.065889
-1.5303306e8	20343.07	-8.073512
-1.5255968e8	20309.271	-8.081044
-1.520863e8	20275.53	-8.088634
-1.5161294e8	20241.84	-8.096282
-1.5113957e8	20208.205	-8.103988
-1.5066619e8	20174.564	-8.111706
-1.5019282e8	20140.762	-8.119322
-1.4971944e8	20107.016	-8.126995
-1.4924608e8	20073.324	-8.134728
-1.4877269e8	20039.693	-8.142522
-1.4829933e8	20006.037	-8.150329
-1.4782595e8	19972.178	-8.158029
-1.4735258e8	19938.377	-8.165787
-1.4687922e8	19904.63	-8.173607
-1.4640582e8	19870.951	-8.181488
-1.4593246e8	19837.236	-8.189371
-1.4545907e8	19803.365	-8.197161
-1.4498571e8	19769.555	-8.205012
-1.4451234e8	19735.793	-8.212925
-1.4403896e8	19702.107	-8.2209015
-1.4356558e8	19668.32	-8.228852
-1.4309221e8	19634.387	-8.236733
-1.4261885e8	19600.516	-8.2446785
-1.4214547e8	19566.697	-8.252687
-1.416721e8	19532.94	-8.26076
-1.4119872e8	19499.045	-8.268766
-1.4072534e8	19465.08	-8.276748
-1.4025197e8	19431.166	-8.284794
-1.3977861e8	19397.324	-8.292906
-1.3930522e8	19363.537	-8.301083
-1.3883186e8	19329.525	-8.309136
-1.3835848e8	19295.52	-8.3172245
-1.378851e8	19261.586	-8.325377
-1.3741174e8	19227.697	-8.333598
-1.3693835e8	19193.816	-8.341846
-1.36465e8	19159.725	-8.349978
-1.3599162e8	19125.693	-8.358177
-1.3551824e8	19091.727	-8.366444
-1.3504486e8	19057.818	-8.374779
-1.3457149e8	19023.777	-8.383055
-1.3409813e8	18989.654	-8.391303
-1.33624744e8	18955.596	-8.399619
-1.3315138e8	18921.582	-8.408005
-1.32678e8	18887.64	-8.416457
-1.3220462e8	18853.396	-8.424755
-1.3173125e8	18819.213	-8.433123
-1.3125788e8	18785.096	-8.441561
-1.3078451e8	18751.04	-8.45007
-1.3031113e8	18716.857	-8.45853
-1.2983776e8	18682.582	-8.466954
-1.2936438e8	18648.361	-8.47545
-1.28891016e8	18614.209	-8.484017
-1.2841763e8	18580.092	-8.492636
-1.27944264e8	18545.73	-8.5011215
-1.2747089e8	18511.432	-8.50968
-1.2699752e8	18477.191	-8.5183115
-1.2652415e8	18443.023	-8.527018
-1.2605077e8	18408.668	-8.535627
-1.255774e8	18374.29	-8.544249
-1.25104024e8	18339.967	-8.552946
-1.2463066e8	18305.72	-8.561718
-1.2415727e8	18271.367	-8.570466
-1.236839e8	18236.86	-8.579152
-1.2321053e8	18202.416	-8.587915
-1.2273716e8	18168.033	-8.596755
-1.2226379e8	18133.658	-8.605631
-1.2179041e8	18099.045	-8.614388
-1.2131704e8	18064.502	-8.623224
-1.2084366e8	18030.025	-8.632138
-1.20370296e8	17995.613	-8.641132
-1.1989691e8	17960.85	-8.649964
-1.19423544e8	17926.154	-8.658873
-1.1895017e8	17891.531	-8.667862
-1.184768e8	17856.96	-8.676931
-1.1800342e8	17822.158	-8.685879
-1.1753005e8	17787.367	-8.694872
-1.1705668e8	17752.645	-8.703947
-1.165833e8	17717.99	-8.713105
-1.1610993e8	17683.076	-8.722154
-1.1563655e8	17648.137	-8.731231
-1.1516318e8	17613.268	-8.740391
-1.146898e8	17578.467	-8.749636
-1.1421643e8	17543.479	-8.758781
-1.13743064e8	17508.479	-8.767952
-1.1326969e8	17473.543	-8.777207
-1.1279632e8	17438.684	-8.786549
-1.12322936e8	17403.543	-8.795778
-1.1184957e8	17368.38	-8.80504
-1.1137619e8	17333.281	-8.81439
-1.10902824e8	17298.268	-8.823827
-1.1042944e8	17262.988	-8.833134
-1.0995607e8	17227.742	-8.842499
-1.094827e8	17192.56	-8.851952
-1.0900933e8	17157.447	-8.861489
-1.0853596e8	17121.934	-8.870864
-1.0806258e8	17086.486	-8.880327
-1.0758921e8	17051.127	-8.889881
-1.0711583e8	17015.732	-8.899471
-1.0664246e8	16980.074	-8.908954
-1.0616908e8	16944.484	-8.918528
-1.0569571e8	16908.973	-8.928193
-1.05222344e8	16873.273	-8.93783
-1.0474897e8	16837.346	-8.947417
-1.042756e8	16801.496	-8.957097
-1.03802216e8	16765.723	-8.966871
-1.0332885e8	16729.705	-8.97655
-1.02855464e8	16693.664	-8.986262
-1.023821e8	16657.707	-8.99607
-1.0190872e8	16621.764	-9.005947
-1.0143535e8	16585.441	-9.01569
-1.0096198e8	16549.207	-9.025528
-1.004886e8	16513.043	-9.035464
-1.0001523e8	16476.752	-9.045371
-9.9541864e7	16440.342	-9.05525
-9.906849e7	16404.012	-9.065227
-9.859511e7	16367.771	-9.075304
-9.8121736e7	16331.11	-9.085231
-9.764837e7	16294.509	-9.095243
-9.717499e7	16257.993	-9.105358
-9.670162e7	16221.376	-9.115461
-9.622824e7	16184.622	-9.125524
-9.575486e7	16147.953	-9.135689
-9.5281496e7	16111.365	-9.145958
-9.480813e7	16074.394	-9.156067
-9.433475e7	16037.506	-9.166276
-9.386138e7	16000.694	-9.176591
-9.3388e7	15963.742	-9.186863
-9.291463e7	15926.711	-9.19713
-9.2441256e7	15889.769	-9.207504
-9.196788e7	15852.787	-9.217928
-9.1494504e7	15815.453	-9.228246
-9.102114e7	15778.204	-9.238671
-9.054777e7	15741.052	-9.249207
-9.007439e7	15703.546	-9.25961
-8.9601016e7	15666.084	-9.270095
-8.912764e7	15628.708	-9.28069
-8.8654264e7	15591.079	-9.29123
-8.81809e7	15553.345	-9.30178
-8.770752e7	15515.695	-9.312442
-8.723415e7	15477.936	-9.32311
-8.6760776e7	15439.938	-9.333727
-8.62874e7	15402.034	-9.344458
-8.581403e7	15364.099	-9.355247
-8.534066e7	15325.789	-9.3659315
-8.486728e7	15287.573	-9.376732
-8.43939e7	15249.41	-9.38763
-8.3920536e7	15210.793	-9.398391
-8.344716e7	15172.273	-9.409269
-8.297379e7	15133.855	-9.420267
-8.250042e7	15094.951	-9.431118
-8.202704e7	15056.141	-9.442082
-8.155366e7	15017.427	-9.453167
-8.1080296e7	14978.288	-9.464123
-8.060692e7	14939.211	-9.475178
-8.0133544e7	14900.233	-9.486356
-7.966017e7	14860.837	-9.497412
-7.91868e7	14821.49	-9.508566
-7.871343e7	14782.248	-9.519845
-7.8240056e7	14742.545	-9.530993
-7.776668e7	14702.911	-9.542249
-7.7293304e7	14663.382	-9.553632
-7.681994e7	14623.35	-9.564864
-7.634656e7	14583.427	-9.576223
-7.587318e7	14543.543	-9.587683
-7.539981e7	14503.216	-9.599025
-7.492643e7	14463.005	-9.610496
-7.4453064e7	14422.742	-9.622028
-7.39797e7	14382.153	-9.633489
-7.350632e7	14341.68	-9.6450815
-7.303294e7	14301.033	-9.656683
-7.255957e7	14260.148	-9.668261
-7.20862e7	14219.386	-9.679975
-7.1612824e7	14178.298	-9.691633
-7.113945e7	14137.113	-9.703334
-7.066608e7	14096.063	-9.715173
-7.01927e7	14054.474	-9.726884
-6.9719336e7	14012.968	-9.738713
-6.924596e7	13971.418	-9.750619
-6.8772584e7	13929.477	-9.7624445
-6.829921e7	13887.658	-9.774411
-6.782583e7	13845.548	-9.786357
-6.735246e7	13803.249	-9.798321
-6.687909e7	13761.075	-9.81043
-6.640572e7	13718.305	-9.822413
-6.5932344e7	13675.628	-9.834526
-6.5458972e7	13632.785	-9.846684
-6.4985596e7	13589.535	-9.858801
-6.4512224e7	13546.418	-9.871067
-6.403885e7	13502.793	-9.883253
-6.3565476e7	13459.138	-9.89553
-6.30921e7	13415.376	-9.907879
-6.261873e7	13371.087	-9.920171
-6.214536e7	13326.943	-9.932615
-6.1671984e7	13282.247	-9.944989
-6.1198612e7	13237.508	-9.957458
-6.0725236e7	13192.62	-9.969984
-6.025186e7	13147.277	-9.982475
-5.977849e7	13102.097	-9.995125
-5.930511e7	13056.275	-10.00767
-5.883174e7	13010.546	-10.020352
-5.8358364e7	12964.522	-10.033046
-5.7884996e7	12918.263	-10.045767
-5.7411624e7	12872.018	-10.0586
-5.693825e7	12825.221	-10.0713625
-5.6464876e7	12778.587	-10.084289
-5.59915e7	12731.348	-10.097132
-5.551813e7	12684.148	-10.110098
-5.504475e7	12636.604	-10.123068
-5.457138e7	12588.84	-10.13608
-5.4098012e7	12540.938	-10.149171
-5.3624636e7	12492.533	-10.16223
-5.315126e7	12444.226	-10.175435
-5.267789e7	12395.119	-10.18854
-5.220451e7	12346.209	-10.20182
-5.173114e7	12296.513	-10.215013
-5.1257764e7	12246.894	-10.228345
-5.078439e7	12196.662	-10.241645
-5.0311016e7	12146.317	-10.255039
-4.9837644e7	12095.513	-10.268448
-4.936427e7	12044.44	-10.281916
-4.88909e7	11993.045	-10.295429
-4.841753e7	11941.269	-10.308972
-4.794415e7	11889.229	-10.322583
-4.747078e7	11836.678	-10.336196
-4.6997404e7	11783.934	-10.349896
-4.652403e7	11730.591	-10.363587
-4.605066e7	11677.103	-10.377378
-4.5577284e7	11623.008	-10.391163
-4.510391e7	11568.716	-10.405043
-4.463054e7	11513.782	-10.41892
-4.4157164e7	11458.526	-10.432873
-4.368379e7	11402.685	-10.446844
-4.3210416e7	11346.344	-10.460859
-4.2737044e7	11289.618	-10.474939
-4.226367e7	11232.122	-10.4890175
-4.1790296e7	11174.539	-10.5032215
-4.1316924e7	11115.74	-10.517354
-4.0843548e7	11056.79	-10.531605
-4.037018e7	10997.178	-10.545882
-3.9896804e7	10937.014	-10.5602
-3.9423428e7	10876.658	-10.574621
-3.8950056e7	10815.753	-10.58907
-3.8476684e7	10754.435	-10.603584
-3.800331e7	10692.838	-10.618187
-3.7529936e7	10630.769	-10.63284
-3.7056564e7	10567.994	-10.647512
-3.6583188e7	10504.78	-10.662254
-3.6109816e7	10441.054	-10.677053
-3.5636444e7	10376.687	-10.691896
-3.5163068e7	10311.475	-10.706746
-3.4689696e7	10245.671	-10.721648
-3.4216324e7	10179.333	-10.736609
-3.3742948e7	10112.41	-10.751621
-3.3269576e7	10044.902	-10.766685
-3.2796202e7	9976.885	-10.781805
-3.232283e7	9908.296	-10.796978
-3.1849456e7	9839.247	-10.812216
-3.1376082e7	9769.549	-10.8275
-3.0902708e7	9699.336	-10.842849
-3.0429334e7	9628.409	-10.858239
-2.9955962e7	9557.019	-10.873707
-2.9482588e7	9484.978	-10.889234
-2.9009214e7	9412.374	-10.904831
-2.853584e7	9339.073	-10.920483
-2.8062468e7	9265.158	-10.936202
-2.7589094e7	9190.496	-10.951974
-2.711572e7	9115.1875	-10.967811
-2.6642346e7	9039.213	-10.983713
-2.6168972e7	8962.578	-10.999683
-2.5695602e7	8885.209	-11.0157175
-2.5222226e7	8807.215	-11.031832
-2.4748852e7	8728.626	-11.048032
-2.427548e7	8649.479	-11.064323
-2.3802106e7	8569.694	-11.080699
-2.3328734e7	8489.386	-11.097173
-2.285536e7	8408.616	-11.11375
-2.2381986e7	8327.591	-11.130459
-2.1908612e7	8246.221	-11.147286
-2.143524e7	8164.5864	-11.164243
-2.0961866e7	8082.6143	-11.18132
-2.0488492e7	8000.488	-11.198544
-2.001512e7	7918.1606	-11.215909
-1.9541744e7	7835.852	-11.233448
-1.9068372e7	7753.3965	-11.251142
-1.8594998e7	7670.8867	-11.269002
-1.8121626e7	7588.106	-11.287005
-1.7648252e7	7505.383	-11.3052
-1.7174878e7	7422.3306	-11.323538
-1.6701505e7	7338.9224	-11.342022
-1.6228132e7	7254.968	-11.360625
-1.5754758e7	7170.891	-11.379415
-1.5281384e7	7086.8223	-11.398417
-1.4808011e7	7002.843	-11.417652
-1.4334637e7	6918.9683	-11.437128
-1.3861264e7	6835.2324	-11.456854
-1.338789e7	6751.6436	-11.47683
-1.2914518e7	6668.4663	-11.497097
-1.2441143e7	6585.8716	-11.51769
-1.196777e7	6503.914	-11.538621
-1.1494397e7	6422.5713	-11.55989
-1.1021023e7	6341.9023	-11.581505
-1.054765e7	6261.972	-11.603479
-1.0074276e7	6182.8184	-11.625825
-9.600903e6	6104.4824	-11.648546
-9.12753e6	6027.0713	-11.671663
-8.654156e6	5950.7734	-11.6952095
-8.180783e6	5875.761	-11.719222
-7.7074095e6	5802.12	-11.743721
-7.234036e6	5729.884	-11.768721
-6.760662e6	5658.9893	-11.794212
-6.2872885e6	5589.2954	-11.8201685
-5.8139155e6	5520.727	-11.846574
-5.340542e6	5453.2246	-11.873424
-4.8671685e6	5386.769	-11.900727
-4.393795e6	5321.3755	-11.928506
-3.9204218e6	5257.041	-11.956774
-3.4470482e6	5193.8354	-11.985559
-2.9736748e6	5131.8213	-12.014884
-2.5003015e6	5071.156	-12.044796
-2.0269279e6	5012.078	-12.075375
-1.5535545e6	4954.797	-12.10669
-1.080181e6	4899.4775	-12.138808
-606807.56	4846.3184	-12.171806
-133434.1	4795.384	-12.205725
339939.34	4746.6523	-12.240586
813312.8	4700.06	-12.2764015
1.2866862e6	4655.4194	-12.313143
1.7600598e6	4612.6343	-12.350815
2.2334332e6	4571.54	-12.389393
2.7068065e6	4532.021	-12.428869
3.18018e6	4493.9365	-12.469219
3.6535535e6	4457.1636	-12.510423
4.126927e6	4421.5693	-12.552452
4.6003005e6	4387.0083	-12.595271
5.0736735e6	4353.331	-12.638838
5.5470475e6	4320.399	-12.683111
6.020421e6	4288.097	-12.728061
6.493794e6	4256.3467	-12.773666
6.9671675e6	4225.1104	-12.819929
7.440541e6	4194.358	-12.866851
7.9139145e6	4164.077	-12.914448
8.3872875e6	4134.2544	-12.962732
8.860661e6	4104.92	-13.011644
9.334035e6	4076.0488	-13.061105
9.807409e6	4047.6106	-13.111248
1.0280782e7	4019.546	-13.16207
1.0754155e7	3991.81	-13.213591
1.1227529e7	3964.365	-13.265843
1.1700902e7	3937.1577	-13.318873
1.2174276e7	3910.1902	-13.371917
1.264765e7	3883.412	-13.425692
1.3121022e7	3856.8477	-13.480338
1.3594396e7	3830.5125	-13.535992
1.4067769e7	3804.4624	-13.591337
1.4541143e7	3778.6877	-13.647787
1.5014516e7	3753.1768	-13.705556
1.548789e7	3727.9858	-13.7630005
1.5961263e7	3703.057	-13.821542
1.6434637e7	3678.3684	-13.881593
1.690801e7	3653.9875	-13.9407835
1.7381384e7	3629.8013	-14.001873
1.7854758e7	3605.8345	-14.063134
1.832813e7	3582.0845	-14.1249695
1.8801504e7	3558.5283	-14.188491
1.9274878e7	3535.2068	-14.251073
1.9748252e7	3512.0605	-14.3166
2.0221624e7	3489.2617	-14.380251
2.0694998e7	3466.6611	-14.447047
2.116837e7	3444.4456	-14.512654
2.1641744e7	3422.4783	-14.580859
2.2115118e7	3400.9192	-14.648402
2.2588492e7	3379.696	-14.71814
2.3061866e7	3358.9724	-14.787691
2.3535238e7	3338.6445	-14.859071
2.4008612e7	3318.835	-14.930598
2.4481984e7	3299.5156	-15.003646
2.495536e7	3280.765	-15.077146
2.5428734e7	3262.5488	-15.151907
2.5902104e7	3244.9019	-15.227299
2.6375478e7	3227.7424	-15.30376
2.6848852e7	3211.084	-15.38082
2.7322226e7	3194.865	-15.458916
2.7795598e7	3179.102	-15.537422
2.8268972e7	3163.662	-15.617081
2.8742346e7	3148.5793	-15.696719
2.921572e7	3133.655	-15.777811
2.9689094e7	3118.9092	-15.858171
3.0162466e7	3104.23	-15.940573
3.063584e7	3089.6047	-16.021358
3.1109214e7	3075.0244	-16.10508
3.1582588e7	3060.446	-16.18615
3.205596e7	3045.8872	-16.271288
3.2529334e7	3031.2092	-16.352377
3.3002708e7	3016.5737	-16.438967
3.3476082e7	3001.7727	-16.519997
3.3949456e7	2987.0479	-16.608177
3.4422828e7	2972.1782	-16.689138
3.48962e7	2957.3845	-16.777166
3.5369576e7	2942.5007	-16.859936
3.5842948e7	2927.6672	-16.947718
3.631632e7	2912.8638	-17.032574
3.6789696e7	2898.117	-17.120102
3.7263068e7	2883.48	-17.207333
3.7736444e7	2868.946	-17.294563
3.8209812e7	2854.5334	-17.384424
3.8683188e7	2840.2776	-17.471167
3.9156564e7	2826.1016	-17.563848
3.9629936e7	2812.0378	-17.649845
4.010331e7	2798.048	-17.743937
4.057668e7	2784.07	-17.830471
4.1050056e7	2770.1584	-17.92335
4.1523428e7	2756.2273	-18.012941
4.1996804e7	2742.324	-18.104382
4.2470176e7	2728.4722	-18.197273
4.2943548e7	2714.6638	-18.287235
4.3416924e7	2700.9207	-18.383684
4.3890296e7	2687.195	-18.472095
4.4363668e7	2673.5417	-18.56909
4.4837044e7	2659.9905	-18.659187
4.5310416e7	2646.5159	-18.7543
4.578379e7	2633.1475	-18.848642
4.6257164e7	2619.8823	-18.941559
4.6730536e7	2606.7139	-19.040295
4.720391e7	2593.7405	-19.13085
4.7677284e7	2580.8335	-19.230429
4.815066e7	2568.05	-19.321985
4.8624028e7	2555.3447	-19.418299
4.9097404e7	2542.8179	-19.514694
4.957078e7	2530.4927	-19.607689
5.0044148e7	2518.2393	-19.708956
5.0517524e7	2506.1523	-19.79873
5.0990896e7	2494.1267	-19.89737
5.146427e7	2482.2776	-19.990837
5.1937644e7	2470.5522	-20.084381
5.241102e7	2458.9353	-20.181963
5.288439e7	2447.541	-20.26994
5.335777e7	2436.2039	-20.36641
5.3831136e7	2425.0498	-20.45344
5.430451e7	2413.975	-20.544163
5.4777884e7	2403.0916	-20.634995
5.525126e7	2392.4556	-20.720924
5.572463e7	2381.8691	-20.81494
