-3.596351e10	34662.07	-15.310202
-3.5861447e10	34574.164	-15.315015
-3.5759383e10	34486.617	-15.319851
-3.565732e10	34399.426	-15.324711
-3.555525e10	34312.62	-15.329595
-3.545319e10	34226.133	-15.334502
-3.535112e10	34138.4	-15.3393955
-3.524906e10	34043.152	-15.344125
-3.5146998e10	33948.324	-15.348877
-3.504493e10	33853.91	-15.353652
-3.494287e10	33759.92	-15.35845
-3.48408e10	33666.348	-15.363271
-3.4738737e10	33569.86	-15.368068
-3.4636673e10	33468.977	-15.372818
-3.453461e10	33368.617	-15.377591
-3.443255e10	33268.773	-15.382387
-3.433048e10	33169.438	-15.387207
-3.4228419e10	33070.594	-15.392049
-3.4126352e10	32962.168	-15.396463
-3.4024288e10	32850.008	-15.400699
-3.3922222e10	32738.543	-15.404952
-3.382016e10	32627.746	-15.409224
-3.3718098e10	32517.64	-15.413513
-3.3616032e10	32408.082	-15.417815
-3.3513968e10	32297.438	-15.422022
-3.3411901e10	32187.404	-15.426246
-3.330984e10	32077.965	-15.430488
-3.3207773e10	31969.14	-15.434748
-3.310571e10	31860.902	-15.439026
-3.3003643e10	31756.826	-15.44354
-3.290158e10	31657.463	-15.448325
-3.2799519e10	31558.602	-15.453134
-3.2697453e10	31460.236	-15.457966
-3.2595388e10	31362.377	-15.462821
-3.2493322e10	31265.016	-15.4677
-3.239126e10	31167.916	-15.472582
-3.2289194e10	31071.256	-15.477487
-3.218713e10	30975.06	-15.482415
-3.2085068e10	30879.352	-15.487368
-3.1983002e10	30784.062	-15.492345
-3.188094e10	30690.826	-15.497386
-3.1778873e10	30599.781	-15.502497
-3.167681e10	30509.176	-15.507632
-3.1574743e10	30419.004	-15.512795
-3.147268e10	30329.271	-15.517984
-3.1370617e10	30239.607	-15.523182
-3.126855e10	30145.535	-15.528147
-3.1166489e10	30051.941	-15.533135
-3.1064422e10	29958.826	-15.53815
-3.096236e10	29866.158	-15.543189
-3.0860294e10	29773.963	-15.548254
-3.075823e10	29681.574	-15.553312
-3.0656168e10	29589.436	-15.558383
-3.0554102e10	29497.777	-15.56348
-3.0452038e10	29406.623	-15.5686035
-3.0349974e10	29315.932	-15.573753
-3.024791e10	29223.168	-15.578856
-3.0145843e10	29127.627	-15.583893
-3.0043781e10	29032.611	-15.588955
-2.9941717e10	28938.111	-15.594043
-2.983965e10	28844.143	-15.599156
-2.9737589e10	28750.37	-15.6043
-2.9635523e10	28655.965	-15.609484
-2.953346e10	28562.102	-15.614696
-2.9431394e10	28468.77	-15.619934
-2.932933e10	28375.967	-15.6252
-2.9227268e10	28283.52	-15.63049
-2.9125202e10	28187.525	-15.635717
-2.9023138e10	28092.125	-15.640971
-2.8921072e10	27997.31	-15.646254
-2.881901e10	27903.08	-15.651563
-2.8716943e10	27809.41	-15.656901
-2.8614881e10	27715.328	-15.66231
-2.8512817e10	27621.744	-15.667751
-2.841075e10	27528.738	-15.673223
-2.8308689e10	27436.309	-15.678724
-2.8206623e10	27344.436	-15.684256
-2.8104559e10	27251.938	-15.689867
-2.8002492e10	27159.809	-15.695518
-2.790043e10	27068.225	-15.7012
-2.7798368e10	26977.166	-15.706914
-2.7696302e10	26886.629	-15.712662
-2.7594238e10	26796.195	-15.718498
-2.7492172e10	26706.227	-15.724377
-2.739011e10	26616.79	-15.73029
-2.7288044e10	26527.893	-15.736239
-2.718598e10	26439.53	-15.742224
-2.7083913e10	26349.227	-15.748188
-2.6981851e10	26259.285	-15.754183
-2.687979e10	26169.916	-15.760214
-2.6777723e10	26081.084	-15.766281
-2.6675659e10	25992.787	-15.772386
-2.6573593e10	25904.08	-15.778519
-2.647153e10	25815.947	-15.784689
-2.6369464e10	25728.375	-15.790897
-2.62674e10	25641.361	-15.797145
-2.6165338e10	25554.496	-15.803402
-2.6063272e10	25466.47	-15.80957
-2.596121e10	25379.125	-15.815777
-2.5859144e10	25292.432	-15.822022
-2.575708e10	25206.404	-15.828306
-2.5655013e10	25120.742	-15.834576
-2.5552951e10	25035.355	-15.840801
-2.5450887e10	24950.65	-15.847066
-2.5348823e10	24866.629	-15.85337
-2.5246757e10	24783.28	-15.859714
-2.5144695e10	24700.69	-15.866098
-2.504263e10	24618.781	-15.872524
-2.4940564e10	24537.484	-15.878992
-2.48385e10	24456.791	-15.885501
-2.4736436e10	24376.676	-15.892054
-2.4634372e10	24297.602	-15.8987255
-2.4532308e10	24219.062	-15.905443
-2.4430244e10	24141.045	-15.912207
-2.432818e10	24063.555	-15.919016
-2.4226116e10	23986.229	-15.925856
-2.4124051e10	23908.818	-15.9327135
-2.4021987e10	23831.969	-15.939619
-2.3919921e10	23755.707	-15.946572
-2.3817857e10	23679.973	-15.953574
-2.3715795e10	23603.885	-15.96053
-2.361373e10	23528.168	-15.967508
-2.3511665e10	23453.084	-15.974535
-2.34096e10	23378.633	-15.981611
-2.3307536e10	23303.89	-15.988689
-2.3205472e10	23227.123	-15.995674
-2.3103408e10	23151.033	-16.002707
-2.3001342e10	23075.613	-16.00979
-2.289928e10	23000.857	-16.016924
-2.2797216e10	22924.756	-16.024035
-2.2695152e10	22848.744	-16.031174
-2.2593085e10	22773.396	-16.038364
-2.2491021e10	22698.715	-16.045607
-2.2388957e10	22624.432	-16.052896
-2.2286893e10	22550.334	-16.060228
-2.2184829e10	22476.86	-16.067614
-2.2082765e10	22403.99	-16.075054
-2.19807e10	22331.732	-16.082552
-2.1878637e10	22260.775	-16.090158
-2.1776572e10	22190.396	-16.097824
-2.1674506e10	22120.553	-16.10555
-2.1572442e10	22051.258	-16.113337
-2.147038e10	21981.812	-16.121141
-2.1368316e10	21912.537	-16.128984
-2.126625e10	21843.842	-16.136889
-2.1164186e10	21775.71	-16.144857
-2.1062121e10	21707.57	-16.152842
-2.0960057e10	21638.957	-16.160803
-2.0857993e10	21570.926	-16.168827
-2.075593e10	21503.484	-16.176918
-2.0653865e10	21436.475	-16.185064
-2.05518e10	21369.07	-16.193201
-2.0449737e10	21302.246	-16.201405
-2.034767e10	21236.0	-16.209677
-2.0245606e10	21170.31	-16.218018
-2.0143542e10	21104.287	-16.226307
-2.0041478e10	21038.805	-16.234653
-1.9939414e10	20973.93	-16.24307
-1.983735e10	20909.662	-16.25156
-1.9735286e10	20844.463	-16.259983
-1.9633222e10	20779.45	-16.268438
-1.9531158e10	20715.049	-16.276964
-1.9429093e10	20651.248	-16.285564
-1.9327027e10	20585.666	-16.294102
-1.9224965e10	20519.6	-16.302647
-1.91229e10	20454.193	-16.311268
-1.9020837e10	20389.42	-16.319962
-1.891877e10	20322.521	-16.328598
-1.8816707e10	20254.69	-16.337227
-1.8714642e10	20187.57	-16.345932
-1.8612578e10	20121.182	-16.354713
-1.8510514e10	20054.44	-16.363562
-1.840845e10	19987.773	-16.372482
-1.8306386e10	19921.809	-16.381485
-1.8204322e10	19856.537	-16.390568
-1.8102258e10	19791.676	-16.399755
-1.8000191e10	19727.338	-16.409042
-1.7898127e10	19663.648	-16.418415
-1.7796065e10	19600.604	-16.427877
-1.7694001e10	19536.986	-16.437315
-1.7591935e10	19473.578	-16.446802
-1.748987e10	19410.81	-16.456379
-1.7387807e10	19348.68	-16.466047
-1.7285743e10	19285.053	-16.475616
-1.7183678e10	19221.729	-16.485243
-1.7081613e10	19159.062	-16.494963
-1.697955e10	19097.006	-16.504772
-1.6877486e10	19032.115	-16.514381
-1.6775421e10	18967.99	-16.524084
-1.6673357e10	18904.596	-16.533882
-1.6571292e10	18841.543	-16.543736
-1.6469228e10	18777.795	-16.553535
-1.6367163e10	18714.809	-16.563433
-1.62651e10	18652.574	-16.57343
-1.6163035e10	18590.96	-16.58349
-1.6060971e10	18529.965	-16.593615
-1.5958907e10	18469.693	-16.603842
-1.5856842e10	18410.13	-16.614174
-1.5754778e10	18348.941	-16.624355
-1.5652713e10	18287.764	-16.634556
-1.555065e10	18227.332	-16.644861
-1.5448585e10	18167.246	-16.655237
-1.5346521e10	18104.047	-16.665335
-1.5244457e10	18041.611	-16.675537
-1.5142392e10	17979.945	-16.685843
-1.5040328e10	17918.13	-16.696123
-1.4938263e10	17856.033	-16.706348
-1.48362e10	17794.701	-16.71668
-1.4734135e10	17734.113	-16.727121
-1.4632071e10	17671.803	-16.737396
-1.4530006e10	17609.865	-16.747736
-1.4427942e10	17548.654	-16.758184
-1.4325878e10	17487.57	-16.768658
-1.4223813e10	17425.973	-16.77906
-1.4121748e10	17365.133	-16.789572
-1.4019685e10	17305.041	-16.800196
-1.3917621e10	17244.875	-16.810707
-1.3815556e10	17185.258	-16.821278
-1.3713492e10	17126.352	-16.831959
-1.3611427e10	17068.354	-16.842718
-1.3509363e10	17011.426	-16.853514
-1.3407299e10	16955.152	-16.864428
-1.3305235e10	16899.531	-16.875463
-1.320317e10	16844.322	-16.886486
-1.3101106e10	16789.688	-16.89762
-1.2999042e10	16735.654	-16.908876
-1.2896977e10	16681.938	-16.920149
-1.2794914e10	16628.559	-16.931438
-1.2692849e10	16575.746	-16.942856
-1.2590785e10	16523.186	-16.954348
-1.248872e10	16469.305	-16.96563
-1.2386656e10	16415.988	-16.977041
-1.2284592e10	16363.224	-16.988583
-1.2182527e10	16308.366	-16.99987
-1.2080463e10	16253.542	-17.0112
-1.1978399e10	16199.312	-17.022661
-1.1876335e10	16142.436	-17.033869
-1.1774269e10	16083.507	-17.044868
-1.1672206e10	16025.296	-17.055992
-1.1570141e10	15965.984	-17.067028
-1.1468077e10	15903.056	-17.077667
-1.1366013e10	15841.0	-17.08842
-1.1263949e10	15779.505	-17.099268
-1.1161885e10	15715.307	-17.10994
-1.105982e10	15652.017	-17.120726
-1.0957755e10	15589.621	-17.13163
-1.0855691e10	15526.586	-17.1427
-1.0753627e10	15464.234	-17.153902
-1.0651563e10	15402.737	-17.16523
-1.0549499e10	15341.711	-17.176832
-1.0447434e10	15281.359	-17.188618
-1.034537e10	15221.765	-17.200546
-1.0243305e10	15162.235	-17.212498
-1.0141241e10	15103.1	-17.22453
-1.0039177e10	15044.734	-17.236706
-9.937112e9	14986.014	-17.24876
-9.835049e9	14927.242	-17.260752
-9.732984e9	14869.251	-17.272888
-9.63092e9	14811.987	-17.285116
-9.528856e9	14755.412	-17.297443
-9.426791e9	14699.537	-17.309925
-9.324727e9	14644.215	-17.322577
-9.222662e9	14589.417	-17.335403
-9.120598e9	14535.261	-17.348396
-9.018534e9	14481.019	-17.36139
-8.91647e9	14426.82	-17.37441
-8.814405e9	14373.277	-17.387606
-8.712342e9	14318.942	-17.400572
-8.610276e9	14264.365	-17.413443
-8.508212e9	14210.5	-17.426483
-8.4061476e9	14154.524	-17.439096
-8.304084e9	14098.134	-17.451609
-8.2020193e9	14042.538	-17.46428
-8.099955e9	13984.509	-17.476582
-7.9978906e9	13926.658	-17.488922
-7.895827e9	13869.669	-17.501415
-7.7937623e9	13811.258	-17.513906
-7.6916977e9	13753.691	-17.526552
-7.589634e9	13696.627	-17.539368
-7.4875694e9	13638.511	-17.552387
-7.385505e9	13581.342	-17.565578
-7.2834406e9	13523.887	-17.578863
-7.1813765e9	13465.438	-17.592186
-7.0793124e9	13408.048	-17.605688
-6.9772477e9	13348.774	-17.619085
-6.8751836e9	13288.917	-17.632484
-6.7731195e9	13230.24	-17.646067
-6.671055e9	13167.285	-17.659472
-6.56899e9	13105.103	-17.67302
-6.4669266e9	13042.578	-17.68665
-6.364862e9	12975.302	-17.700068
-6.2627973e9	12909.653	-17.713667
-6.160733e9	12841.448	-17.727259
-6.058669e9	12771.718	-17.740873
-5.956605e9	12703.894	-17.754677
-5.854541e9	12631.931	-17.76866
-5.752476e9	12561.6875	-17.782843
-5.650412e9	12492.018	-17.797287
-5.5483474e9	12421.205	-17.812077
-5.4462833e9	12352.873	-17.82709
-5.3442186e9	12283.208	-17.842134
-5.2421545e9	12214.73	-17.857338
-5.1400904e9	12147.807	-17.872643
-5.038026e9	12079.606	-17.887579
-4.9359616e9	12014.001	-17.902742
-4.8338975e9	11946.816	-17.917454
-4.7318333e9	11880.248	-17.932037
-4.6297687e9	11814.481	-17.946556
-4.5277046e9	11743.258	-17.959925
-4.42564e9	11674.819	-17.973476
-4.323576e9	11597.715	-17.985264
-4.2215114e9	11519.273	-17.996386
-4.1194473e9	11437.99	-18.006712
-4.017383e9	11344.6455	-18.014658
-3.9153188e9	11255.735	-18.022667
-3.8132547e9	11148.634	-18.028656
-3.71119e9	11044.021	-18.034344
-3.609126e9	10932.817	-18.04011
-3.5070615e9	10815.074	-18.045961
-3.4049974e9	10701.02	-18.05193
-3.3029327e9	10571.284	-18.058535
-3.2008686e9	10449.073	-18.065184
-3.0988042e9	10303.168	-18.070204
-2.9967398e9	10158.802	-18.074795
-2.8946757e9	10000.871	-18.077682
-2.7926113e9	9831.258	-18.078718
-2.690547e9	9666.655	-18.079994
-2.5884826e9	9485.074	-18.082232
-2.4864184e9	9317.648	-18.084475
-2.3843543e9	9124.188	-18.088161
-2.28229e9	8944.332	-18.091946
-2.1802255e9	8745.312	-18.096794
-2.0781613e9	8550.723	-18.10209
-1.9760969e9	8353.128	-18.109264
-1.8740326e9	8154.8843	-18.118301
-1.7719683e9	7959.6177	-18.127993
-1.669904e9	7753.6743	-18.138985
-1.5678397e9	7555.2324	-18.14971
-1.4657754e9	7326.688	-18.158592
-1.3637111e9	7116.917	-18.167475
-1.2616467e9	6863.1943	-18.174076
-1.1595825e9	6634.3877	-18.18072
-1.0575182e9	6387.237	-18.18954
-9.554539e8	6161.9785	-18.198624
-8.533896e8	5914.1665	-18.209503
-7.5132525e8	5683.23	-18.220848
-6.492609e8	5472.417	-18.24144
-5.471967e8	5282.346	-18.26528
-4.4513235e8	5128.55	-18.302057
-3.4306806e8	4994.65	-18.345081
-2.4100374e8	4891.1006	-18.39904
-1.3893944e8	4801.811	-18.460024
-3.6875132e7	4726.6265	-18.527784
6.5189172e7	4658.0903	-18.6017
1.6725347e8	4600.363	-18.679214
2.6931776e8	4547.3384	-18.762335
3.7138208e8	4501.362	-18.847174
4.7344637e8	4457.9067	-18.938028
5.755107e8	4419.343	-19.027916
6.7757504e8	4382.2163	-19.124628
7.796393e8	4349.4062	-19.218485
8.8170355e8	4317.6797	-19.320023
9.837679e8	4289.709	-19.417965
1.0858322e9	4262.819	-19.522478
1.1878966e9	4238.047	-19.625807
1.2899608e9	4214.499	-19.73251
1.3920251e9	4192.222	-19.841722
1.4940895e9	4172.293	-19.949965
1.5961537e9	4153.7075	-20.064638
1.698218e9	4137.5635	-20.175528
1.8002822e9	4122.193	-20.290678
1.9023466e9	4107.779	-20.408998
2.0044109e9	4093.6584	-20.523664
2.1064753e9	4078.4956	-20.643026
2.2085396e9	4061.101	-20.76485
2.310604e9	4040.0933	-20.881508
2.4126682e9	4019.1748	-21.000406
2.5147325e9	3998.844	-21.120453
2.6167967e9	3981.2522	-21.23798
2.718861e9	3966.047	-21.354334
2.8209254e9	3952.5234	-21.471914
2.9229896e9	3939.446	-21.590187
3.025054e9	3924.6807	-21.708189
3.1271183e9	3908.1956	-21.822353
3.2291825e9	3893.998	-21.935692
3.3312468e9	3880.6406	-22.048542
3.433311e9	3867.773	-22.160843
3.5353756e9	3854.9612	-22.272285
3.6374397e9	3841.536	-22.38258
3.739504e9	3826.716	-22.491796
3.8415683e9	3810.287	-22.599998
3.943633e9	3794.2578	-22.707174
4.045697e9	3778.9482	-22.81335
4.1477612e9	3765.3997	-22.919136
4.2498258e9	3753.8162	-23.02439
4.35189e9	3743.2888	-23.12889
4.4539546e9	3733.2905	-23.232048
4.5560187e9	3722.1357	-23.333557
4.658083e9	3711.823	-23.43335
4.760147e9	3701.8486	-23.53141
4.8622116e9	3692.5906	-23.628574
4.9642757e9	3684.1423	-23.723776
5.0663404e9	3675.5432	-23.815968
5.1684045e9	3666.86	-23.905497
5.2704686e9	3658.7295	-23.992996
5.372533e9	3651.042	-24.079662
5.4745974e9	3643.6418	-24.165922
5.5766615e9	3636.4805	-24.25227
5.6787256e9	3629.554	-24.338007
5.7807903e9	3622.1082	-24.421902
5.8828544e9	3613.518	-24.50352
5.984919e9	3604.27	-24.583733
6.086983e9	3595.3433	-24.662958
6.1890473e9	3587.4355	-24.741327
6.291112e9	3580.746	-24.81907
6.393176e9	3575.388	-24.895735
6.49524e9	3570.3477	-24.970785
6.5973043e9	3564.9087	-25.043524
6.699369e9	3559.0022	-25.113958
6.8014336e9	3552.7898	-25.182955
6.903497e9	3546.3667	-25.25103
7.005562e9	3540.3386	-25.318224
7.1076265e9	3533.5183	-25.384684
7.20969e9	3527.6406	-25.450377
7.311755e9	3523.2354	-25.515032
7.413819e9	3518.7363	-25.5784
7.5158835e9	3513.8066	-25.64106
7.617947e9	3509.5544	-25.702894
7.720012e9	3504.321	-25.76378
7.8220764e9	3499.9417	-25.82455
7.924141e9	3495.49	-25.885143
8.0262047e9	3490.5273	-25.945301
8.1282693e9	3486.0112	-26.005714
8.230334e9	3481.6394	-26.066921
8.3323976e9	3477.3745	-26.128355
8.434462e9	3472.9705	-26.190107
8.5365263e9	3468.7341	-26.252703
8.638591e9	3464.732	-26.314909
8.740655e9	3459.4568	-26.377567
8.842719e9	3454.2979	-26.44059
8.944783e9	3448.6628	-26.503206
9.046849e9	3443.3025	-26.566439
9.148912e9	3437.508	-26.629835
9.250977e9	3431.1782	-26.692907
9.353041e9	3424.922	-26.756062
9.455105e9	3418.729	-26.819187
9.557169e9	3412.6145	-26.881737
9.659234e9	3406.7754	-26.943525
9.761298e9	3400.8733	-27.004164
9.863363e9	3394.9167	-27.06335
9.965427e9	3389.574	-27.121616
1.0067491e10	3384.8066	-27.179628
1.0169555e10	3379.591	-27.237818
1.0271619e10	3374.323	-27.297386
1.0373684e10	3368.4355	-27.357527
1.0475748e10	3363.2456	-27.420046
1.0577812e10	3358.3633	-27.4836
1.0679877e10	3353.5361	-27.54724
1.0781941e10	3348.7734	-27.61069
1.0884006e10	3343.2744	-27.670647
1.0986069e10	3337.5986	-27.731253
1.1088134e10	3331.7437	-27.792093
1.1190198e10	3325.6084	-27.851336
1.1292262e10	3319.5833	-27.907862
1.1394327e10	3313.0273	-27.96418
1.1496392e10	3305.5273	-28.019789
1.1598456e10	3297.7427	-28.072157
1.170052e10	3289.8823	-28.1247
1.1802584e10	3281.7737	-28.176006
1.1904648e10	3273.4287	-28.225767
1.2006713e10	3265.074	-28.275976
1.2108776e10	3256.2004	-28.3223
1.2210842e10	3247.0642	-28.369932
1.2312906e10	3236.867	-28.417248
1.241497e10	3226.7344	-28.46477
1.2517034e10	3216.65	-28.512243
1.2619099e10	3205.9648	-28.55858
1.2721163e10	3195.051	-28.605131
1.2823227e10	3183.9429	-28.648085
1.2925292e10	3172.9268	-28.691036
1.3027356e10	3162.3628	-28.731417
1.3129421e10	3152.0461	-28.772552
1.3231485e10	3141.1487	-28.809406
1.3333548e10	3130.3345	-28.846786
1.3435612e10	3118.5933	-28.88022
1.3537677e10	3106.9238	-28.914152
1.3639741e10	3095.0107	-28.94487
1.3741806e10	3083.2473	-28.976007
1.3843871e10	3071.5723	-29.003494
1.3945935e10	3060.0618	-29.031048
1.4048e10	3048.8586	-29.056213
1.4150062e10	3037.854	-29.08135
1.4252127e10	3026.9011	-29.105553
1.4354191e10	3016.0723	-29.12985
1.4456257e10	3005.4	-29.153616
1.4558321e10	2994.8704	-29.177399
1.4660385e10	2984.4622	-29.200369
1.476245e10	2974.1682	-29.22277
1.4864513e10	2963.7388	-29.244444
1.4966577e10	2953.0928	-29.264894
1.5068641e10	2942.5337	-29.286606
1.5170706e10	2931.9934	-29.311132
1.5272771e10	2921.547	-29.336348
1.5374836e10	2910.7932	-29.362988
1.54769e10	2900.1907	-29.390358
1.5578963e10	2890.67	-29.417978
1.5681027e10	2881.4016	-29.44631
1.5783092e10	2872.02	-29.473433
1.5885156e10	2862.6304	-29.500181
1.598722e10	2853.5483	-29.527382
1.6089286e10	2844.8706	-29.554892
1.619135e10	2836.2478	-29.582537
1.6293413e10	2827.3057	-29.60585
1.6395477e10	2818.469	-29.62972
1.6497542e10	2809.9614	-29.65249
1.6599606e10	2801.6023	-29.675383
1.670167e10	2792.9568	-29.696325
1.6803736e10	2783.9954	-29.714954
1.69058e10	2775.1265	-29.733986
1.7007865e10	2766.332	-29.753733
1.7109927e10	2757.648	-29.773878
1.7211992e10	2748.2366	-29.790892
1.7314056e10	2738.6675	-29.806944
1.741612e10	2729.351	-29.823843
1.7518184e10	2720.4114	-29.842232
1.762025e10	2711.619	-29.860964
1.7722315e10	2701.5112	-29.876938
1.7824377e10	2691.4111	-29.89281
1.792644e10	2681.6304	-29.91078
1.8028507e10	2672.2117	-29.931498
1.8130571e10	2662.9692	-29.952652
1.8232635e10	2653.1223	-29.9691
1.83347e10	2643.399	-29.98554
1.8436764e10	2634.5405	-30.00333
1.8538828e10	2626.744	-30.022888
1.8640892e10	2619.0825	-30.042835
1.8742956e10	2610.9731	-30.056875
1.884502e10	2602.9246	-30.070316
1.8947086e10	2595.4138	-30.08477
1.904915e10	2588.9128	-30.101255
1.9151215e10	2582.5398	-30.118017
1.9253277e10	2575.3245	-30.133862
1.9355343e10	2567.873	-30.149479
1.9457407e10	2560.6755	-30.165918
1.9559471e10	2554.72	-30.188677
1.9661535e10	2548.859	-30.211964
1.97636e10	2542.827	-30.228846
1.9865666e10	2536.5195	-30.236744
1.996773e10	2530.2766	-30.244705
2.0069792e10	2524.2822	-30.251904
2.0171856e10	2518.4126	-30.258865
2.0273922e10	2512.487	-30.266592
2.0375986e10	2504.7595	-30.286007
2.047805e10	2497.1323	-30.305805
2.0580114e10	2489.5015	-30.322403
2.0682179e10	2481.7988	-30.33314
2.0784243e10	2474.1907	-30.343992
2.0886307e10	2466.424	-30.356491
2.098837e10	2458.6318	-30.369856
2.1090435e10	2450.9282	-30.3834
