-8.612946e9	21841.578	-11.259035
-8.592065e9	21810.854	-11.266119
-8.5711836e9	21780.174	-11.273253
-8.5503027e9	21749.533	-11.280438
-8.529422e9	21718.934	-11.287676
-8.508541e9	21688.389	-11.294967
-8.48766e9	21657.885	-11.30231
-8.466779e9	21627.408	-11.309708
-8.4458993e9	21596.355	-11.316907
-8.4250184e9	21565.338	-11.324158
-8.4041375e9	21534.36	-11.33146
-8.3832566e9	21503.432	-11.338817
-8.3623757e9	21472.545	-11.346228
-8.341495e9	21441.7	-11.353695
-8.320614e9	21410.854	-11.361195
-8.299733e9	21379.535	-11.368526
-8.278852e9	21348.262	-11.375913
-8.257971e9	21317.035	-11.383354
-8.2370903e9	21285.86	-11.390851
-8.2162094e9	21254.725	-11.398405
-8.1953285e9	21223.625	-11.406016
-8.1744476e9	21192.37	-11.413599
-8.1535677e9	21160.654	-11.42103
-8.132687e9	21128.986	-11.428518
-8.111806e9	21097.367	-11.436062
-8.090925e9	21065.795	-11.443664
-8.070044e9	21034.262	-11.4513235
-8.0491633e9	21002.78	-11.459042
-8.0282824e9	20971.16	-11.466659
-8.0074015e9	20939.45	-11.474228
-7.9865206e9	20907.781	-11.481855
-7.9656397e9	20876.178	-11.489542
-7.944759e9	20844.613	-11.497288
-7.923878e9	20813.086	-11.505094
-7.902997e9	20781.623	-11.512956
-7.882116e9	20750.254	-11.520644
-7.8612357e9	20718.938	-11.528392
-7.840355e9	20687.666	-11.536201
-7.819474e9	20656.45	-11.544071
-7.798593e9	20625.268	-11.552004
-7.777712e9	20594.139	-11.559999
-7.756831e9	20563.002	-11.567901
-7.7359503e9	20531.875	-11.575729
-7.7150694e9	20500.791	-11.58362
-7.6941885e9	20469.758	-11.591574
-7.6733076e9	20438.777	-11.59959
-7.652427e9	20407.84	-11.607673
-7.631546e9	20376.936	-11.615771
-7.610665e9	20346.07	-11.6237
-7.589784e9	20315.254	-11.631691
-7.568904e9	20284.488	-11.639747
-7.5480233e9	20253.76	-11.647868
-7.5271424e9	20223.076	-11.656055
-7.5062615e9	20192.451	-11.66431
-7.4853806e9	20161.645	-11.672355
-7.4644997e9	20130.855	-11.680432
-7.443619e9	20100.115	-11.688576
-7.422738e9	20069.422	-11.696787
-7.401857e9	20038.781	-11.705065
-7.380976e9	20008.176	-11.713412
-7.360095e9	19977.629	-11.721624
-7.3392143e9	19947.127	-11.729827
-7.3183334e9	19916.668	-11.738097
-7.2974525e9	19886.26	-11.746437
-7.2765727e9	19855.896	-11.754846
-7.255692e9	19825.59	-11.763327
-7.234811e9	19795.188	-11.771677
-7.21393e9	19764.771	-11.779991
-7.193049e9	19734.404	-11.788374
-7.172168e9	19704.09	-11.796829
-7.1512873e9	19673.803	-11.805355
-7.1304064e9	19643.584	-11.813955
-7.1095255e9	19613.39	-11.822427
-7.0886446e9	19583.244	-11.830876
-7.0677637e9	19553.14	-11.839398
-7.046883e9	19523.08	-11.847994
-7.026002e9	19493.084	-11.856664
-7.005121e9	19463.111	-11.865409
-6.9842406e9	19433.031	-11.873967
-6.96336e9	19402.947	-11.882536
-6.942479e9	19372.91	-11.891178
-6.921598e9	19342.92	-11.899897
-6.900717e9	19312.979	-11.908691
-6.879836e9	19283.082	-11.917556
-6.8589553e9	19253.24	-11.926199
-6.8380744e9	19223.445	-11.934917
-6.8171935e9	19193.69	-11.943712
-6.7963126e9	19163.996	-11.952585
-6.7754317e9	19134.332	-11.961538
-6.754551e9	19104.668	-11.970461
-6.73367e9	19074.947	-11.979243
-6.712789e9	19045.27	-11.988103
-6.691909e9	19015.643	-11.997041
-6.671028e9	18986.05	-12.006061
-6.6501473e9	18956.518	-12.015162
-6.6292664e9	18926.955	-12.024108
-6.6083855e9	18897.406	-12.033047
-6.5875046e9	18867.906	-12.042067
-6.5666237e9	18838.45	-12.051168
-6.545743e9	18809.047	-12.060353
-6.524862e9	18779.648	-12.069546
-6.503981e9	18750.166	-12.078557
-6.4831e9	18720.729	-12.08765
-6.4622193e9	18691.346	-12.096827
-6.4413384e9	18662.004	-12.106089
-6.4204575e9	18632.705	-12.115437
-6.399577e9	18603.295	-12.124593
-6.378696e9	18573.904	-12.133765
-6.3578153e9	18544.55	-12.143024
-6.3369344e9	18515.258	-12.152369
-6.316054e9	18486.004	-12.161801
-6.295173e9	18456.703	-12.171162
-6.274292e9	18427.34	-12.1804285
-6.2534113e9	18398.025	-12.189783
-6.2325304e9	18368.76	-12.199224
-6.2116495e9	18339.537	-12.208756
-6.1907686e9	18310.334	-12.218304
-6.169888e9	18281.086	-12.227681
-6.149007e9	18251.885	-12.237147
-6.128126e9	18222.732	-12.246703
-6.107245e9	18193.625	-12.256351
-6.086364e9	18164.562	-12.266072
-6.0654833e9	18135.44	-12.275565
-6.0446024e9	18106.365	-12.285149
-6.023722e9	18077.336	-12.294825
-6.002841e9	18048.35	-12.304595
-5.98196e9	18019.42	-12.314463
-5.9610793e9	17990.479	-12.324081
-5.9401984e9	17961.584	-12.333788
-5.9193175e9	17932.734	-12.343591
-5.8984366e9	17903.928	-12.35349
-5.877556e9	17875.176	-12.363488
-5.8566753e9	17846.387	-12.3732195
-5.8357944e9	17817.64	-12.383041
-5.8149135e9	17788.941	-12.392961
-5.7940326e9	17760.29	-12.40298
-5.7731517e9	17731.672	-12.413073
-5.752271e9	17702.941	-12.42291
-5.7313905e9	17674.262	-12.432844
-5.7105096e9	17645.627	-12.442878
-5.6896287e9	17617.043	-12.453014
-5.668748e9	17588.418	-12.463162
-5.647867e9	17559.562	-12.473109
-5.626986e9	17530.76	-12.483156
-5.606105e9	17502.002	-12.493305
-5.5852247e9	17473.291	-12.503557
-5.564344e9	17444.473	-12.513738
-5.543463e9	17415.518	-12.523821
-5.522582e9	17386.611	-12.534006
-5.501701e9	17357.754	-12.544297
-5.48082e9	17328.95	-12.554694
-5.4599393e9	17300.096	-12.564921
-5.4390584e9	17271.273	-12.575177
-5.418178e9	17242.498	-12.58554
-5.397297e9	17213.771	-12.596011
-5.3764163e9	17185.104	-12.606531
-5.3555354e9	17156.53	-12.6168785
-5.3346545e9	17128.0	-12.627334
-5.3137736e9	17099.527	-12.637899
-5.2928927e9	17071.088	-12.648579
-5.272012e9	17042.71	-12.659139
-5.251131e9	17014.38	-12.669681
-5.23025e9	16986.096	-12.680336
-5.209369e9	16957.855	-12.691105
-5.188488e9	16929.643	-12.701921
-5.1676073e9	16901.34	-12.712537
-5.146727e9	16873.084	-12.723267
-5.125846e9	16844.873	-12.734112
-5.104965e9	16816.715	-12.745077
-5.084084e9	16788.44	-12.755846
-5.0632033e9	16760.162	-12.766649
-5.0423224e9	16731.93	-12.77757
-5.0214415e9	16703.756	-12.788611
-5.000561e9	16675.541	-12.799586
-4.97968e9	16647.28	-12.810471
-4.9587994e9	16619.068	-12.821475
-4.9379185e9	16590.908	-12.832601
-4.9170376e9	16562.744	-12.843761
-4.8961567e9	16534.459	-12.854726
-4.875276e9	16506.223	-12.865812
-4.8543954e9	16478.045	-12.877023
-4.8335145e9	16449.893	-12.888343
-4.8126336e9	16421.545	-12.899392
-4.7917527e9	16393.248	-12.910565
-4.770872e9	16365.002	-12.9218645
-4.749991e9	16336.805	-12.933293
-4.72911e9	16308.529	-12.944478
-4.7082296e9	16280.29	-12.95576
-4.6873487e9	16252.102	-12.96717
-4.666468e9	16223.965	-12.978712
-4.645587e9	16195.82	-12.990037
-4.624706e9	16167.723	-13.001443
-4.603825e9	16139.677	-13.01298
-4.5829443e9	16111.671	-13.0246525
-4.5620634e9	16083.643	-13.036102
-4.5411825e9	16055.652	-13.047644
-4.5203016e9	16027.718	-13.059319
-4.499421e9	15999.823	-13.071133
-4.4785403e9	15971.96	-13.082693
-4.4576594e9	15944.143	-13.09438
-4.4367785e9	15916.385	-13.106206
-4.4158976e9	15888.673	-13.118121
-4.3950167e9	15861.017	-13.129805
-4.374136e9	15833.406	-13.141626
-4.353255e9	15805.855	-13.153589
-4.332374e9	15778.357	-13.165553
-4.311493e9	15750.922	-13.177362
-4.2906125e9	15723.535	-13.189312
-4.2697318e9	15696.203	-13.2014065
-4.248851e9	15668.833	-13.21338
-4.22797e9	15641.462	-13.225311
-4.2070892e9	15614.145	-13.237387
-4.1862083e9	15586.88	-13.24961
-4.1653274e9	15559.473	-13.261578
-4.1444465e9	15532.109	-13.273655
-4.1235656e9	15504.785	-13.28588
-4.1026852e9	15477.489	-13.298129
-4.0818043e9	15450.155	-13.310241
-4.0609234e9	15422.869	-13.3225
-4.0400425e9	15395.637	-13.334912
-4.0191616e9	15368.369	-13.347172
-3.9982807e9	15341.115	-13.35948
-3.9773998e9	15313.909	-13.371942
-3.9565194e9	15286.676	-13.38445
-3.9356385e9	15259.233	-13.396789
-3.9147576e9	15231.84	-13.409282
-3.8938767e9	15204.507	-13.421932
-3.8729958e9	15176.767	-13.434377
-3.852115e9	15148.971	-13.446892
-3.831234e9	15121.241	-13.459565
-3.8103534e9	15093.345	-13.472223
-3.7894725e9	15065.213	-13.484802
-3.7685916e9	15037.143	-13.497541
-3.7477107e9	15009.12	-13.510412
-3.7268298e9	14981.043	-13.523127
-3.705949e9	14953.025	-13.536005
-3.685068e9	14925.064	-13.549051
-3.6641876e9	14897.193	-13.561963
-3.6433068e9	14869.387	-13.574974
-3.6224259e9	14841.63	-13.588156
-3.601545e9	14814.0	-13.601272
-3.580664e9	14786.47	-13.614388
-3.5597832e9	14758.998	-13.627681
-3.5389023e9	14731.614	-13.640969
-3.518022e9	14704.334	-13.654173
-3.497141e9	14677.109	-13.667554
-3.47626e9	14649.928	-13.680982
-3.4553792e9	14622.775	-13.694257
-3.4344983e9	14595.683	-13.70771
-3.4136174e9	14568.589	-13.721243
-3.3927365e9	14541.353	-13.734578
-3.371856e9	14514.176	-13.748094
-3.350975e9	14486.984	-13.761705
-3.330094e9	14459.546	-13.775126
-3.3092132e9	14432.169	-13.788731
-3.2883323e9	14404.78	-13.80243
-3.2674514e9	14377.187	-13.815982
-3.2465705e9	14349.651	-13.82972
-3.22569e9	14322.103	-13.843526
-3.2048092e9	14294.408	-13.857222
-3.1839283e9	14266.774	-13.871108
-3.1630474e9	14239.145	-13.885015
-3.1421665e9	14211.489	-13.898863
-3.121286e9	14183.8955	-13.912906
-3.100405e9	14156.313	-13.92689
-3.079524e9	14128.76	-13.940882
-3.0586432e9	14101.266	-13.9550705
-3.0377626e9	14073.718	-13.969088
-3.0168817e9	14046.198	-13.9832
-2.9960008e9	14018.733	-13.997494
-2.97512e9	13991.148	-14.011526
-2.954239e9	13963.632	-14.025759
-2.933358e9	13936.022	-14.040024
-2.9124772e9	13908.198	-14.054163
-2.8915965e9	13880.443	-14.068505
-2.8707156e9	13852.342	-14.082719
-2.8498348e9	13824.121	-14.096985
-2.828954e9	13795.946	-14.1114235
-2.8080732e9	13767.384	-14.125673
-2.7871923e9	13738.901	-14.140128
-2.7663114e9	13710.423	-14.154612
-2.7454308e9	13681.954	-14.1691265
-2.72455e9	13653.56	-14.183855
-2.703669e9	13625.0625	-14.198425
-2.6827884e9	13596.6455	-14.213201
-2.6619075e9	13568.129	-14.227989
-2.6410266e9	13539.511	-14.242778
-2.6201457e9	13510.973	-14.257772
-2.599265e9	13482.397	-14.272616
-2.5783841e9	13453.909	-14.2876835
-2.5575032e9	13425.426	-14.302734
-2.5366223e9	13396.982	-14.317868
-2.5157414e9	13368.519	-14.333118
-2.4948605e9	13339.842	-14.348269
-2.4739796e9	13311.241	-14.363653
-2.453099e9	13282.213	-14.378835
-2.432218e9	13253.237	-14.394216
-2.4113372e9	13224.038	-14.409564
-2.3904566e9	13194.753	-14.424988
-2.3695757e9	13165.501	-14.440519
-2.3486948e9	13136.225	-14.456061
-2.327814e9	13107.0	-14.471788
-2.3069332e9	13077.573	-14.487415
-2.2860524e9	13048.251	-14.503289
-2.2651715e9	13018.673	-14.518982
-2.2442908e9	12989.208	-14.53492
-2.22341e9	12959.687	-14.550731
-2.202529e9	12930.265	-14.566749
-2.1816481e9	12900.745	-14.582638
-2.1607675e9	12871.313	-14.598722
-2.1398865e9	12841.824	-14.614666
-2.1190056e9	12812.434	-14.6308155
-2.0981249e9	12782.971	-14.6468
-2.077244e9	12753.539	-14.66295
-2.0563631e9	12723.84	-14.678998
-2.0354822e9	12694.098	-14.695119
-2.0146015e9	12664.3	-14.711282
-1.9937206e9	12634.607	-14.727445
-1.9728397e9	12605.06	-14.74375
-1.9519588e9	12575.703	-14.760073
-1.9310781e9	12546.374	-14.776457
-1.9101972e9	12517.071	-14.792941
-1.8893164e9	12487.62	-14.809396
-1.8684357e9	12457.98	-14.825882
-1.8475548e9	12428.263	-14.842444
-1.8266739e9	12398.509	-14.859082
-1.805793e9	12368.777	-14.875754
-1.7849123e9	12338.953	-14.892515
-1.7640314e9	12308.685	-14.909302
-1.7431505e9	12277.631	-14.926051
-1.7222698e9	12245.6	-14.942733
-1.7013889e9	12212.873	-14.959393
-1.680508e9	12180.078	-14.976159
-1.6596271e9	12146.911	-14.992987
-1.6387465e9	12113.284	-15.009862
-1.6178656e9	12079.355	-15.026809
-1.5969847e9	12045.39	-15.043873
-1.576104e9	12011.513	-15.061078
-1.555223e9	11977.709	-15.078422
-1.5343421e9	11943.941	-15.09589
-1.5134614e9	11909.936	-15.113433
-1.4925805e9	11875.584	-15.131033
-1.4716997e9	11841.009	-15.148713
-1.450819e9	11806.445	-15.166523
-1.429938e9	11771.594	-15.184414
-1.4090573e9	11736.204	-15.202346
-1.3881764e9	11700.349	-15.220335
-1.3672955e9	11664.145	-15.238409
-1.3464147e9	11627.578	-15.256573
-1.3255338e9	11590.691	-15.27482
-1.304653e9	11553.119	-15.293081
-1.2837722e9	11514.4	-15.31126
-1.2628914e9	11474.444	-15.329336
-1.2420105e9	11433.773	-15.347401
-1.2211297e9	11393.011	-15.365575
-1.2002488e9	11352.34	-15.383896
-1.1793681e9	11311.54	-15.402322
-1.1584872e9	11270.942	-15.420899
-1.1376063e9	11230.747	-15.43966
-1.1167255e9	11190.871	-15.45858
-1.0958446e9	11151.065	-15.477604
-1.0749638e9	11111.342	-15.496721
-1.05408294e9	11071.479	-15.515892
-1.0332022e9	11031.624	-15.535145
-1.0123214e9	10991.317	-15.554389
-9.914405e8	10950.405	-15.573591
-9.705597e8	10908.828	-15.592749
-9.496788e8	10867.545	-15.612013
-9.28798e8	10826.634	-15.631395
-9.079171e8	10785.903	-15.6508465
-8.8703635e8	10744.82	-15.670267
-8.6615546e8	10702.952	-15.68958
-8.452746e8	10659.982	-15.708729
-8.2439386e8	10615.8	-15.727703
-8.0351296e8	10570.376	-15.746517
-7.826321e8	10523.7	-15.765197
-7.617513e8	10476.062	-15.783819
-7.4087046e8	10427.376	-15.802372
-7.199896e8	10377.191	-15.820807
-6.991088e8	10325.44	-15.839125
-6.78228e8	10272.349	-15.857352
-6.5734714e8	10217.077	-15.8753605
-6.3646624e8	10159.634	-15.893135
-6.155855e8	10100.74	-15.910826
-5.9470464e8	10039.245	-15.92826
-5.738238e8	9974.871	-15.945399
-5.529429e8	9907.72	-15.962296
-5.320621e8	9837.578	-15.978889
-5.1118125e8	9763.789	-15.995068
-4.903004e8	9687.627	-16.011032
-4.6941962e8	9608.443	-16.026691
-4.4853878e8	9527.207	-16.042171
-4.2765795e8	9443.14	-16.057384
-4.067771e8	9356.403	-16.072378
-3.8589626e8	9263.457	-16.086578
-3.6501542e8	9165.248	-16.10014
-3.441346e8	9061.967	-16.113157
-3.2325376e8	8953.556	-16.12559
-3.023729e8	8836.734	-16.136967
-2.8149206e8	8713.664	-16.147593
-2.6061125e8	8582.738	-16.157194
-2.397304e8	8443.304	-16.165598
-2.1884957e8	8289.139	-16.171728
-1.9796874e8	8127.928	-16.176933
-1.770879e8	7956.142	-16.180887
-1.5620706e8	7775.947	-16.18402
-1.3532622e8	7587.827	-16.1865
-1.1444539e8	7390.8833	-16.188332
-9.356455e7	7188.156	-16.190168
-7.268372e7	6973.401	-16.191133
-5.1802884e7	6740.1177	-16.190355
-3.0922046e7	6490.22	-16.188168
-1.0041212e7	6236.4956	-16.186583
1.0839624e7	6001.74	-16.188648
3.172046e7	5789.8413	-16.195107
5.2601296e7	5595.9453	-16.205437
7.348213e7	5422.544	-16.220022
9.436297e7	5269.0557	-16.23875
1.1524381e8	5141.2534	-16.262564
1.3612464e8	5037.667	-16.291306
1.5700547e8	4951.4634	-16.324074
1.778863e8	4879.0635	-16.360205
1.9876715e8	4817.1567	-16.399216
2.1964798e8	4762.74	-16.440664
2.4052882e8	4713.687	-16.484205
2.6140966e8	4669.7812	-16.529533
2.822905e8	4628.8975	-16.576365
3.0317133e8	4590.6494	-16.624699
3.2405216e8	4554.817	-16.674587
3.44933e8	4521.699	-16.725317
3.6581382e8	4490.549	-16.777443
3.8669466e8	4461.079	-16.831184
4.0757552e8	4433.8916	-16.885378
4.2845635e8	4408.093	-16.940987
4.4933718e8	4383.515	-16.998295
4.70218e8	4361.5186	-17.05545
4.9109885e8	4340.296	-17.114655
5.1197968e8	4320.431	-17.174257
5.328605e8	4301.944	-17.234945
5.537414e8	4284.6396	-17.297087
5.746222e8	4268.7026	-17.359055
5.9550304e8	4253.2812	-17.423592
6.163838e8	4239.2656	-17.486603
6.372647e8	4225.4814	-17.55313
6.5814554e8	4213.2017	-17.61719
6.7902637e8	4201.0293	-17.685457
6.999072e8	4190.2373	-17.75071
7.2078803e8	4179.5176	-17.82052
7.4166886e8	4169.7324	-17.88684
7.6254976e8	4160.0454	-17.95759
7.834305e8	4151.6636	-18.025492
8.0431136e8	4143.516	-18.097174
8.2519226e8	4135.819	-18.166677
8.46073e8	4128.3276	-18.238667
8.6695386e8	4121.4243	-18.310041
8.8783475e8	4114.954	-18.382357
9.087155e8	4108.681	-18.455713
9.295964e8	4102.655	-18.527887
9.5047725e8	4096.832	-18.603252
9.713581e8	4091.4873	-18.67523
9.922389e8	4086.255	-18.75279
1.0131197e9	4081.225	-18.824408
1.0340006e9	4076.3147	-18.901466
1.0548814e9	4071.252	-18.975348
1.0757623e9	4066.2246	-19.051641
1.0966431e9	4061.137	-19.128004
1.117524e9	4055.9805	-19.20337
1.1384047e9	4050.7598	-19.282417
1.1592855e9	4044.7983	-19.356663
1.1801664e9	4038.9983	-19.436867
1.2010472e9	4032.1204	-19.511549
1.2219281e9	4025.244	-19.590267
1.242809e9	4017.419	-19.668049
1.2636899e9	4008.826	-19.7451
1.2845706e9	4000.093	-19.826193
1.3054515e9	3989.7598	-19.901562
1.3263323e9	3979.8171	-19.983076
1.347213e9	3968.9934	-20.059908
1.368094e9	3958.2383	-20.139494
1.3889747e9	3947.5571	-20.22047
1.4098556e9	3936.7134	-20.298279
1.4307364e9	3926.3123	-20.382654
1.4516173e9	3913.9473	-20.45954
1.4724982e9	3901.9617	-20.541561
1.493379e9	3889.2544	-20.6233
1.5142598e9	3875.7417	-20.702837
1.5351406e9	3862.914	-20.78925
1.5560215e9	3845.7522	-20.86618
1.5769023e9	3829.4375	-20.949074
1.5977832e9	3811.7068	-21.03133
1.618664e9	3792.4805	-21.110716
1.6395448e9	3774.5508	-21.196955
1.6604256e9	3753.1353	-21.273788
1.6813065e9	3732.88	-21.35543
1.7021874e9	3712.0444	-21.438017
1.7230683e9	3689.2432	-21.515646
1.7439489e9	3668.2078	-21.599813
1.7648298e9	3642.9055	-21.677254
1.7857107e9	3617.8313	-21.756355
1.8065914e9	3594.4612	-21.83972
1.8274723e9	3571.4812	-21.91421
1.8483532e9	3550.3782	-21.994696
1.869234e9	3529.5977	-22.07269
1.8901148e9	3509.2043	-22.146856
1.9109957e9	3490.5562	-22.226969
1.9318766e9	3473.4382	-22.299093
1.9527572e9	3457.8384	-22.373362
1.9736381e9	3443.292	-22.451496
1.994519e9	3427.28	-22.519781
2.0154e9	3412.4822	-22.593073
2.0362806e9	3399.703	-22.66621
2.0571615e9	3389.2412	-22.73517
2.0780424e9	3379.623	-22.809238
2.0989231e9	3368.8245	-22.878761
2.119804e9	3357.6438	-22.946999
2.1406849e9	3347.1978	-23.020235
2.1615657e9	3339.4922	-23.087093
2.1824466e9	3332.8545	-23.156395
2.2033275e9	3326.7373	-23.230364
2.2242084e9	3316.5652	-23.293993
2.245089e9	3307.0754	-23.361948
2.26597e9	3298.9568	-23.432486
2.2868508e9	3294.5684	-23.497368
2.3077317e9	3290.7966	-23.566753
2.3286124e9	3286.0034	-23.636164
2.3494932e9	3278.2327	-23.698746
2.3703741e9	3271.0005	-23.765505
2.391255e9	3266.2896	-23.832209
2.4121357e9	3264.9543	-23.896286
2.4330166e9	3264.1377	-23.964752
2.4538975e9	3259.2883	-24.030329
2.474778e9	3249.9578	-24.0913
2.495659e9	3241.1003	-24.156229
2.51654e9	3234.9268	-24.220362
2.5374208e9	3231.2917	-24.283552
2.5583014e9	3228.0933	-24.351006
2.5791823e9	3217.6584	-24.41433
2.6000632e9	3200.5688	-24.473122
2.6209441e9	3183.8784	-24.535585
2.641825e9	3172.3394	-24.59825
2.662706e9	3165.996	-24.6608
2.6835868e9	3159.9783	-24.72753
2.7044675e9	3144.1711	-24.79157
2.7253484e9	3115.8735	-24.849884
2.7462292e9	3088.0322	-24.91181
2.76711e9	3059.9678	-24.972965
2.7879908e9	3031.1353	-25.028599
2.8088717e9	3002.7688	-25.087511
2.8297526e9	2978.8345	-25.147532
2.8506332e9	2966.3757	-25.203735
2.871514e9	2954.206	-25.263288
2.892395e9	2940.295	-25.323648
2.9132756e9	2917.1938	-25.373177
2.9341565e9	2894.4255	-25.425285
2.9550374e9	2872.4133	-25.47971
2.9759183e9	2855.1172	-25.531223
2.996799e9	2838.0662	-25.585535
3.01768e9	2821.2556	-25.642967
