-1.045046e10	26025.52	-13.512721
-1.0419917e10	25963.941	-13.519494
-1.0389375e10	25902.564	-13.526313
-1.0358832e10	25841.402	-13.533179
-1.0328289e10	25779.92	-13.540035
-1.0297747e10	25717.502	-13.546805
-1.0267205e10	25655.28	-13.553622
-1.0236663e10	25593.24	-13.560486
-1.020612e10	25530.12	-13.567277
-1.0175577e10	25466.463	-13.574047
-1.0145035e10	25403.006	-13.580863
-1.0114492e10	25339.725	-13.587726
-1.008395e10	25273.76	-13.594292
-1.0053408e10	25207.996	-13.6009
-1.0022865e10	25142.422	-13.607553
-9.992322e9	25076.93	-13.614206
-9.96178e9	25011.45	-13.620835
-9.931237e9	24946.168	-13.627509
-9.900695e9	24881.066	-13.634228
-9.870153e9	24817.95	-13.641088
-9.83961e9	24755.43	-13.648017
-9.809068e9	24693.102	-13.654994
-9.778525e9	24631.297	-13.662008
-9.747982e9	24570.684	-13.669037
-9.71744e9	24510.252	-13.676114
-9.686898e9	24449.988	-13.683243
-9.656355e9	24390.547	-13.690389
-9.625813e9	24331.502	-13.697575
-9.59527e9	24272.639	-13.704812
-9.564727e9	24213.787	-13.712073
-9.534185e9	24154.648	-13.719301
-9.503643e9	24095.693	-13.726582
-9.4731e9	24036.906	-13.733915
-9.442558e9	23978.307	-13.741247
-9.412015e9	23919.904	-13.748618
-9.381473e9	23861.658	-13.756044
-9.35093e9	23803.242	-13.763471
-9.320388e9	23744.318	-13.770849
-9.289846e9	23685.58	-13.778284
-9.259303e9	23627.021	-13.785773
-9.22876e9	23567.836	-13.793176
-9.198218e9	23508.79	-13.800624
-9.167675e9	23449.92	-13.808127
-9.137133e9	23390.404	-13.815586
-9.106591e9	23330.432	-13.823021
-9.076048e9	23270.668	-13.830511
-9.045505e9	23210.893	-13.838031
-9.014963e9	23150.576	-13.845506
-8.98442e9	23090.48	-13.853037
-8.953879e9	23030.604	-13.860624
-8.923336e9	22969.885	-13.868168
-8.892793e9	22909.256	-13.875756
-8.862251e9	22848.873	-13.883402
-8.831708e9	22788.81	-13.891103
-8.801165e9	22729.049	-13.898862
-8.770623e9	22669.502	-13.906681
-8.740081e9	22610.064	-13.914545
-8.709538e9	22550.594	-13.922437
-8.678996e9	22491.334	-13.930391
-8.648453e9	22432.316	-13.938404
-8.61791e9	22373.568	-13.94642
-8.587369e9	22315.04	-13.954499
-8.556826e9	22256.729	-13.962646
-8.5262833e9	22199.484	-13.970826
-8.4957414e9	22142.578	-13.979069
-8.4651986e9	22085.867	-13.98738
-8.4346557e9	22029.854	-13.995698
-8.404114e9	21974.287	-14.004052
-8.373571e9	21918.904	-14.012477
-8.343028e9	21863.934	-14.020898
-8.3124864e9	21809.373	-14.029314
-8.2819436e9	21754.998	-14.037802
-8.2514017e9	21700.96	-14.0463085
-8.220859e9	21647.41	-14.054793
-8.190316e9	21594.04	-14.063351
-8.159774e9	21540.66	-14.071931
-8.1292314e9	21486.922	-14.080433
-8.0986885e9	21433.365	-14.089007
-8.0681467e9	21379.861	-14.097627
-8.037604e9	21325.93	-14.106171
-8.007062e9	21272.188	-14.114788
-7.976519e9	21218.488	-14.123461
-7.9459763e9	21163.889	-14.132031
-7.9154345e9	21109.48	-14.140676
-7.8848916e9	21055.219	-14.149385
-7.854349e9	21000.318	-14.158015
-7.823807e9	20945.62	-14.16672
-7.793264e9	20891.094	-14.175495
-7.7627213e9	20836.236	-14.184225
-7.7321795e9	20781.582	-14.193032
-7.7016366e9	20727.111	-14.20191
-7.6710943e9	20672.559	-14.210763
-7.640552e9	20618.205	-14.219695
-7.610009e9	20564.084	-14.228699
-7.5794673e9	20510.328	-14.237709
-7.5489244e9	20456.777	-14.246802
-7.5183816e9	20403.422	-14.25596
-7.4878397e9	20350.318	-14.265107
-7.457297e9	20297.404	-14.27434
-7.4267546e9	20244.596	-14.283615
-7.396212e9	20191.648	-14.2928505
-7.3656694e9	20138.898	-14.302171
-7.335127e9	20086.264	-14.3115225
-7.3045847e9	20033.68	-14.320858
-7.274042e9	19981.281	-14.330281
-7.2434995e9	19929.016	-14.33971
-7.212957e9	19876.854	-14.349142
-7.182415e9	19824.904	-14.358662
-7.151872e9	19772.797	-14.368144
-7.1213297e9	19720.697	-14.377643
-7.0907873e9	19668.805	-14.387233
-7.060245e9	19616.918	-14.396779
-7.029702e9	19565.178	-14.406387
-6.99916e9	19513.625	-14.416084
-6.9686175e9	19462.027	-14.425716
-6.9380746e9	19410.617	-14.435442
-6.9075323e9	19359.262	-14.445216
-6.87699e9	19307.654	-14.454944
-6.8464476e9	19256.254	-14.464767
-6.815905e9	19205.066	-14.474619
-6.7853624e9	19154.08	-14.484497
-6.75482e9	19103.307	-14.494473
-6.724277e9	19052.934	-14.504459
-6.693735e9	19002.82	-14.514518
-6.6631926e9	18952.887	-14.524669
-6.63265e9	18903.08	-14.534768
-6.602108e9	18853.469	-14.5449705
-6.571565e9	18803.885	-14.555201
-6.5410227e9	18754.215	-14.565404
-6.5104804e9	18704.746	-14.575711
-6.4799375e9	18655.342	-14.58599
-6.449395e9	18606.084	-14.596319
-6.418853e9	18557.01	-14.606741
-6.38831e9	18507.969	-14.617081
-6.3577677e9	18459.117	-14.627528
-6.3272253e9	18410.453	-14.637993
-6.2966825e9	18361.957	-14.648451
-6.26614e9	18313.664	-14.65902
-6.235598e9	18265.502	-14.669517
-6.2050555e9	18217.521	-14.680092
-6.1745126e9	18169.752	-14.690728
-6.1439703e9	18122.193	-14.701341
-6.113428e9	18074.816	-14.712066
-6.0828856e9	18027.742	-14.722801
-6.052343e9	17980.887	-14.73361
-6.0218004e9	17934.244	-14.744509
-5.991258e9	17887.914	-14.755399
-5.960716e9	17841.773	-14.766408
-5.930173e9	17795.785	-14.7774105
-5.8996306e9	17749.973	-14.788471
-5.8690883e9	17704.373	-14.799623
-5.8385454e9	17659.084	-14.810744
-5.808003e9	17613.973	-14.821991
-5.7774607e9	17569.219	-14.833238
-5.7469184e9	17524.707	-14.844556
-5.7163756e9	17480.434	-14.855961
-5.685833e9	17436.521	-14.867365
-5.655291e9	17392.781	-14.8789
-5.6247485e9	17349.52	-14.890441
-5.5942057e9	17306.502	-14.902086
-5.5636634e9	17263.732	-14.913795
-5.533121e9	17221.277	-14.925533
-5.5025787e9	17178.982	-14.9374075
-5.472036e9	17136.537	-14.949169
-5.4414935e9	17094.26	-14.961069
-5.410951e9	17051.996	-14.972961
-5.380409e9	17009.805	-14.984907
-5.349866e9	16967.822	-14.9969425
-5.3193236e9	16926.107	-15.008978
-5.2887813e9	16884.566	-15.02116
-5.258239e9	16843.535	-15.033278
-5.227696e9	16802.688	-15.045533
-5.197154e9	16762.18	-15.057775
-5.1666115e9	16721.938	-15.070068
-5.1360686e9	16681.89	-15.082417
-5.1055263e9	16642.08	-15.094715
-5.074984e9	16602.438	-15.107152
-5.0444416e9	16563.049	-15.119466
-5.013899e9	16523.82	-15.131932
-4.9833564e9	16484.646	-15.144318
-4.952814e9	16445.61	-15.156793
-4.922272e9	16406.36	-15.169227
-4.891729e9	16366.983	-15.18165
-4.8611866e9	16327.485	-15.194113
-4.830644e9	16287.549	-15.206486
-4.800102e9	16247.733	-15.218982
-4.769559e9	16207.62	-15.231401
-4.7390167e9	16167.718	-15.243978
-4.7084744e9	16127.535	-15.256506
-4.677932e9	16087.533	-15.269178
-4.647389e9	16047.581	-15.281897
-4.616847e9	16007.789	-15.294741
-4.5863045e9	15968.075	-15.307669
-4.5557617e9	15928.475	-15.320712
-4.5252193e9	15888.637	-15.333818
-4.494677e9	15848.52	-15.346978
-4.4641347e9	15808.137	-15.360204
-4.433592e9	15767.141	-15.373412
-4.4030495e9	15726.088	-15.386726
-4.372507e9	15684.491	-15.400016
-4.341965e9	15643.035	-15.413451
-4.311422e9	15601.418	-15.426914
-4.2808796e9	15560.042	-15.440542
-4.2503373e9	15518.98	-15.454225
-4.219795e9	15478.128	-15.468081
-4.189252e9	15437.571	-15.481931
-4.1587098e9	15397.229	-15.495966
-4.1281674e9	15357.186	-15.5099745
-4.097625e9	15317.365	-15.524176
-4.0670822e9	15278.173	-15.538383
-4.03654e9	15239.169	-15.552786
-4.0059976e9	15200.418	-15.567101
-3.975455e9	15161.869	-15.581606
-3.9449124e9	15123.394	-15.59596
-3.91437e9	15085.131	-15.610493
-3.8838277e9	15046.975	-15.6248865
-3.8532849e9	15009.0625	-15.639448
-3.8227425e9	14971.438	-15.653936
-3.7922002e9	14934.147	-15.668591
-3.7616576e9	14897.495	-15.68327
-3.731115e9	14861.049	-15.698078
-3.7005727e9	14824.838	-15.712862
-3.6700303e9	14788.587	-15.7277
-3.6394877e9	14752.146	-15.7424755
-3.6089452e9	14715.8125	-15.757309
-3.5784028e9	14679.589	-15.772192
-3.5478602e9	14643.596	-15.787139
-3.517318e9	14607.821	-15.802214
-3.4867753e9	14572.224	-15.817323
-3.456233e9	14536.822	-15.832602
-3.4256904e9	14501.231	-15.847818
-3.395148e9	14465.752	-15.863209
-3.3646054e9	14429.912	-15.8785
-3.3340628e9	14394.116	-15.89392
-3.3035205e9	14358.098	-15.909305
-3.2729782e9	14322.202	-15.924756
-3.2424353e9	14286.423	-15.940267
-3.211893e9	14250.729	-15.955776
-3.1813504e9	14215.223	-15.971427
-3.150808e9	14179.501	-15.9869585
-3.1202655e9	14143.822	-16.00262
-3.0897231e9	14107.62	-16.018139
-3.0591805e9	14071.389	-16.033714
-3.0286382e9	14035.062	-16.049305
-2.9980956e9	13999.298	-16.065016
-2.9675533e9	13963.918	-16.080925
-2.9370107e9	13929.233	-16.096952
-2.9064684e9	13894.792	-16.113165
-2.8759258e9	13860.579	-16.129488
-2.8453834e9	13826.469	-16.145895
-2.8148408e9	13792.526	-16.162468
-2.7842985e9	13758.305	-16.17895
-2.753756e9	13723.991	-16.195534
-2.7232136e9	13689.273	-16.212051
-2.692671e9	13653.862	-16.228426
-2.6621286e9	13618.293	-16.24485
-2.631586e9	13582.196	-16.26113
-2.6010435e9	13546.406	-16.2776
-2.570501e9	13510.8955	-16.29424
-2.5399585e9	13475.451	-16.311003
-2.5094162e9	13440.082	-16.327927
-2.4788736e9	13404.413	-16.344885
-2.4483313e9	13368.508	-16.361858
-2.4177887e9	13332.622	-16.378944
-2.3872463e9	13296.634	-16.396048
-2.3567037e9	13260.6045	-16.413193
-2.3261614e9	13224.684	-16.430443
-2.2956188e9	13188.864	-16.447754
-2.2650765e9	13152.852	-16.465023
-2.234534e9	13116.787	-16.48234
-2.2039916e9	13080.604	-16.499676
-2.173449e9	13044.078	-16.516932
-2.1429066e9	13007.152	-16.534082
-2.112364e9	12970.124	-16.55125
-2.0818217e9	12932.978	-16.56843
-2.0512791e9	12895.676	-16.585623
-2.0207366e9	12858.188	-16.602827
-1.9901942e9	12820.258	-16.620035
-1.9596517e9	12781.822	-16.637257
-1.9291092e9	12742.801	-16.654478
-1.8985667e9	12703.231	-16.671711
-1.8680242e9	12662.79	-16.688906
-1.8374817e9	12620.86	-16.705914
-1.8069393e9	12577.072	-16.722624
-1.7763968e9	12531.634	-16.739096
-1.7458543e9	12484.926	-16.755491
-1.7153119e9	12437.038	-16.771864
-1.6847694e9	12387.644	-16.788134
-1.6542268e9	12336.611	-16.804295
-1.6236845e9	12284.164	-16.820436
-1.5931419e9	12230.498	-16.836613
-1.5625994e9	12176.089	-16.852964
-1.532057e9	12121.644	-16.869669
-1.5015145e9	12067.259	-16.886702
-1.470972e9	12012.716	-16.903927
-1.4404296e9	11957.824	-16.921268
-1.4098871e9	11902.548	-16.938694
-1.3793446e9	11846.431	-16.956068
-1.3488022e9	11789.305	-16.973368
-1.3182597e9	11731.198	-16.990595
-1.2877172e9	11671.758	-17.007622
-1.2571748e9	11609.632	-17.024157
-1.2266323e9	11544.041	-17.04006
-1.1960899e9	11474.603	-17.055166
-1.1655474e9	11401.145	-17.069475
-1.1350049e9	11324.131	-17.083267
-1.1044625e9	11243.549	-17.096632
-1.07392e9	11159.308	-17.109642
-1.0433775e9	11071.457	-17.122488
-1.012835e9	10979.202	-17.134977
-9.8229254e8	10881.929	-17.146864
-9.5175e8	10778.069	-17.157978
-9.2120755e8	10668.888	-17.168766
-8.90665e8	10553.789	-17.179104
-8.6012256e8	10431.023	-17.188545
-8.295801e8	10303.1455	-17.197828
-7.9903763e8	10171.169	-17.207123
-7.6849517e8	10030.423	-17.215294
-7.379527e8	9878.402	-17.221846
-7.0741024e8	9712.164	-17.226324
-6.768678e8	9533.737	-17.229351
-6.463253e8	9342.538	-17.231047
-6.1578285e8	9134.638	-17.23065
-5.852404e8	8916.52	-17.230066
-5.546979e8	8691.489	-17.230026
-5.2415542e8	8458.009	-17.23011
-4.9361296e8	8213.612	-17.22936
-4.6307043e8	7956.783	-17.227703
-4.3252797e8	7705.061	-17.228905
-4.019855e8	7456.759	-17.233002
-3.7144304e8	7216.5054	-17.24028
-3.4090058e8	6982.993	-17.250362
-3.1035808e8	6751.2954	-17.26184
-2.798156e8	6521.079	-17.274666
-2.4927315e8	6287.033	-17.28806
-2.1873067e8	6058.979	-17.304127
-1.881882e8	5857.96	-17.326542
-1.5764573e8	5668.642	-17.352917
-1.27103256e8	5500.8496	-17.38437
-9.656078e7	5359.91	-17.42241
-6.6018308e7	5252.682	-17.468843
-3.547583e7	5163.951	-17.521784
-4.933359e6	5090.0156	-17.57958
2.5609114e7	5025.7324	-17.640717
5.6151588e7	4971.6445	-17.704796
8.669406e7	4924.379	-17.77186
1.1723653e8	4882.3477	-17.841581
1.47779e8	4844.8564	-17.913607
1.7832149e8	4810.711	-17.987616
2.0886395e8	4779.3857	-18.0633
2.3940642e8	4750.4644	-18.140375
2.699489e8	4723.5757	-18.218746
3.004914e8	4698.548	-18.298391
3.3103386e8	4675.297	-18.379284
3.6157632e8	4653.3296	-18.46113
3.921188e8	4632.7593	-18.54296
4.2266125e8	4612.3403	-18.625874
4.532037e8	4592.2646	-18.709927
4.837462e8	4572.836	-18.795263
5.142887e8	4554.549	-18.8808
5.4483117e8	4537.3613	-18.966366
5.7537363e8	4520.752	-19.053617
6.059161e8	4504.56	-19.142832
6.3645856e8	4488.689	-19.23057
6.670011e8	4473.331	-19.319468
6.9754355e8	4458.519	-19.410662
7.28086e8	4444.4453	-19.501133
7.586285e8	4430.7554	-19.591875
7.8917094e8	4417.149	-19.685371
8.197134e8	4402.6987	-19.777172
8.502559e8	4388.166	-19.869757
8.8079834e8	4373.7183	-19.965559
9.113408e8	4359.2554	-20.057636
9.4188326e8	4345.225	-20.152431
9.724257e8	4331.6313	-20.248709
1.0029683e9	4318.009	-20.342049
1.0335108e9	4304.6567	-20.43896
1.06405325e9	4291.5674	-20.534195
1.0945957e9	4279.065	-20.629498
1.1251382e9	4267.122	-20.728416
1.1556806e9	4256.4004	-20.822472
1.1862231e9	4246.4126	-20.92054
1.2167656e9	4237.355	-21.018953
1.247308e9	4229.3564	-21.116352
1.2778505e9	4222.2124	-21.218328
1.308393e9	4216.2837	-21.316422
1.3389354e9	4211.523	-21.41819
1.3694779e9	4208.1904	-21.521238
1.4000204e9	4205.598	-21.622734
1.4305628e9	4203.83	-21.729609
1.4611054e9	4201.0728	-21.831911
1.4916479e9	4197.373	-21.938435
1.5221903e9	4191.8237	-22.04534
1.5527328e9	4185.0044	-22.151089
1.5832753e9	4178.5957	-22.26284
1.6138177e9	4172.1313	-22.367046
1.6443602e9	4165.701	-22.477062
1.6749028e9	4157.2896	-22.583748
1.7054451e9	4146.97	-22.689928
1.7359877e9	4135.519	-22.797775
1.76653e9	4121.8477	-22.89818
1.7970726e9	4108.505	-23.00334
1.827615e9	4094.6216	-23.099323
1.8581576e9	4082.176	-23.198084
1.8886999e9	4071.4146	-23.29296
1.9192425e9	4059.577	-23.385818
1.9497848e9	4047.2544	-23.479458
1.9803274e9	4034.5376	-23.567234
2.01087e9	4022.151	-23.659119
2.0414124e9	4007.8667	-23.743132
2.071955e9	3995.0667	-23.830866
2.1024973e9	3984.959	-23.91549
2.1330399e9	3972.1414	-23.999807
2.1635822e9	3956.324	-24.08231
2.1941248e9	3942.9866	-24.16373
2.2246671e9	3931.1682	-24.247955
2.2552097e9	3906.9695	-24.330256
2.285752e9	3881.605	-24.417747
2.3162947e9	3864.1216	-24.500126
2.346837e9	3839.9697	-24.58437
2.3773796e9	3789.79	-24.653685
2.407922e9	3740.1309	-24.724108
2.4384645e9	3690.4917	-24.79236
2.4690068e9	3650.844	-24.864113
2.4995494e9	3619.965	-24.939947
2.5300918e9	3581.463	-25.01261
2.5606344e9	3540.069	-25.086296
2.5911767e9	3501.1006	-25.153666
2.6217193e9	3463.3867	-25.22346
