-6.812774e7	22712.676	-8.517958
-6.797508e7	22685.328	-8.524209
-6.782242e7	22658.014	-8.5305
-6.766975e7	22630.73	-8.536832
-6.751708e7	22603.488	-8.543203
-6.736442e7	22576.273	-8.549616
-6.721175e7	22549.09	-8.556069
-6.705909e7	22521.926	-8.562566
-6.6906424e7	22494.148	-8.568948
-6.6753756e7	22466.15	-8.575312
-6.6601084e7	22438.188	-8.581717
-6.644842e7	22410.268	-8.588163
-6.6295756e7	22382.37	-8.594651
-6.614309e7	22354.514	-8.601182
-6.5990424e7	22326.693	-8.607756
-6.583776e7	22298.434	-8.614256
-6.5685092e7	22269.852	-8.6207075
-6.5532428e7	22241.307	-8.6272
-6.5379764e7	22212.795	-8.633736
-6.5227096e7	22184.328	-8.640315
-6.507443e7	22155.885	-8.646936
-6.492177e7	22127.484	-8.653604
-6.47691e7	22098.57	-8.660198
-6.4616436e7	22069.12	-8.666718
-6.4463772e7	22039.707	-8.67328
-6.4311104e7	22010.334	-8.679885
-6.415844e7	21981.0	-8.686534
-6.4005776e7	21951.72	-8.693228
-6.3853104e7	21922.457	-8.699966
-6.3700436e7	21892.99	-8.70664
-6.3547772e7	21863.35	-8.713259
-6.3395108e7	21833.738	-8.719921
-6.324244e7	21804.178	-8.726628
-6.3089776e7	21774.654	-8.733381
-6.293711e7	21745.166	-8.74018
-6.2784444e7	21715.72	-8.747025
-6.263178e7	21686.45	-8.753793
-6.2479116e7	21657.295	-8.760544
-6.232645e7	21628.184	-8.767341
-6.2173784e7	21599.115	-8.774184
-6.202112e7	21570.08	-8.7810755
-6.1868452e7	21541.084	-8.788014
-6.1715788e7	21512.129	-8.795001
-6.1563124e7	21483.164	-8.801838
-6.1410456e7	21454.24	-8.808702
-6.125779e7	21425.355	-8.815614
-6.110512e7	21396.516	-8.822574
-6.0952456e7	21367.707	-8.829582
-6.0799788e7	21338.932	-8.83664
-6.0647124e7	21310.225	-8.843695
-6.049446e7	21281.617	-8.850639
-6.034179e7	21253.049	-8.857633
-6.018913e7	21224.518	-8.8646755
-6.0036464e7	21196.02	-8.871768
-5.9883796e7	21167.574	-8.878911
-5.9731132e7	21139.15	-8.886106
-5.9578468e7	21110.773	-8.893195
-5.94258e7	21082.432	-8.900265
-5.9273136e7	21054.125	-8.907384
-5.912047e7	21025.855	-8.914556
-5.8967804e7	20997.617	-8.921778
-5.881514e7	20969.432	-8.929053
-5.8662476e7	20941.268	-8.936327
-5.850981e7	20913.107	-8.943473
-5.8357136e7	20884.986	-8.95067
-5.820447e7	20856.898	-8.95792
-5.805181e7	20828.857	-8.965222
-5.789914e7	20800.855	-8.972579
-5.7746476e7	20772.88	-8.979989
-5.7593812e7	20744.89	-8.987245
-5.7441144e7	20716.934	-8.994519
-5.728848e7	20689.014	-9.001848
-5.7135816e7	20661.129	-9.009231
-5.6983148e7	20633.28	-9.016667
-5.6830484e7	20605.473	-9.024161
-5.667782e7	20577.58	-9.031556
-5.652515e7	20549.64	-9.0389
-5.637249e7	20521.738	-9.046299
-5.6219824e7	20493.871	-9.053753
-5.6067156e7	20466.05	-9.061262
-5.5914492e7	20438.256	-9.06883
-5.5761828e7	20410.4	-9.076343
-5.5609156e7	20382.436	-9.083758
-5.545649e7	20354.512	-9.091229
-5.5303824e7	20326.627	-9.098757
-5.515116e7	20298.777	-9.10634
-5.4998492e7	20270.967	-9.113983
-5.4845828e7	20243.027	-9.121589
-5.4693164e7	20214.781	-9.129062
-5.4540496e7	20186.58	-9.136591
-5.438783e7	20158.418	-9.144177
-5.423517e7	20130.297	-9.151822
-5.40825e7	20102.207	-9.159525
-5.3929836e7	20074.08	-9.1672
-5.3777172e7	20045.832	-9.174761
-5.3624504e7	20017.623	-9.182381
-5.347184e7	19989.45	-9.190059
-5.3319176e7	19961.326	-9.197796
-5.3166508e7	19933.244	-9.205593
-5.3013844e7	19904.99	-9.21333
-5.2861172e7	19876.53	-9.220969
-5.2708508e7	19848.107	-9.228666
-5.255584e7	19819.72	-9.2364235
-5.2403176e7	19791.383	-9.244241
-5.225051e7	19763.09	-9.25212
-5.2097844e7	19734.69	-9.2599
-5.194518e7	19706.244	-9.26764
-5.1792516e7	19677.84	-9.275441
-5.163985e7	19649.47	-9.283303
-5.1487184e7	19621.154	-9.291227
-5.133452e7	19592.875	-9.299215
-5.1181852e7	19564.326	-9.307022
-5.1029188e7	19535.78	-9.314858
-5.0876524e7	19507.275	-9.322757
-5.0723856e7	19478.809	-9.330718
-5.057119e7	19450.396	-9.338743
-5.0418524e7	19421.941	-9.346767
-5.026586e7	19393.32	-9.35465
-5.0113188e7	19364.738	-9.362595
-4.996053e7	19336.207	-9.370603
-4.980786e7	19307.703	-9.378676
-4.9655196e7	19279.254	-9.386815
-4.950253e7	19250.586	-9.394829
-4.9349864e7	19221.85	-9.402817
-4.9197196e7	19193.156	-9.41087
-4.9044532e7	19164.51	-9.418987
-4.8891868e7	19135.893	-9.427172
-4.87392e7	19107.268	-9.435368
-4.8586536e7	19078.445	-9.443411
-4.843387e7	19049.662	-9.451519
-4.8281204e7	19020.916	-9.459694
-4.8128536e7	18992.225	-9.4679365
-4.797587e7	18963.574	-9.476247
-4.7823204e7	18934.732	-9.484403
-4.767054e7	18905.88	-9.492572
-4.7517876e7	18877.07	-9.500809
-4.736521e7	18848.3	-9.509113
-4.7212544e7	18819.59	-9.5174885
-4.705988e7	18790.764	-9.525795
-4.6907212e7	18761.846	-9.534028
-4.6754544e7	18732.969	-9.54233
-4.660188e7	18704.14	-9.5507
-4.6449216e7	18675.36	-9.559142
-4.6296548e7	18646.54	-9.567583
-4.6143884e7	18617.562	-9.575885
-4.599122e7	18588.63	-9.584256
-4.583855e7	18559.742	-9.592698
-4.568589e7	18530.904	-9.6012125
-4.553322e7	18502.076	-9.609772
-4.538055e7	18473.035	-9.618147
-4.522789e7	18444.04	-9.626594
-4.5075224e7	18415.092	-9.635112
-4.4922556e7	18386.188	-9.643703
-4.4769892e7	18357.324	-9.652364
-4.4617228e7	18328.252	-9.660821
-4.446456e7	18299.223	-9.66935
-4.4311896e7	18270.248	-9.677952
-4.415923e7	18241.305	-9.686628
-4.4006564e7	18212.414	-9.695377
-4.3853896e7	18183.309	-9.703922
-4.370123e7	18154.248	-9.71254
-4.354857e7	18125.234	-9.721232
-4.33959e7	18096.262	-9.730002
-4.3243236e7	18067.326	-9.738826
-4.309057e7	18038.191	-9.747466
-4.2937904e7	18009.104	-9.756182
-4.278524e7	17980.07	-9.764974
-4.2632572e7	17951.07	-9.773845
-4.2479904e7	17922.064	-9.782731
-4.232724e7	17892.898	-9.791475
-4.2174576e7	17863.781	-9.800298
-4.2021908e7	17834.715	-9.809198
-4.1869244e7	17805.691	-9.818178
-4.171658e7	17776.555	-9.827112
-4.156391e7	17747.271	-9.835963
-4.141125e7	17718.037	-9.8448925
-4.125858e7	17688.854	-9.853902
-4.1105916e7	17659.713	-9.862993
-4.095325e7	17630.447	-9.871964
-4.0800584e7	17601.166	-9.8809395
-4.0647916e7	17571.93	-9.889995
-4.0495252e7	17542.754	-9.899134
-4.0342588e7	17513.594	-9.908333
-4.018992e7	17484.23	-9.917352
-4.0037256e7	17454.92	-9.926455
-3.9884588e7	17425.658	-9.935639
-3.9731924e7	17396.441	-9.94491
-3.9579256e7	17367.133	-9.954119
-3.942659e7	17337.73	-9.963267
-3.927393e7	17308.38	-9.972501
-3.912126e7	17279.076	-9.98182
-3.8968596e7	17249.826	-9.991226
-3.8815932e7	17220.307	-10.0004225
-3.8663264e7	17190.836	-10.009705
-3.8510596e7	17161.418	-10.0190735
-3.8357932e7	17132.047	-10.02853
-3.8205264e7	17102.559	-10.0379095
-3.80526e7	17072.986	-10.047245
-3.7899936e7	17043.47	-10.056668
-3.7747268e7	17013.998	-10.066182
-3.7594604e7	16984.52	-10.075729
-3.744194e7	16954.854	-10.085123
-3.728927e7	16925.246	-10.094606
-3.713661e7	16895.676	-10.104181
-3.698394e7	16866.17	-10.113848
-3.6831276e7	16836.453	-10.1233425
-3.667861e7	16806.756	-10.132893
-3.6525944e7	16777.105	-10.142534
-3.637328e7	16747.52	-10.15227
-3.6220612e7	16717.793	-10.161911
-3.6067948e7	16688.021	-10.171536
-3.5915284e7	16658.31	-10.181255
-3.5762616e7	16628.639	-10.191071
-3.5609948e7	16598.89	-10.200843
-3.5457284e7	16569.033	-10.210547
-3.5304616e7	16539.227	-10.220346
-3.515195e7	16509.48	-10.230243
-3.499929e7	16479.688	-10.240134
-3.484662e7	16449.756	-10.249926
-3.4693956e7	16419.88	-10.259814
-3.4541292e7	16390.055	-10.269801
-3.4388624e7	16360.19	-10.279801
-3.4235956e7	16330.124	-10.289681
-3.4083292e7	16300.114	-10.299661
-3.3930628e7	16270.161	-10.30974
-3.377796e7	16240.154	-10.319834
-3.3625296e7	16209.942	-10.329811
-3.347263e7	16179.782	-10.339889
-3.3319966e7	16149.687	-10.350068
-3.31673e7	16119.516	-10.360245
-3.3014634e7	16089.166	-10.370328
-3.2861966e7	16058.869	-10.380514
-3.27093e7	16028.643	-10.390804
-3.2556636e7	15998.312	-10.401057
-3.240397e7	15967.873	-10.411256
-3.2251304e7	15937.499	-10.421559
-3.209864e7	15907.171	-10.431971
-3.1945974e7	15876.671	-10.4422865
-3.1793308e7	15846.1045	-10.452602
-3.1640642e7	15815.603	-10.463024
-3.1487974e7	15785.148	-10.473557
-3.133531e7	15754.429	-10.48392
-3.1182644e7	15723.729	-10.494358
-3.1029978e7	15693.092	-10.504907
-3.0877314e7	15662.434	-10.515508
-3.0724648e7	15631.507	-10.525961
-3.0571982e7	15600.64	-10.536524
-3.0419316e7	15569.838	-10.5472
-3.0266652e7	15538.894	-10.557824
-3.0113984e7	15507.845	-10.568417
-2.9961318e7	15476.857	-10.579122
-2.9808652e7	15445.933	-10.589942
-2.9655988e7	15414.742	-10.600587
-2.9503322e7	15383.597	-10.611325
-2.9350656e7	15352.511	-10.622181
-2.919799e7	15321.346	-10.633031
-2.9045326e7	15290.038	-10.643805
-2.889266e7	15258.798	-10.6546955
-2.8739992e7	15227.618	-10.665707
-2.8587326e7	15196.162	-10.676546
-2.8434662e7	15164.733	-10.687472
-2.8281996e7	15133.38	-10.69852
-2.812933e7	15101.909	-10.70954
-2.7976664e7	15070.296	-10.7205105
-2.7824e7	15038.747	-10.731603
-2.7671334e7	15007.248	-10.742794
-2.7518668e7	14975.505	-10.753824
-2.7366e7	14943.829	-10.764977
-2.7213336e7	14912.227	-10.776257
-2.706067e7	14880.416	-10.787435
-2.6908004e7	14848.587	-10.798657
-2.6755338e7	14816.829	-10.810007
-2.6602674e7	14784.946	-10.821343
-2.6450008e7	14752.906	-10.832633
-2.6297342e7	14720.942	-10.844052
-2.6144678e7	14688.941	-10.855533
-2.599201e7	14656.644	-10.866886
-2.5839344e7	14624.42	-10.87837
-2.5686678e7	14592.258	-10.889979
-2.5534012e7	14559.771	-10.901413
-2.5381348e7	14527.356	-10.912978
-2.5228682e7	14495.02	-10.924679
-2.5076016e7	14462.396	-10.9362335
-2.492335e7	14429.805	-10.947886
-2.4770684e7	14397.284	-10.959676
-2.461802e7	14364.6045	-10.971355
-2.4465354e7	14331.931	-10.983106
-2.4312686e7	14299.331	-10.994995
-2.4160022e7	14266.46	-11.006776
-2.4007356e7	14233.535	-11.018607
-2.385469e7	14200.693	-11.0305805
-2.3702024e7	14167.556	-11.042447
-2.3549358e7	14134.36	-11.054363
-2.3396694e7	14101.243	-11.066423
-2.3244028e7	14067.878	-11.078372
-2.3091362e7	14034.502	-11.09039
-2.2938696e7	14001.195	-11.102554
-2.278603e7	13967.563	-11.114587
-2.2633364e7	13933.942	-11.1267185
-2.24807e7	13900.401	-11.138999
-2.2328034e7	13866.445	-11.1511135
-2.2175368e7	13832.5625	-11.163372
-2.2022702e7	13798.726	-11.175735
-2.1870036e7	13764.72	-11.187998
-2.1717372e7	13730.805	-11.200413
-2.1564704e7	13696.852	-11.212867
-2.1412038e7	13662.8	-11.22528
-2.1259374e7	13628.824	-11.237849
-2.1106708e7	13594.784	-11.250376
-2.0954042e7	13560.726	-11.262939
-2.0801376e7	13526.763	-11.275663
-2.064871e7	13492.529	-11.288228
-2.0496046e7	13458.36	-11.300925
-2.034338e7	13424.169	-11.313696
-2.0190712e7	13389.782	-11.326368
-2.0038048e7	13355.486	-11.339205
-1.9885382e7	13321.06	-11.3519945
-1.9732716e7	13286.598	-11.364826
-1.9580052e7	13252.204	-11.377808
-1.9427384e7	13217.509	-11.390639
-1.927472e7	13182.909	-11.403638
-1.9122054e7	13148.026	-11.416626
-1.8969388e7	13112.874	-11.429604
-1.8816722e7	13077.821	-11.442751
-1.8664056e7	13042.021	-11.455718
-1.851139e7	13006.325	-11.468854
-1.8358726e7	12970.385	-11.481996
-1.820606e7	12934.241	-11.495158
-1.8053394e7	12898.152	-11.50847
-1.7900728e7	12861.713	-11.521686
-1.7748062e7	12825.382	-11.535078
-1.7595396e7	12788.77	-11.548435
-1.744273e7	12752.096	-11.561874
-1.7290064e7	12715.319	-11.57539
-1.71374e7	12678.24	-11.588869
-1.6984734e7	12641.273	-11.602531
-1.6832068e7	12603.773	-11.616044
-1.6679402e7	12566.3955	-11.629743
-1.6526736e7	12528.716	-11.643392
-1.6374071e7	12490.991	-11.65713
-1.6221406e7	12453.18	-11.670914
-1.6068739e7	12415.235	-11.68471
-1.5916073e7	12377.282	-11.698621
-1.5763408e7	12338.993	-11.712463
-1.5610743e7	12300.799	-11.726486
-1.5458077e7	12261.863	-11.740347
-1.530541e7	12223.0625	-11.754403
-1.5152745e7	12183.532	-11.768329
-1.500008e7	12144.024	-11.782405
-1.4847414e7	12103.885	-11.796405
-1.4694747e7	12063.64	-11.810511
-1.4542082e7	12022.942	-11.824592
-1.4389417e7	11982.087	-11.838753
-1.4236751e7	11940.971	-11.852929
-1.4084086e7	11899.732	-11.867178
-1.3931419e7	11858.267	-11.88146
-1.3778754e7	11816.667	-11.89581
-1.3626088e7	11774.69	-11.910186
-1.3473423e7	11732.466	-11.924623
-1.3320756e7	11689.82	-11.939077
-1.3168091e7	11646.93	-11.953606
-1.3015425e7	11603.614	-11.968144
-1.286276e7	11560.143	-11.9827795
-1.2710094e7	11516.27	-11.997414
-1.2557428e7	11472.366	-12.01218
-1.2404762e7	11428.158	-12.026934
-1.2252097e7	11384.056	-12.041862
-1.2099431e7	11339.523	-12.056732
-1.1946765e7	11295.047	-12.071766
-1.1794099e7	11250.219	-12.086793
-1.1641434e7	11205.221	-12.101905
-1.1488768e7	11159.984	-12.117076
-1.1336102e7	11114.187	-12.13222
-1.1183437e7	11068.255	-12.147476
-1.1030771e7	11021.66	-12.162671
-1.0878105e7	10974.733	-12.177926
-1.0725439e7	10927.521	-12.193254
-1.0572774e7	10879.366	-12.208497
-1.0420108e7	10830.895	-12.223824
-1.0267442e7	10782.066	-12.23922
-1.0114777e7	10732.267	-12.254565
-9.962111e6	10681.884	-12.269972
-9.809446e6	10630.887	-12.285433
-9.656779e6	10579.055	-12.30091
-9.504114e6	10526.532	-12.316411
-9.351448e6	10473.828	-12.332013
-9.198783e6	10420.993	-12.347719
-9.046116e6	10368.021	-12.363525
-8.893451e6	10314.76	-12.379405
-8.740786e6	10260.933	-12.395316
-8.58812e6	10206.305	-12.411249
-8.435454e6	10150.647	-12.427178
-8.282788e6	10094.0	-12.443107
-8.1301225e6	10036.516	-12.459057
-7.9774565e6	9978.289	-12.475043
-7.824791e6	9919.297	-12.491063
-7.672125e6	9859.547	-12.50712
-7.5194595e6	9799.03	-12.523213
-7.3667945e6	9737.673	-12.539332
-7.214128e6	9675.388	-12.555468
-7.061463e6	9612.14	-12.571612
-6.9087965e6	9547.871	-12.587762
-6.7561315e6	9482.616	-12.60392
-6.603465e6	9416.769	-12.620135
-6.4508e6	9350.433	-12.636432
-6.2981335e6	9283.305	-12.65277
-6.1454685e6	9215.264	-12.66913
-5.9928025e6	9146.419	-12.685523
-5.840137e6	9076.701	-12.7019415
-5.687471e6	9005.909	-12.718359
-5.5348055e6	8933.995	-12.734758
-5.38214e6	8861.043	-12.751138
-5.229474e6	8787.19	-12.767506
-5.0768085e6	8712.551	-12.783868
-4.9241425e6	8636.897	-12.800195
-4.771477e6	8559.871	-12.816435
-4.618811e6	8481.151	-12.832551
-4.4661455e6	8400.466	-12.848506
-4.3134795e6	8317.74	-12.864289
-4.1608142e6	8233.235	-12.879934
-4.0081485e6	8147.188	-12.895478
-3.8554828e6	8059.67	-12.910934
-3.702817e6	7970.6323	-12.926302
-3.5501512e6	7879.765	-12.941547
-3.3974855e6	7786.596	-12.956607
-3.2448198e6	7690.8623	-12.97145
-3.0921542e6	7592.5376	-12.98608
-2.9394885e6	7491.55	-13.000497
-2.7868228e6	7387.8833	-13.01471
-2.634157e6	7281.2593	-13.028712
-2.4814912e6	7171.012	-13.042431
-2.3288258e6	7056.6274	-13.055809
-2.17616e6	6937.5356	-13.06879
-2.0234942e6	6813.0957	-13.081298
-1.8708285e6	6683.279	-13.093325
-1.7181629e6	6548.8257	-13.104976
-1.5654971e6	6411.1455	-13.116444
-1.4128314e6	6272.637	-13.128055
-1.2601658e6	6136.392	-13.14026
-1.1075e6	6005.33	-13.153508
-954834.4	5881.7817	-13.168185
-802168.6	5767.3413	-13.18459
-649502.94	5662.56	-13.202875
-496837.22	5567.1123	-13.223051
-344171.5	5480.1626	-13.245039
-191505.78	5400.708	-13.268727
-38840.086	5327.6104	-13.293962
113825.62	5259.8936	-13.320602
266491.3	5196.636	-13.348507
419157.03	5137.128	-13.3775625
571822.75	5080.683	-13.407654
724488.44	5026.8257	-13.438703
877154.1	4975.14	-13.470642
1.0298199e6	4925.38	-13.503437
1.1824855e6	4877.3506	-13.537065
1.3351512e6	4830.8633	-13.571499
1.487817e6	4785.878	-13.6067505
1.6404826e6	4742.173	-13.642786
1.7931484e6	4699.919	-13.679606
1.9458141e6	4658.885	-13.717128
2.0984798e6	4619.1787	-13.755461
2.2511455e6	4580.6187	-13.794584
2.4038112e6	4543.208	-13.834527
2.556477e6	4507.015	-13.87535
2.7091428e6	4472.046	-13.916765
2.8618085e6	4438.549	-13.95897
3.014474e6	4406.203	-14.002052
3.1671398e6	4374.9263	-14.046063
3.3198055e6	4345.3735	-14.090571
3.4724712e6	4316.917	-14.135821
3.625137e6	4289.5044	-14.1820965
3.7778028e6	4263.6543	-14.228968
3.930468e6	4239.046	-14.276376
4.0831338e6	4215.4683	-14.324996
4.2357995e6	4193.882	-14.374026
4.3884655e6	4173.769	-14.423892
4.541131e6	4154.7324	-14.475179
4.693797e6	4139.068	-14.526424
4.8464625e6	4124.6094	-14.579373
4.9991285e6	4112.5063	-14.632743
5.151794e6	4102.7607	-14.687071
5.3044595e6	4094.959	-14.742813
5.457125e6	4088.9773	-14.798096
5.609791e6	4083.7212	-14.855563
5.7624565e6	4080.1345	-14.911226
5.9151225e6	4076.7932	-14.969236
6.067788e6	4073.1162	-15.025292
6.220454e6	4069.8708	-15.083126
6.3731195e6	4067.232	-15.139928
6.5257855e6	4064.439	-15.197747
6.678451e6	4061.1326	-15.254764
6.831117e6	4059.0544	-15.312603
6.9837825e6	4058.389	-15.370657
7.1364485e6	4058.2937	-15.4288645
7.289114e6	4058.799	-15.487316
7.441779e6	4061.149	-15.545832
7.5944455e6	4065.0479	-15.605048
7.7471105e6	4067.0928	-15.663222
7.899777e6	4067.8972	-15.721369
8.052442e6	4068.2097	-15.7788725
8.2051085e6	4068.221	-15.836622
8.3577735e6	4064.7317	-15.893219
8.51044e6	4058.4294	-15.94918
8.663105e6	4051.9897	-16.005125
8.815771e6	4045.3965	-16.060886
8.968437e6	4036.2144	-16.116495
9.121102e6	4023.4968	-16.170511
9.273768e6	4011.445	-16.225689
9.426434e6	4000.4653	-16.279963
9.5791e6	3988.4624	-16.335754
9.731765e6	3971.7534	-16.388407
9.884431e6	3955.5427	-16.44367
1.0037097e7	3942.1367	-16.497082
1.0189762e7	3929.0142	-16.553505
1.0342428e7	3910.8333	-16.606266
1.0495093e7	3892.3467	-16.661047
1.064776e7	3877.3093	-16.715488
1.0800425e7	3864.0122	-16.771421
1.0953091e7	3847.079	-16.826618
1.1105756e7	3826.0388	-16.880243
1.1258423e7	3805.8928	-16.935717
1.1411088e7	3787.8032	-16.990072
1.1563753e7	3770.01	-17.047552
1.1716419e7	3742.7979	-17.099796
1.1869085e7	3715.4377	-17.154436
1.2021751e7	3691.7256	-17.20919
1.2174416e7	3670.0713	-17.265383
1.2327082e7	3646.1672	-17.322102
1.2479748e7	3617.3542	-17.375998
1.2632413e7	3588.9382	-17.432966
1.2785079e7	3568.5244	-17.48898
1.2937745e7	3548.6257	-17.548176
1.3090411e7	3524.2317	-17.605297
1.3243076e7	3496.875	-17.661613
1.3395742e7	3471.2075	-17.720388
1.3548408e7	3451.7725	-17.77851
1.3701074e7	3432.579	-17.84022
1.3853739e7	3406.7263	-17.897732
1.4006405e7	3378.8713	-17.955782
1.415907e7	3353.4521	-18.0159
1.4311737e7	3333.605	-18.075773
1.4464402e7	3313.977	-18.139462
1.4617068e7	3287.1545	-18.198019
1.4769733e7	3258.6987	-18.257547
1.49224e7	3232.694	-18.319355
1.5075065e7	3212.6738	-18.380892
1.5227731e7	3192.8523	-18.446466
1.5380396e7	3167.2273	-18.507545
1.5533061e7	3139.545	-18.568794
1.5685728e7	3113.317	-18.633234
1.5838394e7	3094.419	-18.696678
1.5991059e7	3075.6848	-18.764421
1.6143724e7	3053.1316	-18.829859
1.6296391e7	3027.266	-18.89298
1.6449057e7	3001.6782	-18.960358
1.6601722e7	2983.3662	-19.026236
1.6754387e7	2966.0823	-19.095896
1.6907052e7	2947.354	-19.167511
1.705972e7	2923.1423	-19.23203
1.7212384e7	2899.1687	-19.301
1.736505e7	2879.255	-19.370888
1.7517716e7	2863.0789	-19.441795
1.7670382e7	2847.0154	-19.518118
1.7823048e7	2825.8704	-19.586958
1.7975714e7	2803.4846	-19.656807
1.8128378e7	2781.436	-19.731731
1.8281044e7	2766.4702	-19.802862
1.843371e7	2751.609	-19.879444
1.8586376e7	2735.4827	-19.95811
1.8739042e7	2714.7273	-20.027409
1.8891708e7	2694.1572	-20.101871
1.9044374e7	2676.4343	-20.177809
1.919704e7	2662.93	-20.252491
1.9349704e7	2649.5208	-20.333204
1.950237e7	2633.3477	-20.40935
1.9655036e7	2614.8127	-20.480799
1.9807702e7	2596.4333	-20.557749
1.9960368e7	2583.1194	-20.633087
2.0113034e7	2572.651	-20.70967
2.0265698e7	2562.2312	-20.792604
2.0418366e7	2551.9612	-20.867937
2.057103e7	2541.779	-20.942812
2.0723696e7	2531.6423	-21.023752
2.0876362e7	2516.6611	-21.091736
2.1029026e7	2500.4434	-21.158775
2.1181694e7	2484.351	-21.230635
2.133436e7	2472.9133	-21.29707
2.1487024e7	2462.3245	-21.366255
2.163969e7	2451.8147	-21.440582
2.1792356e7	2438.1636	-21.500908
2.1945022e7	2424.354	-21.563463
2.2097688e7	2410.6345	-21.630196
