-8.0296986e8	21555.604	-11.04318
-8.004312e8	21516.63	-11.052416
-7.978926e8	21477.729	-11.061738
-7.95354e8	21438.89	-11.071147
-7.9281536e8	21400.084	-11.080624
-7.9027674e8	21360.797	-11.089952
-7.877381e8	21321.584	-11.099368
-7.851995e8	21282.447	-11.108873
-7.8266086e8	21243.244	-11.118418
-7.801223e8	21203.64	-11.127852
-7.775836e8	21164.107	-11.137377
-7.75045e8	21124.646	-11.146994
-7.7250643e8	21084.947	-11.156583
-7.699678e8	21044.791	-11.166061
-7.674292e8	21004.715	-11.175631
-7.648905e8	20964.703	-11.185292
-7.6235194e8	20924.62	-11.194903
-7.598133e8	20884.475	-11.204502
-7.572747e8	20844.418	-11.214193
-7.5473606e8	20804.432	-11.223979
-7.5219744e8	20764.756	-11.233713
-7.496588e8	20725.205	-11.243511
-7.471202e8	20685.736	-11.253407
-7.445816e8	20646.334	-11.263372
-7.4204294e8	20607.04	-11.273211
-7.395043e8	20567.818	-11.283146
-7.3696576e8	20528.674	-11.293181
-7.3442714e8	20489.613	-11.30321
-7.318885e8	20450.646	-11.313197
-7.293498e8	20411.752	-11.323286
-7.2681126e8	20372.936	-11.333476
-7.2427264e8	20334.086	-11.343557
-7.21734e8	20295.29	-11.353684
-7.191954e8	20256.56	-11.363915
-7.166568e8	20217.924	-11.374203
-7.1411814e8	20179.396	-11.384394
-7.115796e8	20140.941	-11.39469
-7.090409e8	20102.564	-11.405093
-7.065023e8	20064.188	-11.415431
-7.0396365e8	20025.846	-11.4257765
-7.014251e8	19987.582	-11.43623
-6.9888646e8	19949.39	-11.446763
-6.9634784e8	19911.28	-11.457174
-6.938092e8	19873.244	-11.467695
-6.912706e8	19835.275	-11.478328
-6.8873197e8	19797.334	-11.488897
-6.8619334e8	19759.438	-11.4994755
-6.836547e8	19721.61	-11.510166
-6.811161e8	19683.861	-11.520921
-6.785775e8	19646.193	-11.531567
-6.760389e8	19608.598	-11.542327
-6.735002e8	19571.08	-11.553204
-6.709616e8	19533.469	-11.563965
-6.68423e8	19495.89	-11.574775
-6.658844e8	19458.383	-11.585703
-6.633458e8	19420.902	-11.596633
-6.608071e8	19383.406	-11.607507
-6.5826854e8	19345.984	-11.6185
-6.557299e8	19308.623	-11.629594
-6.531913e8	19271.15	-11.640532
-6.506527e8	19233.756	-11.651589
-6.4811405e8	19196.436	-11.662771
-6.455754e8	19159.104	-11.673853
-6.430368e8	19121.826	-11.684991
-6.4049824e8	19084.627	-11.696254
-6.3795955e8	19047.465	-11.707496
-6.354209e8	19010.352	-11.718719
-6.3288237e8	18973.305	-11.730068
-6.3034374e8	18936.338	-11.7414665
-6.278051e8	18899.432	-11.75278
-6.252664e8	18862.6	-11.764222
-6.227279e8	18825.832	-11.775772
-6.2018925e8	18789.062	-11.787166
-6.176506e8	18752.371	-11.798691
-6.15112e8	18715.742	-11.81035
-6.125734e8	18679.084	-11.821849
-6.1003475e8	18642.498	-11.833454
-6.074961e8	18605.973	-11.845196
-6.049575e8	18569.43	-11.856818
-6.024189e8	18532.934	-11.868509
-5.9988026e8	18496.504	-11.880338
-5.973417e8	18460.05	-11.892078
-5.948031e8	18423.615	-11.903859
-5.922644e8	18387.27	-11.915779
-5.897258e8	18350.797	-11.927628
-5.871872e8	18314.309	-11.939493
-5.846486e8	18277.889	-11.951501
-5.8210995e8	18241.316	-11.963447
-5.795713e8	18204.684	-11.975399
-5.770327e8	18168.123	-11.987496
-5.744941e8	18131.479	-11.999539
-5.719555e8	18094.803	-12.011598
-5.694168e8	18058.203	-12.023804
-5.668782e8	18021.59	-12.035955
-5.643396e8	17985.006	-12.048143
-5.61801e8	17948.498	-12.060482
-5.592624e8	17911.969	-12.072744
-5.567237e8	17875.473	-12.085068
-5.5418515e8	17839.07	-12.097544
-5.516465e8	17802.598	-12.109908
-5.491079e8	17766.172	-12.122366
-5.465693e8	17729.836	-12.134979
-5.4403066e8	17693.53	-12.1474495
-5.4149203e8	17657.303	-12.16006
-5.389534e8	17621.129	-12.172795
-5.3641482e8	17584.92	-12.185391
-5.338762e8	17548.785	-12.19815
-5.3133754e8	17512.66	-12.210967
-5.2879898e8	17476.445	-12.2237015
-5.2626032e8	17440.309	-12.2366
-5.237217e8	17404.14	-12.249487
-5.2118307e8	17367.96	-12.262373
-5.1864448e8	17331.852	-12.275428
-5.1610586e8	17295.66	-12.2883835
-5.135672e8	17259.498	-12.301429
-5.110286e8	17223.408	-12.314626
-5.0849e8	17187.082	-12.327647
-5.0595136e8	17150.834	-12.34084
-5.0341274e8	17114.65	-12.354087
-5.0087414e8	17078.512	-12.36729
-4.9833552e8	17042.44	-12.380669
-4.9579686e8	17006.51	-12.393993
-4.9325827e8	16970.684	-12.407395
-4.9071965e8	16934.934	-12.420957
-4.8818102e8	16899.355	-12.434377
-4.856424e8	16863.852	-12.44798
-4.831038e8	16828.504	-12.461608
-4.8056515e8	16793.314	-12.475234
-4.7802653e8	16758.207	-12.489049
-4.7548794e8	16723.209	-12.502726
-4.729493e8	16688.293	-12.516549
-4.704107e8	16653.355	-12.530431
-4.678721e8	16618.34	-12.544235
-4.6533347e8	16583.39	-12.558234
-4.627948e8	16548.281	-12.572103
-4.602562e8	16513.2	-12.586091
-4.577176e8	16478.06	-12.600147
-4.5517898e8	16442.729	-12.614122
-4.5264035e8	16407.486	-12.628297
-4.5010176e8	16372.075	-12.642338
-4.4756314e8	16336.694	-12.656522
-4.4502448e8	16301.34	-12.670754
-4.4248586e8	16265.971	-12.684968
-4.3994726e8	16230.68	-12.699387
-4.3740864e8	16195.379	-12.71364
-4.3487e8	16160.155	-12.728099
-4.3233142e8	16124.961	-12.742543
-4.297928e8	16089.822	-12.7570505
-4.2725414e8	16054.74	-12.771681
-4.2471552e8	16019.698	-12.78624
-4.2217693e8	15984.729	-12.801014
-4.196383e8	15949.75	-12.81565
-4.1709968e8	15914.845	-12.830463
-4.145611e8	15879.92	-12.845256
-4.1202243e8	15845.011	-12.860099
-4.094838e8	15810.109	-12.875041
-4.069452e8	15775.122	-12.889916
-4.044066e8	15740.204	-12.905003
-4.0186797e8	15705.216	-12.919938
-3.9932934e8	15670.315	-12.935101
-3.9679072e8	15635.355	-12.950185
-3.942521e8	15600.445	-12.96542
-3.917135e8	15565.486	-12.980659
-3.8917488e8	15530.514	-12.995962
-3.8663626e8	15495.522	-13.011344
-3.8409763e8	15460.455	-13.0267105
-3.81559e8	15425.389	-13.042223
-3.7902038e8	15390.136	-13.057642
-3.7648176e8	15354.949	-13.073269
-3.7394317e8	15319.476	-13.0887375
-3.7140454e8	15284.091	-13.104448
-3.6886592e8	15248.4375	-13.120003
-3.663273e8	15212.86	-13.135781
-3.6378867e8	15177.09	-13.151463
-3.6125008e8	15141.364	-13.167331
-3.5871142e8	15105.468	-13.183139
-3.5617283e8	15069.591	-13.199106
-3.5363418e8	15033.711	-13.215061
-3.5109558e8	14997.897	-13.231165
-3.4855696e8	14962.255	-13.247289
-3.4601834e8	14926.745	-13.263564
-3.4347974e8	14891.387	-13.279852
-3.409411e8	14856.14	-13.296283
-3.384025e8	14820.936	-13.312705
-3.3586384e8	14785.805	-13.329268
-3.3332525e8	14750.734	-13.345815
-3.3078662e8	14715.745	-13.362518
-3.28248e8	14680.734	-13.379171
-3.2570938e8	14645.78	-13.396002
-3.2317075e8	14610.673	-13.412735
-3.2063216e8	14575.612	-13.429677
-3.180935e8	14540.224	-13.446467
-3.155549e8	14504.874	-13.463489
-3.130163e8	14469.026	-13.480343
-3.1047766e8	14433.194	-13.497407
-3.0793904e8	14397.046	-13.514403
-3.0540042e8	14360.965	-13.531569
-3.0286182e8	14324.884	-13.548783
-3.003232e8	14288.904	-13.566112
-2.9778458e8	14253.026	-13.583564
-2.9524595e8	14217.118	-13.601034
-2.9270733e8	14181.265	-13.6186905
-2.901687e8	14145.079	-13.63623
-2.8763008e8	14108.857	-13.653965
-2.8509146e8	14072.163	-13.671595
-2.8255286e8	14035.271	-13.68933
-2.8001424e8	13998.082	-13.707104
-2.7747562e8	13960.582	-13.724866
-2.74937e8	13923.021	-13.742792
-2.7239837e8	13885.173	-13.760673
-2.6985978e8	13847.287	-13.778688
-2.6732114e8	13809.355	-13.796837
-2.6478253e8	13771.474	-13.814985
-2.6224389e8	13733.693	-13.833293
-2.5970528e8	13696.022	-13.85173
-2.5716667e8	13658.517	-13.870166
-2.5462803e8	13621.188	-13.888739
-2.5208942e8	13584.014	-13.907432
-2.495508e8	13546.824	-13.92613
-2.470122e8	13509.589	-13.94486
-2.4447355e8	13472.376	-13.963676
-2.4193494e8	13435.227	-13.982576
-2.3939634e8	13398.168	-14.001549
-2.368577e8	13361.115	-14.020529
-2.3431909e8	13324.002	-14.039575
-2.3178046e8	13286.72	-14.058673
-2.2924184e8	13249.225	-14.077818
-2.2670323e8	13211.531	-14.09702
-2.241646e8	13173.775	-14.116305
-2.21626e8	13136.027	-14.135695
-2.1908736e8	13098.095	-14.155163
-2.1654875e8	13059.864	-14.174684
-2.1401011e8	13021.498	-14.194287
-2.114715e8	12982.857	-14.213966
-2.089329e8	12943.684	-14.233677
-2.0639427e8	12903.98	-14.253424
-2.0385566e8	12863.903	-14.273236
-2.0131702e8	12823.591	-14.2931385
-1.9877842e8	12783.069	-14.313128
-1.9623979e8	12742.227	-14.333181
-1.9370117e8	12701.016	-14.353293
-1.9116254e8	12659.519	-14.373476
-1.8862394e8	12617.75	-14.39374
-1.8608531e8	12575.772	-14.414093
-1.835467e8	12533.836	-14.43458
-1.8100808e8	12492.092	-14.455223
-1.7846946e8	12450.394	-14.475992
-1.7593083e8	12408.469	-14.4968405
-1.7339222e8	12366.088	-14.517735
-1.708536e8	12323.331	-14.538693
-1.6831498e8	12280.484	-14.559772
-1.6577637e8	12237.704	-14.581003
-1.6323774e8	12195.082	-14.602401
-1.6069912e8	12152.624	-14.623959
-1.5816051e8	12110.169	-14.645642
-1.5562189e8	12067.577	-14.667418
-1.5308326e8	12024.707	-14.689248
-1.5054464e8	11981.49	-14.711119
-1.4800602e8	11937.955	-14.733021
-1.4546741e8	11894.009	-14.754937
-1.4292878e8	11849.596	-14.776858
-1.4039018e8	11804.687	-14.798789
-1.3785155e8	11759.038	-14.820705
-1.3531293e8	11712.573	-14.84261
-1.327743e8	11665.495	-14.864556
-1.3023568e8	11617.533	-14.886528
-1.2769707e8	11568.465	-14.908517
-1.25158456e8	11518.473	-14.93057
-1.2261983e8	11467.567	-14.952716
-1.2008121e8	11415.594	-14.974938
-1.1754259e8	11362.378	-14.997217
-1.1500397e8	11307.736	-15.019526
-1.1246536e8	11251.406	-15.041828
-1.0992674e8	11193.412	-15.064139
-1.0738811e8	11133.9	-15.086489
-1.04849496e8	11072.463	-15.108822
-1.0231087e8	11008.965	-15.13112
-9.977226e7	10943.624	-15.15341
-9.723363e7	10876.735	-15.17573
-9.4695016e7	10808.371	-15.198073
-9.21564e7	10738.529	-15.2204075
-8.961778e7	10666.82	-15.242642
-8.707915e7	10592.902	-15.264715
-8.4540536e7	10517.113	-15.286678
-8.200192e7	10439.173	-15.308503
-7.94633e7	10358.556	-15.330106
-7.692468e7	10275.247	-15.351493
-7.438606e7	10189.499	-15.3727045
-7.184744e7	10101.315	-15.393736
-6.9308824e7	10009.831	-15.414474
-6.67702e7	9914.017	-15.434787
-6.423158e7	9812.139	-15.454447
-6.1692964e7	9703.429	-15.473371
-5.9154344e7	9589.502	-15.491866
-5.6615724e7	9470.623	-15.510042
-5.4077108e7	9345.984	-15.527799
-5.1538484e7	9214.371	-15.545015
-4.8999868e7	9075.309	-15.561645
-4.646125e7	8927.709	-15.577522
-4.3922628e7	8771.854	-15.592696
-4.138401e7	8607.888	-15.607174
-3.884539e7	8433.741	-15.620614
-3.630677e7	8244.817	-15.632378
-3.376815e7	8035.7065	-15.641792
-3.1229532e7	7801.401	-15.648352
-2.869091e7	7555.584	-15.654024
-2.6152292e7	7319.1963	-15.661652
-2.3613672e7	7089.501	-15.671032
-2.1075054e7	6857.2827	-15.681004
-1.8536434e7	6626.302	-15.692137
-1.5997814e7	6399.671	-15.705106
-1.3459195e7	6190.567	-15.721793
-1.0920575e7	6004.4844	-15.743022
-8.381956e6	5836.153	-15.768346
-5.8433365e6	5692.9873	-15.798738
-3.304717e6	5579.8237	-15.834846
-766097.6	5488.513	-15.875658
1.7725218e6	5410.3687	-15.919889
4.3111415e6	5341.028	-15.966772
6.8497605e6	5278.291	-16.01589
9.38838e6	5220.7915	-16.066973
1.1927e7	5167.6123	-16.119839
1.446562e7	5118.1577	-16.174366
1.7004238e7	5072.0107	-16.23048
1.9542858e7	5028.8496	-16.288122
2.2081478e7	4988.433	-16.34725
2.4620096e7	4950.57	-16.40783
2.7158716e7	4915.0806	-16.469828
2.9697334e7	4881.812	-16.533222
3.2235956e7	4850.63	-16.597992
3.4774576e7	4821.3877	-16.664099
3.731319e7	4794.1646	-16.730968
3.9851816e7	4768.5957	-16.798986
4.239043e7	4744.52	-16.868147
4.4929052e7	4721.7954	-16.93847
4.746767e7	4700.2866	-17.01001
5.000629e7	4679.912	-17.082594
5.2544908e7	4660.722	-17.154985
5.5083532e7	4642.2983	-17.228514
5.7622148e7	4624.5273	-17.303335
6.016077e7	4607.3535	-17.37911
6.2699388e7	4590.73	-17.453997
6.5238004e7	4574.3745	-17.530338
6.777662e7	4558.2476	-17.608408
7.031525e7	4542.234	-17.684647
7.2853864e7	4526.1973	-17.762377
7.539249e7	4510.154	-17.842157
7.79311e7	4493.7563	-17.919144
8.046972e7	4477.246	-17.998508
8.3008344e7	4460.525	-18.078268
8.554697e7	4443.6406	-18.156803
8.8085576e7	4426.77	-18.238361
9.06242e7	4409.7734	-18.31682
9.3162824e7	4392.767	-18.397745
9.570144e7	4375.664	-18.478348
9.8240056e7	4358.4385	-18.558582
1.0077867e8	4341.202	-18.641237
1.033173e8	4323.81	-18.720734
1.0585592e8	4306.5024	-18.804401
1.08394536e8	4289.2046	-18.884033
1.1093316e8	4272.055	-18.967138
1.13471784e8	4255.0513	-19.048286
1.1601039e8	4238.2173	-19.130798
1.18549016e8	4221.557	-19.213423
1.2108763e8	4205.11	-19.29538
1.2362626e8	4188.8457	-19.379429
1.2616488e8	4172.8984	-19.460855
1.28703496e8	4157.1465	-19.546234
1.3124211e8	4141.65	-19.627165
1.3378073e8	4126.3164	-19.713593
1.3631934e8	4111.328	-19.794268
1.3885797e8	4096.4966	-19.880571
1.4139659e8	4081.8752	-19.962017
1.4393522e8	4067.4368	-20.048187
1.4647382e8	4053.2788	-20.130423
1.4901245e8	4039.2788	-20.21663
1.5155107e8	4025.448	-20.299349
1.540897e8	4011.9436	-20.385574
1.566283e8	3999.0254	-20.468891
1.5916693e8	3986.0647	-20.555397
1.6170554e8	3972.801	-20.639
1.6424416e8	3960.0127	-20.725859
1.6678278e8	3948.091	-20.809998
1.693214e8	3935.9988	-20.897501
1.7186003e8	3923.2295	-20.981476
1.7439866e8	3911.205	-21.069487
1.7693726e8	3901.015	-21.153934
1.7947587e8	3890.5059	-21.243057
1.820145e8	3878.065	-21.326706
1.8455312e8	3866.3289	-21.416237
1.8709174e8	3858.2617	-21.500267
1.8963037e8	3850.3125	-21.591597
1.9216898e8	3837.195	-21.67349
1.947076e8	3824.357	-21.762695
1.9724622e8	3820.6956	-21.84562
1.9978483e8	3818.1584	-21.934418
2.0232346e8	3806.1472	-22.015526
2.0486206e8	3791.5261	-22.098652
2.074007e8	3775.32	-22.178846
2.0993931e8	3758.3071	-22.259083
2.1247795e8	3744.1438	-22.33982
2.1501656e8	3733.2217	-22.419533
2.1755517e8	3717.98	-22.50085
2.200938e8	3692.7878	-22.576578
2.2263242e8	3668.1013	-22.656445
2.2517104e8	3644.5173	-22.731037
2.2770965e8	3621.2683	-22.811642
