-3.1031128e10	25187.494	-13.43249
-3.0945792e10	25138.316	-13.438623
-3.0860456e10	25089.254	-13.444795
-3.077512e10	25040.305	-13.451004
-3.0689782e10	24991.475	-13.457252
-3.0604446e10	24942.1	-13.463477
-3.0519108e10	24891.742	-13.469635
-3.0433772e10	24841.51	-13.475831
-3.0348435e10	24791.393	-13.482065
-3.0263097e10	24741.396	-13.488339
-3.0177761e10	24689.965	-13.494535
-3.0092425e10	24638.248	-13.50074
-3.000709e10	24586.648	-13.506983
-2.9921753e10	24535.191	-13.513264
-2.9836417e10	24483.2	-13.519514
-2.975108e10	24429.46	-13.525594
-2.966574e10	24375.854	-13.531711
-2.9580405e10	24322.38	-13.537866
-2.9495069e10	24269.049	-13.544059
-2.9409733e10	24215.344	-13.550203
-2.9324397e10	24161.635	-13.55636
-2.9239058e10	24108.049	-13.562556
-2.9153722e10	24054.613	-13.5687895
-2.9068386e10	24001.742	-13.575082
-2.898305e10	23949.871	-13.581454
-2.8897714e10	23898.129	-13.587867
-2.8812374e10	23846.51	-13.594321
-2.8727038e10	23795.02	-13.600818
-2.8641702e10	23744.377	-13.607283
-2.8556366e10	23693.904	-13.613785
-2.847103e10	23643.547	-13.62033
-2.8385694e10	23593.324	-13.626918
-2.8300358e10	23543.559	-13.633514
-2.8215022e10	23494.14	-13.64013
-2.8129683e10	23444.836	-13.64679
-2.8044347e10	23395.666	-13.653494
-2.795901e10	23346.58	-13.6602125
-2.7873673e10	23297.543	-13.666898
-2.7788337e10	23248.625	-13.673629
-2.7703e10	23199.822	-13.680406
-2.7617663e10	23151.15	-13.687224
-2.7532327e10	23102.537	-13.693995
-2.744699e10	23054.053	-13.700813
-2.7361655e10	23005.693	-13.707677
-2.7276319e10	22957.465	-13.714588
-2.7190983e10	22908.729	-13.721415
-2.7105642e10	22860.0	-13.728261
-2.7020306e10	22811.404	-13.735154
-2.693497e10	22762.92	-13.742095
-2.6849634e10	22714.715	-13.7490015
-2.6764298e10	22666.703	-13.755914
-2.6678962e10	22618.812	-13.762875
-2.6593624e10	22571.05	-13.769885
-2.6508288e10	22523.045	-13.776844
-2.6422952e10	22474.875	-13.783768
-2.6337616e10	22426.838	-13.79074
-2.6252276e10	22378.902	-13.797761
-2.616694e10	22330.871	-13.804762
-2.6081604e10	22282.69	-13.811732
-2.5996268e10	22234.633	-13.818752
-2.5910931e10	22186.703	-13.825821
-2.5825595e10	22138.66	-13.83288
-2.574026e10	22090.426	-13.83991
-2.5654923e10	22042.312	-13.846989
-2.5569585e10	21994.344	-13.854119
-2.548425e10	21946.15	-13.861237
-2.5398913e10	21897.666	-13.868328
-2.5313575e10	21849.316	-13.87547
-2.5228239e10	21801.102	-13.882663
-2.51429e10	21752.625	-13.889856
-2.5057565e10	21703.875	-13.897051
-2.4972229e10	21655.262	-13.904297
-2.4886893e10	21606.805	-13.911595
-2.4801556e10	21557.92	-13.918886
-2.4716218e10	21508.805	-13.926189
-2.4630882e10	21459.842	-13.933546
-2.4545546e10	21411.03	-13.940957
-2.446021e10	21361.56	-13.948321
-2.4374874e10	21311.96	-13.955703
-2.4289536e10	21262.521	-13.963139
-2.42042e10	21213.236	-13.970631
-2.4118864e10	21163.502	-13.978049
-2.4033526e10	21113.885	-13.98551
-2.394819e10	21064.424	-13.993027
-2.3862852e10	21015.16	-14.00059
-2.3777516e10	20966.178	-14.008136
-2.369218e10	20917.355	-14.015739
-2.3606843e10	20868.695	-14.0234
-2.3521507e10	20820.191	-14.031095
-2.343617e10	20771.852	-14.038804
-2.3350833e10	20723.664	-14.046574
-2.3265497e10	20675.611	-14.054404
-2.318016e10	20627.07	-14.062186
-2.3094825e10	20578.38	-14.069978
-2.3009489e10	20529.844	-14.07783
-2.292415e10	20481.436	-14.085741
-2.2838815e10	20432.062	-14.093502
-2.2753477e10	20382.844	-14.101323
-2.266814e10	20333.797	-14.109206
-2.2582804e10	20285.045	-14.117104
-2.2497466e10	20236.662	-14.124989
-2.241213e10	20188.441	-14.132936
-2.2326794e10	20140.367	-14.140947
-2.2241458e10	20093.592	-14.148972
-2.2156122e10	20047.23	-14.157049
-2.2070784e10	20001.006	-14.165193
-2.1985448e10	19955.15	-14.173367
-2.1900112e10	19910.018	-14.181511
-2.1814776e10	19865.031	-14.189722
-2.172944e10	19820.195	-14.198001
-2.1644102e10	19775.676	-14.206223
-2.1558766e10	19731.355	-14.214471
-2.1473427e10	19687.178	-14.222788
-2.1388091e10	19643.084	-14.23113
-2.1302755e10	19598.979	-14.239428
-2.1217417e10	19555.006	-14.247795
-2.1132081e10	19511.191	-14.256233
-2.1046745e10	19466.805	-14.264593
-2.096141e10	19422.438	-14.272997
-2.0876073e10	19378.229	-14.281472
-2.0790735e10	19333.764	-14.28994
-2.0705399e10	19288.98	-14.298382
-2.0620063e10	19244.346	-14.306896
-2.0534727e10	19199.81	-14.31547
-2.044939e10	19154.922	-14.323975
-2.0364052e10	19110.193	-14.332552
-2.0278716e10	19065.61	-14.341204
-2.0193378e10	19021.195	-14.349842
-2.0108042e10	18976.938	-14.358529
-2.0022706e10	18932.844	-14.367291
-1.9937368e10	18888.744	-14.37607
-1.9852032e10	18844.63	-14.384856
-1.9766696e10	18800.672	-14.393721
-1.968136e10	18756.64	-14.402628
-1.9596024e10	18711.91	-14.411478
-1.9510686e10	18667.344	-14.420408
-1.942535e10	18622.947	-14.429418
-1.9340014e10	18578.826	-14.438456
-1.9254678e10	18534.861	-14.447575
-1.9169341e10	18491.06	-14.456779
-1.9084003e10	18448.256	-14.466063
-1.8998667e10	18405.805	-14.475431
-1.891333e10	18363.504	-14.484889
-1.8827993e10	18321.967	-14.494379
-1.8742657e10	18280.9	-14.503929
-1.8657319e10	18239.97	-14.513571
-1.8571983e10	18199.416	-14.523197
-1.8486647e10	18159.22	-14.532821
-1.840131e10	18119.15	-14.542538
-1.8315975e10	18079.281	-14.552234
-1.8230637e10	18039.617	-14.561879
-1.81453e10	18000.078	-14.571619
-1.8059964e10	17960.79	-14.581362
-1.7974628e10	17921.795	-14.59106
-1.7889292e10	17882.932	-14.600852
-1.7803954e10	17844.174	-14.610646
-1.7718618e10	17805.518	-14.620374
-1.763328e10	17766.994	-14.630197
-1.7547944e10	17728.354	-14.640003
-1.7462608e10	17689.455	-14.649724
-1.7377272e10	17650.7	-14.659539
-1.7291934e10	17611.695	-14.669328
-1.7206598e10	17572.291	-14.679044
-1.7121262e10	17533.05	-14.688854
-1.7035926e10	17493.824	-14.698678
-1.6950589e10	17454.602	-14.708514
-1.6865251e10	17415.545	-14.718449
-1.6779915e10	17376.885	-14.72844
-1.6694578e10	17338.53	-14.738505
-1.6609242e10	17300.312	-14.7486725
-1.6523906e10	17262.73	-14.758896
-1.6438568e10	17225.45	-14.769207
-1.6353232e10	17188.291	-14.779626
-1.6267896e10	17151.658	-14.790009
-1.6182559e10	17115.191	-14.800486
-1.6097223e10	17078.857	-14.8110485
-1.6011886e10	17042.697	-14.82151
-1.5926548e10	17006.658	-14.832083
-1.5841212e10	16970.756	-14.842687
-1.5755876e10	16934.996	-14.853239
-1.567054e10	16899.361	-14.863904
-1.5585202e10	16864.027	-14.874558
-1.5499866e10	16828.947	-14.885238
-1.5414529e10	16793.99	-14.896031
-1.5329193e10	16759.102	-14.906718
-1.5243857e10	16724.32	-14.917487
-1.5158519e10	16689.625	-14.928325
-1.5073183e10	16654.88	-14.939063
-1.4987847e10	16620.258	-14.94992
-1.490251e10	16585.684	-14.960775
-1.4817174e10	16551.172	-14.9716425
-1.4731836e10	16516.775	-14.98263
-1.4646499e10	16482.225	-14.993517
-1.4561163e10	16447.783	-15.004499
-1.4475827e10	16413.373	-15.015527
-1.4390491e10	16378.893	-15.026491
-1.4305153e10	16344.542	-15.037578
-1.4219817e10	16310.3545	-15.04864
-1.413448e10	16276.312	-15.059768
-1.4049144e10	16242.425	-15.070989
-1.3963808e10	16208.727	-15.082184
-1.387847e10	16175.162	-15.093507
-1.3793134e10	16141.449	-15.104776
-1.3707798e10	16107.713	-15.116078
-1.3622461e10	16073.986	-15.127453
-1.3537124e10	16039.753	-15.13867
-1.3451787e10	16005.663	-15.150015
-1.336645e10	15971.223	-15.16126
-1.3281114e10	15936.723	-15.172531
-1.3195778e10	15902.307	-15.183875
-1.3110442e10	15867.837	-15.195186
-1.3025104e10	15833.527	-15.206626
-1.2939768e10	15799.532	-15.218116
-1.2854431e10	15765.725	-15.229726
-1.2769095e10	15731.946	-15.241396
-1.2683758e10	15698.187	-15.253116
-1.2598422e10	15664.453	-15.26494
-1.2513085e10	15629.658	-15.276596
-1.2427748e10	15595.054	-15.28839
-1.2342412e10	15559.92	-15.300122
-1.2257075e10	15524.766	-15.311931
-1.2171738e10	15489.684	-15.323822
-1.2086402e10	15454.637	-15.335787
-1.2001065e10	15419.733	-15.347872
-1.1915729e10	15384.744	-15.359978
-1.1830392e10	15349.949	-15.372232
-1.1745056e10	15314.918	-15.384426
-1.1659719e10	15280.037	-15.396745
-1.1574382e10	15245.545	-15.409103
-1.1489046e10	15211.362	-15.421557
-1.1403709e10	15177.885	-15.434153
-1.1318372e10	15145.255	-15.446891
-1.1233036e10	15113.072	-15.459774
-1.1147699e10	15081.874	-15.472767
-1.1062363e10	15050.86	-15.485908
-1.0977026e10	15020.244	-15.49895
-1.0891689e10	14989.793	-15.512166
-1.0806353e10	14959.098	-15.525113
-1.0721016e10	14928.54	-15.538197
-1.063568e10	14897.491	-15.551017
-1.0550344e10	14866.46	-15.563898
-1.0465007e10	14835.148	-15.576635
-1.037967e10	14803.822	-15.589405
-1.0294332e10	14772.525	-15.602149
-1.0208996e10	14741.32	-15.614944
-1.012366e10	14710.265	-15.627769
-1.0038323e10	14679.376	-15.640659
-9.952987e9	14648.676	-15.653616
-9.86765e9	14618.178	-15.666655
-9.782314e9	14587.656	-15.679756
-9.696977e9	14557.158	-15.692933
-9.61164e9	14526.509	-15.706163
-9.526304e9	14495.766	-15.719464
-9.440967e9	14464.816	-15.732804
-9.355631e9	14433.767	-15.746216
-9.270295e9	14402.621	-15.759682
-9.184957e9	14371.515	-15.773252
-9.09962e9	14340.176	-15.78686
-9.014284e9	14308.862	-15.800589
-8.928947e9	14276.639	-15.814228
-8.843611e9	14244.362	-15.827977
-8.758274e9	14210.909	-15.841579
-8.672938e9	14177.577	-15.855323
-8.5876014e9	14143.871	-15.869058
-8.5022643e9	14110.374	-15.882941
-8.4169283e9	14076.686	-15.896825
-8.331591e9	14043.164	-15.910817
-8.2462546e9	14009.678	-15.924845
-8.1609185e9	13976.394	-15.938938
-8.0755814e9	13943.332	-15.953118
-7.990245e9	13910.369	-15.967289
-7.904908e9	13877.635	-15.981591
-7.8195717e9	13844.974	-15.995816
-7.734235e9	13812.421	-16.010143
-7.6488986e9	13779.589	-16.024347
-7.563562e9	13746.213	-16.03847
-7.478225e9	13712.331	-16.052498
-7.392889e9	13677.292	-16.066328
-7.3075523e9	13642.054	-16.080204
-7.222215e9	13605.391	-16.093897
-7.136879e9	13568.56	-16.107685
-7.051542e9	13531.329	-16.121523
-6.9662054e9	13494.426	-16.135592
-6.8808694e9	13457.993	-16.149899
-6.7955323e9	13422.659	-16.16462
-6.7101957e9	13388.009	-16.179628
-6.6248586e9	13354.033	-16.194944
-6.5395226e9	13320.515	-16.21044
-6.4541865e9	13287.226	-16.22609
-6.3688494e9	13253.936	-16.241777
-6.283513e9	13220.788	-16.257498
-6.1981763e9	13187.905	-16.27333
-6.1128397e9	13155.228	-16.28914
-6.0275026e9	13122.352	-16.304892
-5.9421665e9	13089.427	-16.320648
-5.85683e9	13055.771	-16.336178
-5.7714934e9	13021.757	-16.351671
-5.6861563e9	12987.511	-16.367163
-5.60082e9	12952.207	-16.382458
-5.5154836e9	12916.739	-16.397839
-5.4301466e9	12881.354	-16.413363
-5.34481e9	12846.221	-16.42912
-5.2594734e9	12811.446	-16.44511
-5.1741373e9	12776.935	-16.461306
-5.0888003e9	12742.417	-16.477634
-5.0034637e9	12707.416	-16.493948
-4.918127e9	12672.319	-16.510324
-4.8327905e9	12637.169	-16.526766
-4.747454e9	12601.916	-16.543232
-4.6621174e9	12566.6045	-16.559753
-4.576781e9	12531.198	-16.57633
-4.491444e9	12495.629	-16.592947
-4.4061076e9	12459.437	-16.609522
-4.320771e9	12423.02	-16.626148
-4.2354342e9	12386.352	-16.642824
-4.1500977e9	12349.42	-16.659544
-4.064761e9	12311.9	-16.676239
-3.9794248e9	12273.873	-16.6929
-3.894088e9	12235.76	-16.709549
-3.8087514e9	12197.648	-16.726192
-3.7234145e9	12159.529	-16.742851
-3.638078e9	12120.918	-16.759436
-3.5527416e9	12081.852	-16.776001
-3.467405e9	12042.178	-16.792496
-3.3820682e9	12001.759	-16.808878
-3.2967316e9	11960.292	-16.825077
-3.2113948e9	11917.115	-16.84093
-3.1260585e9	11871.378	-16.856216
-3.040722e9	11823.791	-16.871023
-2.955385e9	11775.209	-16.88555
-2.8700488e9	11725.94	-16.900003
-2.784712e9	11675.911	-16.914474
-2.6993756e9	11624.745	-16.92891
-2.6140388e9	11571.88	-16.943226
-2.5287022e9	11517.2	-16.957336
-2.4433656e9	11459.134	-16.971008
-2.358029e9	11398.329	-16.984428
-2.2726925e9	11334.769	-16.997538
-2.187356e9	11268.893	-17.010557
-2.1020193e9	11200.151	-17.023523
-2.0166826e9	11129.564	-17.036676
-1.9313459e9	11056.489	-17.049822
-1.8460095e9	10979.694	-17.06265
-1.7606728e9	10899.26	-17.075146
-1.6753363e9	10815.103	-17.087257
-1.5899996e9	10726.158	-17.098722
-1.504663e9	10632.951	-17.109612
-1.4193265e9	10537.244	-17.120264
-1.3339898e9	10436.612	-17.130249
-1.2486532e9	10329.369	-17.139189
-1.1633165e9	10217.599	-17.147768
-1.0779799e9	10100.871	-17.15618
-9.926433e8	9978.484	-17.164165
-9.0730675e8	9853.164	-17.172533
-8.219702e8	9726.543	-17.181646
-7.3663354e8	9594.805	-17.190542
-6.5129696e8	9458.787	-17.199581
-5.659604e8	9317.287	-17.208452
-4.8062378e8	9167.221	-17.216188
-3.9528717e8	9007.9375	-17.222607
-3.0995053e8	8841.473	-17.227882
-2.2461394e8	8658.777	-17.230167
-1.3927734e8	8463.647	-17.230097
-5.3940732e7	8259.167	-17.229269
3.1395874e7	8038.602	-17.225615
1.1673248e8	7798.1216	-17.218248
2.0206909e8	7544.065	-17.209044
2.874057e8	7249.214	-17.193016
3.727423e8	6949.8867	-17.176987
4.580789e8	6660.24	-17.164022
5.434155e8	6397.186	-17.15755
6.2875206e8	6147.5776	-17.156
7.140887e8	5919.4062	-17.160217
7.9942534e8	5720.9565	-17.171267
8.847619e8	5547.0273	-17.188438
9.700985e8	5388.879	-17.21057
1.0554351e9	5255.692	-17.238894
1.1407717e9	5129.8257	-17.270428
1.2261084e9	5006.9844	-17.303612
1.311445e9	4887.041	-17.337685
1.3967816e9	4772.5405	-17.372507
1.4821181e9	4658.136	-17.407167
1.5674547e9	4550.633	-17.443783
1.6527914e9	4462.4746	-17.48592
1.7381279e9	4392.9316	-17.53389
1.8234646e9	4332.509	-17.586378
1.908801e9	4276.7856	-17.642101
1.9941377e9	4224.7993	-17.70048
2.0794744e9	4174.3315	-17.760876
2.164811e9	4125.605	-17.82319
2.2501476e9	4077.2039	-17.8871
2.3354842e9	4029.3174	-17.952621
2.4208207e9	3981.5024	-18.01952
2.5061573e9	3934.956	-18.088152
2.591494e9	3889.015	-18.158443
2.6768307e9	3844.4714	-18.230463
2.762167e9	3800.5608	-18.304155
2.847504e9	3758.34	-18.379845
2.9328404e9	3717.3062	-18.457043
3.018177e9	3678.113	-18.536108
3.1035136e9	3639.7346	-18.616993
3.1888502e9	3603.7524	-18.699825
3.2741868e9	3570.1692	-18.784704
3.3595233e9	3538.9766	-18.871881
3.4448602e9	3510.317	-18.961634
3.5301967e9	3484.175	-19.054054
3.615533e9	3460.7083	-19.148314
3.7008696e9	3438.14	-19.244358
3.7862065e9	3416.6838	-19.342793
3.871543e9	3396.683	-19.443466
3.95688e9	3378.202	-19.54629
4.0422162e9	3360.9	-19.65019
4.1275528e9	3344.3772	-19.75404
4.2128896e9	3329.563	-19.860296
4.298226e9	3316.0244	-19.969076
4.383563e9	3302.786	-20.079325
4.4688993e9	3287.9717	-20.186953
4.554236e9	3271.5684	-20.296165
4.6395725e9	3253.8384	-20.407022
4.724909e9	3233.1787	-20.51545
4.8102456e9	3208.794	-20.622011
4.895582e9	3184.044	-20.730387
4.980919e9	3158.87	-20.838682
5.0662554e9	3131.1123	-20.9422
5.1515924e9	3106.2715	-21.047476
5.2369285e9	3084.7068	-21.15201
5.322265e9	3062.3972	-21.250595
5.407602e9	3043.1172	-21.35114
5.492939e9	3027.7332	-21.449741
5.5782753e9	3009.6248	-21.545113
5.6636114e9	2992.38	-21.643137
5.7489485e9	2977.5684	-21.738241
5.834285e9	2961.653	-21.833769
5.9196216e9	2944.9155	-21.929998
6.004958e9	2932.27	-22.022308
6.090295e9	2920.3428	-22.118807
6.1756314e9	2902.3948	-22.211977
6.260968e9	2888.2817	-22.308577
6.3463045e9	2878.1223	-22.408354
6.4316416e9	2860.6577	-22.501774
6.5169777e9	2842.5183	-22.598383
6.602314e9	2831.6882	-22.689093
6.687651e9	2819.6362	-22.785929
6.7729874e9	2792.0427	-22.880213
6.8583245e9	2770.167	-22.97884
6.9436605e9	2756.5378	-23.07677
7.028997e9	2737.2886	-23.170525
7.114334e9	2711.54	-23.256563
7.1996703e9	2685.0894	-23.339296
7.2850074e9	2658.5217	-23.420729
7.370344e9	2638.8462	-23.503273
7.45568e9	2622.797	-23.590242
7.541017e9	2600.188	-23.66871
7.6263537e9	2576.395	-23.74913
7.711691e9	2565.3528	-23.819752
7.797027e9	2556.303	-23.89366
