-6.764899e7	22986.486	-8.3478565
-6.7498664e7	22958.96	-8.353859
-6.734832e7	22931.467	-8.359899
-6.719798e7	22904.01	-8.365974
-6.704765e7	22876.582	-8.3720875
-6.6897308e7	22849.188	-8.378238
-6.6746972e7	22821.818	-8.384426
-6.659664e7	22794.49	-8.390654
-6.64463e7	22767.195	-8.396919
-6.6295964e7	22739.178	-8.40306
-6.6145628e7	22711.049	-8.409207
-6.599529e7	22682.951	-8.415392
-6.584495e7	22654.89	-8.421616
-6.569462e7	22626.867	-8.427878
-6.5544276e7	22598.867	-8.43418
-6.5393944e7	22570.916	-8.440522
-6.524361e7	22543.0	-8.446905
-6.5093268e7	22514.387	-8.453169
-6.4942932e7	22485.654	-8.459436
-6.4792596e7	22456.96	-8.465743
-6.4642256e7	22428.3	-8.472091
-6.449192e7	22399.684	-8.478478
-6.4341588e7	22371.094	-8.484907
-6.419125e7	22342.537	-8.491377
-6.404091e7	22314.035	-8.4978895
-6.3890576e7	22284.582	-8.504247
-6.3740236e7	22255.098	-8.51063
-6.35899e7	22225.648	-8.517053
-6.3439564e7	22196.24	-8.523518
-6.3289224e7	22166.867	-8.5300255
-6.3138892e7	22137.535	-8.536574
-6.2988556e7	22108.244	-8.543167
-6.2838216e7	22078.893	-8.549768
-6.268788e7	22049.115	-8.5562315
-6.2537544e7	22019.38	-8.5627365
-6.2387204e7	21989.682	-8.569284
-6.2236868e7	21960.031	-8.575875
-6.2086536e7	21930.414	-8.58251
-6.193619e7	21900.828	-8.589189
-6.178586e7	21871.29	-8.595913
-6.1635524e7	21841.764	-8.602562
-6.1485184e7	21812.252	-8.609156
-6.133485e7	21782.777	-8.615791
-6.118451e7	21753.342	-8.622472
-6.1034172e7	21723.947	-8.629198
-6.0883836e7	21694.594	-8.635969
-6.0733504e7	21665.281	-8.642786
-6.0583164e7	21635.994	-8.649639
-6.0432828e7	21606.574	-8.65631
-6.0282492e7	21577.193	-8.663026
-6.013215e7	21547.854	-8.669787
-5.9981816e7	21518.55	-8.676595
-5.9831476e7	21489.29	-8.683449
-5.968114e7	21460.074	-8.69035
-5.953081e7	21430.893	-8.697299
-5.9380464e7	21401.664	-8.704132
-5.9230132e7	21372.441	-8.7109375
-5.9079796e7	21343.26	-8.71779
-5.8929456e7	21314.115	-8.7246895
-5.877912e7	21285.021	-8.731637
-5.8628784e7	21255.955	-8.738633
-5.8478444e7	21226.924	-8.745679
-5.8328108e7	21197.844	-8.752659
-5.8177776e7	21168.684	-8.759551
-5.8027436e7	21139.56	-8.766491
-5.78771e7	21110.48	-8.7734785
-5.7726764e7	21081.438	-8.780516
-5.7576424e7	21052.432	-8.787603
-5.742609e7	21023.47	-8.794741
-5.7275756e7	20994.49	-8.801842
-5.7125412e7	20965.432	-8.808828
-5.697508e7	20936.414	-8.815865
-5.6824744e7	20907.436	-8.82295
-5.6674404e7	20878.506	-8.830088
-5.6524068e7	20849.6	-8.8372755
-5.6373732e7	20820.746	-8.844515
-5.622339e7	20791.846	-8.851712
-5.6073056e7	20762.854	-8.858798
-5.5922724e7	20733.9	-8.865935
-5.5772384e7	20704.986	-8.873123
-5.562205e7	20676.11	-8.8803625
-5.547171e7	20647.29	-8.887655
-5.5321372e7	20618.494	-8.895002
-5.5171036e7	20589.578	-8.902266
-5.50207e7	20560.547	-8.90945
-5.487036e7	20531.559	-8.916686
-5.4720028e7	20502.617	-8.923975
-5.4569692e7	20473.71	-8.931317
-5.441935e7	20444.84	-8.938714
-5.4269016e7	20416.01	-8.946166
-5.411868e7	20387.027	-8.953469
-5.396834e7	20358.014	-8.960764
-5.3818004e7	20329.045	-8.968113
-5.366767e7	20300.117	-8.975515
-5.351733e7	20271.236	-8.982974
-5.3366996e7	20242.385	-8.990489
-5.321666e7	20213.525	-8.998018
-5.306632e7	20184.393	-9.00537
-5.2915984e7	20155.303	-9.012775
-5.276565e7	20126.256	-9.020236
-5.2615308e7	20097.248	-9.027753
-5.2464972e7	20068.285	-9.035326
-5.231464e7	20039.365	-9.042957
-5.21643e7	20010.303	-9.050474
-5.2013964e7	19981.191	-9.05795
-5.1863628e7	19952.12	-9.065483
-5.171329e7	19923.084	-9.073073
-5.156295e7	19894.111	-9.080721
-5.141262e7	19865.16	-9.088428
-5.1262276e7	19836.166	-9.096125
-5.1111944e7	19806.934	-9.10367
-5.096161e7	19777.742	-9.111273
-5.0811268e7	19748.59	-9.118934
-5.0660932e7	19719.498	-9.126654
-5.0510596e7	19690.432	-9.134434
-5.0360256e7	19661.414	-9.142275
-5.020992e7	19632.203	-9.149913
-5.0059588e7	19603.031	-9.157602
-4.990925e7	19573.902	-9.165351
-4.975891e7	19544.812	-9.17316
-4.9608572e7	19515.773	-9.18103
-4.945824e7	19486.773	-9.188963
-4.93079e7	19457.58	-9.196734
-4.9157564e7	19428.37	-9.20451
-4.9007228e7	19399.205	-9.212346
-4.8856892e7	19370.078	-9.220244
-4.870655e7	19341.01	-9.228206
-4.8556216e7	19311.97	-9.236231
-4.840588e7	19282.77	-9.244111
-4.825554e7	19253.537	-9.251978
-4.8105204e7	19224.352	-9.259908
-4.7954868e7	19195.203	-9.2679
-4.7804532e7	19166.111	-9.275957
-4.765419e7	19137.055	-9.2840805
-4.750386e7	19107.832	-9.292046
-4.735352e7	19078.602	-9.300013
-4.7203184e7	19049.414	-9.3080435
-4.705285e7	19020.275	-9.316139
-4.690251e7	18991.174	-9.324301
-4.6752172e7	18962.115	-9.33253
-4.6601836e7	18932.867	-9.340559
-4.64515e7	18903.639	-9.348632
-4.6301164e7	18874.463	-9.3567705
-4.6150828e7	18845.312	-9.364977
-4.600049e7	18816.227	-9.37325
-4.585015e7	18787.129	-9.381541
-4.5699816e7	18757.854	-9.389661
-4.554948e7	18728.623	-9.397848
-4.539914e7	18699.436	-9.406102
-4.524881e7	18670.29	-9.414426
-4.5098468e7	18641.205	-9.422818
-4.4948132e7	18612.004	-9.4311285
-4.4797796e7	18582.723	-9.43937
-4.464746e7	18553.488	-9.4476795
-4.449712e7	18524.305	-9.456059
-4.4346784e7	18495.156	-9.46451
-4.419645e7	18466.062	-9.473033
-4.4046108e7	18436.736	-9.481342
-4.3895776e7	18407.45	-9.489715
-4.3745436e7	18378.21	-9.498158
-4.35951e7	18349.021	-9.506674
-4.3444764e7	18319.87	-9.515263
-4.3294428e7	18290.6	-9.52377
-4.314409e7	18261.22	-9.53221
-4.2993756e7	18231.89	-9.540723
-4.2843416e7	18202.604	-9.549308
-4.269308e7	18173.365	-9.557967
-4.2542744e7	18144.12	-9.566652
-4.2392404e7	18114.635	-9.575165
-4.2242068e7	18085.197	-9.583751
-4.2091732e7	18055.812	-9.592411
-4.1941396e7	18026.463	-9.601147
-4.1791056e7	17997.172	-9.60996
-4.1640724e7	17967.643	-9.618582
-4.1490384e7	17938.133	-9.627251
-4.134005e7	17908.672	-9.635996
-4.1189708e7	17879.258	-9.644817
-4.1039376e7	17849.895	-9.653718
-4.0889036e7	17820.354	-9.662479
-4.07387e7	17790.781	-9.671236
-4.0588364e7	17761.254	-9.680071
-4.0438028e7	17731.783	-9.688984
-4.028769e7	17702.363	-9.697978
-4.013735e7	17672.795	-9.706857
-3.9987016e7	17643.18	-9.715708
-3.9836676e7	17613.617	-9.724638
-3.9686344e7	17584.1	-9.733649
-3.9536004e7	17554.635	-9.742742
-3.9385668e7	17525.016	-9.751717
-3.9235332e7	17495.34	-9.760667
-3.9084996e7	17465.71	-9.769698
-3.8934656e7	17436.135	-9.778811
-3.8784324e7	17406.617	-9.788008
-3.8633984e7	17376.92	-9.797058
-3.848365e7	17347.2	-9.806112
-3.833331e7	17317.527	-9.815249
-3.8182972e7	17287.91	-9.8244705
-3.8032636e7	17258.346	-9.833778
-3.78823e7	17228.504	-9.842879
-3.7731964e7	17198.691	-9.852042
-3.7581624e7	17168.932	-9.86129
-3.7431292e7	17139.215	-9.870624
-3.728095e7	17109.488	-9.879986
-3.7130616e7	17079.53	-9.889185
-3.698028e7	17049.623	-9.898469
-3.6829944e7	17019.768	-9.907841
-3.6679604e7	16989.963	-9.917301
-3.6529268e7	16959.996	-9.926682
-3.6378932e7	16929.896	-9.9360075
-3.6228596e7	16899.842	-9.94542
-3.607826e7	16869.852	-9.954923
-3.592792e7	16839.916	-9.964516
-3.5777584e7	16809.688	-9.973904
-3.562725e7	16779.51	-9.983371
-3.547691e7	16749.385	-9.9929285
-3.5326572e7	16719.316	-10.002579
-3.517624e7	16689.123	-10.012175
-3.50259e7	16658.8	-10.0217
-3.4875564e7	16628.53	-10.031318
-3.4725228e7	16598.32	-10.041028
-3.4574892e7	16568.143	-10.050814
-3.442455e7	16537.697	-10.060406
-3.4274216e7	16507.31	-10.07009
-3.412388e7	16476.984	-10.07987
-3.397354e7	16446.703	-10.089746
-3.382321e7	16416.207	-10.099492
-3.3672868e7	16385.66	-10.109248
-3.3522532e7	16355.169	-10.119102
-3.3372194e7	16324.743	-10.129052
-3.3221858e7	16294.23	-10.138958
-3.307152e7	16263.622	-10.148799
-3.2921184e7	16233.077	-10.158738
-3.2770848e7	16202.58	-10.1687765
-3.262051e7	16172.0625	-10.178828
-3.2470172e7	16141.3955	-10.188757
-3.2319838e7	16110.782	-10.198786
-3.21695e7	16080.232	-10.208916
-3.2019162e7	16049.692	-10.219096
-3.1868828e7	16018.96	-10.229118
-3.171849e7	15988.281	-10.239242
-3.1568152e7	15957.669	-10.249469
-3.1417816e7	15927.069	-10.259759
-3.126748e7	15896.24	-10.2698765
-3.1117142e7	15865.466	-10.280098
-3.0966806e7	15834.759	-10.290424
-3.0816468e7	15804.066	-10.300807
-3.066613e7	15773.195	-10.311034
-3.0515796e7	15742.385	-10.321367
-3.0365458e7	15711.645	-10.331807
-3.021512e7	15680.866	-10.342274
-3.0064786e7	15649.913	-10.352611
-2.9914448e7	15619.022	-10.363055
-2.976411e7	15588.1875	-10.3736105
-2.9613776e7	15557.283	-10.384139
-2.9463438e7	15526.248	-10.394595
-2.93131e7	15495.273	-10.405161
-2.9162764e7	15464.362	-10.41584
-2.9012426e7	15433.271	-10.426418
-2.8862088e7	15402.12	-10.437
-2.8711754e7	15371.034	-10.447696
-2.8561416e7	15340.013	-10.458507
-2.8411078e7	15308.69	-10.469118
-2.8260744e7	15277.418	-10.479832
-2.8110406e7	15246.213	-10.490662
-2.7960068e7	15214.934	-10.5015
-2.7809734e7	15183.422	-10.512235
-2.7659396e7	15151.98	-10.523086
-2.7509058e7	15120.59	-10.534056
-2.7358722e7	15088.943	-10.544896
-2.7208384e7	15057.249	-10.555777
-2.7058048e7	15025.627	-10.566777
-2.6907712e7	14993.936	-10.577816
-2.6757374e7	14961.898	-10.588725
-2.6607036e7	14929.931	-10.599755
-2.6456702e7	14898.033	-10.610908
-2.6306364e7	14865.807	-10.621926
-2.6156026e7	14833.55	-10.633004
-2.6005688e7	14801.369	-10.644205
-2.5855354e7	14769.056	-10.655399
-2.5705016e7	14736.523	-10.6665325
-2.5554678e7	14704.064	-10.677791
-2.5404344e7	14671.636	-10.689148
-2.5254006e7	14638.857	-10.700342
-2.5103668e7	14606.158	-10.711664
-2.4953332e7	14573.526	-10.723114
-2.4802994e7	14540.594	-10.734436
-2.4652658e7	14507.659	-10.74583
-2.4502322e7	14474.791	-10.757355
-2.4351984e7	14441.784	-10.768827
-2.4201648e7	14408.716	-10.7803135
-2.405131e7	14375.716	-10.791932
-2.3900974e7	14342.618	-10.803547
-2.3750638e7	14309.378	-10.815125
-2.36003e7	14276.216	-10.826839
-2.3449964e7	14242.999	-10.838581
-2.3299628e7	14209.609	-10.850253
-2.314929e7	14176.297	-10.862064
-2.2998952e7	14142.937	-10.873916
-2.2848616e7	14109.352	-10.885678
-2.2698278e7	14075.852	-10.897581
-2.2547942e7	14042.282	-10.909523
-2.2397606e7	14008.476	-10.921377
-2.2247268e7	13974.749	-10.933373
-2.2096932e7	13940.88	-10.94539
-2.1946596e7	13906.701	-10.957336
-2.1796258e7	13872.606	-10.969428
-2.1645922e7	13838.322	-10.981511
-2.1495586e7	13803.819	-10.993571
-2.1345248e7	13769.404	-11.005778
-2.1194912e7	13734.751	-11.017935
-2.1044574e7	13700.007	-11.0301285
-2.0894236e7	13665.345	-11.042472
-2.07439e7	13630.405	-11.054708
-2.0593564e7	13595.491	-11.067049
-2.0443226e7	13560.606	-11.079509
-2.029289e7	13525.316	-11.091835
-2.0142552e7	13490.123	-11.104315
-1.9992216e7	13454.831	-11.116818
-1.984188e7	13419.37	-11.129292
-1.9691542e7	13384.016	-11.141923
-1.9541206e7	13348.406	-11.154469
-1.939087e7	13312.798	-11.1671
-1.9240532e7	13277.207	-11.179837
-1.9090196e7	13241.331	-11.192471
-1.8939858e7	13205.556	-11.205266
-1.878952e7	13169.5625	-11.218021
-1.8639184e7	13133.47	-11.230814
-1.8488848e7	13097.413	-11.243735
-1.833851e7	13060.922	-11.256525
-1.8188174e7	13024.533	-11.269481
-1.8037838e7	12987.767	-11.282386
-1.78875e7	12950.833	-11.295338
-1.7737164e7	12913.882	-11.30839
-1.7586828e7	12876.565	-11.321368
-1.743649e7	12839.356	-11.334518
-1.7286154e7	12801.718	-11.347582
-1.7135816e7	12764.098	-11.360767
-1.6985478e7	12726.218	-11.373973
-1.6835142e7	12688.099	-11.3871975
-1.6684806e7	12649.905	-11.400531
-1.6534469e7	12611.079	-11.41378
-1.6384132e7	12572.388	-11.427208
-1.6233794e7	12532.86	-11.440499
-1.6083458e7	12493.42	-11.453953
-1.5933122e7	12453.514	-11.467362
-1.5782784e7	12413.53	-11.480871
-1.5632448e7	12373.309	-11.494405
-1.5482111e7	12332.93	-11.507994
-1.5331773e7	12292.384	-11.521645
-1.5181437e7	12251.525	-11.535306
-1.5031101e7	12210.566	-11.549062
-1.4880763e7	12169.198	-11.562796
-1.4730427e7	12127.805	-11.576649
-1.458009e7	12085.982	-11.590469
-1.4429753e7	12044.162	-11.604423
-1.4279416e7	12001.933	-11.618343
-1.412908e7	11959.747	-11.632403
-1.3978742e7	11917.296	-11.646448
-1.3828406e7	11874.8545	-11.660621
-1.3678069e7	11832.146	-11.674781
-1.3527732e7	11789.391	-11.689047
-1.3377395e7	11746.349	-11.703315
-1.3227059e7	11703.226	-11.71766
-1.3076721e7	11659.952	-11.732049
-1.2926385e7	11616.395	-11.746463
-1.2776047e7	11572.709	-11.760963
-1.2625711e7	11528.378	-11.7754135
-1.2475374e7	11483.98	-11.789993
-1.2325037e7	11438.797	-11.804495
-1.21747e7	11393.449	-11.819101
-1.2024364e7	11347.693	-11.833739
-1.1874027e7	11301.28	-11.848372
-1.172369e7	11254.586	-11.863099
-1.1573353e7	11206.98	-11.877777
-1.1423016e7	11158.852	-11.892497
-1.1272679e7	11110.369	-11.907289
-1.1122342e7	11061.253	-11.922063
-1.0972006e7	11012.0	-11.9369135
-1.0821669e7	10962.629	-11.951851
-1.0671332e7	10913.011	-11.96684
-1.0520995e7	10862.957	-11.981842
-1.0370658e7	10812.694	-11.99692
-1.0220321e7	10762.173	-12.012063
-1.0069985e7	10711.282	-12.027258
-9.919648e6	10659.74	-12.042445
-9.769311e6	10607.887	-12.057694
-9.618974e6	10555.627	-12.072999
-9.468637e6	10502.828	-12.0883465
-9.3183e6	10449.393	-12.10373
-9.167963e6	10395.334	-12.119156
-9.017627e6	10340.655	-12.134629
-8.86729e6	10285.427	-12.150163
-8.716953e6	10229.269	-12.165718
-8.566616e6	10171.775	-12.181255
-8.416279e6	10112.78	-12.196764
-8.2659425e6	10052.48	-12.212269
-8.1156055e6	9991.452	-12.227842
-7.965269e6	9929.774	-12.243499
-7.814932e6	9867.078	-12.2591915
-7.664595e6	9803.38	-12.274917
-7.5142585e6	9738.92	-12.290701
-7.3639215e6	9673.855	-12.306557
-7.2135845e6	9608.313	-12.32249
-7.063248e6	9542.5	-12.338514
-6.912911e6	9476.435	-12.354627
-6.762574e6	9409.918	-12.370793
-6.6122375e6	9342.807	-12.386985
-6.4619005e6	9275.148	-12.403202
-6.3115635e6	9206.983	-12.419449
-6.1612265e6	9138.292	-12.435725
-6.01089e6	9068.994	-12.452023
-5.860553e6	8998.986	-12.46833
-5.710216e6	8928.266	-12.48465
-5.559879e6	8856.808	-12.50098
-5.4095425e6	8784.514	-12.517308
-5.259206e6	8711.35	-12.5336275
-5.1088685e6	8637.249	-12.54993
-4.958532e6	8561.942	-12.566177
-4.808195e6	8485.251	-12.582344
-4.657858e6	8407.342	-12.598444
-4.5075215e6	8328.487	-12.614512
-4.3571845e6	8248.891	-12.630584
-4.206848e6	8168.599	-12.646668
-4.056511e6	8087.4546	-12.662748
-3.906174e6	8005.265	-12.678797
-3.7558372e6	7921.8745	-12.6947975
-3.6055002e6	7837.1587	-12.710736
-3.4551635e6	7751.013	-12.726607
-3.3048268e6	7663.2256	-12.7423935
-3.1544898e6	7573.5024	-12.75806
-3.004153e6	7481.6	-12.773583
-2.8538162e6	7387.3457	-12.788952
-2.7034792e6	7290.7173	-12.804166
-2.5531425e6	7191.8726	-12.819261
-2.4028058e6	7090.849	-12.834256
-2.2524688e6	6987.5635	-12.849157
-2.102132e6	6881.992	-12.863973
-1.9517951e6	6774.062	-12.878704
-1.8014584e6	6663.798	-12.89336
-1.6511215e6	6551.3896	-12.907972
-1.5007846e6	6437.0093	-12.922573
-1.3504478e6	6320.8765	-12.937199
-1.2001109e6	6203.4644	-12.951921
-1.049774e6	6085.599	-12.966864
-899437.25	5968.618	-12.982213
-749100.4	5854.4077	-12.998251
-598763.56	5744.9746	-13.015292
-448426.7	5641.9233	-13.033614
-298089.88	5546.156	-13.053403
-147753.02	5457.7715	-13.074729
2583.817	5376.3022	-13.097569
152920.66	5300.912	-13.121833
303257.5	5230.829	-13.1474285
453594.3	5165.2876	-13.174245
603931.2	5103.622	-13.202177
754268.06	5044.951	-13.231083
904604.9	4988.8823	-13.260904
1.0549416e6	4934.8945	-13.291559
1.2052785e6	4882.672	-13.323005
1.3556154e6	4831.9653	-13.355216
1.5059522e6	4782.4814	-13.388158
1.656289e6	4734.3584	-13.421753
1.8066259e6	4687.2266	-13.455996
1.9569628e6	4641.12	-13.490959
2.1072998e6	4595.974	-13.526665
2.2576365e6	4551.6904	-13.563051
2.4079732e6	4508.514	-13.59998
2.5583102e6	4466.132	-13.637661
2.708647e6	4424.54	-13.676156
2.8589838e6	4384.055	-13.715233
3.0093205e6	4344.4014	-13.754934
3.1596575e6	4305.4834	-13.795541
3.3099942e6	4267.517	-13.836756
3.4603312e6	4230.342	-13.878519
3.610668e6	4193.823	-13.921328
3.761005e6	4158.3667	-13.964577
3.9113418e6	4123.6724	-14.008592
4.0616785e6	4089.5881	-14.053757
4.2120155e6	4056.6667	-14.09892
4.362352e6	4024.2278	-14.145399
4.512689e6	3992.4834	-14.192249
4.663026e6	3961.3862	-14.239817
4.8133625e6	3930.8225	-14.288529
4.9636995e6	3900.9211	-14.337141
5.1140365e6	3871.3816	-14.387506
5.264373e6	3842.7866	-14.437442
5.41471e6	3814.584	-14.489112
5.565047e6	3787.1016	-14.54089
5.715384e6	3760.2236	-14.593888
5.8657205e6	3734.0571	-14.647656
6.0160575e6	3708.4692	-14.70199
6.1663945e6	3683.33	-14.757644
6.316731e6	3658.9238	-14.813253
6.467068e6	3634.891	-14.87084
6.6174045e6	3611.544	-14.927677
6.7677415e6	3588.4502	-14.987106
6.9180785e6	3566.4172	-15.045317
7.0684155e6	3544.5977	-15.106748
7.218752e6	3523.8755	-15.166386
7.369089e6	3503.3545	-15.229544
7.519426e6	3484.3164	-15.291114
7.6697625e6	3465.5056	-15.356309
7.8200995e6	3448.2715	-15.419757
7.9704365e6	3431.2988	-15.487096
8.120773e6	3416.68	-15.552668
8.27111e6	3402.2563	-15.622597
8.421447e6	3390.6768	-15.690204
8.571783e6	3379.189	-15.762713
8.722121e6	3371.8481	-15.832721
8.872458e6	3364.6843	-15.907825
9.022795e6	3361.7341	-15.980285
9.173131e6	3359.3687	-16.05739
9.323468e6	3361.1553	-16.132202
9.473805e6	3364.1426	-16.210701
9.624141e6	3369.5537	-16.287144
9.774479e6	3376.3108	-16.365278
9.924816e6	3384.6077	-16.442776
1.0075152e7	3394.4395	-16.519428
1.0225489e7	3404.4922	-16.597475
1.0375826e7	3414.6306	-16.671474
1.0526162e7	3424.9773	-16.749598
1.0676499e7	3434.2866	-16.82114
1.0826837e7	3443.962	-16.8982
1.0977174e7	3449.8596	-16.968239
1.112751e7	3455.6016	-17.041842
1.1277847e7	3459.952	-17.11268
1.1428184e7	3463.7378	-17.183552
1.157852e7	3465.7122	-17.255049
1.1728857e7	3463.7212	-17.322248
1.1879195e7	3462.047	-17.393969
1.2029531e7	3456.8765	-17.458656
1.2179868e7	3452.0244	-17.52782
1.2330205e7	3443.5322	-17.593435
1.2480541e7	3433.4724	-17.65934
1.2630878e7	3423.5303	-17.72664
1.2781215e7	3413.5295	-17.790998
1.2931553e7	3403.838	-17.859787
1.3081889e7	3391.4348	-17.922644
1.3232225e7	3379.115	-17.98851
1.3382563e7	3367.1934	-18.053999
1.3532899e7	3355.6633	-18.118158
1.3683237e7	3344.4434	-18.186546
1.3833573e7	3327.4106	-18.247322
1.398391e7	3310.76	-18.312033
1.4134248e7	3293.7456	-18.375803
1.4284584e7	3276.3738	-18.438665
1.443492e7	3259.2932	-18.505716
1.4585258e7	3237.2878	-18.565573
1.4735594e7	3215.595	-18.62924
1.4885931e7	3194.8389	-18.693062
1.5036269e7	3175.1206	-18.755817
1.5186605e7	3155.665	-18.822773
1.5336941e7	3133.4739	-18.884415
1.5487279e7	3111.1177	-18.948473
1.5637615e7	3089.709	-19.014566
1.5787952e7	3070.4915	-19.077972
1.5938289e7	3051.5295	-19.145674
1.6088626e7	3030.8845	-19.21068
1.6238962e7	3009.2866	-19.274982
1.63893e7	2987.9873	-19.343706
1.6539636e7	2969.6938	-19.4077
1.6689973e7	2951.855	-19.475288
1.684031e7	2933.6167	-19.544891
1.6990646e7	2913.3489	-19.608732
1.7140984e7	2893.3562	-19.676928
1.729132e7	2875.3984	-19.745022
1.7441658e7	2859.6287	-19.812092
1.7591996e7	2844.0945	-19.883987
1.7742332e7	2827.1023	-19.951212
1.7892668e7	2809.655	-20.018583
1.8043006e7	2792.4927	-20.090824
1.8193342e7	2778.99	-20.157871
1.8343678e7	2766.1836	-20.22829
1.8494016e7	2753.496	-20.303358
1.8644352e7	2737.5505	-20.368315
1.8794688e7	2721.8567	-20.437786
1.8945026e7	2706.9207	-20.51038
1.9095362e7	2694.7715	-20.57738
1.92457e7	2682.8127	-20.649189
1.9396036e7	2670.1746	-20.72232
1.9546374e7	2655.1277	-20.787601
1.969671e7	2640.2976	-20.857443
1.9847048e7	2626.7517	-20.928585
1.9997384e7	2615.879	-20.995321
2.014772e7	2605.175	-21.066833
2.0298058e7	2593.6223	-21.138384
2.0448394e7	2580.0066	-21.202703
2.059873e7	2566.536	-21.271444
2.0749068e7	2554.4011	-21.34151
2.0899404e7	2545.2234	-21.407162
2.104974e7	2536.087	-21.477427
2.1200078e7	2527.0	-21.548992
2.1350416e7	2517.976	-21.612041
2.1500752e7	2508.9934	-21.679338
2.165109e7	2499.504	-21.748259
2.1801426e7	2487.5334	-21.806122
2.1951764e7	2475.6843	-21.86754
2.21021e7	2464.4004	-21.931631
2.2252436e7	2456.5906	-21.989319
2.2402774e7	2448.9006	-22.050537
2.255311e7	2441.2231	-22.114895
2.2703446e7	2431.877	-22.169088
2.2853784e7	2422.6633	-22.226389
2.300412e7	2413.582	-22.287174
