-6.831602e7	21775.516	-9.329215
-6.813349e7	21744.09	-9.336675
-6.795096e7	21712.71	-9.34419
-6.7768424e7	21681.373	-9.351762
-6.7585896e7	21650.078	-9.359391
-6.740337e7	21618.834	-9.36708
-6.722083e7	21587.635	-9.374827
-6.7038304e7	21556.115	-9.382526
-6.6855772e7	21524.176	-9.390145
-6.6673244e7	21492.28	-9.397823
-6.6490708e7	21460.426	-9.4055605
-6.6308176e7	21428.633	-9.413358
-6.612565e7	21396.875	-9.421216
-6.5943116e7	21365.178	-9.429137
-6.5760588e7	21332.725	-9.436881
-6.5578056e7	21300.309	-9.444682
-6.5395524e7	21267.941	-9.452545
-6.5212996e7	21235.627	-9.46047
-6.503046e7	21203.361	-9.468458
-6.4847936e7	21171.139	-9.476511
-6.46654e7	21138.357	-9.484456
-6.4482868e7	21105.275	-9.492364
-6.430034e7	21072.244	-9.500335
-6.411781e7	21039.258	-9.508369
-6.393528e7	21006.334	-9.51647
-6.3752748e7	20973.453	-9.524636
-6.3570212e7	20940.418	-9.532765
-6.338769e7	20907.1	-9.54079
-6.320515e7	20873.832	-9.548881
-6.3022624e7	20840.623	-9.557035
-6.2840092e7	20807.46	-9.565259
-6.265756e7	20774.346	-9.57355
-6.247503e7	20741.26	-9.581846
-6.22925e7	20708.146	-9.59
-6.2109972e7	20675.084	-9.598221
-6.1927436e7	20642.076	-9.606509
-6.1744904e7	20609.125	-9.614867
-6.1562376e7	20576.219	-9.623296
-6.1379844e7	20543.316	-9.631739
-6.1197316e7	20510.273	-9.640001
-6.1014784e7	20477.285	-9.648334
-6.0832252e7	20444.344	-9.656735
-6.0649724e7	20411.463	-9.665208
-6.0467188e7	20378.627	-9.673754
-6.0284664e7	20345.809	-9.6823
-6.010213e7	20312.893	-9.690691
-5.9919596e7	20280.033	-9.699154
-5.9737068e7	20247.232	-9.707687
-5.9554536e7	20214.473	-9.716296
-5.937201e7	20181.77	-9.724978
-5.9189476e7	20149.031	-9.733613
-5.900694e7	20116.2	-9.742135
-5.8824416e7	20083.424	-9.75073
-5.864188e7	20050.703	-9.759398
-5.845935e7	20018.035	-9.768144
-5.827682e7	19985.414	-9.776966
-5.809429e7	19952.732	-9.785664
-5.791176e7	19920.043	-9.79433
-5.7729228e7	19887.402	-9.803071
-5.75467e7	19854.812	-9.81189
-5.7364164e7	19822.29	-9.820786
-5.718163e7	19789.803	-9.829762
-5.6999104e7	19757.117	-9.838496
-5.6816572e7	19724.484	-9.847306
-5.6634044e7	19691.906	-9.8561945
-5.645151e7	19659.377	-9.865163
-5.626898e7	19626.898	-9.874213
-5.6086452e7	19594.37	-9.8832
-5.5903916e7	19561.74	-9.892085
-5.572139e7	19529.164	-9.901049
-5.5538856e7	19496.646	-9.910095
-5.5356324e7	19464.188	-9.919224
-5.5173796e7	19431.775	-9.928435
-5.4991264e7	19399.066	-9.9374
-5.4808736e7	19366.408	-9.946438
-5.4626204e7	19333.809	-9.955559
-5.4443668e7	19301.26	-9.964764
-5.4261144e7	19268.77	-9.974054
-5.407861e7	19236.219	-9.9832325
-5.389608e7	19203.645	-9.992367
-5.3713548e7	19171.125	-10.001585
-5.3531016e7	19138.662	-10.010889
-5.334849e7	19106.248	-10.02028
-5.3165956e7	19073.824	-10.029651
-5.2983428e7	19041.293	-10.038881
-5.2800892e7	19008.812	-10.048197
-5.261836e7	18976.398	-10.057601
-5.243583e7	18944.027	-10.067094
-5.22533e7	18911.691	-10.076633
-5.2070772e7	18879.248	-10.085969
-5.188824e7	18846.861	-10.095392
-5.1705708e7	18814.527	-10.104905
-5.152318e7	18782.254	-10.11451
-5.1340644e7	18750.031	-10.124198
-5.115812e7	18717.635	-10.133639
-5.0975584e7	18685.295	-10.14317
-5.0793052e7	18653.01	-10.152794
-5.0610524e7	18620.781	-10.16251
-5.042799e7	18588.61	-10.172321
-5.0245464e7	18556.266	-10.181878
-5.0062932e7	18523.979	-10.191528
-4.98804e7	18491.746	-10.201272
-4.969787e7	18459.574	-10.211111
-4.951534e7	18427.428	-10.221025
-4.933281e7	18395.002	-10.230698
-4.9150276e7	18362.633	-10.240463
-4.8967744e7	18330.32	-10.250326
-4.8785216e7	18298.066	-10.260286
-4.8602684e7	18265.805	-10.270274
-4.842015e7	18233.367	-10.28008
-4.823762e7	18200.988	-10.289982
-4.8055092e7	18168.674	-10.299984
-4.787256e7	18136.408	-10.310086
-4.769003e7	18104.06	-10.320137
-4.7507496e7	18071.586	-10.330085
-4.732497e7	18039.168	-10.340133
-4.7142436e7	18006.812	-10.350283
-4.6959908e7	17974.527	-10.360537
-4.6777376e7	17942.123	-10.370637
-4.6594844e7	17909.727	-10.380749
-4.641231e7	17877.389	-10.390963
-4.6229784e7	17845.111	-10.401283
-4.6047252e7	17812.855	-10.411666
-4.5864724e7	17780.41	-10.421836
-4.5682188e7	17748.025	-10.432111
-4.549966e7	17715.7	-10.4424925
-4.531713e7	17683.434	-10.452983
-4.51346e7	17651.078	-10.46337
-4.4952068e7	17618.68	-10.473713
-4.4769536e7	17586.334	-10.484164
-4.4587004e7	17554.064	-10.494725
-4.440447e7	17521.793	-10.505354
-4.4221944e7	17489.264	-10.515761
-4.4039412e7	17456.797	-10.526279
-4.385688e7	17424.387	-10.536908
-4.3674348e7	17392.04	-10.547651
-4.349182e7	17359.607	-10.558245
-4.330929e7	17327.182	-10.568853
-4.312676e7	17294.818	-10.579575
-4.2944224e7	17262.51	-10.590413
-4.2761696e7	17230.143	-10.601212
-4.2579164e7	17197.652	-10.611903
-4.2396636e7	17165.219	-10.62271
-4.2214104e7	17132.861	-10.6336355
-4.2031572e7	17100.494	-10.644616
-4.184904e7	17067.92	-10.655402
-4.166651e7	17035.414	-10.666305
-4.148398e7	17002.96	-10.677328
-4.1301452e7	16970.574	-10.688475
-4.1118916e7	16937.945	-10.699366
-4.0936388e7	16905.383	-10.710377
-4.0753856e7	16872.887	-10.72151
-4.057133e7	16840.447	-10.732769
-4.0388796e7	16807.805	-10.743813
-4.0206264e7	16775.2	-10.754939
-4.0023732e7	16742.65	-10.766191
-3.98412e7	16710.18	-10.77757
-3.965867e7	16677.406	-10.788738
-3.947614e7	16644.645	-10.799977
-3.929361e7	16611.941	-10.811344
-3.9111076e7	16579.312	-10.822843
-3.8928548e7	16546.457	-10.834126
-3.8746016e7	16513.633	-10.845498
-3.856349e7	16480.873	-10.857001
-3.838095e7	16448.18	-10.868638
-3.8198424e7	16415.277	-10.880023
-3.8015892e7	16382.444	-10.891537
-3.7833364e7	16349.673	-10.903186
-3.765083e7	16316.943	-10.914908
-3.74683e7	16284.098	-10.92644
-3.728577e7	16251.319	-10.938107
-3.710324e7	16218.611	-10.94991
-3.6920708e7	16185.857	-10.961699
-3.673818e7	16153.014	-10.973379
-3.6555644e7	16120.229	-10.985198
-3.6373116e7	16087.525	-10.997158
-3.6190584e7	16054.751	-11.008994
-3.6008056e7	16021.989	-11.020845
-3.5825524e7	15989.295	-11.032838
-3.564299e7	15956.66	-11.044963
-3.546046e7	15923.927	-11.056853
-3.527793e7	15891.26	-11.068886
-3.50954e7	15858.66	-11.081065
-3.4912868e7	15826.021	-11.093215
-3.4730336e7	15793.312	-11.105289
-3.4547804e7	15760.664	-11.117513
-3.4365276e7	15728.094	-11.129887
-3.4182744e7	15695.235	-11.142032
-3.4000216e7	15662.41	-11.154294
-3.381768e7	15629.662	-11.166709
-3.363515e7	15596.813	-11.179094
-3.3452622e7	15563.834	-11.191413
-3.327009e7	15530.931	-11.203885
-3.308756e7	15498.069	-11.216495
-3.2905028e7	15464.909	-11.228878
-3.2722496e7	15431.822	-11.241416
-3.2539966e7	15398.805	-11.254113
-3.2357436e7	15365.56	-11.266686
-3.2174906e7	15332.26	-11.279294
-3.1992372e7	15299.021	-11.292064
-3.1809842e7	15265.678	-11.30483
-3.1627312e7	15232.128	-11.31751
-3.1444782e7	15198.658	-11.330352
-3.1262252e7	15165.19	-11.343294
-3.1079718e7	15131.471	-11.356054
-3.0897188e7	15097.827	-11.3689785
-3.0714658e7	15064.267	-11.382072
-3.0532128e7	15030.389	-11.394927
-3.0349598e7	14996.583	-11.407938
-3.0167064e7	14962.849	-11.421121
-2.9984534e7	14928.916	-11.434133
-2.9802004e7	14895.013	-11.447249
-2.9619474e7	14861.188	-11.460541
-2.9436942e7	14827.257	-11.473707
-2.925441e7	14793.348	-11.486953
-2.907188e7	14759.519	-11.500376
-2.888935e7	14725.582	-11.513682
-2.8706818e7	14691.655	-11.527058
-2.8524288e7	14657.815	-11.540614
-2.8341756e7	14623.847	-11.554039
-2.8159224e7	14589.893	-11.567541
-2.7976694e7	14556.016	-11.581229
-2.7794164e7	14522.035	-11.594755
-2.7611634e7	14488.098	-11.608392
-2.74291e7	14454.235	-11.622217
-2.724657e7	14420.201	-11.63583
-2.706404e7	14386.235	-11.649605
-2.688151e7	14352.306	-11.663524
-2.669898e7	14318.081	-11.677246
-2.6516446e7	14283.944	-11.69116
-2.6333916e7	14249.716	-11.705129
-2.6151386e7	14215.227	-11.719001
-2.5968856e7	14180.824	-11.733068
-2.5786326e7	14146.268	-11.747094
-2.5603792e7	14111.627	-11.761149
-2.5421262e7	14077.086	-11.775406
-2.5238732e7	14042.317	-11.789507
-2.5056202e7	14007.6045	-11.803769
-2.487367e7	13972.884	-11.818134
-2.469114e7	13937.934	-11.832398
-2.4508608e7	13903.073	-11.846868
-2.4326078e7	13867.985	-11.861274
-2.4143546e7	13832.815	-11.87574
-2.3961016e7	13797.688	-11.890379
-2.3778484e7	13762.146	-11.904835
-2.3595954e7	13726.704	-11.919502
-2.3413422e7	13691.127	-11.934147
-2.3230892e7	13655.48	-11.948824
-2.304836e7	13619.9	-11.963681
-2.286583e7	13584.103	-11.978387
-2.26833e7	13548.406	-11.993311
-2.2500768e7	13512.526	-12.008188
-2.2318238e7	13476.606	-12.023152
-2.2135706e7	13440.613	-12.038214
-2.1953176e7	13404.329	-12.053223
-2.1770646e7	13368.121	-12.068437
-2.1588114e7	13331.427	-12.083517
-2.1405584e7	13294.846	-12.098827
-2.1223052e7	13257.716	-12.114025
-2.1040522e7	13220.627	-12.129417
-2.0857992e7	13182.916	-12.14472
-2.067546e7	13145.177	-12.160195
-2.049293e7	13107.089	-12.175612
-2.0310398e7	13069.06	-12.191225
-2.0127868e7	13030.936	-12.206776
-1.9945336e7	12992.852	-12.2225
-1.9762806e7	12954.575	-12.238215
-1.9580274e7	12916.171	-12.254006
-1.9397744e7	12877.664	-12.269889
-1.9215212e7	12838.962	-12.285744
-1.9032682e7	12800.337	-12.301725
-1.885015e7	12761.798	-12.317793
-1.866762e7	12723.334	-12.3338785
-1.8485088e7	12684.905	-12.350058
-1.8302558e7	12646.473	-12.366314
-1.8120028e7	12607.978	-12.382594
-1.7937496e7	12569.309	-12.398891
-1.7754966e7	12530.534	-12.415246
-1.7572434e7	12491.668	-12.431654
-1.7389904e7	12452.701	-12.448113
-1.7207374e7	12413.621	-12.464621
-1.7024842e7	12374.401	-12.481164
-1.6842312e7	12334.888	-12.497722
-1.665978e7	12295.127	-12.514321
-1.647725e7	12255.12	-12.530965
-1.6294719e7	12214.888	-12.547663
-1.6112188e7	12174.402	-12.564411
-1.5929657e7	12133.564	-12.5812025
-1.5747125e7	12092.292	-12.598028
-1.5564595e7	12050.54	-12.614884
-1.5382065e7	12008.332	-12.631778
-1.5199533e7	11965.805	-12.648732
-1.5017003e7	11923.014	-12.665759
-1.4834471e7	11879.844	-12.68285
-1.4651941e7	11836.273	-12.700003
-1.446941e7	11792.469	-12.71724
-1.4286879e7	11748.533	-12.734577
-1.4104348e7	11704.406	-12.752006
-1.3921817e7	11660.075	-12.769521
-1.3739286e7	11615.66	-12.787132
-1.3556756e7	11571.267	-12.804849
-1.3374224e7	11526.833	-12.822658
-1.3191694e7	11482.209	-12.840536
-1.3009162e7	11437.347	-12.858477
-1.2826632e7	11392.179	-12.876469
-1.2644102e7	11346.535	-12.89449
-1.2461571e7	11300.433	-12.912547
-1.227904e7	11253.98	-12.930651
-1.2096509e7	11207.121	-12.948797
-1.1913978e7	11159.65	-12.966965
-1.1731447e7	11111.309	-12.985128
-1.1548916e7	11062.064	-13.003288
-1.1366385e7	11012.15	-13.02148
-1.1183854e7	10961.807	-13.039741
-1.1001323e7	10911.056	-13.058077
-1.0818792e7	10859.775	-13.076482
-1.0636262e7	10807.92	-13.094953
-1.0453731e7	10755.486	-13.113496
-1.02712e7	10702.476	-13.132112
-1.0088669e7	10648.92	-13.150803
-9.906138e6	10594.72	-13.169551
-9.723607e6	10539.652	-13.188323
-9.541076e6	10483.562	-13.207095
-9.358545e6	10426.441	-13.225863
-9.176014e6	10368.357	-13.244636
-8.993483e6	10309.315	-13.2634115
-8.810953e6	10249.098	-13.282166
-8.628422e6	10187.465	-13.300868
-8.445891e6	10124.526	-13.319533
-8.26336e6	10060.656	-13.338215
-8.0808295e6	9996.034	-13.356946
-7.8982985e6	9930.5	-13.37571
-7.7157675e6	9863.921	-13.394485
-7.5332365e6	9796.403	-13.413286
-7.3507055e6	9728.095	-13.432126
-7.1681755e6	9658.868	-13.450989
-6.9856445e6	9588.397	-13.469829
-6.803113e6	9516.42	-13.4886055
-6.620582e6	9442.8	-13.507292
-6.438051e6	9367.653	-13.52589
-6.255521e6	9291.152	-13.544421
-6.07299e6	9213.191	-13.562872
-5.890459e6	9133.374	-13.581189
-5.707928e6	9051.266	-13.599316
-5.525397e6	8966.302	-13.617187
-5.342866e6	8877.752	-13.634711
-5.1603355e6	8785.177	-13.651839
-4.9778045e6	8688.416	-13.668567
-4.7952735e6	8587.193	-13.684875
-4.6127425e6	8480.987	-13.700718
-4.4302115e6	8368.961	-13.716024
-4.247681e6	8249.918	-13.730674
-4.06515e6	8122.467	-13.744515
-3.882619e6	7985.1846	-13.757404
-3.7000882e6	7836.648	-13.769206
-3.5175572e6	7675.707	-13.77981
-3.3350268e6	7501.8936	-13.7892
-3.1524955e6	7316.116	-13.797543
-2.9699648e6	7122.2285	-13.805323
-2.787434e6	6927.1567	-13.813383
-2.604903e6	6738.3413	-13.822668
-2.422372e6	6561.2715	-13.833919
-2.2398412e6	6398.915	-13.847595
-2.0573104e6	6252.1577	-13.863913
-1.8747795e6	6120.513	-13.882887
-1.6922488e6	6002.798	-13.9044285
-1.5097178e6	5897.451	-13.928384
-1.3271869e6	5802.6787	-13.954553
-1.144656e6	5716.7056	-13.982714
-962125.1	5638.142	-14.01269
-779594.25	5565.648	-14.04429
-597063.4	5498.1733	-14.077359
-414532.47	5434.9653	-14.111787
-232001.61	5375.4775	-14.147489
-49470.74	5319.2505	-14.184388
133060.14	5265.8813	-14.222418
315591.03	5215.074	-14.261522
498121.88	5166.6035	-14.301662
680652.75	5120.2944	-14.342807
863183.7	5076.0063	-14.384935
1.0457145e6	5033.6357	-14.428037
1.2282455e6	4993.0884	-14.472111
1.4107762e6	4954.4277	-14.517022
1.5933072e6	4917.588	-14.562723
1.775838e6	4882.371	-14.609322
1.9583689e6	4848.6694	-14.6568365
2.1408998e6	4816.3813	-14.7053175
2.3234305e6	4785.718	-14.7544155
2.5059615e6	4756.634	-14.804093
2.6884925e6	4728.8335	-14.854793
2.8710232e6	4702.2944	-14.906577
3.0535542e6	4677.7817	-14.958275
3.2360852e6	4654.428	-15.0112095
3.4186158e6	4632.3833	-15.065158
3.6011468e6	4612.2124	-15.118941
3.7836775e6	4592.8613	-15.174406
3.9662085e6	4575.1567	-15.229564
4.1487395e6	4558.257	-15.285814
4.33127e6	4542.3096	-15.342614
4.5138015e6	4527.49	-15.399546
4.696332e6	4513.42	-15.457785
4.878863e6	4500.917	-15.515497
5.061394e6	4489.15	-15.574962
5.2439245e6	4479.371	-15.6336775
5.4264555e6	4470.4966	-15.694138
5.6089865e6	4463.219	-15.75405
5.7915175e6	4456.9595	-15.815022
5.974048e6	4451.5713	-15.876343
6.156579e6	4447.151	-15.937251
6.3391095e6	4443.0615	-16.000235
6.5216405e6	4439.674	-16.060532
6.7041715e6	4436.4644	-16.124699
6.886703e6	4432.1885	-16.184364
7.069234e6	4427.9653	-16.247013
7.251764e6	4422.823	-16.308313
7.434295e6	4417.025	-16.36934
7.616826e6	4411.112	-16.432367
7.799357e6	4404.444	-16.492022
7.9818875e6	4397.8857	-16.555464
8.1644185e6	4390.749	-16.61527
8.3469495e6	4383.585	-16.677254
8.529481e6	4376.224	-16.739246
8.712012e6	4368.582	-16.799809
8.894542e6	4361.028	-16.864082
9.077073e6	4352.8955	-16.92323
9.259604e6	4344.8643	-16.986095
9.442135e6	4336.59	-17.047613
9.624666e6	4328.1704	-17.108917
9.807196e6	4319.7837	-17.173075
9.989727e6	4311.0483	-17.232847
1.0172258e7	4302.4077	-17.296421
1.0354789e7	4293.5435	-17.357983
1.053732e7	4284.5977	-17.419846
1.0719851e7	4275.6763	-17.484415
1.0902382e7	4266.4233	-17.544573
1.1084913e7	4257.2695	-17.608582
1.1267444e7	4247.9243	-17.67068
1.1449975e7	4238.5044	-17.732782
1.1632505e7	4229.1616	-17.798237
1.1815036e7	4219.584	-17.858486
1.1997567e7	4210.113	-17.9226
1.2180098e7	4200.6436	-17.985796
1.2362629e7	4191.185	-18.047886
1.2545159e7	4181.8345	-18.114084
1.2727691e7	4172.453	-18.174938
1.2910222e7	4163.175	-18.238892
1.3092752e7	4153.9355	-18.30383
1.3275284e7	4144.6543	-18.365576
1.3457814e7	4135.4907	-18.431387
1.3640346e7	4126.174	-18.494179
1.3822876e7	4116.859	-18.55752
1.4005406e7	4107.652	-18.624727
1.4187938e7	4098.169	-18.685686
1.4370468e7	4088.818	-18.750603
1.4553e7	4079.4282	-18.81594
1.473553e7	4069.8826	-18.878267
1.4918061e7	4060.486	-18.944736
1.5100592e7	4050.9182	-19.008207
1.5283123e7	4041.3584	-19.071909
1.5465654e7	4031.9678	-19.139948
1.5648185e7	4022.2	-19.201603
1.5830715e7	4012.595	-19.266685
1.6013247e7	4003.0806	-19.333908
1.6195777e7	3993.3862	-19.396303
1.6378309e7	3983.9006	-19.462854
1.6560839e7	3974.3108	-19.528885
1.6743369e7	3964.5552	-19.592577
1.6925902e7	3955.0325	-19.660604
1.7108432e7	3945.2341	-19.725567
1.7290964e7	3935.4438	-19.790585
1.7473494e7	3925.935	-19.860123
1.7656024e7	3915.8442	-19.924004
1.7838556e7	3905.922	-19.990152
1.8021086e7	3896.315	-20.060837
1.8203618e7	3886.5518	-20.123707
1.8386148e7	3877.1194	-20.190794
1.8568678e7	3867.8	-20.260695
1.875121e7	3857.6387	-20.324007
1.893374e7	3847.826	-20.3916
1.9116272e7	3837.959	-20.46049
1.9298802e7	3827.3833	-20.524145
1.9481332e7	3817.1921	-20.59213
1.9663864e7	3806.4338	-20.660086
1.9846394e7	3794.4548	-20.723738
2.0028924e7	3782.9158	-20.79172
2.0211456e7	3771.149	-20.858818
2.0393986e7	3758.995	-20.922642
2.0576518e7	3747.324	-20.99082
2.075905e7	3734.6438	-21.057386
2.094158e7	3720.8655	-21.121067
2.1124112e7	3707.6108	-21.189081
2.1306642e7	3693.9258	-21.255438
2.1489174e7	3679.835	-21.319447
2.1671704e7	3666.2905	-21.38783
2.1854234e7	3651.1377	-21.454245
2.2036766e7	3634.3677	-21.517775
2.2219296e7	3618.1733	-21.585613
2.2401828e7	3602.3867	-21.652115
2.2584358e7	3586.9827	-21.715641
2.2766888e7	3572.1282	-21.783478
2.294942e7	3556.6523	-21.850243
2.313195e7	3540.037	-21.912527
2.3314482e7	3523.949	-21.97895
2.3497012e7	3509.1003	-22.045843
2.3679542e7	3496.2227	-22.108217
2.3862074e7	3483.8083	-22.174742
2.4044604e7	3470.7158	-22.242744
2.4227136e7	3454.06	-22.303417
2.4409666e7	3437.8167	-22.368011
2.4592196e7	3422.475	-22.435928
2.4774728e7	3412.6702	-22.496195
2.4957258e7	3403.197	-22.560326
2.513979e7	3394.049	-22.628853
2.5322322e7	3382.4531	-22.686972
2.5504852e7	3370.782	-22.747429
2.5687382e7	3359.2383	-22.811777
2.5869914e7	3346.4111	-22.869898
2.6052446e7	3333.2585	-22.927715
2.6234976e7	3320.2705	-22.98908
2.6417506e7	3306.8044	-23.047815
2.6600036e7	3293.1433	-23.104631
2.678257e7	3279.8271	-23.164873
2.69651e7	3263.7122	-23.223988
2.714763e7	3242.625	-23.277897
2.733016e7	3221.877	-23.334877
2.751269e7	3201.7856	-23.393415
2.7695224e7	3183.4316	-23.446838
2.7877754e7	3165.3672	-23.503275
2.8060284e7	3147.5894	-23.56309
