-2.1797298e8	21014.146	-10.073212
-2.1726398e8	20977.248	-10.08265
-2.1655502e8	20940.422	-10.092178
-2.1584603e8	20903.658	-10.101798
-2.1513706e8	20866.861	-10.111472
-2.144281e8	20829.578	-10.121
-2.137191e8	20792.354	-10.130621
-2.1301013e8	20755.213	-10.140335
-2.1230115e8	20717.938	-10.150059
-2.1159218e8	20680.338	-10.159695
-2.1088318e8	20642.797	-10.169425
-2.1017422e8	20605.342	-10.179251
-2.0946525e8	20567.506	-10.189006
-2.0875626e8	20529.355	-10.19871
-2.080473e8	20491.275	-10.20851
-2.073383e8	20453.271	-10.218407
-2.0662933e8	20415.053	-10.228193
-2.0592037e8	20376.824	-10.23802
-2.0521138e8	20338.664	-10.247945
-2.0450238e8	20300.592	-10.257952
-2.0379342e8	20262.695	-10.267858
-2.0308445e8	20224.871	-10.2778635
-2.0237546e8	20187.107	-10.287971
-2.0166648e8	20149.387	-10.298072
-2.0095752e8	20111.672	-10.308114
-2.0024853e8	20074.03	-10.318259
-1.9953955e8	20036.445	-10.328507
-1.9883058e8	19998.922	-10.338662
-1.981216e8	19961.463	-10.348861
-1.9741262e8	19924.066	-10.359164
-1.9670365e8	19886.715	-10.369527
-1.9599466e8	19849.24	-10.37976
-1.952857e8	19811.832	-10.390099
-1.945767e8	19774.504	-10.400545
-1.9386773e8	19737.205	-10.410937
-1.9315875e8	19699.955	-10.421331
-1.9244978e8	19662.773	-10.431833
-1.917408e8	19625.648	-10.442426
-1.9103182e8	19588.414	-10.452859
-1.9032285e8	19551.258	-10.463404
-1.8961387e8	19514.156	-10.47406
-1.889049e8	19477.09	-10.484666
-1.881959e8	19440.059	-10.495265
-1.8748693e8	19403.102	-10.505978
-1.8677797e8	19366.184	-10.516769
-1.8606898e8	19329.178	-10.527415
-1.8536e8	19292.246	-10.538176
-1.8465102e8	19255.383	-10.549052
-1.8394205e8	19218.53	-10.559844
-1.8323307e8	19181.725	-10.570664
-1.825241e8	19144.979	-10.581604
-1.818151e8	19108.236	-10.592568
-1.8110614e8	19071.404	-10.603439
-1.8039715e8	19034.643	-10.614429
-1.7968818e8	18997.951	-10.625542
-1.789792e8	18961.15	-10.636487
-1.7827022e8	18924.414	-10.64754
-1.7756125e8	18887.746	-10.658717
-1.7685227e8	18851.027	-10.669826
-1.761433e8	18814.303	-10.680945
-1.7543432e8	18777.646	-10.69219
-1.7472534e8	18740.996	-10.703457
-1.7401635e8	18704.273	-10.714648
-1.7330738e8	18667.627	-10.725967
-1.7259842e8	18631.023	-10.737388
-1.7188942e8	18594.291	-10.748654
-1.7118045e8	18557.637	-10.760049
-1.7047147e8	18521.04	-10.771575
-1.697625e8	18484.348	-10.78296
-1.6905352e8	18447.691	-10.794435
-1.6834454e8	18411.115	-10.806041
-1.6763557e8	18374.486	-10.81757
-1.669266e8	18337.865	-10.829129
-1.6621762e8	18301.318	-10.840822
-1.6550862e8	18264.723	-10.852487
-1.6479965e8	18228.1	-10.864129
-1.6409067e8	18191.545	-10.875908
-1.633817e8	18155.002	-10.887701
-1.6267272e8	18118.416	-10.899434
-1.6196374e8	18081.898	-10.911307
-1.6125477e8	18045.402	-10.923226
-1.605458e8	18008.816	-10.935051
-1.598368e8	17972.307	-10.947017
-1.5912782e8	17935.822	-10.959054
-1.5841886e8	17899.268	-10.970981
-1.5770987e8	17862.781	-10.98305
-1.570009e8	17826.328	-10.995204
-1.5629192e8	17789.723	-11.00723
-1.5558294e8	17753.195	-11.019402
-1.5487397e8	17716.684	-11.031661
-1.54165e8	17680.031	-11.043797
-1.5345602e8	17643.46	-11.05608
-1.5274704e8	17606.889	-11.068445
-1.5203806e8	17570.146	-11.08069
-1.5132907e8	17533.477	-11.093089
-1.506201e8	17496.84	-11.105555
-1.4991112e8	17460.133	-11.117931
-1.4920214e8	17423.502	-11.130465
-1.4849317e8	17386.889	-11.143038
-1.477842e8	17350.23	-11.155551
-1.4707522e8	17313.656	-11.168221
-1.4636624e8	17277.09	-11.1809
-1.4565725e8	17240.537	-11.193557
-1.4494827e8	17204.066	-11.206377
-1.4423931e8	17167.547	-11.219149
-1.4353032e8	17131.031	-11.231946
-1.4282134e8	17094.592	-11.244908
-1.4211237e8	17058.125	-11.257768
-1.414034e8	17021.72	-11.270716
-1.4069442e8	16985.383	-11.283833
-1.3998544e8	16948.885	-11.296761
-1.3927646e8	16912.459	-11.309848
-1.3856749e8	16876.06	-11.323034
-1.3785851e8	16839.533	-11.336099
-1.3714952e8	16803.084	-11.349336
-1.3644054e8	16766.576	-11.362577
-1.3573158e8	16729.973	-11.375791
-1.350226e8	16693.451	-11.38918
-1.3431362e8	16656.775	-11.402472
-1.3360463e8	16620.1	-11.415843
-1.3289566e8	16583.496	-11.429377
-1.3218669e8	16546.756	-11.44274
-1.31477704e8	16510.092	-11.456285
-1.3076873e8	16473.45	-11.4698715
-1.3005975e8	16436.768	-11.483413
-1.2935077e8	16400.18	-11.49714
-1.286418e8	16363.483	-11.510765
-1.27932824e8	16326.809	-11.524479
-1.2722384e8	16290.191	-11.53833
-1.2651486e8	16253.482	-11.55204
-1.2580589e8	16216.86	-11.565941
-1.25096904e8	16180.23	-11.579824
-1.2438793e8	16143.614	-11.59373
-1.2367896e8	16107.081	-11.607831
-1.22969976e8	16070.48	-11.621748
-1.22261e8	16033.958	-11.635861
-1.21552024e8	15997.3955	-11.649994
-1.2084304e8	15960.763	-11.664115
-1.2013406e8	15924.221	-11.678439
-1.1942508e8	15887.406	-11.692588
-1.1871611e8	15850.661	-11.706922
-1.1800714e8	15813.804	-11.721274
-1.1729815e8	15776.812	-11.7356205
-1.16589176e8	15739.904	-11.750171
-1.158802e8	15702.817	-11.764548
-1.1517122e8	15665.822	-11.779137
-1.1446225e8	15628.816	-11.793715
-1.1375327e8	15591.836	-11.808344
-1.1304429e8	15554.905	-11.823122
-1.1233531e8	15517.873	-11.837786
-1.1162634e8	15480.934	-11.852667
-1.1091735e8	15443.855	-11.867453
-1.1020838e8	15406.807	-11.882372
-1.0949941e8	15369.704	-11.897344
-1.08790424e8	15332.489	-11.912307
-1.0808145e8	15295.339	-11.927461
-1.0737247e8	15257.982	-11.942478
-1.0666349e8	15220.72	-11.957726
-1.0595451e8	15183.285	-11.972891
-1.0524553e8	15145.869	-11.988197
-1.0453656e8	15108.391	-12.003541
-1.0382758e8	15070.842	-12.018908
-1.031186e8	15033.34	-12.034426
-1.02409624e8	14995.753	-12.049865
-1.0170065e8	14958.26	-12.065546
-1.0099166e8	14920.61	-12.081064
-1.00282696e8	14883.05	-12.096814
-9.957371e7	14845.42	-12.112497
-9.8864744e7	14807.831	-12.128321
-9.815576e7	14770.22	-12.144163
-9.744678e7	14732.597	-12.16006
-9.673781e7	14694.975	-12.176055
-9.602883e7	14657.277	-12.192028
-9.531985e7	14619.619	-12.20817
-9.461087e7	14581.787	-12.224221
-9.3901896e7	14544.033	-12.240502
-9.319292e7	14505.961	-12.256633
-9.248394e7	14467.987	-12.273027
-9.177497e7	14429.641	-12.289262
-9.106598e7	14391.386	-12.305745
-9.035701e7	14352.828	-12.32212
-8.964803e7	14314.322	-12.338706
-8.893906e7	14275.671	-12.355227
-8.823007e7	14237.069	-12.371934
-8.75211e7	14198.502	-12.38861
-8.681212e7	14160.016	-12.405456
-8.6103144e7	14121.58	-12.422277
-8.539416e7	14083.228	-12.439256
-8.468519e7	14044.891	-12.456208
-8.397621e7	14006.624	-12.473312
-8.326723e7	13968.256	-12.490373
-8.255826e7	13929.914	-12.507586
-8.184928e7	13891.436	-12.524741
-8.1140296e7	13852.982	-12.542066
-8.043133e7	13814.372	-12.559312
-7.9722344e7	13775.806	-12.576756
-7.901337e7	13737.018	-12.5940895
-7.830438e7	13698.3	-12.611658
-7.7595416e7	13659.495	-12.629097
-7.688643e7	13620.797	-12.646796
-7.617746e7	13582.099	-12.664378
-7.546848e7	13543.484	-12.68219
-7.47595e7	13504.744	-12.699924
-7.405052e7	13465.959	-12.717814
-7.334155e7	13426.917	-12.735675
-7.263257e7	13387.683	-12.753616
-7.192359e7	13348.231	-12.771615
-7.121461e7	13308.554	-12.789632
-7.050564e7	13268.834	-12.8078165
-6.979666e7	13228.856	-12.825944
-6.908768e7	13188.928	-12.844295
-6.83787e7	13148.95	-12.862628
-6.766973e7	13109.021	-12.881124
-6.6960748e7	13069.112	-12.899731
-6.6251772e7	13029.12	-12.918355
-6.554279e7	12989.164	-12.937163
-6.4833812e7	12949.1455	-12.955976
-6.412484e7	12909.066	-12.974875
-6.341586e7	12868.948	-12.993918
-6.270688e7	12828.524	-13.012917
-6.1997904e7	12787.792	-13.031981
-6.128893e7	12746.8	-13.051148
-6.0579948e7	12705.41	-13.070346
-5.9870972e7	12663.831	-13.089594
-5.9161996e7	12622.22	-13.108977
-5.8453016e7	12580.557	-13.128486
-5.774404e7	12538.751	-13.148092
-5.7035064e7	12496.651	-13.167712
-5.6326084e7	12454.313	-13.187423
-5.5617104e7	12411.718	-13.207217
-5.490813e7	12368.936	-13.227103
-5.419915e7	12326.048	-13.247091
-5.3490172e7	12283.064	-13.267183
-5.2781196e7	12239.935	-13.287368
-5.207222e7	12196.573	-13.307632
-5.136324e7	12152.922	-13.327956
-5.0654264e7	12108.96	-13.348347
-4.9945284e7	12064.7	-13.368814
-4.9236308e7	12020.148	-13.389364
-4.8527332e7	11975.34	-13.410005
-4.781835e7	11930.327	-13.430744
-4.7109376e7	11884.909	-13.451561
-4.64004e7	11838.846	-13.472423
-4.569142e7	11792.162	-13.493333
-4.4982444e7	11744.934	-13.514299
-4.4273464e7	11697.171	-13.535326
-4.356449e7	11648.844	-13.556413
-4.285551e7	11599.841	-13.57755
-4.2146532e7	11550.065	-13.598732
-4.1437556e7	11499.502	-13.619965
-4.0728576e7	11448.314	-13.641274
-4.00196e7	11396.847	-13.662713
-3.9310624e7	11345.255	-13.684301
-3.8601644e7	11293.338	-13.706005
-3.7892668e7	11240.819	-13.727782
-3.7183692e7	11187.517	-13.749602
-3.647471e7	11133.3	-13.771443
-3.5765736e7	11078.156	-13.793303
-3.5056756e7	11022.152	-13.815188
-3.434778e7	10965.386	-13.837116
-3.3638804e7	10908.002	-13.85911
-3.2929826e7	10850.018	-13.881185
-3.2220846e7	10791.16	-13.903317
-3.151187e7	10730.967	-13.92546
-3.080289e7	10669.183	-13.947596
-3.0093914e7	10605.813	-13.9697485
-2.9384938e7	10540.863	-13.991933
-2.8675958e7	10474.416	-14.0141735
-2.7966982e7	10406.658	-14.036503
-2.7258002e7	10337.337	-14.058891
-2.6549026e7	10266.168	-14.081296
-2.584005e7	10193.296	-14.103737
-2.513107e7	10118.882	-14.12623
-2.4422094e7	10042.842	-14.148752
-2.3713116e7	9964.833	-14.171244
-2.3004138e7	9884.34	-14.193617
-2.229516e7	9800.773	-14.215767
-2.1586182e7	9714.273	-14.237689
-2.0877206e7	9625.765	-14.259495
-2.0168228e7	9535.855	-14.281252
-1.945925e7	9444.705	-14.3029585
-1.8750272e7	9352.216	-14.324586
-1.8041296e7	9257.446	-14.34599
-1.7332318e7	9159.418	-14.367005
-1.6623341e7	9057.905	-14.387593
-1.5914363e7	8952.523	-14.407709
-1.5205385e7	8842.491	-14.42726
-1.4496408e7	8727.256	-14.446206
-1.3787431e7	8606.067	-14.464492
-1.3078453e7	8478.024	-14.482018
-1.2369475e7	8341.609	-14.498649
-1.1660498e7	8192.153	-14.51387
-1.095152e7	8024.102	-14.527015
-1.0242543e7	7838.9775	-14.538275
-9.533565e6	7640.4478	-14.548253
-8.824587e6	7427.5923	-14.5570345
-8.1156095e6	7198.467	-14.56454
-7.406632e6	6958.464	-14.571534
-6.6976545e6	6719.4688	-14.579537
-5.988677e6	6493.6665	-14.59012
-5.2796995e6	6289.0444	-14.604369
-4.570722e6	6108.2275	-14.622712
-3.8617442e6	5950.921	-14.645176
-3.1527668e6	5815.0015	-14.6715555
-2.4437892e6	5697.562	-14.70151
-1.7348115e6	5595.49	-14.734649
-1.02583394e6	5505.9224	-14.7706
-316856.38	5426.4355	-14.809039
392121.16	5354.906	-14.84967
1.1010988e6	5289.6543	-14.892253
1.8100762e6	5229.472	-14.936607
2.519054e6	5173.4893	-14.982598
3.2280315e6	5121.0796	-15.030125
3.937009e6	5071.8135	-15.079118
4.6459865e6	5025.374	-15.129525
5.354964e6	4981.51	-15.181309
6.063942e6	4940.0312	-15.234443
6.772919e6	4900.779	-15.288908
7.481897e6	4863.7754	-15.344463
8.190875e6	4828.803	-15.401158
8.899852e6	4795.7275	-15.459039
9.60883e6	4764.461	-15.5181055
1.0317807e7	4734.9067	-15.5783825
1.1026785e7	4706.974	-15.6399145
1.1735763e7	4680.84	-15.702142
1.244474e7	4656.329	-15.7650585
1.3153717e7	4633.172	-15.829167
1.3862695e7	4611.279	-15.894599
1.4571673e7	4590.91	-15.960394
1.5280651e7	4571.8735	-16.026604
1.5989628e7	4553.806	-16.094248
1.6698605e7	4536.791	-16.16276
1.7407582e7	4521.039	-16.230726
1.811656e7	4506.033	-16.300413
1.8825538e7	4491.9727	-16.370619
1.9534514e7	4479.0283	-16.440365
2.0243492e7	4466.7104	-16.512299
2.095247e7	4455.4463	-16.583103
2.1661448e7	4444.777	-16.654976
2.2370426e7	4434.6694	-16.728203
2.3079402e7	4425.3115	-16.799768
2.378838e7	4416.325	-16.874277
2.4497358e7	4407.943	-16.946318
2.5206336e7	4399.636	-17.020487
2.5915312e7	4391.2725	-17.0941
2.6624292e7	4382.759	-17.167719
2.7333268e7	4374.191	-17.242945
2.8042244e7	4365.814	-17.316082
2.8751224e7	4357.63	-17.39272
2.94602e7	4349.5566	-17.465553
3.016918e7	4341.5127	-17.541674
3.0878156e7	4333.092	-17.615673
3.1587132e7	4324.242	-17.691002
3.2296112e7	4314.7495	-17.76597
3.3005088e7	4304.529	-17.840391
3.3714068e7	4293.8955	-17.916327
3.4423044e7	4282.759	-17.990015
3.513202e7	4271.5923	-18.067097
3.5841e7	4260.006	-18.140202
3.6549976e7	4248.468	-18.217432
3.7258956e7	4236.4893	-18.290997
3.7967932e7	4224.4893	-18.367859
3.8676908e7	4212.1313	-18.442383
3.938589e7	4199.7554	-18.51892
4.0094864e7	4187.2607	-18.594423
4.0803844e7	4174.8	-18.670715
4.151282e7	4162.3735	-18.747187
4.2221796e7	4150.0825	-18.823284
4.2930776e7	4137.9243	-18.900705
4.363975e7	4125.9424	-18.976635
4.4348732e7	4114.1113	-19.054937
4.5057708e7	4102.5605	-19.130713
4.5766684e7	4091.1929	-19.209837
4.6475664e7	4079.96	-19.285437
4.718464e7	4068.8816	-19.365246
4.789362e7	4057.9973	-19.440699
4.8602596e7	4047.291	-19.521137
4.9311572e7	4036.5156	-19.5964
5.002055e7	4025.9233	-19.677248
5.0729532e7	4015.4434	-19.752455
5.1438504e7	4005.1516	-19.83339
5.2147484e7	3994.36	-19.908787
5.2856464e7	3983.7788	-19.989738
5.3565436e7	3972.9033	-20.06538
5.4274416e7	3962.234	-20.146532
5.4983396e7	3950.438	-20.222147
5.569237e7	3938.9717	-20.30335
5.6401348e7	3927.3923	-20.379082
5.711033e7	3916.1638	-20.460627
5.7819308e7	3903.6633	-20.536022
5.852828e7	3891.6746	-20.61755
5.923726e7	3880.0112	-20.69294
5.994624e7	3869.0127	-20.774479
6.0655212e7	3856.772	-20.849634
6.136419e7	3845.0928	-20.930296
6.2073172e7	3835.0217	-21.00602
6.2782144e7	3825.6196	-21.086622
6.3491124e7	3814.0073	-21.16209
6.4200104e7	3802.4116	-21.241251
6.4909084e7	3792.9912	-21.31741
6.5618056e7	3784.6023	-21.396591
6.6327036e7	3773.2703	-21.472572
6.7036016e7	3760.8325	-21.549618
6.774499e7	3751.47	-21.62618
6.845397e7	3744.5369	-21.70355
6.916294e7	3734.6826	-21.780397
6.987192e7	3721.2961	-21.854765
7.05809e7	3711.1868	-21.931465
7.128988e7	3707.131	-22.006676
7.1998856e7	3700.9111	-22.085016
7.270783e7	3684.2297	-22.156717
7.341681e7	3668.6091	-22.233534
7.412579e7	3666.827	-22.306828
7.483477e7	3665.4697	-22.38592
7.554374e7	3651.2788	-22.455448
7.625272e7	3635.5513	-22.52781
7.69617e7	3618.4575	-22.596674
7.767067e7	3600.99	-22.666534
7.8379656e7	3588.8567	-22.737535
7.908863e7	3581.6372	-22.810022
7.979761e7	3568.7664	-22.882605
8.0506584e7	3545.1167	-22.949877
8.121557e7	3523.101	-23.020443
8.1924536e7	3507.0986	-23.088526
8.263352e7	3491.4238	-23.161587
