-8.950022e8	23349.084	-11.546768
-8.923866e8	23307.12	-11.554436
-8.897712e8	23265.23	-11.562161
-8.8715565e8	23223.418	-11.569948
-8.8454016e8	23181.684	-11.577795
-8.819246e8	23139.592	-11.585584
-8.793092e8	23097.2	-11.593326
-8.766936e8	23054.887	-11.601128
-8.740781e8	23012.66	-11.608992
-8.7146266e8	22970.426	-11.616894
-8.688471e8	22927.71	-11.624675
-8.662316e8	22885.08	-11.632516
-8.6361606e8	22842.533	-11.64042
-8.610005e8	22800.062	-11.648387
-8.583851e8	22756.957	-11.656216
-8.5576954e8	22713.695	-11.664035
-8.531541e8	22670.521	-11.671915
-8.5053856e8	22627.416	-11.679858
-8.479231e8	22584.316	-11.687788
-8.453075e8	22541.16	-11.695672
-8.42692e8	22498.076	-11.703619
-8.4007654e8	22455.094	-11.71163
-8.37461e8	22412.258	-11.719691
-8.348456e8	22369.916	-11.727732
-8.3223e8	22327.65	-11.735837
-8.2961446e8	22285.47	-11.744008
-8.26999e8	22243.365	-11.752247
-8.243834e8	22201.48	-11.760397
-8.21768e8	22159.688	-11.768598
-8.1915245e8	22117.979	-11.776865
-8.16537e8	22076.332	-11.785202
-8.139215e8	22035.0	-11.793498
-8.113059e8	21993.824	-11.801819
-8.086904e8	21952.729	-11.810209
-8.060749e8	21911.71	-11.818671
-8.0345946e8	21870.867	-11.827103
-8.008439e8	21830.162	-11.835529
-7.982284e8	21789.533	-11.8440275
-7.956129e8	21748.979	-11.852599
-7.929974e8	21708.645	-11.861159
-7.903819e8	21668.531	-11.8697
-7.8776634e8	21628.494	-11.878314
-7.8515085e8	21588.533	-11.887003
-7.8253536e8	21548.598	-11.895673
-7.799199e8	21508.682	-11.904288
-7.773044e8	21468.844	-11.912979
-7.7468883e8	21429.078	-11.921746
-7.7207334e8	21389.418	-11.930503
-7.694578e8	21349.871	-11.939217
-7.668423e8	21310.39	-11.948007
-7.642268e8	21271.002	-11.956875
-7.616113e8	21231.61	-11.965717
-7.589958e8	21192.215	-11.974517
-7.563803e8	21152.898	-11.983395
-7.537648e8	21113.656	-11.992352
-7.5114925e8	21074.475	-12.001272
-7.4853376e8	21035.36	-12.010175
-7.459183e8	20996.32	-12.019157
-7.433027e8	20957.352	-12.028221
-7.406872e8	20918.453	-12.037223
-7.3807174e8	20879.623	-12.046233
-7.3545626e8	20840.86	-12.0553255
-7.328407e8	20802.178	-12.064501
-7.302252e8	20763.672	-12.073588
-7.2760966e8	20725.252	-12.082725
-7.249942e8	20686.902	-12.091945
-7.223787e8	20648.623	-12.101242
-7.197632e8	20610.254	-12.110403
-7.171477e8	20571.965	-12.119649
-7.1453216e8	20533.738	-12.128982
-7.119166e8	20495.506	-12.138334
-7.093011e8	20457.158	-12.147608
-7.0668563e8	20418.873	-12.156968
-7.0407014e8	20380.682	-12.166417
-7.0145466e8	20342.355	-12.175819
-6.988392e8	20303.97	-12.185211
-6.962236e8	20265.658	-12.194692
-6.9360806e8	20227.422	-12.204263
-6.909926e8	20189.129	-12.213719
-6.883771e8	20150.89	-12.223248
-6.857616e8	20112.74	-12.232865
-6.831461e8	20074.596	-12.242509
-6.805306e8	20036.367	-12.252069
-6.779151e8	19998.209	-12.261723
-6.752995e8	19960.14	-12.271469
-6.72684e8	19922.143	-12.2811575
-6.7006854e8	19884.23	-12.290873
-6.6745306e8	19846.39	-12.300682
-6.6483757e8	19808.666	-12.310559
-6.62222e8	19771.188	-12.320362
-6.596065e8	19733.781	-12.330262
-6.56991e8	19696.45	-12.3402605
-6.543755e8	19659.273	-12.350223
-6.5176e8	19622.21	-12.360204
-6.491445e8	19585.215	-12.370286
-6.4652896e8	19548.275	-12.38043
-6.439135e8	19511.275	-12.390463
-6.41298e8	19474.355	-12.400598
-6.3868243e8	19437.502	-12.410836
-6.3606694e8	19400.6	-12.420993
-6.3345146e8	19363.729	-12.431184
-6.308359e8	19326.926	-12.44148
-6.282204e8	19290.066	-12.451789
-6.256049e8	19253.004	-12.46202
-6.2298944e8	19216.02	-12.472356
-6.203739e8	19179.115	-12.4828005
-6.177584e8	19141.818	-12.493082
-6.1514285e8	19104.598	-12.503464
-6.1252736e8	19067.453	-12.513954
-6.099119e8	19030.258	-12.524392
-6.072964e8	18993.076	-12.534851
-6.046809e8	18955.979	-12.545421
-6.0206534e8	18918.95	-12.556012
-5.9944986e8	18881.965	-12.56656
-5.968343e8	18845.053	-12.57722
-5.942188e8	18808.205	-12.587962
-5.916033e8	18771.246	-12.598576
-5.8898784e8	18734.367	-12.609303
-5.8637235e8	18697.562	-12.620148
-5.837568e8	18660.828	-12.630871
-5.811413e8	18624.174	-12.641685
-5.7852576e8	18587.596	-12.652616
-5.759103e8	18551.297	-12.663486
-5.732948e8	18515.158	-12.674404
-5.706793e8	18479.086	-12.685443
-5.6806374e8	18443.205	-12.696444
-5.6544826e8	18407.473	-12.707448
-5.628328e8	18371.818	-12.718575
-5.602172e8	18336.127	-12.729673
-5.576017e8	18300.375	-12.740721
-5.5498624e8	18264.697	-12.751892
-5.523707e8	18228.984	-12.763066
-5.497552e8	18193.18	-12.774175
-5.471397e8	18157.453	-12.785407
-5.445242e8	18121.807	-12.796676
-5.419087e8	18086.248	-12.807899
-5.392932e8	18050.768	-12.819251
-5.3667763e8	18015.387	-12.8306465
-5.3406214e8	17980.13	-12.842003
-5.3144666e8	17944.951	-12.85349
-5.2883114e8	17909.822	-12.865008
-5.2621565e8	17874.725	-12.876479
-5.2360016e8	17839.697	-12.888084
-5.209846e8	17804.736	-12.899705
-5.183691e8	17769.818	-12.911294
-5.157536e8	17734.973	-12.9230175
-5.131381e8	17700.172	-12.93473
-5.105226e8	17665.41	-12.94643
-5.079071e8	17630.715	-12.958269
-5.0529155e8	17596.082	-12.970067
-5.0267606e8	17561.51	-12.981896
-5.0006054e8	17527.012	-12.993867
-4.9744506e8	17492.527	-13.005753
-4.9482957e8	17458.096	-13.017715
-4.9221405e8	17423.748	-13.029824
-4.8959856e8	17389.158	-13.041764
-4.86983e8	17354.63	-13.053836
-4.8436752e8	17320.09	-13.065995
-4.81752e8	17285.2	-13.078019
-4.791365e8	17250.396	-13.09019
-4.7652102e8	17215.453	-13.102373
-4.739055e8	17180.293	-13.114515
-4.7129e8	17145.23	-13.126808
-4.6867446e8	17109.926	-13.13904
-4.6605898e8	17074.57	-13.151331
-4.6344346e8	17039.303	-13.163774
-4.6082797e8	17004.045	-13.176121
-4.5821248e8	16968.871	-13.1886215
-4.5559693e8	16933.875	-13.201204
-4.5298144e8	16899.127	-13.21379
-4.5036592e8	16864.47	-13.226537
-4.4775043e8	16830.082	-13.239255
-4.451349e8	16795.855	-13.252052
-4.4251942e8	16761.715	-13.264986
-4.3990387e8	16727.81	-13.277792
-4.372884e8	16693.99	-13.290764
-4.346729e8	16660.332	-13.303733
-4.3205738e8	16626.832	-13.316705
-4.294419e8	16593.408	-13.329847
-4.2682637e8	16560.133	-13.342818
-4.2421085e8	16526.938	-13.355947
-4.2159533e8	16493.738	-13.36908
-4.1897984e8	16460.525	-13.382168
-4.1636435e8	16427.39	-13.395429
-4.1374883e8	16394.227	-13.4085245
-4.1113334e8	16361.138	-13.421771
-4.085178e8	16328.062	-13.435029
-4.059023e8	16294.998	-13.4482765
-4.032868e8	16262.003	-13.461691
-4.006713e8	16228.84	-13.474933
-3.9805578e8	16195.753	-13.488352
-3.9544026e8	16162.462	-13.501716
-3.9282477e8	16129.082	-13.515113
-3.9020928e8	16095.629	-13.528602
-3.8759376e8	16061.774	-13.541971
-3.8497824e8	16027.998	-13.555522
-3.8236275e8	15993.765	-13.568932
-3.7974723e8	15959.535	-13.582473
-3.771317e8	15925.265	-13.596034
-3.7451622e8	15890.963	-13.609633
-3.719007e8	15856.743	-13.623357
-3.6928522e8	15822.527	-13.637039
-3.666697e8	15788.414	-13.650912
-3.6405418e8	15754.173	-13.664684
-3.614387e8	15720.017	-13.678627
-3.5882317e8	15685.737	-13.692547
-3.5620765e8	15651.455	-13.706556
-3.5359216e8	15617.229	-13.720631
-3.5097667e8	15583.027	-13.734732
-3.4836112e8	15548.93	-13.748963
-3.4574563e8	15514.902	-13.763157
-3.4313014e8	15480.982	-13.777542
-3.4051462e8	15447.2	-13.791834
-3.378991e8	15413.519	-13.806333
-3.3528362e8	15379.852	-13.82074
-3.326681e8	15346.275	-13.835315
-3.3005258e8	15312.438	-13.849802
-3.274371e8	15278.584	-13.864395
-3.2482157e8	15244.549	-13.878952
-3.2220608e8	15210.454	-13.893571
-3.1959056e8	15176.444	-13.908228
-3.1697504e8	15142.518	-13.922945
-3.1435955e8	15108.785	-13.937746
-3.1174403e8	15075.271	-13.952609
-3.091285e8	15041.828	-13.96755
-3.0651302e8	15008.421	-13.982509
-3.0389754e8	14974.938	-13.997533
-3.0128202e8	14941.272	-14.012531
-2.986665e8	14907.48	-14.027594
-2.96051e8	14873.413	-14.042622
-2.934355e8	14839.218	-14.057719
-2.9081997e8	14804.787	-14.072809
-2.8820448e8	14770.24	-14.087968
-2.8558896e8	14735.529	-14.103156
-2.8297347e8	14700.7	-14.1184025
-2.8035795e8	14665.782	-14.133714
-2.7774243e8	14630.88	-14.14909
-2.7512694e8	14596.045	-14.164585
-2.7251142e8	14561.307	-14.180131
-2.698959e8	14526.69	-14.195838
-2.6728042e8	14492.202	-14.211557
-2.6466491e8	14457.85	-14.227477
-2.6204939e8	14423.751	-14.24338
-2.5943389e8	14389.8125	-14.25949
-2.5681838e8	14356.12	-14.275605
-2.5420286e8	14322.535	-14.291872
-2.5158736e8	14289.05	-14.308167
-2.4897187e8	14255.559	-14.324516
-2.4635635e8	14222.071	-14.340941
-2.4374085e8	14188.497	-14.357325
-2.4112534e8	14154.997	-14.373876
-2.3850982e8	14121.419	-14.390306
-2.3589432e8	14087.922	-14.406909
-2.3327882e8	14054.397	-14.423495
-2.306633e8	14020.92	-14.440149
-2.280478e8	13987.524	-14.4569025
-2.254323e8	13954.208	-14.473601
-2.2281678e8	13921.058	-14.490447
-2.2020128e8	13888.1455	-14.507269
-2.1758578e8	13855.391	-14.524127
-2.1497026e8	13822.781	-14.541088
-2.1235475e8	13790.28	-14.557908
-2.0973925e8	13757.887	-14.574801
-2.0712376e8	13725.6	-14.591758
-2.0450824e8	13693.342	-14.608603
-2.0189274e8	13661.089	-14.625508
-1.9927722e8	13628.83	-14.642472
-1.9666171e8	13596.461	-14.65943
-1.940462e8	13563.815	-14.676376
-1.914307e8	13530.916	-14.693372
-1.8881518e8	13497.729	-14.710418
-1.861997e8	13464.247	-14.727522
-1.8358418e8	13429.902	-14.744568
-1.8096867e8	13394.247	-14.761518
-1.7835317e8	13357.084	-14.778337
-1.7573765e8	13318.564	-14.795064
-1.7312214e8	13279.357	-14.811833
-1.7050664e8	13240.344	-14.82883
-1.6789114e8	13201.918	-14.846144
-1.6527562e8	13163.711	-14.863711
-1.6266013e8	13125.404	-14.881449
-1.600446e8	13086.661	-14.899266
-1.574291e8	13047.403	-14.917144
-1.548136e8	13007.705	-14.935077
-1.521981e8	12967.991	-14.95314
-1.495826e8	12928.287	-14.97133
-1.4696707e8	12888.285	-14.989582
-1.4435157e8	12847.832	-15.007863
-1.4173606e8	12807.038	-15.026208
-1.3912056e8	12765.854	-15.044619
-1.3650504e8	12724.471	-15.063126
-1.33889544e8	12682.874	-15.081718
-1.3127403e8	12641.033	-15.10039
-1.2865852e8	12599.638	-15.119259
-1.2604302e8	12558.28	-15.13825
-1.2342751e8	12517.152	-15.157402
-1.20812e8	12476.23	-15.17672
-1.181965e8	12435.577	-15.196213
-1.15580984e8	12394.596	-15.215765
-1.1296548e8	12352.908	-15.235282
-1.10349976e8	12310.666	-15.254769
-1.0773446e8	12267.963	-15.274231
-1.0511895e8	12224.747	-15.293659
-1.0250346e8	12181.187	-15.313096
-9.9887944e7	12137.408	-15.332577
-9.727244e7	12093.223	-15.352077
-9.465693e7	12048.3955	-15.371555
-9.204142e7	12002.94	-15.3910265
-8.942591e7	11956.757	-15.410486
-8.681041e7	11909.709	-15.429925
-8.41949e7	11861.744	-15.449346
-8.157939e7	11812.691	-15.468723
-7.896389e7	11762.42	-15.488045
-7.6348376e7	11710.986	-15.507329
-7.373287e7	11658.173	-15.526561
-7.111737e7	11603.284	-15.545642
-6.850186e7	11545.716	-15.564484
-6.5886348e7	11485.549	-15.583142
-6.3270844e7	11423.209	-15.601735
-6.0655332e7	11358.526	-15.620257
-5.8039828e7	11291.413	-15.638718
-5.542432e7	11221.707	-15.657109
-5.280881e7	11149.202	-15.675393
-5.0193304e7	11073.352	-15.693449
-4.75778e7	10995.373	-15.711446
-4.496229e7	10916.636	-15.729586
-4.234678e7	10837.121	-15.747868
-3.9731276e7	10756.038	-15.766134
-3.711577e7	10672.654	-15.784225
-3.450026e7	10586.112	-15.801963
-3.1884754e7	10494.959	-15.819053
-2.9269246e7	10398.418	-15.835373
-2.6653736e7	10296.287	-15.850883
-2.4038232e7	10187.442	-15.865451
-2.1422722e7	10073.305	-15.8794365
-1.8807216e7	9956.138	-15.893246
-1.6191709e7	9834.284	-15.906611
-1.3576202e7	9706.69	-15.919409
-1.0960694e7	9574.382	-15.931835
-8.3451865e6	9436.718	-15.943804
-5.7296795e6	9291.109	-15.954871
-3.1141722e6	9136.643	-15.964884
-498664.84	8976.967	-15.974418
2.1168425e6	8809.656	-15.983046
4.73235e6	8633.476	-15.990633
7.347857e6	8446.877	-15.996966
9.963364e6	8248.775	-16.001883
1.2578872e7	8042.4233	-16.00586
1.5194379e7	7825.3784	-16.008686
1.7809888e7	7598.9263	-16.010803
2.0425394e7	7372.941	-16.013882
2.3040902e7	7155.9443	-16.019321
2.5656408e7	6954.6777	-16.028023
2.8271916e7	6750.485	-16.037346
3.0887422e7	6544.349	-16.047491
3.350293e7	6356.8867	-16.061413
3.611844e7	6193.433	-16.08004
3.8733944e7	6049.6797	-16.102648
4.1349452e7	5923.367	-16.129005
4.396496e7	5814.0605	-16.159187
4.6580468e7	5718.984	-16.192831
4.9195976e7	5634.539	-16.229494
5.181148e7	5552.9766	-16.26787
5.442699e7	5481.307	-16.30922
5.7042496e7	5420.9766	-16.353765
5.9658004e7	5369.7734	-16.401264
6.2273508e7	5324.488	-16.451256
6.488902e7	5284.8066	-16.502966
6.750453e7	5248.4805	-16.55642
7.012003e7	5214.8735	-16.611584
7.2735544e7	5183.6343	-16.668394
7.535105e7	5154.74	-16.725756
7.796655e7	5127.5845	-16.784653
8.058206e7	5101.939	-16.845284
8.319757e7	5077.689	-16.906006
8.581307e7	5054.5967	-16.96803
8.8428584e7	5032.444	-17.031929
9.10441e7	5011.4165	-17.095022
9.36596e7	4991.03	-17.159996
9.627511e7	4971.4546	-17.225992
9.8890616e7	4952.3994	-17.291626
1.0150613e8	4933.76	-17.35961
1.04121624e8	4916.3228	-17.426655
1.0673714e8	4898.824	-17.495207
1.0935265e8	4881.239	-17.564528
1.1196814e8	4864.5522	-17.633364
1.14583656e8	4848.2446	-17.705002
1.1719917e8	4831.6523	-17.774158
1.1981467e8	4815.3228	-17.845928
1.22430184e8	4799.3794	-17.917274
1.250457e8	4783.271	-17.989155
1.2766119e8	4767.082	-18.062553
1.302767e8	4750.6567	-18.134354
1.32892216e8	4734.294	-18.209545
1.3550771e8	4717.4116	-18.281359
1.3812323e8	4700.6094	-18.356537
1.4073872e8	4683.6133	-18.429993
1.4335424e8	4666.549	-18.505125
1.4596974e8	4649.319	-18.580175
1.4858525e8	4631.8257	-18.65517
1.5120075e8	4614.2354	-18.731657
1.5381627e8	4596.4497	-18.80649
1.5643178e8	4578.7837	-18.884415
1.5904728e8	4560.5044	-18.958977
1.616628e8	4542.4077	-19.038086
1.6427829e8	4523.792	-19.112404
1.6689381e8	4505.3477	-19.191565
1.6950931e8	4485.758	-19.266615
1.7212482e8	4466.315	-19.345701
1.7474032e8	4446.1494	-19.421518
1.7735584e8	4425.9004	-19.50062
1.7997134e8	4404.4463	-19.576754
1.8258685e8	4383.319	-19.655668
1.8520237e8	4362.28	-19.73216
1.8781786e8	4341.295	-19.81101
1.9043338e8	4319.888	-19.887428
1.9304888e8	4299.1704	-19.966192
1.9566438e8	4279.3613	-20.042887
1.9827989e8	4259.427	-20.121862
2.0089541e8	4238.7295	-20.19814
2.0351091e8	4218.987	-20.277225
2.061264e8	4200.902	-20.353838
2.0874192e8	4182.563	-20.433596
2.1135742e8	4162.431	-20.509344
2.1397293e8	4143.3394	-20.589243
2.1658845e8	4126.9834	-20.6655
2.1920395e8	4110.839	-20.746832
2.2181946e8	4090.176	-20.821516
2.2443498e8	4070.3508	-20.902231
2.2705046e8	4057.5642	-20.977427
2.2966597e8	4045.6748	-21.058472
2.3228149e8	4026.015	-21.132984
2.34897e8	4005.8164	-21.210985
2.375125e8	3992.8503	-21.287355
2.4012802e8	3983.4277	-21.36637
2.4274352e8	3966.6067	-21.443716
2.45359e8	3943.5667	-21.519804
2.4797454e8	3926.5989	-21.598274
2.5059003e8	3919.9531	-21.675718
2.5320554e8	3911.8623	-21.757395
2.5582106e8	3892.3044	-21.831821
2.5843656e8	3873.1768	-21.912235
2.6105206e8	3851.3672	-21.984816
2.6366758e8	3829.87	-22.061617
2.6628309e8	3812.5872	-22.13475
2.688986e8	3797.6597	-22.208735
2.715141e8	3773.7869	-22.280914
2.741296e8	3739.2795	-22.348919
2.7674512e8	3707.2617	-22.419472
2.7936064e8	3681.705	-22.486647
2.8197613e8	3656.8171	-22.558659
