-8.259521e8	22707.64	-10.76324
-8.23744e8	22673.158	-10.770609
-8.215359e8	22638.727	-10.778032
-8.193276e8	22604.342	-10.785512
-8.171195e8	22570.018	-10.793048
-8.1491136e8	22535.713	-10.80063
-8.127032e8	22500.76	-10.808059
-8.10495e8	22465.86	-10.815543
-8.0828685e8	22431.018	-10.823084
-8.060787e8	22396.227	-10.830682
-8.038706e8	22361.389	-10.8383045
-8.0166234e8	22326.021	-10.845799
-7.994542e8	22290.709	-10.853351
-7.972461e8	22255.465	-10.860959
-7.950379e8	22220.268	-10.868626
-7.9282976e8	22184.947	-10.876278
-7.906216e8	22149.312	-10.883825
-7.8841344e8	22113.742	-10.891429
-7.8620525e8	22078.225	-10.899092
-7.839971e8	22042.77	-10.906814
-7.817889e8	22007.219	-10.914494
-7.795808e8	21971.59	-10.922137
-7.773726e8	21936.027	-10.92984
-7.751645e8	21900.51	-10.937603
-7.729563e8	21865.059	-10.945427
-7.7074816e8	21829.66	-10.953188
-7.6853997e8	21794.322	-10.960977
-7.6633184e8	21759.049	-10.968825
-7.6412365e8	21723.824	-10.976737
-7.619155e8	21688.666	-10.984694
-7.597073e8	21653.691	-10.992552
-7.574992e8	21618.773	-11.000473
-7.55291e8	21583.918	-11.008457
-7.530828e8	21549.107	-11.016506
-7.508747e8	21514.445	-11.024535
-7.486665e8	21479.938	-11.032533
-7.464584e8	21445.486	-11.040595
-7.442502e8	21411.094	-11.048722
-7.4204205e8	21376.744	-11.056916
-7.3983386e8	21342.455	-11.064991
-7.3762566e8	21308.213	-11.073107
-7.3541754e8	21274.03	-11.08129
-7.3320934e8	21239.902	-11.0895405
-7.310012e8	21205.809	-11.097782
-7.28793e8	21171.758	-11.105956
-7.265849e8	21137.758	-11.114197
-7.243767e8	21103.82	-11.122506
-7.221686e8	21069.924	-11.130885
-7.199604e8	21035.924	-11.139132
-7.1775226e8	21001.963	-11.14742
-7.1554406e8	20968.049	-11.155779
-7.1333594e8	20934.195	-11.164207
-7.1112774e8	20900.326	-11.172607
-7.089196e8	20866.414	-11.180962
-7.067114e8	20832.555	-11.189385
-7.045033e8	20798.756	-11.197882
-7.022951e8	20764.99	-11.206431
-7.00087e8	20731.117	-11.214857
-6.978788e8	20697.297	-11.223353
-6.9567066e8	20663.533	-11.231922
-6.9346246e8	20629.826	-11.240566
-6.9125434e8	20596.111	-11.249121
-6.8904614e8	20562.432	-11.257697
-6.86838e8	20528.812	-11.266348
-6.846298e8	20495.238	-11.275074
-6.824217e8	20461.64	-11.283763
-6.802135e8	20428.006	-11.292403
-6.780054e8	20394.436	-11.301118
-6.757972e8	20360.916	-11.309911
-6.7358906e8	20327.418	-11.318721
-6.7138086e8	20293.904	-11.327429
-6.6917274e8	20260.45	-11.336214
-6.6696454e8	20227.053	-11.345077
-6.647564e8	20193.709	-11.354003
-6.625482e8	20160.426	-11.362795
-6.603401e8	20127.205	-11.371666
-6.581319e8	20094.037	-11.380616
-6.559238e8	20060.924	-11.389647
-6.537156e8	20027.885	-11.398545
-6.5150746e8	19994.898	-11.407508
-6.4929926e8	19961.965	-11.416552
-6.470911e8	19929.096	-11.425678
-6.4488294e8	19896.29	-11.43469
-6.4267475e8	19863.543	-11.443747
-6.404666e8	19830.854	-11.452887
-6.382584e8	19798.213	-11.4621105
-6.3605024e8	19765.506	-11.471216
-6.338421e8	19732.826	-11.480353
-6.316339e8	19700.203	-11.489575
-6.294258e8	19667.63	-11.498883
-6.272176e8	19634.955	-11.508071
-6.250095e8	19602.293	-11.517292
-6.228013e8	19569.693	-11.526599
-6.2059315e8	19537.133	-11.535993
-6.1838496e8	19504.463	-11.545256
-6.1617683e8	19471.816	-11.554565
-6.1396864e8	19439.229	-11.563962
-6.117605e8	19406.682	-11.573449
-6.095523e8	19374.209	-11.582797
-6.073442e8	19341.791	-11.592219
-6.05136e8	19309.426	-11.601732
-6.029279e8	19277.113	-11.611315
-6.007197e8	19244.793	-11.620753
-5.9851155e8	19212.531	-11.6302805
-5.9630336e8	19180.328	-11.639899
-5.940952e8	19148.143	-11.649545
-5.9188704e8	19115.941	-11.659089
-5.896789e8	19083.805	-11.668725
-5.874707e8	19051.715	-11.678454
-5.852626e8	19019.61	-11.688153
-5.830544e8	18987.494	-11.697808
-5.808463e8	18955.426	-11.707558
-5.786381e8	18923.422	-11.717402
-5.7642995e8	18891.416	-11.727155
-5.7422176e8	18859.445	-11.736937
-5.7201363e8	18827.527	-11.746816
-5.6980544e8	18795.648	-11.756779
-5.675973e8	18763.639	-11.766584
-5.653891e8	18731.68	-11.776487
-5.63181e8	18699.781	-11.786489
-5.609728e8	18667.887	-11.796486
-5.587647e8	18635.988	-11.806423
-5.565565e8	18604.154	-11.816462
-5.5434835e8	18572.361	-11.826601
-5.5214016e8	18540.49	-11.836622
-5.49932e8	18508.633	-11.846686
-5.4772384e8	18476.84	-11.856852
-5.455157e8	18445.09	-11.8670635
-5.433075e8	18413.346	-11.877169
-5.410993e8	18381.658	-11.887377
-5.388912e8	18350.023	-11.897691
-5.3668304e8	18318.422	-11.907927
-5.344749e8	18286.861	-11.918184
-5.3226672e8	18255.357	-11.92855
-5.3005856e8	18223.918	-11.938971
-5.278504e8	18192.574	-11.949295
-5.2564224e8	18161.293	-11.959725
-5.2343408e8	18130.059	-11.970267
-5.2122592e8	18098.78	-11.980707
-5.1901776e8	18067.52	-11.991184
-5.168096e8	18036.324	-12.001773
-5.146014e8	18005.152	-12.01238
-5.1239328e8	17973.973	-12.022913
-5.101851e8	17942.842	-12.033558
-5.0797696e8	17911.775	-12.044317
-5.0576877e8	17880.59	-12.054908
-5.0356064e8	17849.451	-12.0656
-5.0135245e8	17818.371	-12.076409
-4.9914432e8	17787.168	-12.08714
-4.9693613e8	17755.922	-12.097872
-4.94728e8	17724.734	-12.10872
-4.925198e8	17693.498	-12.119583
-4.9031168e8	17662.11	-12.130354
-4.881035e8	17630.777	-12.141243
-4.8589536e8	17599.494	-12.152232
-4.8368717e8	17568.15	-12.163076
-4.8147904e8	17536.86	-12.17404
-4.7927085e8	17505.639	-12.185124
-4.770627e8	17474.408	-12.196097
-4.7485453e8	17443.22	-12.2071495
-4.7264637e8	17412.104	-12.218325
-4.704382e8	17381.021	-12.229444
-4.6823005e8	17349.988	-12.240592
-4.6602186e8	17319.016	-12.251865
-4.6381373e8	17288.031	-12.263117
-4.6160554e8	17257.043	-12.274348
-4.593974e8	17226.113	-12.285706
-4.5718922e8	17195.176	-12.297076
-4.549811e8	17164.195	-12.308388
-4.527729e8	17133.271	-12.319829
-4.5056477e8	17102.355	-12.331306
-4.4835658e8	17071.377	-12.342698
-4.4614845e8	17040.457	-12.354221
-4.4394026e8	17009.592	-12.3658
-4.4173213e8	16978.756	-12.377284
-4.3952394e8	16947.973	-12.388903
-4.373158e8	16917.256	-12.400579
-4.3510762e8	16886.586	-12.412152
-4.328995e8	16855.967	-12.4238615
-4.306913e8	16825.438	-12.435625
-4.2848317e8	16795.016	-12.447297
-4.2627498e8	16764.65	-12.459108
-4.240668e8	16734.338	-12.470955
-4.2185866e8	16704.068	-12.482722
-4.196505e8	16673.852	-12.494629
-4.1744234e8	16643.617	-12.50654
-4.1523418e8	16613.32	-12.518392
-4.13026e8	16583.078	-12.530386
-4.1081786e8	16552.8	-12.542352
-4.0860966e8	16522.49	-12.554308
-4.0640154e8	16492.244	-12.566408
-4.0419334e8	16462.035	-12.5784445
-4.019852e8	16431.875	-12.590529
-3.9977706e8	16401.764	-12.602761
-3.975689e8	16371.571	-12.614858
-3.9536074e8	16341.411	-12.627058
-3.9315258e8	16311.287	-12.6393795
-3.9094442e8	16280.955	-12.651545
-3.8873626e8	16250.68	-12.663859
-3.865281e8	16220.291	-12.676208
-3.8431994e8	16189.591	-12.688469
-3.8211178e8	16158.952	-12.700882
-3.799036e8	16127.989	-12.713227
-3.7769546e8	16096.837	-12.725584
-3.7548726e8	16065.749	-12.738095
-3.732791e8	16034.306	-12.750456
-3.7107094e8	16002.896	-12.762945
-3.688628e8	15971.491	-12.775515
-3.6665462e8	15940.003	-12.788025
-3.6444646e8	15908.587	-12.8006935
-3.622383e8	15877.231	-12.813352
-3.6003014e8	15845.94	-12.82607
-3.5782198e8	15814.729	-12.8389435
-3.5561382e8	15783.634	-12.851716
-3.5340566e8	15752.604	-12.864654
-3.511975e8	15721.581	-12.877617
-3.4898934e8	15690.547	-12.890579
-3.467812e8	15659.584	-12.903712
-3.4457302e8	15628.451	-12.916714
-3.4236486e8	15597.371	-12.929858
-3.401567e8	15566.277	-12.943047
-3.3794854e8	15535.136	-12.956214
-3.3574038e8	15504.066	-12.969558
-3.3353222e8	15472.796	-12.982761
-3.3132406e8	15441.572	-12.996113
-3.291159e8	15410.307	-13.009485
-3.2690774e8	15378.967	-13.022848
-3.246996e8	15347.701	-13.036382
-3.224914e8	15316.45	-13.049785
-3.2028323e8	15285.281	-13.063369
-3.1807507e8	15254.271	-13.076947
-3.158669e8	15223.4	-13.090595
-3.1365875e8	15192.619	-13.104348
-3.114506e8	15161.991	-13.118039
-3.0924243e8	15131.438	-13.13192
-3.0703427e8	15100.887	-13.145652
-3.048261e8	15070.4	-13.159539
-3.0261795e8	15039.866	-13.1733885
-3.004098e8	15009.313	-13.187262
-2.9820163e8	14978.752	-13.201215
-2.9599347e8	14948.031	-13.215072
-2.937853e8	14917.389	-13.229117
-2.9157715e8	14886.44	-13.2429695
-2.89369e8	14855.566	-13.257016
-2.8716083e8	14824.615	-13.270989
-2.8495267e8	14793.6875	-13.285079
-2.827445e8	14762.702	-13.299178
-2.8053635e8	14731.683	-13.31332
-2.783282e8	14700.64	-13.327545
-2.7612003e8	14669.506	-13.341753
-2.7391187e8	14638.461	-13.356108
-2.717037e8	14607.482	-13.370417
-2.6949552e8	14576.591	-13.384919
-2.6728738e8	14545.716	-13.399312
-2.6507922e8	14514.92	-13.413914
-2.6287106e8	14483.997	-13.428392
-2.606629e8	14453.139	-13.443053
-2.5845474e8	14422.057	-13.457623
-2.5624656e8	14390.997	-13.472339
-2.540384e8	14359.718	-13.487001
-2.5183024e8	14328.425	-13.50179
-2.4962208e8	14297.089	-13.516566
-2.4741392e8	14265.782	-13.531461
-2.4520576e8	14234.482	-13.546359
-2.429976e8	14203.24	-13.561371
-2.4078944e8	14172.013	-13.576383
-2.3858128e8	14140.842	-13.591506
-2.3637312e8	14109.691	-13.606618
-2.3416496e8	14078.59	-13.621848
-2.3195678e8	14047.38	-13.637043
-2.2974862e8	14016.184	-13.652367
-2.2754046e8	13984.823	-13.66764
-2.253323e8	13953.495	-13.683068
-2.2312414e8	13922.014	-13.698435
-2.2091598e8	13890.611	-13.713995
-2.1870782e8	13858.957	-13.729461
-2.1649966e8	13827.382	-13.745124
-2.142915e8	13795.591	-13.760722
-2.1208334e8	13763.825	-13.776479
-2.0987518e8	13731.902	-13.792219
-2.0766702e8	13699.989	-13.808062
-2.0545885e8	13668.046	-13.823947
-2.0325069e8	13636.2	-13.839876
-2.0104253e8	13604.453	-13.855923
-1.9883438e8	13572.802	-13.871939
-1.9662622e8	13541.244	-13.888131
-1.9441806e8	13509.48	-13.904202
-1.922099e8	13477.63	-13.920404
-1.9000174e8	13445.412	-13.936552
-1.8779358e8	13412.942	-13.952725
-1.855854e8	13380.32	-13.968978
-1.8337725e8	13347.457	-13.985186
-1.8116909e8	13314.619	-14.001549
-1.7896093e8	13281.595	-14.017882
-1.7675277e8	13248.526	-14.034311
-1.745446e8	13215.404	-14.050826
-1.7233645e8	13182.111	-14.067314
-1.7012829e8	13148.827	-14.083944
-1.6792013e8	13115.327	-14.100553
-1.6571197e8	13081.67	-14.117217
-1.635038e8	13047.971	-14.134001
-1.6129565e8	13013.86	-14.150683
-1.5908747e8	12979.646	-14.16748
-1.5687931e8	12945.223	-14.184321
-1.5467115e8	12910.466	-14.201131
-1.5246299e8	12875.69	-14.218067
-1.5025483e8	12840.807	-14.235054
-1.4804667e8	12805.735	-14.252068
-1.4583851e8	12770.611	-14.269202
-1.4363035e8	12735.255	-14.286366
-1.4142219e8	12699.666	-14.303565
-1.3921403e8	12663.998	-14.320877
-1.3700587e8	12628.134	-14.33825
-1.3479771e8	12591.688	-14.355596
-1.32589544e8	12554.659	-14.372986
-1.30381384e8	12516.946	-14.390397
-1.28173224e8	12477.828	-14.407687
-1.2596506e8	12438.069	-14.42503
-1.237569e8	12397.787	-14.4424515
-1.2154874e8	12357.022	-14.459956
-1.1934058e8	12315.259	-14.477454
-1.1713242e8	12273.072	-14.495063
-1.1492426e8	12230.647	-14.512825
-1.1271609e8	12187.958	-14.530744
-1.1050793e8	12144.934	-14.548805
-1.0829977e8	12101.605	-14.567009
-1.0609161e8	12058.465	-14.585439
-1.0388345e8	12014.847	-14.603983
-1.0167528e8	11970.44	-14.6225815
-9.946713e7	11925.274	-14.641229
-9.725897e7	11879.357	-14.659923
-9.505081e7	11832.589	-14.678638
-9.284265e7	11785.1045	-14.6973915
-9.063448e7	11737.32	-14.71624
-8.842632e7	11689.566	-14.735234
-8.621816e7	11642.071	-14.754394
-8.401e7	11594.949	-14.773713
-8.180184e7	11548.31	-14.79319
-7.959368e7	11502.25	-14.812814
-7.738551e7	11456.606	-14.83252
-7.517735e7	11411.091	-14.852246
-7.296919e7	11365.58	-14.871971
-7.076103e7	11319.658	-14.891622
-6.855287e7	11273.15	-14.911179
-6.6344708e7	11226.112	-14.930655
-6.4136548e7	11178.621	-14.950032
-6.1928384e7	11130.688	-14.969328
-5.9720224e7	11082.611	-14.988639
-5.7512064e7	11034.413	-15.00797
-5.53039e7	10985.566	-15.0272455
-5.309574e7	10935.751	-15.046398
-5.0887584e7	10885.056	-15.065478
-4.867942e7	10833.242	-15.084485
-4.647126e7	10779.382	-15.103234
-4.4263096e7	10723.341	-15.1216755
-4.2054936e7	10664.672	-15.139761
-3.9846776e7	10602.86	-15.15749
-3.7638612e7	10538.098	-15.174967
-3.5430452e7	10469.919	-15.192117
-3.3222294e7	10397.885	-15.208881
-3.1014132e7	10321.984	-15.2253
-2.8805972e7	10242.677	-15.241468
-2.659781e7	10159.661	-15.257341
-2.4389648e7	10072.974	-15.272971
-2.2181488e7	9982.651	-15.288334
-1.9973326e7	9887.887	-15.303255
-1.7765164e7	9786.397	-15.317438
-1.5557003e7	9677.154	-15.330739
-1.3348842e7	9559.802	-15.343089
-1.1140681e7	9436.082	-15.354804
-8.93252e6	9307.347	-15.366154
-6.7243585e6	9174.664	-15.377391
-4.5161975e6	9034.976	-15.388106
-2.3080362e6	8886.626	-15.398098
-99875.1	8720.242	-15.405938
2.1082862e6	8531.15	-15.4109335
4.3164475e6	8327.73	-15.414446
6.5246085e6	8107.918	-15.41638
8.73277e6	7881.532	-15.418231
1.0940931e7	7656.604	-15.421131
1.3149092e7	7425.6064	-15.424296
1.5357253e7	7200.031	-15.429315
1.7565414e7	6984.189	-15.436602
1.9773576e7	6773.9067	-15.445616
2.1981738e7	6566.972	-15.455947
2.4189898e7	6366.6416	-15.467962
2.639806e7	6175.8994	-15.482038
2.8606222e7	5995.3906	-15.498248
3.0814382e7	5826.416	-15.516886
3.302254e7	5672.8857	-15.538656
3.5230704e7	5539.5347	-15.564193
3.7438864e7	5423.1357	-15.593526
3.9647024e7	5325.3496	-15.626851
4.1855188e7	5243.8145	-15.663754
4.4063348e7	5173.6035	-15.70357
4.6271508e7	5110.8457	-15.74579
4.847967e7	5053.1987	-15.790143
5.068783e7	4999.649	-15.835959
5.289599e7	4948.4478	-15.883273
5.5104156e7	4899.2954	-15.9320545
5.7312316e7	4851.9653	-15.982309
5.9520476e7	4806.714	-16.033321
6.172864e7	4762.7275	-16.085567
6.39368e7	4719.9688	-16.139254
6.614496e7	4678.641	-16.194
6.835312e7	4637.9707	-16.24975
7.056128e7	4598.137	-16.307161
7.276945e7	4559.312	-16.36574
7.497761e7	4521.2485	-16.424786
7.718577e7	4483.828	-16.485628
7.939393e7	4446.8916	-16.547432
8.160209e7	4410.8545	-16.610098
8.381025e7	4375.867	-16.674946
8.601841e7	4342.614	-16.740198
8.822657e7	4310.8267	-16.806896
9.043473e7	4280.3413	-16.876081
9.264289e7	4251.464	-16.944397
9.485106e7	4223.7104	-17.015327
9.705922e7	4197.2188	-17.087532
9.926738e7	4171.9756	-17.160135
1.0147554e8	4147.8433	-17.235813
1.036837e8	4124.9375	-17.310472
1.0589186e8	4102.366	-17.387487
1.08100024e8	4079.8442	-17.465584
1.10308184e8	4057.4543	-17.543335
1.12516344e8	4035.745	-17.62466
1.14724504e8	4014.1858	-17.702976
1.16932664e8	3993.3218	-17.784622
1.19140824e8	3972.653	-17.865395
1.2134899e8	3951.5972	-17.946526
1.2355715e8	3930.4739	-18.029154
1.2576531e8	3910.1057	-18.109436
1.2797347e8	3890.697	-18.193865
1.3018163e8	3871.074	-18.273039
1.3238979e8	3852.391	-18.356377
1.3459795e8	3834.2766	-18.436832
1.3680611e8	3816.544	-18.519316
1.3901427e8	3798.8835	-18.600851
1.4122245e8	3782.765	-18.682827
1.4343061e8	3768.096	-18.766146
1.4563877e8	3752.9329	-18.847813
1.4784693e8	3738.274	-18.93226
1.5005509e8	3725.2458	-19.013819
1.5226325e8	3713.6387	-19.099876
1.5447141e8	3700.2383	-19.180584
1.5667957e8	3687.895	-19.266857
1.5888773e8	3675.4368	-19.347496
1.6109589e8	3664.1995	-19.434404
1.6330405e8	3647.0764	-19.514473
1.6551222e8	3631.4592	-19.600595
1.6772038e8	3613.8394	-19.68149
1.6992854e8	3597.5125	-19.768269
1.721367e8	3572.9832	-19.84818
1.7434486e8	3551.7114	-19.934086
1.7655302e8	3532.6333	-20.014755
1.7876118e8	3515.6682	-20.101885
1.8096934e8	3492.6333	-20.181217
1.831775e8	3472.0022	-20.267387
1.8538566e8	3453.3352	-20.347765
1.8759382e8	3437.0688	-20.434963
1.8980198e8	3413.1733	-20.514866
1.9201014e8	3390.7947	-20.600033
1.942183e8	3366.1597	-20.681437
1.9642646e8	3343.5378	-20.767088
1.9863462e8	3314.2527	-20.848457
2.0084278e8	3284.4055	-20.93099
2.0305094e8	3261.086	-21.01336
2.052591e8	3243.0945	-21.09616
2.0746726e8	3224.4517	-21.17978
2.0967542e8	3202.8862	-21.258863
2.118836e8	3184.2734	-21.342247
2.1409176e8	3171.9421	-21.420832
2.1629992e8	3161.2764	-21.506124
2.1850808e8	3140.7427	-21.582047
2.2071624e8	3121.2573	-21.663483
2.229244e8	3105.8083	-21.741936
2.2513256e8	3092.4666	-21.822798
2.2734072e8	3076.36	-21.902262
2.2954888e8	3056.4634	-21.97756
2.3175704e8	3036.668	-22.056286
2.339652e8	3015.0505	-22.126814
2.3617336e8	2994.1665	-22.202694
2.3838154e8	2974.4744	-22.271322
2.405897e8	2955.7356	-22.342909
2.4279786e8	2934.6565	-22.41093
2.4500602e8	2912.061	-22.476948
2.4721418e8	2892.4216	-22.544638
2.4942234e8	2878.7856	-22.609428
2.516305e8	2865.7324	-22.678709
