-2.4630082e8	22546.045	-10.163224
-2.4547605e8	22503.174	-10.17275
-2.446513e8	22460.396	-10.182369
-2.4382653e8	22417.68	-10.1920805
-2.4300178e8	22374.604	-10.2016945
-2.4217701e8	22331.455	-10.211339
-2.4135226e8	22288.4	-10.221077
-2.4052749e8	22245.154	-10.230779
-2.3970275e8	22201.762	-10.24046
-2.3887798e8	22158.457	-10.2502365
-2.3805323e8	22114.965	-10.260006
-2.3722846e8	22071.07	-10.269674
-2.364037e8	22027.26	-10.279436
-2.3557894e8	21983.494	-10.289255
-2.3475418e8	21939.592	-10.298984
-2.3392942e8	21895.775	-10.308808
-2.3310466e8	21852.059	-10.318725
-2.322799e8	21808.66	-10.32859
-2.3145514e8	21765.354	-10.338553
-2.3063037e8	21722.115	-10.348618
-2.2980562e8	21678.965	-10.358586
-2.2898085e8	21635.89	-10.368637
-2.281561e8	21592.91	-10.378791
-2.2733136e8	21550.08	-10.388875
-2.265066e8	21507.354	-10.399025
-2.2568182e8	21464.713	-10.409279
-2.2485707e8	21422.037	-10.419462
-2.240323e8	21379.408	-10.429691
-2.2320755e8	21336.871	-10.440027
-2.2238278e8	21294.42	-10.450314
-2.2155802e8	21252.053	-10.460644
-2.2073326e8	21209.758	-10.471081
-2.199085e8	21167.457	-10.481465
-2.1908374e8	21125.205	-10.491884
-2.1825898e8	21083.027	-10.502414
-2.174342e8	21040.932	-10.512898
-2.1660946e8	20998.92	-10.523424
-2.1578469e8	20956.988	-10.534061
-2.1495995e8	20915.004	-10.544636
-2.141352e8	20873.049	-10.555252
-2.1331043e8	20831.176	-10.565983
-2.1248566e8	20789.336	-10.576649
-2.1166091e8	20747.56	-10.587375
-2.1083614e8	20705.88	-10.598217
-2.100114e8	20664.04	-10.608961
-2.0918662e8	20622.248	-10.6197815
-2.0836187e8	20580.543	-10.63072
-2.075371e8	20538.715	-10.641542
-2.0671234e8	20496.957	-10.652469
-2.0588758e8	20455.27	-10.663499
-2.0506282e8	20413.393	-10.674406
-2.0423806e8	20371.604	-10.685432
-2.034133e8	20329.857	-10.696531
-2.0258856e8	20288.018	-10.707549
-2.0176379e8	20246.256	-10.71869
-2.0093904e8	20204.525	-10.729865
-2.0011427e8	20162.76	-10.741005
-1.9928952e8	20121.08	-10.752271
-1.9846475e8	20079.455	-10.763531
-1.9763998e8	20037.889	-10.774809
-1.9681523e8	19996.414	-10.786216
-1.9599046e8	19954.92	-10.797558
-1.9516571e8	19913.494	-10.8089695
-1.9434094e8	19872.14	-10.820512
-1.935162e8	19830.744	-10.831927
-1.9269144e8	19789.436	-10.843474
-1.9186667e8	19748.156	-10.855088
-1.910419e8	19706.818	-10.866634
-1.9021715e8	19665.564	-10.878316
-1.8939238e8	19624.28	-10.88999
-1.8856763e8	19582.97	-10.9016695
-1.8774286e8	19541.758	-10.9134865
-1.8691811e8	19500.488	-10.925219
-1.8609336e8	19459.285	-10.93704
-1.8526859e8	19418.164	-10.948966
-1.8444382e8	19377.102	-10.960805
-1.8361907e8	19336.129	-10.972786
-1.827943e8	19295.229	-10.984781
-1.8196955e8	19254.404	-10.99678
-1.811448e8	19213.668	-11.008924
-1.8032003e8	19172.957	-11.020977
-1.7949528e8	19132.318	-11.033131
-1.7867051e8	19091.736	-11.045368
-1.7784576e8	19051.133	-11.057524
-1.77021e8	19010.617	-11.069828
-1.7619622e8	18970.084	-11.082098
-1.7537147e8	18929.576	-11.094405
-1.7454672e8	18889.146	-11.106853
-1.7372195e8	18848.627	-11.119167
-1.728972e8	18808.195	-11.131635
-1.7207243e8	18767.742	-11.1441145
-1.7124768e8	18727.262	-11.156595
-1.7042291e8	18686.88	-11.169233
-1.6959814e8	18646.396	-11.18175
-1.687734e8	18606.004	-11.19441
-1.6794864e8	18565.66	-11.207109
-1.6712387e8	18525.371	-11.219806
-1.6629912e8	18485.182	-11.232665
-1.6547435e8	18445.016	-11.245417
-1.646496e8	18404.941	-11.258313
-1.6382483e8	18364.855	-11.271235
-1.6300006e8	18324.746	-11.284154
-1.6217533e8	18284.74	-11.297241
-1.6135056e8	18244.545	-11.310177
-1.605258e8	18204.445	-11.32328
-1.5970104e8	18164.326	-11.33638
-1.5887627e8	18124.227	-11.34951
-1.5805152e8	18084.191	-11.362771
-1.5722675e8	18044.168	-11.375939
-1.5640198e8	18004.232	-11.389283
-1.5557725e8	17964.285	-11.402567
-1.5475248e8	17924.385	-11.415945
-1.5392771e8	17884.521	-11.429386
-1.5310296e8	17844.654	-11.4428
-1.5227819e8	17804.873	-11.456395
-1.5145344e8	17765.018	-11.469846
-1.5062867e8	17725.244	-11.483479
-1.4980392e8	17685.451	-11.497081
-1.4897917e8	17645.676	-11.510753
-1.481544e8	17605.926	-11.524505
-1.4732965e8	17566.133	-11.538219
-1.4650488e8	17526.426	-11.552119
-1.4568011e8	17486.668	-11.56589
-1.4485536e8	17447.0	-11.579854
-1.440306e8	17407.24	-11.593766
-1.4320584e8	17367.506	-11.607781
-1.4238109e8	17327.725	-11.621838
-1.4155632e8	17287.877	-11.635906
-1.4073157e8	17248.055	-11.650104
-1.399068e8	17208.062	-11.664226
-1.3908203e8	17168.166	-11.67855
-1.3825728e8	17128.156	-11.692747
-1.3743253e8	17088.244	-11.707139
-1.3660776e8	17048.342	-11.721486
-1.35783e8	17008.514	-11.735958
-1.3495824e8	16968.746	-11.750454
-1.3413348e8	16929.035	-11.76501
-1.3330872e8	16889.383	-11.77965
-1.3248396e8	16849.744	-11.794286
-1.316592e8	16810.184	-11.809067
-1.3083445e8	16770.664	-11.8237915
-1.3000969e8	16731.23	-11.838715
-1.2918493e8	16691.793	-11.853523
-1.2836017e8	16652.45	-11.868554
-1.275354e8	16613.15	-11.883474
-1.2671064e8	16573.945	-11.898596
-1.2588588e8	16534.727	-11.913641
-1.2506113e8	16495.584	-11.928846
-1.2423637e8	16456.445	-11.944012
-1.2341161e8	16417.363	-11.959304
-1.2258685e8	16378.231	-11.974581
-1.2176209e8	16339.111	-11.989951
-1.2093732e8	16299.979	-12.005339
-1.2011256e8	16260.8545	-12.0208
-1.192878e8	16221.773	-12.036304
-1.1846305e8	16182.718	-12.051872
-1.1763829e8	16143.687	-12.067495
-1.1681353e8	16104.664	-12.083169
-1.1598877e8	16065.63	-12.098899
-1.1516401e8	16026.571	-12.114668
-1.1433925e8	15987.522	-12.130498
-1.1351448e8	15948.462	-12.146372
-1.12689736e8	15909.322	-12.162294
-1.1186498e8	15870.099	-12.178262
-1.1104021e8	15830.779	-12.194272
-1.1021545e8	15791.373	-12.210345
-1.0939069e8	15751.891	-12.226454
-1.0856593e8	15712.373	-12.242654
-1.0774117e8	15672.727	-12.258869
-1.069164e8	15633.055	-12.275205
-1.06091656e8	15593.252	-12.291528
-1.052669e8	15553.455	-12.308006
-1.0444213e8	15513.609	-12.324448
-1.0361737e8	15473.83	-12.341087
-1.0279261e8	15434.02	-12.357651
-1.0196785e8	15394.305	-12.374445
-1.0114309e8	15354.479	-12.39113
-1.0031834e8	15314.703	-12.408024
-9.949357e7	15274.758	-12.424853
-9.866882e7	15234.804	-12.441832
-9.7844056e7	15194.729	-12.458813
-9.701929e7	15154.59	-12.475876
-9.619453e7	15114.385	-12.493017
-9.536978e7	15074.138	-12.510177
-9.4545016e7	15033.93	-12.527502
-9.372025e7	14993.739	-12.544779
-9.289549e7	14953.618	-12.562272
-9.207074e7	14913.315	-12.579675
-9.1245976e7	14872.97	-12.597246
-9.042121e7	14832.404	-12.614812
-8.9596456e7	14791.806	-12.632463
-8.87717e7	14751.211	-12.650239
-8.7946936e7	14710.592	-12.668007
-8.712218e7	14670.029	-12.685985
-8.6297416e7	14629.164	-12.703867
-8.547266e7	14588.24	-12.721919
-8.4647896e7	14547.096	-12.74
-8.382314e7	14505.729	-12.758128
-8.2998376e7	14464.296	-12.776424
-8.217362e7	14422.425	-12.794635
-8.1348856e7	14380.58	-12.813048
-8.05241e7	14338.662	-12.831504
-7.9699336e7	14296.914	-12.850081
-7.887458e7	14255.329	-12.868859
-7.8049816e7	14213.85	-12.887614
-7.722506e7	14172.398	-12.906567
-7.6400296e7	14130.861	-12.925567
-7.557554e7	14089.176	-12.944612
-7.4750776e7	14047.467	-12.96384
-7.392602e7	14005.478	-12.982984
-7.3101256e7	13963.414	-13.002272
-7.22765e7	13921.233	-13.021667
-7.1451736e7	13878.756	-13.040999
-7.0626984e7	13836.232	-13.0605
-6.9802216e7	13793.551	-13.08003
-6.897746e7	13750.687	-13.099576
-6.8152696e7	13707.763	-13.119277
-6.7327944e7	13664.531	-13.138935
-6.650318e7	13621.299	-13.158673
-6.5678416e7	13578.148	-13.178579
-6.4853664e7	13535.225	-13.1985
-6.40289e7	13492.427	-13.21855
-6.320414e7	13449.725	-13.238779
-6.237938e7	13406.831	-13.258979
-6.1554624e7	13363.847	-13.279306
-6.072986e7	13320.809	-13.299803
-5.99051e7	13277.627	-13.320328
-5.908034e7	13234.366	-13.340975
-5.8255584e7	13191.086	-13.3617935
-5.743082e7	13147.73	-13.382705
-5.660606e7	13104.327	-13.4036665
-5.57813e7	13060.944	-13.424769
-5.4956544e7	13017.533	-13.445995
-5.4131784e7	12973.902	-13.467211
-5.330702e7	12930.211	-13.488467
-5.2482264e7	12886.508	-13.509818
-5.1657504e7	12842.753	-13.531251
-5.0832744e7	12798.84	-13.552746
-5.000798e7	12754.592	-13.5742
-4.9183224e7	12710.043	-13.595704
-4.8358464e7	12664.958	-13.61725
-4.7533704e7	12619.129	-13.638825
-4.6708944e7	12572.436	-13.660431
-4.5884184e7	12524.902	-13.682093
-4.5059424e7	12476.609	-13.703839
-4.4234664e7	12427.717	-13.725703
-4.3409904e7	12378.359	-13.747704
-4.2585144e7	12328.687	-13.769849
-4.1760384e7	12279.176	-13.792212
-4.0935624e7	12229.908	-13.814789
-4.0110864e7	12180.603	-13.837531
-3.9286108e7	12131.001	-13.860393
-3.8461344e7	12081.12	-13.883374
-3.7636588e7	12031.145	-13.906503
-3.6811824e7	11980.995	-13.929765
-3.5987068e7	11930.287	-13.953106
-3.5162304e7	11878.655	-13.976485
-3.4337548e7	11825.898	-13.999888
-3.3512786e7	11772.01	-14.023325
-3.2688028e7	11717.124	-14.046824
-3.1863266e7	11661.589	-14.070444
-3.1038508e7	11605.749	-14.09423
-3.0213746e7	11549.559	-14.118169
-2.9388988e7	11492.718	-14.142201
-2.8564226e7	11435.128	-14.166294
-2.7739468e7	11377.055	-14.190476
-2.691471e7	11318.753	-14.214767
-2.6089948e7	11259.989	-14.239119
-2.526519e7	11200.428	-14.263465
-2.4440428e7	11139.978	-14.287787
-2.3615668e7	11078.698	-14.312096
-2.2790908e7	11016.433	-14.336383
-2.1966148e7	10952.755	-14.360612
-2.114139e7	10887.31	-14.384757
-2.031663e7	10820.017	-14.408827
-1.949187e7	10750.838	-14.432829
-1.866711e7	10679.428	-14.456713
-1.784235e7	10605.421	-14.480422
-1.701759e7	10528.927	-14.503972
-1.6192831e7	10450.477	-14.52743
-1.5368071e7	10369.9375	-14.550776
-1.4543311e7	10286.768	-14.57393
-1.3718551e7	10200.28	-14.596776
-1.2893791e7	10109.37	-14.619147
-1.2069032e7	10013.711	-14.64101
-1.1244272e7	9913.952	-14.662495
-1.0419513e7	9810.386	-14.683655
-9.594753e6	9702.724	-14.704477
-8.769993e6	9590.443	-14.724944
-7.945233e6	9471.793	-14.744834
-7.120473e6	9345.211	-14.76392
-6.295713e6	9209.5625	-14.782092
-5.4709535e6	9061.78	-14.798981
-4.6461935e6	8897.744	-14.814031
-3.8214338e6	8718.3	-14.827458
-2.996674e6	8524.631	-14.839576
-2.171914e6	8316.44	-14.850441
-1.3471544e6	8091.2827	-14.859951
-522394.56	7847.3975	-14.868002
302365.25	7580.6196	-14.874201
1.127125e6	7301.61	-14.879952
1.9518849e6	7028.931	-14.887569
2.7766448e6	6769.559	-14.8981085
3.6014048e6	6530.2593	-14.912493
4.426164e6	6315.628	-14.931392
5.250924e6	6126.7583	-14.955009
6.075684e6	5956.6255	-14.982546
6.900444e6	5806.1963	-15.014063
7.725204e6	5679.079	-15.05008
8.549963e6	5575.009	-15.090703
9.374723e6	5488.972	-15.135361
1.0199483e7	5415.1987	-15.183272
1.1024243e7	5350.0776	-15.233879
1.1849003e7	5291.5044	-15.286815
1.2673762e7	5238.2676	-15.341854
1.3498522e7	5189.4487	-15.398821
1.4323282e7	5144.4346	-15.457599
1.5148042e7	5102.724	-15.5181
1.5972802e7	5064.154	-15.580139
1.6797562e7	5028.54	-15.643454
1.7622322e7	4995.412	-15.708196
1.844708e7	4964.5874	-15.774343
1.927184e7	4935.8823	-15.841886
2.00966e7	4909.122	-15.910839
2.092136e7	4884.2114	-15.9810705
2.174612e7	4861.4233	-16.051554
2.257088e7	4840.151	-16.123291
2.339564e7	4820.2754	-16.196365
2.42204e7	4801.6953	-16.270874
2.504516e7	4784.688	-16.34518
2.5869918e7	4768.9756	-16.420343
2.669468e7	4754.4087	-16.496988
2.7519438e7	4741.0024	-16.574986
2.83442e7	4728.9204	-16.651785
2.9168958e7	4717.4805	-16.730127
2.9993718e7	4706.597	-16.810122
3.0818478e7	4696.0093	-16.88901
3.1643238e7	4685.3677	-16.968517
3.2467998e7	4674.64	-17.049631
3.3292758e7	4663.27	-17.130049
3.4117516e7	4651.4863	-17.210192
3.494228e7	4639.6943	-17.292
3.5767036e7	4627.9766	-17.373766
3.65918e7	4616.142	-17.454512
3.7416556e7	4604.261	-17.53693
3.8241316e7	4592.1377	-17.619514
3.9066076e7	4578.765	-17.700335
3.9890836e7	4564.673	-17.782755
4.0715596e7	4549.4644	-17.865305
4.1540356e7	4532.1787	-17.94586
4.2365116e7	4514.0166	-18.028149
4.3189876e7	4494.6978	-18.110634
4.4014636e7	4473.527	-18.19134
4.4839396e7	4451.632	-18.273935
4.5664156e7	4428.723	-18.356482
4.648891e7	4404.207	-18.437653
4.7313676e7	4379.135	-18.520853
4.813843e7	4353.2134	-18.603497
4.8963196e7	4325.845	-18.685404
4.978795e7	4298.0225	-18.769455
5.061271e7	4269.4805	-18.852127
5.143747e7	4240.056	-18.93496
5.2262236e7	4210.35	-19.020012
5.308699e7	4180.366	-19.102562
5.391175e7	4149.653	-19.186462
5.473651e7	4118.428	-19.27224
5.5561276e7	4087.0972	-19.354963
5.6386028e7	4055.1152	-19.440191
5.721079e7	4021.8	-19.52561
5.803555e7	3988.5083	-19.609676
5.886031e7	3955.1152	-19.696417
5.9685068e7	3919.766	-19.781147
6.050983e7	3886.7717	-19.86657
6.133459e7	3855.5862	-19.954983
6.215935e7	3823.2322	-20.038902
6.2984108e7	3793.7073	-20.12593
6.380887e7	3767.77	-20.213976
6.463363e7	3740.2427	-20.299685
6.5458388e7	3714.1433	-20.388447
6.6283148e7	3694.8777	-20.47572
6.7107908e7	3674.3188	-20.563688
6.793267e7	3652.6536	-20.652948
6.875742e7	3643.965	-20.740395
6.958219e7	3636.8828	-20.831198
7.040695e7	3629.3606	-20.919144
7.123171e7	3621.328	-21.006155
7.205646e7	3612.9924	-21.094746
7.2881224e7	3604.2495	-21.178307
7.370599e7	3591.3025	-21.263876
7.453075e7	3568.127	-21.345175
7.53555e7	3547.0046	-21.42583
7.6180264e7	3527.1697	-21.50901
