-2.7944538e8	23731.303	-10.598023
-2.7862614e8	23689.875	-10.606028
-2.7780685e8	23648.521	-10.614097
-2.7698762e8	23607.248	-10.622231
-2.7616835e8	23566.031	-10.630431
-2.753491e8	23524.807	-10.638672
-2.7452982e8	23482.996	-10.646777
-2.7371056e8	23441.256	-10.654948
-2.728913e8	23399.586	-10.663186
-2.7207203e8	23358.01	-10.671493
-2.7125277e8	23316.227	-10.679799
-2.7043354e8	23273.906	-10.688012
-2.6961427e8	23231.666	-10.696292
-2.6879498e8	23189.51	-10.704642
-2.6797573e8	23147.418	-10.713062
-2.6715648e8	23104.822	-10.721393
-2.663372e8	23061.809	-10.729655
-2.6551795e8	23018.885	-10.7379875
-2.646987e8	22976.021	-10.746388
-2.6387944e8	22933.258	-10.754861
-2.6306016e8	22890.26	-10.763217
-2.6224091e8	22847.293	-10.7716055
-2.6142166e8	22804.404	-10.780065
-2.6060238e8	22761.594	-10.788597
-2.5978312e8	22718.934	-10.797172
-2.5896387e8	22676.648	-10.805694
-2.5814459e8	22634.438	-10.814289
-2.5732534e8	22592.303	-10.822959
-2.5650608e8	22550.252	-10.831704
-2.5568683e8	22508.383	-10.840386
-2.5486755e8	22466.65	-10.849055
-2.540483e8	22424.99	-10.8578
-2.5322904e8	22383.418	-10.86662
-2.5240978e8	22341.926	-10.875501
-2.5159051e8	22300.543	-10.884247
-2.5077126e8	22259.23	-10.89307
-2.49952e8	22217.99	-10.901972
-2.4913274e8	22176.842	-10.9109535
-2.4831347e8	22135.729	-10.919868
-2.4749422e8	22094.668	-10.928769
-2.4667494e8	22053.682	-10.93775
-2.458557e8	22012.777	-10.946813
-2.4503643e8	21971.92	-10.95591
-2.4421718e8	21931.055	-10.964896
-2.433979e8	21890.268	-10.973966
-2.4257866e8	21849.562	-10.983117
-2.417594e8	21808.916	-10.992353
-2.4094011e8	21768.332	-11.001473
-2.4012086e8	21727.809	-11.01064
-2.3930162e8	21687.375	-11.01989
-2.3848235e8	21647.0	-11.029227
-2.3766307e8	21606.613	-11.038512
-2.3684382e8	21566.219	-11.047763
-2.3602458e8	21525.893	-11.057101
-2.352053e8	21485.654	-11.066527
-2.3438603e8	21445.445	-11.075964
-2.3356678e8	21405.195	-11.085302
-2.3274754e8	21365.025	-11.094728
-2.3192826e8	21324.922	-11.104244
-2.31109e8	21284.871	-11.113823
-2.3028974e8	21244.68	-11.123249
-2.2947046e8	21204.568	-11.132764
-2.2865122e8	21164.531	-11.142371
-2.2783195e8	21124.566	-11.152071
-2.270127e8	21084.693	-11.161626
-2.2619342e8	21044.902	-11.171265
-2.2537418e8	21005.182	-11.180997
-2.2455493e8	20965.545	-11.1908245
-2.2373565e8	20925.883	-11.200511
-2.2291638e8	20886.277	-11.210257
-2.2209714e8	20846.752	-11.2200985
-2.2127789e8	20807.297	-11.230039
-2.2045861e8	20767.951	-11.239853
-2.1963934e8	20728.693	-11.249721
-2.188201e8	20689.512	-11.2596855
-2.1800082e8	20650.396	-11.2697525
-2.1718157e8	20611.3	-11.279676
-2.163623e8	20572.271	-11.289658
-2.1554302e8	20533.309	-11.29974
-2.1472378e8	20494.436	-11.309924
-2.1390453e8	20455.707	-11.319962
-2.1308526e8	20417.06	-11.330078
-2.12266e8	20378.486	-11.340299
-2.1144674e8	20339.984	-11.350614
-2.1062749e8	20301.559	-11.360757
-2.0980821e8	20263.209	-11.371004
-2.0898896e8	20224.932	-11.381358
-2.081697e8	20186.707	-11.39176
-2.0735045e8	20148.521	-11.40203
-2.0653117e8	20110.414	-11.412408
-2.0571192e8	20072.367	-11.422894
-2.0489266e8	20034.31	-11.433363
-2.0407338e8	19996.203	-11.443758
-2.0325413e8	19958.166	-11.454262
-2.0243488e8	19920.205	-11.464878
-2.0161562e8	19882.143	-11.475398
-2.0079634e8	19844.064	-11.485928
-1.9997709e8	19806.055	-11.49657
-1.9915782e8	19768.133	-11.507326
-1.9833858e8	19729.947	-11.517883
-1.975193e8	19691.832	-11.528548
-1.9670005e8	19653.793	-11.539329
-1.9588078e8	19615.732	-11.550119
-1.9506154e8	19577.578	-11.560819
-1.9424226e8	19539.488	-11.571634
-1.9342299e8	19501.494	-11.582567
-1.9260374e8	19463.408	-11.593392
-1.9178448e8	19425.352	-11.604255
-1.9096522e8	19387.37	-11.615236
-1.9014595e8	19349.44	-11.626283
-1.893267e8	19311.488	-11.637201
-1.8850744e8	19273.61	-11.648241
-1.8768818e8	19235.82	-11.659404
-1.8686891e8	19197.967	-11.670474
-1.8604965e8	19160.139	-11.681563
-1.852304e8	19122.387	-11.692778
-1.8441114e8	19084.697	-11.704053
-1.8359187e8	19047.049	-11.715213
-1.827726e8	19009.48	-11.726499
-1.8195334e8	18971.982	-11.737914
-1.811341e8	18934.48	-11.749211
-1.8031483e8	18897.04	-11.760573
-1.7949557e8	18859.662	-11.772066
-1.786763e8	18822.326	-11.783563
-1.7785704e8	18785.006	-11.79501
-1.770378e8	18747.764	-11.806589
-1.7621853e8	18710.586	-11.818276
-1.7539926e8	18673.387	-11.829803
-1.7458e8	18636.258	-11.841466
-1.7376075e8	18599.22	-11.853265
-1.7294149e8	18562.102	-11.864931
-1.7212222e8	18525.021	-11.876662
-1.7130296e8	18488.035	-11.888533
-1.704837e8	18450.969	-11.900353
-1.6966445e8	18413.867	-11.912152
-1.6884518e8	18376.838	-11.924092
-1.6802592e8	18339.89	-11.936069
-1.6720666e8	18303.01	-11.947971
-1.663874e8	18266.205	-11.960018
-1.6556814e8	18229.463	-11.972155
-1.6474886e8	18192.73	-11.984154
-1.6392962e8	18156.078	-11.9963
-1.6311035e8	18119.494	-12.00858
-1.6229109e8	18082.846	-12.020669
-1.6147182e8	18046.277	-12.032906
-1.6065256e8	18009.78	-12.045294
-1.5983331e8	17973.188	-12.057488
-1.5901405e8	17936.66	-12.069818
-1.581948e8	17900.209	-12.082299
-1.5737552e8	17863.574	-12.094608
-1.5655626e8	17826.994	-12.107036
-1.5573701e8	17790.482	-12.119618
-1.5491774e8	17753.68	-12.132032
-1.5409848e8	17716.906	-12.144561
-1.5327922e8	17680.227	-12.157249
-1.5245997e8	17643.094	-12.169746
-1.516407e8	17605.998	-12.18237
-1.5082144e8	17568.988	-12.195155
-1.5000218e8	17531.611	-12.20774
-1.4918291e8	17494.309	-12.22048
-1.4836366e8	17457.053	-12.233353
-1.475444e8	17419.504	-12.246063
-1.4672514e8	17382.045	-12.258937
-1.4590587e8	17344.607	-12.271902
-1.4508661e8	17307.078	-12.284772
-1.4426736e8	17269.635	-12.297809
-1.434481e8	17232.29	-12.310889
-1.4262883e8	17195.047	-12.323949
-1.4180957e8	17157.889	-12.337181
-1.409903e8	17120.836	-12.350386
-1.4017106e8	17083.877	-12.363636
-1.3935179e8	17047.01	-12.377065
-1.3853253e8	17010.086	-12.390363
-1.3771326e8	16973.225	-12.403788
-1.3689402e8	16936.447	-12.417345
-1.3607475e8	16899.662	-12.4307785
-1.3525547e8	16862.965	-12.444394
-1.3443622e8	16826.244	-12.458023
-1.3361696e8	16789.488	-12.47163
-1.32797704e8	16752.818	-12.485425
-1.3197844e8	16716.03	-12.499098
-1.3115918e8	16679.281	-12.512884
-1.3033992e8	16642.572	-12.52679
-1.2952066e8	16605.688	-12.540576
-1.287014e8	16568.896	-12.554555
-1.27882136e8	16532.062	-12.56852
-1.2706288e8	16495.24	-12.582541
-1.2624362e8	16458.51	-12.5967455
-1.2542436e8	16421.867	-12.610848
-1.24605096e8	16385.316	-12.625153
-1.2378583e8	16348.784	-12.639466
-1.2296658e8	16312.283	-12.653814
-1.2214731e8	16275.852	-12.668351
-1.21328056e8	16239.109	-12.68269
-1.2050879e8	16202.46	-12.697238
-1.1968953e8	16165.76	-12.711758
-1.1887027e8	16129.052	-12.726322
-1.1805101e8	16092.405	-12.741033
-1.1723175e8	16055.64	-12.755623
-1.1641249e8	16018.97	-12.77043
-1.1559323e8	15982.127	-12.785142
-1.1477397e8	15945.302	-12.799982
-1.13954696e8	15908.391	-12.8148775
-1.1313545e8	15871.309	-12.829756
-1.1231618e8	15834.295	-12.844825
-1.1149693e8	15796.91	-12.859741
-1.10677656e8	15759.624	-12.874884
-1.0985841e8	15722.118	-12.889938
-1.0903914e8	15684.619	-12.905129
-1.0821987e8	15647.066	-12.920354
-1.07400616e8	15609.476	-12.93561
-1.0658135e8	15571.943	-12.951005
-1.05762104e8	15534.387	-12.966352
-1.0494283e8	15496.913	-12.981924
-1.0412358e8	15459.241	-12.997364
-1.0330431e8	15421.676	-13.013046
-1.0248505e8	15383.862	-13.028636
-1.0166579e8	15346.095	-13.044411
-1.0084653e8	15308.308	-13.060176
-1.0002727e8	15270.572	-13.076074
-9.920801e7	15232.861	-13.092004
-9.838875e7	15195.2	-13.10801
-9.756949e7	15157.619	-13.124086
-9.675023e7	15120.106	-13.140187
-9.593097e7	15082.768	-13.156402
-9.5111704e7	15045.636	-13.172623
-9.429244e7	15008.609	-13.188971
-9.347318e7	14971.662	-13.20528
-9.265393e7	14934.725	-13.221719
-9.1834664e7	14897.638	-13.238078
-9.101541e7	14860.522	-13.254568
-9.0196136e7	14823.162	-13.270978
-8.937688e7	14785.771	-13.287516
-8.855762e7	14748.158	-13.304003
-8.773836e7	14710.542	-13.320613
-8.6919096e7	14672.822	-13.337222
-8.609984e7	14635.05	-13.353927
-8.528058e7	14597.17	-13.370665
-8.446131e7	14559.229	-13.387468
-8.3642056e7	14521.251	-13.40436
-8.282279e7	14483.255	-13.421293
-8.200354e7	14445.315	-13.438383
-8.118427e7	14407.369	-13.455472
-8.0365016e7	14369.535	-13.472779
-7.954575e7	14331.4375	-13.489998
-7.872649e7	14293.427	-13.507439
-7.790723e7	14255.143	-13.524833
-7.708797e7	14216.934	-13.542389
-7.626871e7	14178.709	-13.560009
-7.544945e7	14140.458	-13.577697
-7.463019e7	14102.256	-13.595541
-7.381092e7	14064.002	-13.6133585
-7.299166e7	14025.885	-13.631386
-7.21724e7	13987.891	-13.64941
-7.1353144e7	13949.978	-13.667578
-7.053388e7	13912.122	-13.685848
-6.971462e7	13874.011	-13.704084
-6.889536e7	13835.81	-13.72248
-6.80761e7	13796.769	-13.740718
-6.725684e7	13757.088	-13.758993
-6.643758e7	13716.77	-13.77729
-6.561832e7	13675.759	-13.795523
-6.479906e7	13634.916	-13.813962
-6.39798e7	13594.347	-13.832555
-6.3160532e7	13554.247	-13.851321
-6.234127e7	13514.44	-13.870314
-6.1522012e7	13474.715	-13.889365
-6.070275e7	13434.891	-13.908498
-5.9883492e7	13395.06	-13.927777
-5.906423e7	13355.042	-13.947019
-5.824497e7	13315.09	-13.966363
-5.7425708e7	13275.265	-13.985858
-5.660645e7	13235.603	-14.005378
-5.5787188e7	13196.047	-14.024967
-5.496793e7	13156.6	-14.044686
-5.4148668e7	13117.193	-14.064448
-5.332941e7	13077.747	-14.084203
-5.2510144e7	13038.16	-14.104041
-5.1690884e7	12998.376	-14.123946
-5.0871624e7	12958.146	-14.143755
-5.0052364e7	12917.845	-14.163634
-4.9233104e7	12877.567	-14.18362
-4.841384e7	12837.376	-14.203726
-4.759458e7	12797.103	-14.223793
-4.677532e7	12756.64	-14.243924
-4.5956056e7	12715.798	-14.264089
-4.5136796e7	12674.4375	-14.284259
-4.4317536e7	12632.458	-14.304361
-4.3498276e7	12589.726	-14.324416
-4.2679016e7	12546.596	-14.344521
-4.1859756e7	12503.07	-14.364681
-4.1040492e7	12459.007	-14.384883
-4.022123e7	12413.976	-14.405069
-3.9401972e7	12368.041	-14.425257
-3.858271e7	12321.586	-14.445546
-3.776345e7	12274.087	-14.465878
-3.6944188e7	12225.789	-14.486281
-3.612493e7	12177.302	-14.506863
-3.5305668e7	12129.219	-14.527724
-3.448641e7	12081.615	-14.548874
-3.3667148e7	12033.96	-14.570202
-3.2847884e7	11985.982	-14.591635
-3.2028624e7	11937.41	-14.613108
-3.1209364e7	11888.011	-14.63457
-3.0390102e7	11837.596	-14.65596
-2.9570842e7	11786.11	-14.677251
-2.8751582e7	11733.805	-14.698459
-2.7932322e7	11680.791	-14.719591
-2.711306e7	11627.173	-14.740662
-2.62938e7	11573.191	-14.76172
-2.547454e7	11518.427	-14.782715
-2.4655278e7	11462.242	-14.803546
-2.3836016e7	11404.179	-14.824181
-2.3016756e7	11344.29	-14.844665
-2.2197496e7	11282.606	-14.865051
-2.1378234e7	11218.56	-14.885289
-2.0558974e7	11151.882	-14.905338
-1.9739712e7	11082.449	-14.925214
-1.8920452e7	11009.305	-14.944756
-1.8101192e7	10932.033	-14.963917
-1.728193e7	10851.727	-14.982909
-1.6462669e7	10768.887	-15.001802
-1.5643409e7	10683.31	-15.020527
-1.4824148e7	10595.063	-15.039079
-1.4004888e7	10504.218	-15.057481
-1.3185626e7	10409.416	-15.075481
-1.2366366e7	10309.897	-15.092952
-1.1547105e7	10206.902	-15.110091
-1.0727844e7	10101.104	-15.127019
-9.908583e6	9989.422	-15.143218
-9.089322e6	9869.1045	-15.158277
-8.270062e6	9740.239	-15.172304
-7.4508005e6	9601.007	-15.184997
-6.63154e6	9451.273	-15.196394
-5.812279e6	9293.83	-15.207033
-4.993018e6	9124.856	-15.216327
-4.1737575e6	8936.768	-15.223194
-3.3544965e6	8725.3125	-15.227323
-2.535236e6	8491.943	-15.229063
-1.7159751e6	8245.554	-15.229931
-896714.25	7989.436	-15.230598
-77453.484	7716.979	-15.2302475
741807.3	7437.621	-15.230261
1.5610681e6	7161.6665	-15.232191
2.380329e6	6905.57	-15.238249
3.1995898e6	6673.073	-15.248899
4.0188505e6	6466.2773	-15.264489
4.8381115e6	6282.2	-15.284484
5.6573725e6	6121.068	-15.30884
6.4766335e6	5970.99	-15.335997
7.295894e6	5834.465	-15.366342
8.1151545e6	5713.205	-15.400082
8.934415e6	5607.242	-15.437333
9.753676e6	5514.7656	-15.47799
1.0572937e7	5431.23	-15.521361
1.1392198e7	5353.102	-15.566895
1.2211458e7	5277.825	-15.6141815
1.303072e7	5203.1284	-15.662766
1.384998e7	5127.949	-15.712526
1.4669241e7	5051.1357	-15.763158
1.5488502e7	4972.6724	-15.814724
1.6307762e7	4892.1465	-15.866974
1.7127024e7	4810.02	-15.920254
1.7946284e7	4726.835	-15.974666
1.8765544e7	4643.2915	-16.030365
1.9584806e7	4560.151	-16.087555
2.0404066e7	4478.1743	-16.14642
2.1223328e7	4398.439	-16.206758
2.2042588e7	4321.53	-16.26908
2.2861848e7	4247.4053	-16.333408
2.368111e7	4176.186	-16.399832
2.450037e7	4108.108	-16.468447
2.531963e7	4043.5605	-16.538374
2.6138892e7	3982.9194	-16.610725
2.6958152e7	3926.159	-16.685623
2.7777412e7	3873.3105	-16.76323
2.8596676e7	3825.6516	-16.842691
2.9415936e7	3782.7144	-16.924334
3.0235196e7	3744.4797	-17.008932
3.1054458e7	3710.996	-17.096706
3.1873718e7	3682.9006	-17.18568
3.2692978e7	3659.9138	-17.27662
3.351224e7	3640.797	-17.370304
3.43315e7	3625.1687	-17.466637
3.515076e7	3612.703	-17.56113
3.597002e7	3601.179	-17.657576
3.6789284e7	3590.8677	-17.756077
3.7608544e7	3581.6306	-17.853693
3.8427804e7	3571.2166	-17.950794
3.9247064e7	3561.4482	-18.050121
4.0066324e7	3552.7756	-18.150171
4.0885584e7	3545.0562	-18.24801
4.170485e7	3539.5427	-18.348295
4.2524108e7	3536.125	-18.44988
4.334337e7	3529.7239	-18.547464
4.416263e7	3524.3887	-18.647533
4.4981892e7	3520.2825	-18.748735
4.580115e7	3513.724	-18.845186
4.6620412e7	3508.841	-18.944057
4.743967e7	3505.55	-19.042887
4.8258932e7	3498.1296	-19.137455
4.907819e7	3491.9844	-19.234411
4.9897456e7	3487.5383	-19.329723
5.0716716e7	3480.6233	-19.422657
5.1535976e7	3474.8125	-19.517809
5.2355236e7	3471.7466	-19.609194
5.3174496e7	3467.9211	-19.700853
5.399376e7	3463.5933	-19.792831
5.481302e7	3463.4087	-19.880722
5.563228e7	3464.0872	-19.971014
5.645154e7	3460.85	-20.05693
5.72708e7	3459.673	-20.142485
5.809006e7	3461.1	-20.23043
5.890933e7	3450.6096	-20.310911
5.9728588e7	3442.3616	-20.394655
6.054785e7	3436.3174	-20.477425
6.1367108e7	3424.6934	-20.559044
6.218637e7	3409.6528	-20.640984
6.3005628e7	3398.1682	-20.721313
6.382489e7	3387.6982	-20.805187
6.464415e7	3367.0193	-20.882658
6.5463412e7	3350.6636	-20.963009
6.628267e7	3339.4634	-21.043892
6.7101932e7	3322.1838	-21.122438
6.792119e7	3301.9854	-21.201195
6.874045e7	3289.468	-21.278877
6.955972e7	3279.888	-21.360928
7.037898e7	3257.1165	-21.434029
7.119824e7	3238.0217	-21.510973
7.2017496e7	3226.4172	-21.586464
7.283676e7	3211.3372	-21.662191
7.365602e7	3188.9302	-21.733389
7.447528e7	3174.3042	-21.80604
7.529454e7	3166.846	-21.880386
7.61138e7	3151.4556	-21.95094
7.6933064e7	3132.478	-22.021132
7.775232e7	3124.9116	-22.091932
7.857158e7	3122.0469	-22.1665
7.939084e7	3107.8018	-22.2346
8.0210104e7	3092.612	-22.305264
8.102937e7	3092.6748	-22.375624
8.184862e7	3095.117	-22.450775
8.266789e7	3082.04	-22.515738
8.3487144e7	3069.4055	-22.584673
8.430641e7	3076.3623	-22.650831
8.512566e7	3083.5566	-22.721342
8.5944936e7	3069.1772	-22.780813
8.676419e7	3054.9453	-22.843874
8.758346e7	3039.6833	-22.900846
8.840271e7	3024.8745	-22.961206
8.9221976e7	3029.7778	-23.021004
9.004123e7	3035.151	-23.084505
9.08605e7	3020.3672	-23.139969
9.167976e7	3006.1572	-23.198679
9.2499016e7	3004.936	-23.25788
9.331828e7	3004.2358	-23.320805
