-2.875747e8	23828.193	-10.731526
-2.8675664e8	23785.857	-10.739426
-2.8593856e8	23743.598	-10.747388
-2.8512054e8	23701.408	-10.755413
-2.843025e8	23659.31	-10.763504
-2.8348445e8	23616.92	-10.771527
-2.826664e8	23574.344	-10.779512
-2.8184835e8	23531.844	-10.787562
-2.8103034e8	23489.418	-10.795677
-2.8021226e8	23446.99	-10.803819
-2.793942e8	23404.254	-10.811847
-2.785762e8	23361.6	-10.81994
-2.777581e8	23319.012	-10.828099
-2.769401e8	23276.512	-10.836326
-2.7612205e8	23233.506	-10.844395
-2.75304e8	23190.482	-10.852487
-2.7448595e8	23147.531	-10.860645
-2.736679e8	23104.666	-10.868871
-2.7284986e8	23061.729	-10.877054
-2.720318e8	23018.746	-10.885213
-2.7121376e8	22975.854	-10.893438
-2.7039574e8	22933.027	-10.901732
-2.6957766e8	22890.324	-10.910054
-2.6875965e8	22847.793	-10.918347
-2.679416e8	22805.35	-10.926708
-2.6712355e8	22762.973	-10.935141
-2.6630549e8	22720.672	-10.943628
-2.6548746e8	22678.373	-10.952011
-2.6466942e8	22636.156	-10.960464
-2.6385136e8	22594.021	-10.968988
-2.6303331e8	22551.955	-10.977587
-2.6221528e8	22510.031	-10.9860935
-2.6139722e8	22468.191	-10.994659
-2.6057918e8	22426.43	-11.003299
-2.5976114e8	22384.746	-11.012013
-2.589431e8	22343.195	-11.02065
-2.5812504e8	22301.736	-11.029324
-2.57307e8	22260.352	-11.038073
-2.5648896e8	22219.043	-11.0469
-2.5567091e8	22178.006	-11.055669
-2.5485286e8	22137.111	-11.0644655
-2.5403483e8	22096.295	-11.073339
-2.5321677e8	22055.543	-11.0822935
-2.5239874e8	22014.846	-11.091172
-2.5158069e8	21974.209	-11.100062
-2.5076266e8	21933.65	-11.109034
-2.4994459e8	21893.162	-11.118085
-2.4912656e8	21852.773	-11.127065
-2.4830851e8	21812.463	-11.136061
-2.4749045e8	21772.227	-11.145139
-2.4667242e8	21732.066	-11.1543
-2.4585438e8	21691.93	-11.16337
-2.4503632e8	21651.854	-11.172468
-2.4421827e8	21611.85	-11.181648
-2.4340024e8	21571.93	-11.190914
-2.425822e8	21532.014	-11.200067
-2.4176414e8	21492.172	-11.209269
-2.409461e8	21452.408	-11.218556
-2.4012806e8	21412.709	-11.227931
-2.3931e8	21372.94	-11.237154
-2.3849197e8	21333.24	-11.24646
-2.3767392e8	21293.625	-11.255854
-2.3685587e8	21254.078	-11.265299
-2.3603782e8	21214.574	-11.274641
-2.3521979e8	21175.146	-11.28407
-2.3440174e8	21135.8	-11.29359
-2.335837e8	21096.512	-11.303113
-2.3276565e8	21057.29	-11.312583
-2.3194762e8	21018.139	-11.322143
-2.3112955e8	20979.066	-11.331796
-2.3031152e8	20940.064	-11.341392
-2.2949347e8	20901.125	-11.350994
-2.2867541e8	20862.262	-11.36069
-2.2785738e8	20823.457	-11.370481
-2.2703934e8	20784.623	-11.380131
-2.262213e8	20745.844	-11.389859
-2.2540323e8	20707.135	-11.399683
-2.245852e8	20668.424	-11.409533
-2.2376717e8	20629.549	-11.41928
-2.229491e8	20590.742	-11.429124
-2.2213106e8	20552.027	-11.439066
-2.2131302e8	20513.248	-11.448944
-2.2049496e8	20474.48	-11.458831
-2.1967693e8	20435.787	-11.468816
-2.1885888e8	20397.164	-11.4788885
-2.1804085e8	20358.47	-11.488831
-2.1722278e8	20319.86	-11.498874
-2.1640475e8	20281.31	-11.509018
-2.155867e8	20242.809	-11.519141
-2.1476866e8	20204.346	-11.529245
-2.1395061e8	20165.963	-11.539452
-2.1313258e8	20127.648	-11.549764
-2.1231453e8	20089.35	-11.559922
-2.1149648e8	20051.12	-11.570183
-2.1067843e8	20012.967	-11.58055
-2.098604e8	19974.857	-11.590887
-2.0904234e8	19936.791	-11.601201
-2.082243e8	19898.8	-11.611622
-2.0740626e8	19860.857	-11.622131
-2.065882e8	19822.785	-11.6324835
-2.0577016e8	19784.787	-11.642944
-2.0495213e8	19746.857	-11.653517
-2.0413408e8	19708.902	-11.664013
-2.0331602e8	19670.963	-11.67453
-2.0249798e8	19633.092	-11.685159
-2.0167995e8	19595.262	-11.695817
-2.0086189e8	19557.398	-11.706402
-2.0004384e8	19519.61	-11.717099
-1.992258e8	19481.896	-11.727912
-1.9840776e8	19444.193	-11.738583
-1.9758971e8	19406.574	-11.749361
-1.9677166e8	19369.018	-11.760258
-1.9595362e8	19331.43	-11.771079
-1.9513557e8	19293.861	-11.781926
-1.9431754e8	19256.373	-11.7928915
-1.9349949e8	19218.953	-11.803862
-1.9268144e8	19181.6	-11.814788
-1.918634e8	19144.326	-11.825834
-1.9104534e8	19107.098	-11.836948
-1.9022731e8	19069.873	-11.847944
-1.8940925e8	19032.727	-11.859062
-1.8859122e8	18995.654	-11.870306
-1.8777317e8	18958.63	-11.881388
-1.8695512e8	18921.682	-11.892593
-1.8613709e8	18884.812	-11.903927
-1.8531902e8	18847.816	-11.91513
-1.84501e8	18810.857	-11.926409
-1.8368294e8	18773.982	-11.937818
-1.828649e8	18737.045	-11.949142
-1.8204685e8	18700.123	-11.960511
-1.812288e8	18663.273	-11.97201
-1.8041077e8	18626.365	-11.983454
-1.7959272e8	18589.45	-11.994914
-1.7877467e8	18552.613	-12.006508
-1.7795662e8	18515.691	-12.018062
-1.7713858e8	18478.732	-12.029614
-1.7632054e8	18441.854	-12.041301
-1.755025e8	18404.904	-12.052961
-1.7468445e8	18367.904	-12.064613
-1.738664e8	18330.986	-12.076403
-1.7304835e8	18294.092	-12.088175
-1.7223032e8	18257.22	-12.09995
-1.7141227e8	18220.41	-12.111866
-1.7059422e8	18183.566	-12.123743
-1.6977618e8	18146.695	-12.135626
-1.6895813e8	18109.918	-12.147652
-1.681401e8	18073.127	-12.15962
-1.6732203e8	18036.373	-12.171618
-1.66504e8	17999.697	-12.183762
-1.6568595e8	17963.102	-12.1958275
-1.648679e8	17926.586	-12.207959
-1.6404986e8	17890.148	-12.22024
-1.632318e8	17853.877	-12.232409
-1.6241378e8	17817.703	-12.244686
-1.6159573e8	17781.592	-12.257107
-1.6077768e8	17745.566	-12.269366
-1.5995963e8	17709.62	-12.281776
-1.5914158e8	17673.738	-12.2942705
-1.5832355e8	17637.902	-12.306656
-1.575055e8	17602.14	-12.319197
-1.5668746e8	17566.445	-12.331746
-1.558694e8	17530.81	-12.344258
-1.5505136e8	17495.242	-12.356929
-1.5423333e8	17459.705	-12.369521
-1.5341528e8	17424.215	-12.382161
-1.5259723e8	17388.81	-12.394964
-1.5177918e8	17353.027	-12.407558
-1.5096114e8	17317.3	-12.420298
-1.501431e8	17281.504	-12.433103
-1.4932506e8	17245.365	-12.445795
-1.4850699e8	17209.316	-12.458651
-1.4768896e8	17173.123	-12.471477
-1.4687091e8	17136.867	-12.484337
-1.4605288e8	17100.703	-12.497363
-1.4523482e8	17064.48	-12.510272
-1.4441677e8	17028.336	-12.523338
-1.4359874e8	16992.172	-12.536463
-1.4278069e8	16955.918	-12.549548
-1.4196264e8	16919.74	-12.562808
-1.4114459e8	16883.396	-12.575983
-1.4032654e8	16847.059	-12.589254
-1.3950851e8	16810.76	-12.602632
-1.3869046e8	16774.346	-12.61592
-1.3787242e8	16738.021	-12.629387
-1.3705437e8	16701.758	-12.642817
-1.3623632e8	16665.568	-12.656326
-1.3541829e8	16629.46	-12.669959
-1.3460024e8	16593.38	-12.683508
-1.337822e8	16557.393	-12.697244
-1.3296414e8	16521.346	-12.710919
-1.321461e8	16485.334	-12.724681
-1.31328056e8	16449.365	-12.738543
-1.3051001e8	16413.336	-12.7523365
-1.2969197e8	16377.401	-12.766324
-1.2887392e8	16341.452	-12.780226
-1.2805587e8	16305.582	-12.794268
-1.2723783e8	16269.67	-12.808348
-1.26419784e8	16233.7	-12.82242
-1.2560174e8	16197.802	-12.836669
-1.247837e8	16161.887	-12.850787
-1.2396565e8	16126.066	-12.865107
-1.2314761e8	16090.377	-12.879383
-1.2232956e8	16054.791	-12.893767
-1.2151152e8	16019.312	-12.908216
-1.2069347e8	15983.925	-12.922657
-1.19875416e8	15948.618	-12.93727
-1.19057384e8	15913.256	-12.951748
-1.1823933e8	15877.981	-12.966438
-1.174213e8	15842.631	-12.981022
-1.1660324e8	15807.34	-12.995752
-1.1578519e8	15772.046	-13.010479
-1.1496715e8	15736.787	-13.02526
-1.141491e8	15701.449	-13.0401125
-1.13331064e8	15665.911	-13.05491
-1.12513016e8	15630.408	-13.069867
-1.1169497e8	15594.599	-13.084697
-1.1087693e8	15558.8955	-13.0997505
-1.1005888e8	15522.974	-13.114667
-1.0924084e8	15487.151	-13.129799
-1.0842279e8	15451.109	-13.144847
-1.07604744e8	15415.103	-13.160052
-1.067867e8	15378.984	-13.175227
-1.0596866e8	15342.876	-13.190511
-1.05150616e8	15306.787	-13.205813
-1.0433257e8	15270.741	-13.221188
-1.0351452e8	15234.777	-13.236618
-1.0269648e8	15198.9	-13.25209
-1.0187843e8	15162.993	-13.2676325
-1.0106039e8	15127.005	-13.28317
-1.00242344e8	15091.0	-13.2987995
-9.9424296e7	15054.882	-13.314415
-9.860626e7	15018.83	-13.330149
-9.778821e7	14982.815	-13.345887
-9.697016e7	14946.836	-13.361739
-9.615211e7	14910.8	-13.37758
-9.533407e7	14874.836	-13.393534
-9.4516024e7	14838.887	-13.409497
-9.369798e7	14803.024	-13.425566
-9.287994e7	14767.219	-13.4416685
-9.206189e7	14731.362	-13.457845
-9.124385e7	14695.422	-13.474066
-9.04258e7	14659.36	-13.490335
-8.960776e7	14623.221	-13.506694
-8.8789704e7	14586.849	-13.523069
-8.797166e7	14550.418	-13.5395775
-8.715362e7	14513.611	-13.556051
-8.6335576e7	14476.798	-13.572707
-8.551753e7	14439.775	-13.589317
-8.469948e7	14402.862	-13.6061535
-8.388144e7	14365.991	-13.622974
-8.306339e7	14329.198	-13.639992
-8.224535e7	14292.373	-13.657035
-8.1427304e7	14255.465	-13.674186
-8.060926e7	14218.436	-13.691406
-7.979122e7	14181.229	-13.708651
-7.897317e7	14144.032	-13.72606
-7.815513e7	14106.765	-13.743429
-7.733708e7	14069.628	-13.76101
-7.651904e7	14032.524	-13.778593
-7.5700984e7	13995.465	-13.796311
-7.488294e7	13958.408	-13.814119
-7.40649e7	13921.314	-13.831944
-7.3246856e7	13884.3125	-13.849963
-7.242881e7	13847.402	-13.867938
-7.161076e7	13810.533	-13.886075
-7.079272e7	13773.638	-13.904265
-6.997467e7	13736.467	-13.922438
-6.915663e7	13699.274	-13.940767
-6.8338584e7	13661.834	-13.959014
-6.7520536e7	13624.411	-13.977393
-6.6702492e7	13586.974	-13.995876
-6.588445e7	13549.645	-14.014353
-6.5066404e7	13512.533	-14.03301
-6.424836e7	13475.698	-14.051729
-6.3430308e7	13439.005	-14.07049
-6.2612264e7	13402.422	-14.0894
-6.179422e7	13365.707	-14.108256
-6.0976176e7	13328.733	-14.12714
-6.0158132e7	13291.589	-14.146124
-5.9340084e7	13253.805	-14.164975
-5.852204e7	13215.669	-14.183866
-5.7703996e7	13177.273	-14.202842
-5.688595e7	13138.191	-14.221721
-5.6067908e7	13098.68	-14.240649
-5.5249856e7	13058.847	-14.259677
-5.4431812e7	13018.315	-14.278678
-5.3613772e7	12976.76	-14.297631
-5.279573e7	12934.507	-14.316639
-5.1977684e7	12891.387	-14.33565
-5.115963e7	12847.493	-14.354653
-5.0341588e7	12803.295	-14.373792
-4.9523544e7	12758.775	-14.393064
-4.87055e7	12713.533	-14.412373
-4.7887452e7	12667.382	-14.43171
-4.706941e7	12620.586	-14.451138
-4.6251364e7	12573.205	-14.47066
-4.543332e7	12525.307	-14.490264
-4.4615276e7	12476.919	-14.50998
-4.3797228e7	12427.998	-14.529809
-4.2979184e7	12378.495	-14.549737
-4.216114e7	12328.324	-14.5697365
-4.1343092e7	12277.836	-14.589877
-4.052505e7	12227.3955	-14.610238
-3.9707004e7	12176.94	-14.630802
-3.888896e7	12126.269	-14.6515255
-3.8070916e7	12074.912	-14.672294
-3.7252868e7	12022.929	-14.693093
-3.6434824e7	11970.671	-14.714002
-3.561678e7	11918.185	-14.735013
-3.4798732e7	11865.204	-14.756078
-3.398069e7	11811.323	-14.777117
-3.3162642e7	11756.271	-14.79808
-3.2344598e7	11699.94	-14.818948
-3.1526554e7	11642.653	-14.839785
-3.0708506e7	11584.49	-14.860614
-2.9890462e7	11525.131	-14.881376
-2.9072416e7	11464.22	-14.902018
-2.8254372e7	11401.184	-14.922458
-2.7436328e7	11335.647	-14.942646
-2.6618282e7	11267.719	-14.962606
-2.5800238e7	11197.782	-14.982425
-2.4982192e7	11126.237	-15.002182
-2.4164146e7	11053.04	-15.021871
-2.33461e7	10977.717	-15.041411
-2.2528056e7	10900.177	-15.060786
-2.1710012e7	10820.4	-15.079979
-2.0891966e7	10737.699	-15.098863
-2.007392e7	10651.45	-15.117351
-1.9255876e7	10562.1045	-15.135548
-1.8437832e7	10470.019	-15.153553
-1.7619786e7	10373.951	-15.171212
-1.680174e7	10273.198	-15.188451
-1.5983695e7	10167.645	-15.205279
-1.5165649e7	10056.0	-15.221527
-1.4347605e7	9937.688	-15.237134
-1.352956e7	9812.429	-15.252061
-1.2711515e7	9679.228	-15.266118
-1.189347e7	9537.898	-15.279306
-1.1075424e7	9388.4	-15.291647
-1.025738e7	9228.193	-15.3027725
-9.439334e6	9053.348	-15.312161
-8.621289e6	8863.833	-15.319953
-7.803244e6	8663.792	-15.326924
-6.9851985e6	8457.053	-15.333725
-6.1671535e6	8246.176	-15.3408375
-5.3491085e6	8029.371	-15.348076
-4.5310635e6	7805.5674	-15.355202
-3.7130185e6	7575.701	-15.362441
-2.8949735e6	7340.2524	-15.36992
-2.0769281e6	7104.6045	-15.378325
-1.2588831e6	6876.62	-15.38879
-440838.0	6663.886	-15.40232
377207.12	6469.283	-15.419438
1.1952522e6	6291.831	-15.440219
2.0132974e6	6135.432	-15.465313
2.8313425e6	5999.239	-15.494653
3.6493875e6	5877.249	-15.527356
4.4674325e6	5766.7056	-15.5629
5.2854775e6	5667.6504	-15.601269
6.103523e6	5582.515	-15.642849
6.921568e6	5510.582	-15.687641
7.739613e6	5445.879	-15.73476
8.557658e6	5385.888	-15.783763
9.375703e6	5328.065	-15.834215
1.0193749e7	5271.9644	-15.886015
1.1011793e7	5216.698	-15.939015
1.1829839e7	5162.6953	-15.993293
1.2647884e7	5109.9146	-16.048782
1.3465929e7	5058.703	-16.10547
1.4283974e7	5008.5967	-16.163351
1.5102018e7	4959.469	-16.222422
1.5920064e7	4911.319	-16.28272
1.6738109e7	4864.32	-16.34433
1.7556154e7	4818.789	-16.407337
1.83742e7	4775.083	-16.471838
1.9192244e7	4733.513	-16.53763
2.001029e7	4694.1846	-16.604515
2.0828334e7	4657.14	-16.672956
2.164638e7	4622.532	-16.743017
2.2464426e7	4590.492	-16.814764
2.328247e7	4561.153	-16.887888
2.4100516e7	4534.6333	-16.961643
2.491856e7	4510.799	-17.037176
2.5736606e7	4489.81	-17.114624
2.655465e7	4471.9844	-17.1941
2.7372696e7	4458.418	-17.27353
2.819074e7	4447.885	-17.354893
2.9008784e7	4440.016	-17.43823
2.9826832e7	4434.159	-17.522799
3.0644876e7	4429.405	-17.606407
3.1462922e7	4425.698	-17.691385
3.2280966e7	4422.4805	-17.77768
3.309901e7	4415.745	-17.86154
3.3917056e7	4406.7305	-17.94538
3.47351e7	4396.752	-18.030489
3.5553148e7	4385.6587	-18.114727
3.637119e7	4373.219	-18.198202
3.7189236e7	4360.437	-18.283329
3.8007284e7	4345.883	-18.367743
3.882533e7	4329.8467	-18.450756
3.9643372e7	4314.102	-18.535543
4.046142e7	4298.0405	-18.619097
4.127946e7	4281.1074	-18.701582
4.2097508e7	4264.368	-18.786007
4.291555e7	4245.472	-18.867977
4.3733596e7	4225.98	-18.950527
4.4551644e7	4206.376	-19.03534
4.536969e7	4185.0654	-19.116182
4.6187736e7	4164.1626	-19.199806
4.700578e7	4143.1074	-19.283373
4.7823824e7	4121.5874	-19.365953
4.8641868e7	4100.5225	-19.451717
4.945991e7	4076.5583	-19.534113
5.027796e7	4052.2583	-19.61915
5.1096004e7	4026.754	-19.704334
5.191405e7	3997.3281	-19.788698
5.2732092e7	3968.2437	-19.876795
5.3550144e7	3930.3562	-19.960485
5.4368184e7	3893.3384	-20.048473
5.5186228e7	3851.4219	-20.13431
5.600427e7	3809.8079	-20.221773
5.6822316e7	3767.8394	-20.309973
5.764037e7	3722.996	-20.396616
5.8458412e7	3679.4167	-20.48664
5.9276456e7	3633.5266	-20.571735
6.00945e7	3590.5217	-20.661974
6.0912544e7	3546.2239	-20.74586
6.173059e7	3505.038	-20.834352
6.2548636e7	3465.4307	-20.918573
6.336668e7	3427.9602	-21.005623
6.4184724e7	3391.8633	-21.090202
6.500277e7	3357.0945	-21.176193
6.582082e7	3323.3843	-21.261192
6.6638864e7	3290.54	-21.346489
6.7456904e7	3258.7446	-21.431894
6.827495e7	3228.4084	-21.516743
6.909299e7	3199.8328	-21.60239
6.991104e7	3173.4539	-21.686853
7.072909e7	3149.0093	-21.772392
7.154714e7	3126.0146	-21.856598
7.2365176e7	3104.3564	-21.941906
7.3183224e7	3082.6526	-22.027092
7.400126e7	3061.2283	-22.11399
7.481931e7	3040.3623	-22.201574
7.563736e7	3020.0378	-22.290565
7.64554e7	3001.2605	-22.379683
7.727345e7	2983.5679	-22.467102
7.809149e7	2965.2266	-22.554617
7.8909544e7	2945.7024	-22.635733
7.972758e7	2925.1814	-22.718157
8.054563e7	2901.71	-22.79201
8.136367e7	2878.91	-22.86853
8.218171e7	2856.0588	-22.936537
8.299977e7	2833.9343	-23.00822
8.381781e7	2813.4468	-23.07224
8.463586e7	2793.455	-23.140644
