-2.8013757e8	23787.96	-10.662393
-2.7931782e8	23746.236	-10.670368
-2.7849805e8	23704.586	-10.678408
-2.776783e8	23663.014	-10.686512
-2.7685856e8	23621.506	-10.694683
-2.760388e8	23579.725	-10.702805
-2.7521904e8	23537.672	-10.710884
-2.743993e8	23495.703	-10.719029
-2.7357952e8	23453.797	-10.7272415
-2.7275978e8	23411.9	-10.735503
-2.7194003e8	23369.303	-10.743624
-2.7112026e8	23326.781	-10.75181
-2.703005e8	23284.342	-10.760065
-2.6948077e8	23241.984	-10.768388
-2.68661e8	23199.129	-10.776587
-2.6784125e8	23156.098	-10.784766
-2.6702149e8	23113.146	-10.793012
-2.6620173e8	23070.285	-10.801327
-2.6538198e8	23027.39	-10.809639
-2.6456222e8	22984.402	-10.8178835
-2.637425e8	22941.49	-10.826196
-2.6292274e8	22898.664	-10.8345785
-2.6210299e8	22855.922	-10.843025
-2.6128323e8	22813.484	-10.85141
-2.6046347e8	22771.123	-10.859867
-2.5964373e8	22728.844	-10.868395
-2.5882397e8	22686.645	-10.876997
-2.5800421e8	22644.72	-10.885513
-2.5718446e8	22602.93	-10.894063
-2.563647e8	22561.22	-10.902686
-2.5554494e8	22519.578	-10.911386
-2.547252e8	22478.09	-10.920037
-2.5390544e8	22436.72	-10.928681
-2.5308568e8	22395.424	-10.9374
-2.5226594e8	22354.225	-10.946196
-2.5144618e8	22313.098	-10.954974
-2.5062642e8	22272.084	-10.963706
-2.4980667e8	22231.143	-10.972514
-2.4898691e8	22190.285	-10.9814005
-2.4816715e8	22149.49	-10.990296
-2.4734741e8	22108.781	-10.999125
-2.4652765e8	22068.146	-11.008031
-2.4570789e8	22027.582	-11.017017
-2.4488814e8	21987.084	-11.026026
-2.4406838e8	21946.604	-11.034947
-2.4324862e8	21906.191	-11.04395
-2.4242888e8	21865.861	-11.053034
-2.4160912e8	21825.586	-11.062146
-2.4078936e8	21785.3	-11.071167
-2.3996962e8	21745.09	-11.080269
-2.3914986e8	21704.951	-11.089455
-2.383301e8	21664.844	-11.098665
-2.3751035e8	21624.66	-11.107783
-2.366906e8	21584.547	-11.116984
-2.3587083e8	21544.525	-11.126272
-2.3505109e8	21504.512	-11.135572
-2.3423133e8	21464.463	-11.144803
-2.3341157e8	21424.488	-11.154119
-2.3259184e8	21384.594	-11.163523
-2.317721e8	21344.709	-11.172918
-2.3095234e8	21304.818	-11.182272
-2.3013258e8	21264.998	-11.191713
-2.2931283e8	21225.268	-11.201244
-2.2849307e8	21185.547	-11.210736
-2.2767331e8	21145.867	-11.22022
-2.2685357e8	21106.262	-11.2297945
-2.2603381e8	21066.732	-11.239462
-2.2521405e8	21027.268	-11.249046
-2.243943e8	20987.875	-11.258668
-2.2357454e8	20948.56	-11.268384
-2.2275478e8	20909.32	-11.278194
-2.2193504e8	20870.213	-11.287868
-2.2111528e8	20831.188	-11.297634
-2.2029552e8	20792.225	-11.307498
-2.1947578e8	20753.346	-11.317392
-2.1865602e8	20714.562	-11.327202
-2.1783626e8	20675.854	-11.33711
-2.1701651e8	20637.203	-11.347116
-2.1619675e8	20598.582	-11.357068
-2.15377e8	20559.994	-11.367008
-2.1455725e8	20521.467	-11.377047
-2.1373749e8	20483.021	-11.387188
-2.1291773e8	20444.494	-11.397166
-2.1209798e8	20406.021	-11.407227
-2.1127822e8	20367.617	-11.41739
-2.1045846e8	20329.275	-11.4275675
-2.0963872e8	20290.957	-11.437666
-2.0881896e8	20252.72	-11.447867
-2.079992e8	20214.543	-11.458174
-2.0717946e8	20176.273	-11.468372
-2.063597e8	20138.021	-11.478608
-2.0553994e8	20099.844	-11.488951
-2.047202e8	20061.719	-11.499337
-2.0390043e8	20023.566	-11.509625
-2.0308067e8	19985.482	-11.5200205
-2.0226093e8	19947.48	-11.530525
-2.014412e8	19909.506	-11.540938
-2.0062144e8	19871.592	-11.551392
-1.9980166e8	19833.738	-11.561955
-1.9898192e8	19795.965	-11.572553
-1.9816216e8	19758.277	-11.58307
-1.973424e8	19720.662	-11.5936985
-1.9652266e8	19683.12	-11.604442
-1.957029e8	19645.54	-11.615041
-1.9488314e8	19608.01	-11.625716
-1.9406341e8	19570.56	-11.636507
-1.9324365e8	19533.16	-11.647269
-1.9242389e8	19495.795	-11.658002
-1.9160414e8	19458.512	-11.668851
-1.9078438e8	19421.268	-11.679773
-1.8996462e8	19384.0	-11.690569
-1.8914488e8	19346.8	-11.701482
-1.8832512e8	19309.68	-11.712516
-1.8750536e8	19272.55	-11.723431
-1.8668562e8	19235.496	-11.734425
-1.8586586e8	19198.502	-11.745541
-1.850461e8	19161.441	-11.756608
-1.8422635e8	19124.36	-11.767674
-1.834066e8	19087.352	-11.778866
-1.8258683e8	19050.338	-11.79008
-1.8176709e8	19013.244	-11.8012295
-1.8094733e8	18976.227	-11.812504
-1.8012757e8	18939.24	-11.82386
-1.7930782e8	18902.098	-11.83509
-1.7848808e8	18865.031	-11.846447
-1.7766832e8	18828.031	-11.857935
-1.7684856e8	18790.947	-11.86926
-1.7602882e8	18753.947	-11.880713
-1.7520906e8	18717.004	-11.8923
-1.743893e8	18679.95	-11.903753
-1.7356955e8	18642.932	-11.915298
-1.727498e8	18605.99	-11.926978
-1.7193003e8	18569.1	-11.938573
-1.7111029e8	18532.268	-11.950238
-1.7029053e8	18495.52	-11.962041
-1.6947077e8	18458.71	-11.973761
-1.6865102e8	18421.918	-11.985527
-1.6783126e8	18385.215	-11.997435
-1.670115e8	18348.408	-12.00926
-1.6619176e8	18311.607	-12.021122
-1.65372e8	18274.883	-12.033127
-1.6455224e8	18238.094	-12.045055
-1.637325e8	18201.316	-12.057027
-1.6291275e8	18164.62	-12.069143
-1.62093e8	18127.922	-12.081184
-1.6127325e8	18091.275	-12.0932865
-1.6045349e8	18054.71	-12.105537
-1.5963373e8	18018.104	-12.117683
-1.5881398e8	17981.545	-12.129911
-1.5799422e8	17945.068	-12.142292
-1.5717446e8	17908.562	-12.154529
-1.5635472e8	17872.117	-12.1668825
-1.5553496e8	17835.74	-12.179379
-1.547152e8	17799.24	-12.191694
-1.5389546e8	17762.82	-12.204163
-1.530757e8	17726.434	-12.216718
-1.5225594e8	17689.951	-12.229151
-1.514362e8	17653.555	-12.24174
-1.5061643e8	17617.08	-12.25435
-1.4979667e8	17580.473	-12.266902
-1.4897693e8	17543.95	-12.2796135
-1.4815717e8	17507.223	-12.292269
-1.4733742e8	17470.42	-12.304952
-1.4651766e8	17433.69	-12.317797
-1.4569792e8	17396.771	-12.330517
-1.4487816e8	17359.9	-12.34336
-1.440584e8	17323.078	-12.3563175
-1.4323866e8	17286.176	-12.369175
-1.424189e8	17249.354	-12.3822
-1.4159914e8	17212.512	-12.395237
-1.407794e8	17175.639	-12.408272
-1.3995963e8	17138.836	-12.421478
-1.3913987e8	17102.025	-12.4345875
-1.3832013e8	17065.271	-12.447812
-1.3750037e8	17028.584	-12.461148
-1.366806e8	16991.912	-12.474396
-1.3586086e8	16955.326	-12.487821
-1.350411e8	16918.832	-12.501232
-1.3422134e8	16882.426	-12.514695
-1.334016e8	16846.104	-12.528329
-1.3258184e8	16809.805	-12.541818
-1.317621e8	16773.594	-12.55549
-1.30942344e8	16737.367	-12.569169
-1.3012259e8	16701.129	-12.582849
-1.2930283e8	16664.975	-12.596718
-1.2848308e8	16628.684	-12.610411
-1.2766333e8	16592.475	-12.624286
-1.2684357e8	16556.303	-12.638182
-1.26023816e8	16520.166	-12.652092
-1.2520406e8	16484.123	-12.666186
-1.243843e8	16448.11	-12.680141
-1.2356455e8	16412.18	-12.694295
-1.227448e8	16376.233	-12.708427
-1.2192505e8	16340.304	-12.722614
-1.2110529e8	16304.402	-12.73693
-1.2028554e8	16268.345	-12.75114
-1.19465784e8	16232.387	-12.765554
-1.18646024e8	16196.289	-12.779865
-1.1782627e8	16160.24	-12.7943125
-1.1700652e8	16124.151	-12.808793
-1.16186776e8	16088.018	-12.8232765
-1.15367016e8	16051.945	-12.83792
-1.1454726e8	16015.708	-12.852444
-1.1372751e8	15979.564	-12.867182
-1.1290775e8	15943.16	-12.881808
-1.12088e8	15906.784	-12.8965845
-1.1126825e8	15870.162	-12.911357
-1.1044849e8	15833.376	-12.926167
-1.0962874e8	15796.449	-12.941075
-1.08808984e8	15759.103	-12.955918
-1.07989224e8	15721.823	-12.970959
-1.0716947e8	15684.186	-12.985882
-1.0634972e8	15646.658	-13.001032
-1.0552996e8	15609.229	-13.016145
-1.0471021e8	15571.911	-13.031447
-1.03890456e8	15534.709	-13.046759
-1.030707e8	15497.624	-13.062205
-1.0225094e8	15460.5625	-13.077691
-1.0143119e8	15423.535	-13.093243
-1.0061145e8	15386.474	-13.10887
-9.979169e7	15349.302	-13.124489
-9.897194e7	15312.124	-13.140229
-9.815218e7	15274.737	-13.155909
-9.7332424e7	15237.406	-13.171756
-9.651267e7	15199.958	-13.187532
-9.569292e7	15162.586	-13.203505
-9.487317e7	15125.002	-13.2193775
-9.405341e7	15087.471	-13.235462
-9.3233656e7	15049.387	-13.2513895
-9.24139e7	15011.384	-13.267538
-9.159414e7	14972.83	-13.283531
-9.077439e7	14934.382	-13.29975
-8.995464e7	14895.6455	-13.315865
-8.913488e7	14857.035	-13.332204
-8.831514e7	14818.295	-13.348477
-8.7495384e7	14779.686	-13.364968
-8.6675624e7	14741.104	-13.38144
-8.585587e7	14702.698	-13.398117
-8.503612e7	14664.511	-13.41482
-8.421636e7	14626.473	-13.431692
-8.339661e7	14588.572	-13.448594
-8.2576856e7	14550.643	-13.465595
-8.1757096e7	14512.6	-13.482617
-8.093735e7	14474.46	-13.499675
-8.011759e7	14436.28	-13.516811
-7.929784e7	14398.369	-13.533974
-7.847809e7	14360.664	-13.551316
-7.765833e7	14323.436	-13.568622
-7.683858e7	14286.405	-13.586153
-7.6018824e7	14249.584	-13.603555
-7.5199064e7	14212.885	-13.621137
-7.437931e7	14176.282	-13.638676
-7.355956e7	14139.584	-13.656274
-7.273981e7	14102.797	-13.673924
-7.1920056e7	14065.527	-13.691491
-7.11003e7	14028.193	-13.709226
-7.028054e7	13990.172	-13.726784
-6.946079e7	13951.985	-13.744505
-6.864104e7	13913.178	-13.762186
-6.782128e7	13874.026	-13.779921
-6.700153e7	13834.729	-13.797799
-6.6181772e7	13795.273	-13.815685
-6.5362024e7	13755.854	-13.833774
-6.4542268e7	13716.249	-13.851927
-6.3722516e7	13676.387	-13.870171
-6.290276e7	13636.471	-13.888604
-6.2083004e7	13596.493	-13.907061
-6.1263252e7	13556.7	-13.925736
-6.0443496e7	13517.058	-13.944573
-5.9623744e7	13477.284	-13.963437
-5.8803988e7	13437.461	-13.982465
-5.798423e7	13397.273	-14.001476
-5.7164484e7	13356.865	-14.020515
-5.634473e7	13316.431	-14.0397
-5.5524976e7	13275.857	-14.058872
-5.470522e7	13235.158	-14.078123
-5.3885464e7	13194.357	-14.097512
-5.306571e7	13152.92	-14.11683
-5.2245956e7	13110.779	-14.136158
-5.1426204e7	13068.127	-14.155564
-5.060645e7	13024.466	-14.1748905
-4.9786696e7	12980.054	-14.194225
-4.896694e7	12935.257	-14.213673
-4.8147188e7	12890.03	-14.233189
-4.7327436e7	12844.623	-14.252792
-4.650768e7	12799.408	-14.272602
-4.5687924e7	12754.425	-14.292626
-4.4868172e7	12709.551	-14.312765
-4.4048416e7	12664.549	-14.333033
-4.3228664e7	12619.349	-14.353427
-4.240891e7	12573.838	-14.373902
-4.1589156e7	12527.554	-14.394293
-4.07694e7	12481.261	-14.414808
-3.994965e7	12435.15	-14.435473
-3.9129896e7	12389.3955	-14.456319
-3.831014e7	12344.018	-14.4772415
-3.7490384e7	12298.768	-14.4982815
-3.667063e7	12253.484	-14.519418
-3.585088e7	12208.097	-14.540637
-3.5031124e7	12162.668	-14.561942
-3.4211372e7	12117.129	-14.583253
-3.3391616e7	12071.599	-14.604657
-3.2571862e7	12026.011	-14.626136
-3.175211e7	11980.21	-14.647655
-3.0932354e7	11934.015	-14.669175
-3.01126e7	11887.249	-14.6906595
-2.9292846e7	11839.775	-14.712081
-2.8473092e7	11791.257	-14.7333765
-2.765334e7	11741.429	-14.754523
-2.6833584e7	11690.02	-14.775489
-2.601383e7	11636.969	-14.796293
-2.5194076e7	11582.271	-14.81695
-2.4374322e7	11525.978	-14.837479
-2.355457e7	11468.124	-14.857895
-2.2734814e7	11408.597	-14.878193
-2.191506e7	11347.261	-14.898357
-2.1095308e7	11284.296	-14.918421
-2.0275552e7	11220.013	-14.938452
-1.94558e7	11154.645	-14.95848
-1.8636044e7	11088.06	-14.978457
-1.781629e7	11019.849	-14.998305
-1.6996538e7	10949.703	-15.017953
-1.6176783e7	10877.178	-15.037309
-1.5357029e7	10801.749	-15.056306
-1.4537275e7	10723.327	-15.074948
-1.3717522e7	10641.484	-15.093198
-1.2897767e7	10555.007	-15.110889
-1.2078013e7	10463.029	-15.127927
-1.1258259e7	10365.396	-15.144349
-1.0438505e7	10261.937	-15.16014
-9.618751e6	10152.127	-15.175252
-8.798997e6	10035.7	-15.1897
-7.979243e6	9911.143	-15.203288
-7.1594895e6	9776.272	-15.215759
-6.3397355e6	9631.556	-15.2272215
-5.5199815e6	9477.33	-15.237802
-4.7002275e6	9311.845	-15.247258
-3.8804732e6	9134.283	-15.255537
-3.0607192e6	8943.658	-15.262642
-2.2409652e6	8737.621	-15.268242
-1.4212115e6	8515.305	-15.272326
-601457.44	8276.988	-15.275105
218296.52	8022.838	-15.276621
1.03805044e6	7754.9565	-15.277271
1.8578045e6	7478.169	-15.277839
2.6775582e6	7196.854	-15.278957
3.4973125e6	6915.691	-15.281451
4.3170665e6	6646.763	-15.287125
5.1368205e6	6408.7866	-15.298442
5.956574e6	6209.927	-15.316406
6.7763285e6	6043.5513	-15.340194
7.596082e6	5905.7354	-15.369402
8.415836e6	5792.045	-15.40338
9.23559e6	5697.04	-15.441383
1.0055345e7	5613.1123	-15.482391
1.0875098e7	5537.512	-15.525898
1.1694852e7	5466.513	-15.571292
1.2514606e7	5398.922	-15.618455
1.3334361e7	5332.5547	-15.666982
1.4154114e7	5266.371	-15.716709
1.4973868e7	5199.4146	-15.767397
1.5793622e7	5130.549	-15.818874
1.6613376e7	5059.452	-15.871176
1.743313e7	4985.86	-15.924238
1.8252884e7	4910.1045	-15.978177
1.9072638e7	4832.94	-16.033144
1.9892392e7	4755.1255	-16.089273
2.0712146e7	4677.088	-16.14676
2.15319e7	4599.322	-16.2052
2.2351654e7	4522.524	-16.265144
2.3171408e7	4447.4478	-16.326752
2.3991162e7	4374.92	-16.390247
2.4810916e7	4305.765	-16.45592
2.563067e7	4241.977	-16.52348
2.6450422e7	4183.807	-16.59346
2.7270178e7	4131.064	-16.666162
2.8089932e7	4083.647	-16.74173
2.8909686e7	4041.8218	-16.819427
2.972944e7	4004.8728	-16.89888
3.0549192e7	3971.4475	-16.98093
3.1368948e7	3941.2383	-17.065731
3.2188702e7	3914.4192	-17.151827
3.3008456e7	3890.2507	-17.239388
3.3828212e7	3868.4402	-17.329525
3.4647964e7	3848.76	-17.422146
3.5467716e7	3829.2305	-17.512892
3.628747e7	3811.5156	-17.605959
3.7107228e7	3795.3484	-17.701477
3.7926976e7	3779.2744	-17.795616
3.8746732e7	3763.803	-17.890583
3.956649e7	3749.01	-17.987999
4.038624e7	3733.6094	-18.084234
4.1205996e7	3718.8208	-18.179993
4.2025748e7	3705.18	-18.278078
4.2845504e7	3691.57	-18.37414
4.3665256e7	3679.5107	-18.468836
4.4485012e7	3668.8237	-18.565468
4.530477e7	3656.7715	-18.658035
4.6124516e7	3645.0586	-18.750063
4.694427e7	3634.2058	-18.844128
4.7764028e7	3620.0762	-18.932673
4.858378e7	3606.4177	-19.02285
4.9403536e7	3592.9712	-19.113861
5.0223292e7	3577.2603	-19.200377
5.1043044e7	3562.7114	-19.289545
5.1862796e7	3549.318	-19.376463
5.2682548e7	3535.232	-19.462458
5.3502304e7	3521.4917	-19.550524
5.4322056e7	3508.8855	-19.633654
5.5141812e7	3496.8933	-19.71975
5.596157e7	3483.6345	-19.803194
5.678132e7	3472.1467	-19.886536
5.7601076e7	3462.379	-19.971867
5.842083e7	3450.1133	-20.052494
5.9240584e7	3439.3027	-20.136602
6.0060336e7	3430.8655	-20.217512
6.088009e7	3422.075	-20.299967
6.1699844e7	3411.9045	-20.380907
6.25196e7	3403.1006	-20.461231
6.333935e7	3396.2095	-20.54372
6.4159108e7	3384.0	-20.62168
6.497886e7	3372.8933	-20.703472
6.5798616e7	3361.7766	-20.780972
6.6618372e7	3350.8884	-20.862278
6.743812e7	3333.4272	-20.939226
6.825787e7	3317.4023	-21.018661
6.907763e7	3302.105	-21.097103
6.9897384e7	3284.276	-21.175259
7.071714e7	3263.4429	-21.251894
7.15369e7	3245.0818	-21.328066
7.235665e7	3229.1611	-21.405352
7.31764e7	3209.1565	-21.479294
7.399616e7	3188.5056	-21.554033
7.481591e7	3172.684	-21.626923
7.5635656e7	3160.1772	-21.702545
7.6455416e7	3142.932	-21.773922
7.727517e7	3126.073	-21.84767
7.809492e7	3114.784	-21.919569
7.891468e7	3106.534	-21.995012
7.973443e7	3090.8752	-22.065254
8.0554184e7	3074.9182	-22.13782
8.1373944e7	3065.8271	-22.20844
8.21937e7	3060.1284	-22.28212
8.301345e7	3044.4407	-22.352127
8.38332e7	3026.0452	-22.423716
8.465295e7	3013.1262	-22.495068
8.547271e7	3003.4937	-22.568798
8.629246e7	2986.5283	-22.642365
8.7112216e7	2964.091	-22.716957
8.7931976e7	2941.3	-22.790388
8.875173e7	2918.0532	-22.860577
8.957148e7	2898.6794	-22.930485
9.039124e7	2886.0159	-22.9943
9.1210984e7	2872.211	-23.059364
9.203074e7	2852.496	-23.117891
9.28505e7	2834.3342	-23.179146
9.367025e7	2823.9395	-23.236935
9.449e7	2814.0603	-23.298267
