-1.0164463e10	14708.258	-10.400266
-1.0131703e10	14688.958	-10.407669
-1.0098942e10	14669.685	-10.415129
-1.0066181e10	14650.431	-10.422644
-1.003342e10	14631.207	-10.430216
-1.0000659e10	14612.016	-10.437846
-9.9679e9	14592.785	-10.445526
-9.935139e9	14572.763	-10.453136
-9.902378e9	14552.767	-10.460806
-9.869617e9	14532.802	-10.468534
-9.836857e9	14512.861	-10.476323
-9.804097e9	14492.944	-10.484173
-9.771336e9	14472.825	-10.49205
-9.738575e9	14451.955	-10.499876
-9.705814e9	14431.119	-10.507763
-9.673054e9	14410.312	-10.515713
-9.640293e9	14389.538	-10.5237255
-9.607533e9	14368.79	-10.531804
-9.574772e9	14347.661	-10.539878
-9.542011e9	14326.163	-10.547949
-9.509251e9	14304.698	-10.556085
-9.47649e9	14283.26	-10.564287
-9.443729e9	14261.865	-10.572558
-9.410969e9	14240.503	-10.580898
-9.378208e9	14218.572	-10.589108
-9.345448e9	14196.596	-10.59736
-9.312687e9	14174.658	-10.6056795
-9.279926e9	14152.758	-10.61407
-9.247165e9	14130.889	-10.62253
-9.214405e9	14108.865	-10.63095
-9.181645e9	14086.564	-10.639245
-9.148884e9	14064.298	-10.64761
-9.116123e9	14042.071	-10.656044
-9.083362e9	14019.871	-10.664551
-9.050601e9	13997.715	-10.67313
-9.017842e9	13975.376	-10.681503
-8.985081e9	13953.0625	-10.689935
-8.95232e9	13930.782	-10.698438
-8.919559e9	13908.546	-10.707014
-8.886799e9	13886.342	-10.715664
-8.854039e9	13863.968	-10.724195
-8.821278e9	13841.522	-10.732692
-8.788517e9	13819.118	-10.741263
-8.755756e9	13796.747	-10.7499075
-8.722996e9	13774.41	-10.758628
-8.690235e9	13752.007	-10.767296
-8.657475e9	13729.518	-10.775879
-8.624714e9	13707.066	-10.784535
-8.591953e9	13684.653	-10.793268
-8.5591926e9	13662.277	-10.802078
-8.526432e9	13639.864	-10.810868
-8.493672e9	13617.354	-10.819547
-8.4609116e9	13594.88	-10.8283
-8.428151e9	13572.444	-10.837132
-8.3953905e9	13550.049	-10.846043
-8.3626296e9	13527.631	-10.854938
-8.3298693e9	13505.151	-10.86372
-8.2971085e9	13482.707	-10.872581
-8.2643476e9	13460.302	-10.88152
-8.2315873e9	13437.933	-10.890541
-8.1988265e9	13415.486	-10.899514
-8.166066e9	13392.918	-10.908395
-8.1333053e9	13370.384	-10.917355
-8.1005445e9	13347.891	-10.926396
-8.067784e9	13325.442	-10.935519
-8.0350234e9	13302.805	-10.944535
-8.002263e9	13280.064	-10.953511
-7.969502e9	13257.365	-10.962567
-7.936742e9	13234.704	-10.971706
-7.903981e9	13212.083	-10.98093
-7.87122e9	13189.123	-10.989957
-7.83846e9	13166.156	-10.999028
-7.805699e9	13143.225	-11.0081835
-7.772939e9	13120.34	-11.017423
-7.740178e9	13097.355	-11.026666
-7.707417e9	13074.001	-11.035751
-7.674657e9	13050.688	-11.044919
-7.641896e9	13027.418	-11.0541725
-7.6091356e9	13004.188	-11.063512
-7.576375e9	12980.643	-11.072717
-7.543614e9	12956.991	-11.081914
-7.5108536e9	12933.38	-11.091198
-7.478093e9	12909.816	-11.100568
-7.4453325e9	12886.148	-11.109946
-7.4125716e9	12862.078	-11.119173
-7.3798113e9	12838.049	-11.128487
-7.3470505e9	12814.073	-11.137887
-7.3142897e9	12790.14	-11.147377
-7.2815293e9	12765.727	-11.15668
-7.2487685e9	12741.293	-11.166033
-7.216008e9	12716.902	-11.175473
-7.1832474e9	12692.57	-11.185003
-7.1504865e9	12667.876	-11.194435
-7.117726e9	12642.961	-11.203825
-7.0849654e9	12618.092	-11.213304
-7.052205e9	12593.28	-11.222873
-7.019444e9	12568.259	-11.23241
-6.986684e9	12542.887	-11.241842
-6.953923e9	12517.566	-11.251364
-6.921162e9	12492.296	-11.260977
-6.888402e9	12466.887	-11.270598
-6.855641e9	12440.979	-11.280072
-6.822881e9	12415.129	-11.289637
-6.79012e9	12389.327	-11.299293
-6.757359e9	12363.4	-11.308975
-6.724599e9	12336.88	-11.3185005
-6.691838e9	12310.416	-11.328117
-6.6590776e9	12284.011	-11.337828
-6.626317e9	12257.465	-11.347558
-6.593556e9	12230.382	-11.357154
-6.5607956e9	12203.36	-11.366843
-6.528035e9	12176.397	-11.376627
-6.4952745e9	12149.249	-11.386403
-6.4625137e9	12121.711	-11.396082
-6.4297533e9	12094.236	-11.405856
-6.3969925e9	12066.822	-11.415727
-6.3642317e9	12039.082	-11.425534
-6.3314714e9	12011.064	-11.4353
-6.2987105e9	11983.116	-11.445163
-6.26595e9	11955.227	-11.455123
-6.2331894e9	11926.876	-11.464947
-6.2004285e9	11898.455	-11.474806
-6.167668e9	11870.102	-11.484763
-6.1349074e9	11841.75	-11.494785
-6.102147e9	11812.965	-11.504644
-6.069386e9	11784.248	-11.514603
-6.036626e9	11755.607	-11.524661
-6.0038656e9	11726.691	-11.534665
-5.971105e9	11697.526	-11.544623
-5.9383444e9	11668.44	-11.554683
-5.9055836e9	11639.419	-11.564844
-5.872823e9	11609.662	-11.574815
-5.8400625e9	11579.969	-11.584882
-5.8073016e9	11550.355	-11.595051
-5.7745413e9	11520.363	-11.605174
-5.7417805e9	11490.03	-11.615259
-5.7090196e9	11459.78	-11.625447
-5.6762593e9	11429.494	-11.635705
-5.6434985e9	11398.451	-11.645813
-5.610738e9	11367.491	-11.656024
-5.5779773e9	11336.627	-11.666341
-5.5452165e9	11305.029	-11.676541
-5.512456e9	11273.305	-11.686785
-5.4796954e9	11241.678	-11.697135
-5.446935e9	11209.687	-11.70746
-5.414174e9	11177.378	-11.717769
-5.381414e9	11145.163	-11.728184
-5.348653e9	11112.841	-11.738633
-5.315892e9	11080.153	-11.749022
-5.283132e9	11047.563	-11.759519
-5.250371e9	11014.974	-11.770085
-5.217611e9	10981.959	-11.780547
-5.18485e9	10949.046	-11.791121
-5.152089e9	10916.17	-11.8017845
-5.119329e9	10882.661	-11.8123045
-5.086568e9	10849.26	-11.822936
-5.0538076e9	10815.911	-11.833666
-5.021047e9	10781.767	-11.844236
-4.9882865e9	10747.741	-11.854919
-4.9555256e9	10713.735	-11.865695
-4.922765e9	10678.945	-11.876334
-4.8900045e9	10644.269	-11.887087
-4.8572436e9	10609.535	-11.897908
-4.8244833e9	10574.057	-11.908616
-4.7917225e9	10538.703	-11.919439
-4.7589617e9	10503.08	-11.93029
-4.7262013e9	10466.743	-11.941062
-4.6934405e9	10430.542	-11.951951
-4.66068e9	10393.798	-11.96282
-4.6279194e9	10356.587	-11.973678
-4.5951585e9	10319.511	-11.984654
-4.562398e9	10281.6455	-11.995546
-4.5296374e9	10243.725	-12.006512
-4.496877e9	10205.736	-12.017546
-4.464116e9	10167.178	-12.028521
-4.431356e9	10128.773	-12.0396185
-4.3985956e9	10089.763	-12.050658
-4.365835e9	10050.676	-12.061765
-4.3330744e9	10011.26	-12.07289
-4.3003136e9	9971.345	-12.083998
-4.267553e9	9931.373	-12.0951805
-4.2347924e9	9890.719	-12.106308
-4.2020316e9	9850.136	-12.117537
-4.169271e9	9808.855	-12.128706
-4.1365105e9	9767.631	-12.139974
-4.10375e9	9725.791	-12.151204
-4.0709893e9	9683.951	-12.1625185
-4.0382285e9	9641.758	-12.173843
-4.005468e9	9599.371	-12.185214
-3.9727073e9	9556.804	-12.196635
-3.9399468e9	9513.91	-12.20806
-3.9071862e9	9470.98	-12.219557
-3.8744256e9	9427.833	-12.231077
-3.8416648e9	9384.302	-12.242602
-3.8089042e9	9340.513	-12.254161
-3.7761436e9	9296.319	-12.265726
-3.743383e9	9251.466	-12.277259
-3.7106225e9	9206.143	-12.288799
-3.677862e9	9160.316	-12.3003435
-3.645101e9	9113.997	-12.311892
-3.6123405e9	9067.168	-12.323441
-3.57958e9	9019.935	-12.335004
-3.5468193e9	8972.363	-12.346594
-3.5140588e9	8924.4795	-12.358213
-3.4812982e9	8876.221	-12.369857
-3.4485373e9	8827.52	-12.381516
-3.4157768e9	8778.393	-12.393194
-3.3830162e9	8728.956	-12.404909
-3.3502556e9	8679.321	-12.416674
-3.317495e9	8629.377	-12.428478
-3.2847345e9	8578.978	-12.440302
-3.2519736e9	8527.966	-12.452121
-3.219213e9	8476.467	-12.463958
-3.1864527e9	8424.638	-12.47584
-3.1536922e9	8372.559	-12.487776
-3.1209313e9	8320.224	-12.499764
-3.0881708e9	8267.6455	-12.511807
-3.0554102e9	8214.744	-12.523892
-3.0226496e9	8161.636	-12.53603
-2.989889e9	8108.3774	-12.548226
-2.9571284e9	8054.827	-12.560464
-2.9243676e9	8000.8154	-12.572719
-2.891607e9	7946.4023	-12.585
-2.8588465e9	7891.6416	-12.597316
-2.826086e9	7836.4766	-12.609656
-2.7933253e9	7780.862	-12.622015
-2.7605647e9	7724.8545	-12.634394
-2.727804e9	7668.6597	-12.646825
-2.6950433e9	7612.3813	-12.659325
-2.6622828e9	7555.961	-12.671888
-2.6295222e9	7499.2256	-12.684485
-2.5967616e9	7442.1055	-12.697105
-2.5640008e9	7384.661	-12.709764
-2.5312402e9	7326.932	-12.722471
-2.4984796e9	7268.9365	-12.73523
-2.465719e9	7210.7876	-12.748062
-2.4329585e9	7152.4546	-12.760965
-2.400198e9	7093.8203	-12.773926
-2.367437e9	7034.8887	-12.786942
-2.3346767e9	6975.718	-12.800028
-2.3019162e9	6916.432	-12.813206
-2.2691556e9	6857.223	-12.826509
-2.236395e9	6798.15	-12.839949
-2.2036342e9	6739.057	-12.853499
-2.1708736e9	6679.7954	-12.86714
-2.138113e9	6620.4424	-12.880881
-2.1053524e9	6561.1104	-12.894742
-2.0725917e9	6501.885	-12.908737
-2.0398312e9	6442.6953	-12.922855
-2.0070706e9	6383.496	-12.937086
-1.9743099e9	6324.3213	-12.951437
-1.9415493e9	6265.3057	-12.965937
-1.9087887e9	6206.52	-12.980605
-1.876028e9	6147.9473	-12.995439
-1.8432675e9	6089.5547	-13.010432
-1.8105069e9	6031.2725	-13.025571
-1.7777462e9	5973.0723	-13.040847
-1.7449856e9	5914.93	-13.056261
-1.712225e9	5856.754	-13.071796
-1.6794643e9	5798.4966	-13.087439
-1.6467037e9	5740.22	-13.1032
-1.613943e9	5681.967	-13.119094
-1.5811826e9	5623.792	-13.135126
-1.548422e9	5565.952	-13.15135
-1.5156613e9	5508.5273	-13.167797
-1.4829007e9	5451.46	-13.184455
-1.45014e9	5394.7344	-13.201312
-1.4173795e9	5338.5063	-13.218396
-1.3846189e9	5282.758	-13.235718
-1.3518582e9	5227.3877	-13.253258
-1.3190977e9	5172.398	-13.271008
-1.2863372e9	5117.9116	-13.288993
-1.2535764e9	5064.025	-13.3072405
-1.2208159e9	5010.7593	-13.325766
-1.1880552e9	4957.989	-13.3445425
-1.1552946e9	4905.553	-13.363531
-1.122534e9	4853.3813	-13.382707
-1.0897733e9	4801.392	-13.402049
-1.05701274e9	4749.548	-13.421549
-1.02425216e9	4697.879	-13.4412155
-9.914915e8	4646.464	-13.46108
-9.587309e8	4595.3896	-13.481167
-9.2597037e8	4544.8296	-13.501525
-8.932097e8	4495.0435	-13.522228
-8.6044915e8	4446.2295	-13.543333
-8.276885e8	4398.7437	-13.564934
-7.949279e8	4352.845	-13.587119
-7.6216723e8	4308.7915	-13.609974
-7.2940666e8	4266.7505	-13.633569
-6.96646e8	4226.817	-13.657949
-6.638854e8	4189.024	-13.683156
-6.311248e8	4153.2866	-13.709194
-5.983642e8	4119.589	-13.73608
-5.656036e8	4087.7153	-13.763791
-5.3284298e8	4057.7078	-13.792351
-5.0008234e8	4029.2297	-13.8216715
-4.6732173e8	4002.2407	-13.851762
-4.3456112e8	3976.535	-13.882565
-4.0180054e8	3952.0425	-13.914068
-3.690399e8	3928.4817	-13.94618
-3.362793e8	3905.8655	-13.978927
-3.035187e8	3884.0217	-14.012239
-2.7075805e8	3862.881	-14.046111
-2.3799746e8	3842.3657	-14.080506
-2.0523685e8	3822.4207	-14.115421
-1.7247624e8	3802.985	-14.15083
-1.3971562e8	3784.0637	-14.186749
-1.06955e8	3765.5427	-14.2231245
-7.419439e7	3747.4573	-14.259985
-4.143378e7	3729.7034	-14.29728
-8.673166e6	3712.2808	-14.335011
2.4087446e7	3695.1206	-14.37315
5.684806e7	3678.2017	-14.41168
8.960867e7	3661.4556	-14.450568
1.2236928e8	3644.8774	-14.489818
1.551299e8	3628.4138	-14.529401
1.8789051e8	3612.0679	-14.5693245
2.2065112e8	3595.821	-14.609582
2.5341173e8	3579.6694	-14.650175
2.8617235e8	3563.5964	-14.6911
3.1893296e8	3547.6104	-14.732369
3.5169357e8	3531.7139	-14.7739935
3.8445418e8	3515.9182	-14.815984
4.172148e8	3500.2212	-14.858345
4.499754e8	3484.6343	-14.901086
4.82736e8	3469.1611	-14.944216
5.1549664e8	3453.7952	-14.987731
5.482573e8	3438.5344	-15.031631
5.8101786e8	3423.3594	-15.075904
6.137784e8	3408.2822	-15.120557
6.465391e8	3393.2766	-15.165581
6.792997e8	3378.3645	-15.210991
7.120603e8	3363.4995	-15.256667
7.448209e8	3348.7068	-15.302598
7.775816e8	3333.9517	-15.348864
8.1034214e8	3319.2556	-15.395489
8.431027e8	3304.6108	-15.442488
8.7586336e8	3290.0222	-15.489888
9.08624e8	3275.4995	-15.537733
9.413846e8	3261.021	-15.585867
9.741452e8	3246.5981	-15.63403
1.00690586e9	3232.2244	-15.68267
1.0396664e9	3217.9084	-15.731885
1.0724271e9	3203.6536	-15.781587
1.1051877e9	3189.48	-15.831031
1.1379483e9	3175.3945	-15.881267
1.1707089e9	3161.3984	-15.932362
1.2034694e9	3147.5657	-15.982851
1.2362301e9	3133.8452	-16.03453
1.2689907e9	3120.271	-16.08651
1.3017513e9	3106.8862	-16.138601
1.334512e9	3093.6223	-16.192156
1.3672726e9	3080.5972	-16.244654
1.4000332e9	3067.6555	-16.29944
1.4327939e9	3054.9966	-16.352541
1.4655544e9	3042.4045	-16.408325
1.498315e9	3030.0752	-16.462154
1.5310757e9	3017.7986	-16.519049
1.5638362e9	3005.8938	-16.573519
1.5965969e9	2994.0483	-16.630959
1.6293576e9	2982.583	-16.68685
1.6621181e9	2971.26	-16.744516
1.6948787e9	2960.2131	-16.802444
1.7276394e9	2949.4722	-16.859964
1.7603999e9	2938.794	-16.920681
1.7931604e9	2928.6072	-16.97763
1.825921e9	2918.4602	-17.03802
1.8586817e9	2908.5725	-17.09793
1.8914423e9	2898.9314	-17.157244
1.9242029e9	2889.327	-17.220297
1.9569636e9	2880.1187	-17.279222
1.9897242e9	2870.9878	-17.34073
2.0224847e9	2861.9387	-17.404337
2.0552454e9	2853.1057	-17.464064
2.088006e9	2844.3032	-17.527588
2.1207666e9	2835.5583	-17.590422
2.1535273e9	2826.8691	-17.651695
2.1862879e9	2818.2114	-17.716972
2.2190484e9	2809.4934	-17.778606
2.251809e9	2800.7734	-17.841185
2.2845699e9	2792.0833	-17.907944
2.3173304e9	2783.203	-17.968212
2.350091e9	2774.3452	-18.031965
2.3828516e9	2765.4895	-18.09811
2.4156122e9	2756.5215	-18.159096
2.4483727e9	2747.5854	-18.224043
2.4811336e9	2738.64	-18.28942
2.5138941e9	2729.656	-18.351448
2.5466547e9	2720.7031	-18.417578
2.579415e9	2711.7405	-18.482336
2.612176e9	2702.77	-18.545343
2.6449364e9	2693.8308	-18.612589
2.677697e9	2684.8467	-18.676853
2.7104576e9	2675.851	-18.740753
2.7432182e9	2666.8862	-18.809017
2.7759788e9	2657.9292	-18.872967
2.8087396e9	2648.9958	-18.937737
2.8415002e9	2640.094	-19.006994
2.8742607e9	2631.1753	-19.070768
2.9070213e9	2622.2776	-19.136234
2.939782e9	2613.4128	-19.206285
2.9725425e9	2604.5261	-19.27004
3.0053033e9	2595.6628	-19.336073
3.0380639e9	2586.8335	-19.406776
3.0708244e9	2577.8584	-19.470581
3.103585e9	2568.8918	-19.536879
3.1363456e9	2559.9597	-19.607883
3.1691062e9	2550.9585	-19.672077
3.201867e9	2541.977	-19.738676
3.2346276e9	2533.03	-19.810028
3.2673882e9	2523.9534	-19.874823
3.3001487e9	2514.8794	-19.941488
3.3329093e9	2505.841	-20.012918
3.36567e9	2496.814	-20.078688
3.3984307e9	2487.8162	-20.145449
3.4311913e9	2478.853	-20.216986
3.463952e9	2469.8423	-20.283943
3.4967124e9	2460.8271	-20.350458
3.529473e9	2451.8472	-20.421717
3.5622339e9	2442.9927	-20.49026
3.5949944e9	2434.2458	-20.556702
3.627755e9	2425.535	-20.627876
3.6605156e9	2416.8228	-20.698383
3.6932762e9	2408.092	-20.764383
3.7260367e9	2399.3977	-20.83505
3.7587976e9	2390.7744	-20.907793
3.7915576e9	2382.3142	-20.97363
3.8243182e9	2373.8894	-21.044111
3.857079e9	2365.498	-21.11979
3.8898396e9	2356.9333	-21.184546
3.9226002e9	2348.4067	-21.253788
3.9553608e9	2339.9155	-21.328182
3.9881213e9	2331.7876	-21.39533
4.020882e9	2323.791	-21.463099
4.0536428e9	2315.8284	-21.535795
4.0864033e9	2307.9246	-21.604662
4.119164e9	2300.0784	-21.668468
4.1519245e9	2292.265	-21.736626
4.184685e9	2284.5032	-21.8064
4.2174456e9	2276.8481	-21.867023
4.2502065e9	2269.2246	-21.93156
4.282967e9	2261.6326	-22.000551
4.3157274e9	2254.237	-22.060955
4.348488e9	2246.8894	-22.123632
4.381249e9	2239.5713	-22.190502
4.4140093e9	2232.2236	-22.252941
4.44677e9	2224.8657	-22.31302
4.4795305e9	2217.5364	-22.37694
4.5122913e9	2210.3481	-22.441053
4.545052e9	2203.451	-22.499207
4.5778125e9	2196.5784	-22.560953
4.6105733e9	2189.7305	-22.626764
