-9.433516e9	23274.877	-12.020665
-9.409231e9	23235.902	-12.027461
-9.384946e9	23196.996	-12.034303
-9.36066e9	23158.162	-12.041192
-9.336375e9	23119.387	-12.048129
-9.31209e9	23080.682	-12.055115
-9.287805e9	23041.725	-12.062058
-9.26352e9	23002.502	-12.068952
-9.239235e9	22963.344	-12.0758915
-9.214949e9	22924.264	-12.082881
-9.190664e9	22885.236	-12.089919
-9.16638e9	22846.271	-12.097004
-9.142095e9	22806.5	-12.1039505
-9.11781e9	22766.8	-12.110945
-9.093524e9	22727.168	-12.11799
-9.069239e9	22687.617	-12.125084
-9.044954e9	22648.117	-12.132228
-9.020669e9	22608.055	-12.139263
-8.996384e9	22567.674	-12.146249
-8.972099e9	22527.37	-12.153283
-8.947813e9	22487.133	-12.160368
-8.923528e9	22446.967	-12.167503
-8.899243e9	22406.818	-12.174637
-8.874958e9	22366.6	-12.181695
-8.850673e9	22326.453	-12.188805
-8.826387e9	22286.377	-12.195964
-8.802102e9	22246.375	-12.203176
-8.777817e9	22206.469	-12.210436
-8.753532e9	22167.188	-12.217653
-8.729248e9	22127.975	-12.224923
-8.704963e9	22088.84	-12.232245
-8.680677e9	22049.764	-12.239623
-8.656392e9	22010.76	-12.247055
-8.632107e9	21972.15	-12.254393
-8.607822e9	21933.662	-12.26176
-8.5835366e9	21895.254	-12.26918
-8.5592515e9	21856.896	-12.276657
-8.5349663e9	21818.613	-12.28419
-8.510681e9	21780.498	-12.29165
-8.486396e9	21742.48	-12.299117
-8.4621107e9	21704.53	-12.30664
-8.4378255e9	21666.648	-12.31422
-8.413541e9	21628.836	-12.321858
-8.3892557e9	21590.97	-12.329421
-8.364971e9	21553.125	-12.336976
-8.340686e9	21515.342	-12.344589
-8.316401e9	21477.629	-12.352261
-8.292116e9	21439.986	-12.359992
-8.267831e9	21402.46	-12.367666
-8.2435456e9	21365.025	-12.375345
-8.2192604e9	21327.658	-12.383083
-8.194975e9	21290.36	-12.3908825
-8.17069e9	21253.129	-12.398743
-8.146405e9	21215.979	-12.406524
-8.1221197e9	21178.898	-12.414319
-8.097835e9	21141.885	-12.422176
-8.07355e9	21104.938	-12.430097
-8.0492646e9	21068.062	-12.438079
-8.0249795e9	21031.197	-12.445945
-8.0006943e9	20994.396	-12.453851
-7.976409e9	20957.658	-12.461821
-7.952124e9	20920.988	-12.469853
-7.9278387e9	20884.38	-12.477933
-7.9035535e9	20847.729	-12.485888
-7.879269e9	20811.143	-12.493906
-7.8549837e9	20774.63	-12.501989
-7.8306985e9	20738.176	-12.5101385
-7.8064133e9	20701.764	-12.518285
-7.782128e9	20665.383	-12.526365
-7.757843e9	20629.074	-12.5345125
-7.733558e9	20592.822	-12.5427265
-7.7092726e9	20556.635	-12.551008
-7.6849874e9	20520.625	-12.559234
-7.6607027e9	20484.723	-12.567465
-7.6364175e9	20448.885	-12.575765
-7.6121324e9	20413.111	-12.584134
-7.587847e9	20377.414	-12.592564
-7.563562e9	20341.898	-12.600877
-7.539277e9	20306.447	-12.60926
-7.5149916e9	20271.053	-12.617713
-7.4907064e9	20235.738	-12.626239
-7.466422e9	20200.455	-12.63473
-7.4421366e9	20165.219	-12.643184
-7.4178514e9	20130.047	-12.65171
-7.393566e9	20094.932	-12.660308
-7.369281e9	20059.875	-12.668981
-7.344996e9	20024.57	-12.677482
-7.3207107e9	19989.326	-12.686053
-7.2964255e9	19954.139	-12.694698
-7.2721403e9	19919.031	-12.70342
-7.2478556e9	19883.844	-12.712084
-7.2235704e9	19848.615	-12.720712
-7.199285e9	19813.453	-12.729415
-7.175e9	19778.352	-12.738194
-7.150715e9	19743.316	-12.747015
-7.1264297e9	19708.316	-12.75572
-7.1021445e9	19673.377	-12.764503
-7.0778593e9	19638.506	-12.773362
-7.053574e9	19603.695	-12.782301
-7.0292895e9	19569.188	-12.791144
-7.0050043e9	19534.787	-12.80003
-6.980719e9	19500.45	-12.808995
-6.956434e9	19466.172	-12.818042
-6.9321487e9	19432.096	-12.827042
-6.9078636e9	19398.182	-12.83602
-6.8835784e9	19364.328	-12.845079
-6.859293e9	19330.543	-12.854222
-6.835008e9	19296.889	-12.863368
-6.8107233e9	19263.45	-12.8724375
-6.786438e9	19230.066	-12.881589
-6.762153e9	19196.748	-12.890825
-6.737868e9	19163.496	-12.900103
-6.7135826e9	19130.354	-12.909247
-6.6892974e9	19097.27	-12.918476
-6.665012e9	19064.246	-12.927791
-6.640727e9	19031.291	-12.937179
-6.616442e9	18998.533	-12.94641
-6.592157e9	18965.828	-12.955728
-6.567872e9	18933.184	-12.965133
-6.543587e9	18900.598	-12.974627
-6.5193016e9	18868.045	-12.983938
-6.4950164e9	18835.547	-12.993338
-6.4707313e9	18803.107	-13.002826
-6.446446e9	18770.727	-13.012405
-6.422161e9	18738.254	-13.02181
-6.397876e9	18705.84	-13.031301
-6.373591e9	18673.484	-13.040883
-6.349306e9	18641.178	-13.050548
-6.325021e9	18608.605	-13.060041
-6.300736e9	18576.094	-13.069626
-6.276451e9	18543.65	-13.079303
-6.2521656e9	18511.201	-13.089038
-6.2278804e9	18478.457	-13.098625
-6.2035953e9	18445.78	-13.108306
-6.17931e9	18413.162	-13.11808
-6.155025e9	18380.564	-13.127883
-6.13074e9	18347.896	-13.137597
-6.106455e9	18315.297	-13.147408
-6.08217e9	18282.75	-13.157314
-6.0578847e9	18250.291	-13.16721
-6.0335995e9	18217.906	-13.177079
-6.0093143e9	18185.586	-13.187046
-5.985029e9	18153.326	-13.197114
-5.960744e9	18121.15	-13.207112
-5.936459e9	18089.043	-13.217143
-5.912174e9	18057.002	-13.227275
-5.887889e9	18025.012	-13.23751
-5.8636037e9	17993.111	-13.24759
-5.8393185e9	17961.266	-13.257773
-5.8150333e9	17929.496	-13.268062
-5.790748e9	17897.703	-13.278353
-5.7664635e9	17865.844	-13.28855
-5.7421783e9	17834.045	-13.298854
-5.717893e9	17802.305	-13.309265
-5.693608e9	17770.457	-13.319567
-5.669323e9	17738.605	-13.329896
-5.645038e9	17706.82	-13.340332
-5.620753e9	17675.04	-13.350829
-5.5964677e9	17643.049	-13.36119
-5.5721825e9	17611.13	-13.371658
-5.5478973e9	17579.271	-13.382237
-5.523612e9	17547.29	-13.392744
-5.499327e9	17515.275	-13.403258
-5.475042e9	17483.334	-13.413883
-5.4507566e9	17451.43	-13.424576
-5.426472e9	17419.51	-13.435145
-5.402187e9	17387.66	-13.445828
-5.3779016e9	17355.867	-13.456627
-5.3536164e9	17324.139	-13.467325
-5.329331e9	17292.473	-13.47806
-5.305046e9	17260.873	-13.488911
-5.280761e9	17229.285	-13.49977
-5.2564756e9	17197.666	-13.510542
-5.2321905e9	17166.117	-13.52143
-5.207906e9	17134.623	-13.532437
-5.1836206e9	17103.098	-13.5432625
-5.1593354e9	17071.639	-13.554207
-5.13505e9	17040.244	-13.565271
-5.110765e9	17008.977	-13.576259
-5.08648e9	16977.809	-13.587283
-5.0621947e9	16946.697	-13.59843
-5.0379095e9	16915.66	-13.609569
-5.0136243e9	16884.703	-13.620665
-4.9893396e9	16853.807	-13.631886
-4.9650545e9	16822.982	-13.6431675
-4.9407693e9	16792.225	-13.654351
-4.916484e9	16761.53	-13.665663
-4.892199e9	16730.893	-13.677088
-4.8679137e9	16700.219	-13.688363
-4.8436285e9	16669.607	-13.699768
-4.8193434e9	16639.059	-13.711305
-4.7950587e9	16608.295	-13.722689
-4.7707735e9	16577.572	-13.734179
-4.7464883e9	16546.918	-13.745801
-4.722203e9	16516.246	-13.757338
-4.6979185e9	16485.625	-13.768959
-4.6736333e9	16455.07	-13.780719
-4.649348e9	16424.594	-13.792415
-4.625063e9	16394.191	-13.804187
-4.6007777e9	16363.841	-13.8161
-4.5764925e9	16333.606	-13.827939
-4.5522074e9	16303.446	-13.839848
-4.5279227e9	16273.355	-13.851899
-4.5036375e9	16243.479	-13.863866
-4.4793523e9	16213.718	-13.875909
-4.455067e9	16184.011	-13.888099
-4.430782e9	16154.511	-13.900166
-4.406497e9	16125.103	-13.912328
-4.3822116e9	16095.758	-13.924639
-4.3579264e9	16066.308	-13.936753
-4.333641e9	16036.909	-13.948992
-4.3093565e9	16007.569	-13.961356
-4.285071e9	15978.107	-13.973534
-4.2607862e9	15948.713	-13.985861
-4.236501e9	15919.313	-13.998247
-4.2122158e9	15889.764	-14.010494
-4.1879306e9	15860.277	-14.022894
-4.1636454e9	15830.573	-14.035249
-4.1393605e9	15800.589	-14.047519
-4.1150753e9	15770.673	-14.05994
-4.0907901e9	15740.486	-14.072243
-4.066505e9	15710.229	-14.084579
-4.04222e9	15680.033	-14.097071
-4.0179348e9	15649.747	-14.109396
-3.9936497e9	15619.526	-14.121869
-3.9693645e9	15589.395	-14.134411
-3.9450793e9	15559.342	-14.146901
-3.9207944e9	15529.372	-14.159549
-3.8965092e9	15499.497	-14.172165
-3.872224e9	15469.723	-14.184835
-3.8479388e9	15440.019	-14.1976595
-3.823654e9	15410.442	-14.210353
-3.7993687e9	15380.938	-14.223209
-3.7750835e9	15351.493	-14.236087
-3.7507983e9	15322.088	-14.248953
-3.7265134e9	15292.77	-14.261985
-3.7022282e9	15263.109	-14.274853
-3.677943e9	15233.486	-14.287849
-3.6536584e9	15203.685	-14.300871
-3.6293732e9	15173.545	-14.3138275
-3.605088e9	15143.482	-14.326954
-3.5808028e9	15112.952	-14.339941
-3.556518e9	15082.451	-14.353064
-3.5322327e9	15051.882	-14.366234
-3.5079475e9	15021.191	-14.379419
-3.4836623e9	14990.613	-14.392776
-3.4593774e9	14960.225	-14.406107
-3.4350922e9	14929.936	-14.419619
-3.410807e9	14899.76	-14.433152
-3.3865219e9	14869.694	-14.446775
-3.3622367e9	14839.64	-14.460491
-3.3379517e9	14809.468	-14.474142
-3.3136666e9	14779.3955	-14.487983
-3.2893814e9	14748.975	-14.501653
-3.2650962e9	14718.627	-14.515492
-3.2408113e9	14688.029	-14.529291
-3.216526e9	14657.347	-14.543155
-3.192241e9	14626.668	-14.557104
-3.1679557e9	14595.913	-14.571072
-3.1436705e9	14565.207	-14.585196
-3.1193856e9	14534.256	-14.599269
-3.0951004e9	14503.422	-14.6135435
-3.0708152e9	14472.127	-14.62771
-3.04653e9	14440.911	-14.642058
-3.022245e9	14409.591	-14.656398
-2.99796e9	14378.319	-14.670872
-2.9736748e9	14347.284	-14.685416
-2.9493896e9	14316.452	-14.700077
-2.9251046e9	14285.849	-14.714816
-2.9008195e9	14255.498	-14.729613
-2.8765345e9	14225.312	-14.744493
-2.8522493e9	14195.312	-14.759353
-2.8279642e9	14165.471	-14.774314
-2.803679e9	14135.855	-14.789203
-2.779394e9	14106.46	-14.804215
-2.7551089e9	14077.494	-14.819144
-2.7308237e9	14048.74	-14.834205
-2.7065385e9	14020.478	-14.849169
-2.6822536e9	13992.36	-14.864257
-2.6579684e9	13964.507	-14.879227
-2.6336832e9	13936.637	-14.894286
-2.609398e9	13908.554	-14.909191
-2.5851128e9	13880.259	-14.924149
-2.560828e9	13851.436	-14.938962
-2.5365427e9	13822.36	-14.953816
-2.5122575e9	13792.86	-14.968619
-2.4879724e9	13763.257	-14.983483
-2.4636874e9	13733.547	-14.998414
-2.4394022e9	13703.489	-15.013347
-2.415117e9	13673.306	-15.0283785
-2.3908319e9	13642.269	-15.043296
-2.366547e9	13611.151	-15.05835
-2.3422618e9	13579.32	-15.073283
-2.3179768e9	13547.603	-15.088394
-2.2936916e9	13515.814	-15.103542
-2.2694065e9	13484.232	-15.118856
-2.2451213e9	13452.844	-15.134304
-2.2208364e9	13421.493	-15.149847
-2.1965512e9	13390.251	-15.165553
-2.172266e9	13358.888	-15.181281
-2.1479808e9	13327.581	-15.197179
-2.1236957e9	13296.075	-15.213104
-2.0994107e9	13264.355	-15.229105
-2.0751255e9	13232.489	-15.245199
-2.0508403e9	13200.026	-15.26124
-2.0265553e9	13167.502	-15.277413
-2.0022701e9	13134.559	-15.293567
-1.977985e9	13101.27	-15.309734
-1.9536998e9	13067.842	-15.325996
-1.9294148e9	13033.953	-15.342183
-1.9051296e9	13000.258	-15.358537
-1.8808445e9	12966.709	-15.375024
-1.8565594e9	12933.173	-15.391554
-1.8322744e9	12899.65	-15.408211
-1.8079892e9	12865.944	-15.424906
-1.7837042e9	12832.115	-15.441633
-1.759419e9	12798.397	-15.458505
-1.735134e9	12764.734	-15.475481
-1.7108488e9	12730.685	-15.492495
-1.6865637e9	12696.249	-15.509601
-1.6622785e9	12661.155	-15.526738
-1.6379935e9	12625.098	-15.543849
-1.6137083e9	12588.683	-15.561081
-1.5894232e9	12551.927	-15.578437
-1.565138e9	12514.63	-15.595867
-1.540853e9	12476.733	-15.613351
-1.5165678e9	12438.188	-15.630876
-1.4922826e9	12398.862	-15.648407
-1.4679976e9	12358.317	-15.665873
-1.4437125e9	12317.33	-15.683458
-1.4194275e9	12276.168	-15.701228
-1.3951423e9	12234.84	-15.719186
-1.3708571e9	12193.229	-15.7373
-1.346572e9	12150.75	-15.755403
-1.3222868e9	12107.395	-15.773469
-1.2980018e9	12063.709	-15.791569
-1.2737166e9	12019.955	-15.8097315
-1.2494316e9	11976.547	-15.828012
-1.2251464e9	11933.854	-15.8464575
-1.2008613e9	11891.744	-15.864995
-1.1765763e9	11850.094	-15.883566
-1.1522911e9	11808.478	-15.902068
-1.128006e9	11767.231	-15.920583
-1.1037208e9	11725.356	-15.93894
-1.0794358e9	11683.395	-15.957243
-1.0551506e9	11641.249	-15.975509
-1.0308655e9	11599.784	-15.993906
-1.00658035e9	11558.277	-16.01232
-9.8229523e8	11516.317	-16.030647
-9.580101e8	11472.944	-16.0487
-9.33725e8	11428.18	-16.066479
-9.0943994e8	11381.756	-16.08395
-8.851548e8	11333.951	-16.101189
-8.608697e8	11284.594	-16.11821
-8.365846e8	11234.035	-16.135136
-8.1229946e8	11182.51	-16.152075
-7.8801434e8	11130.423	-16.169123
-7.637292e8	11077.662	-16.186275
-7.394441e8	11024.346	-16.203556
-7.15159e8	10970.08	-16.22089
-6.9087386e8	10913.949	-16.238092
-6.6658874e8	10854.846	-16.254984
-6.423036e8	10792.584	-16.27157
-6.180185e8	10727.498	-16.287952
-5.937334e8	10660.12	-16.30427
-5.6944826e8	10590.468	-16.320538
-5.4516314e8	10518.124	-16.336626
-5.20878e8	10443.394	-16.352549
-4.965929e8	10366.817	-16.368439
-4.7230778e8	10288.641	-16.384321
-4.480227e8	10208.376	-16.400017
-4.2373757e8	10125.838	-16.415468
-3.9945245e8	10040.493	-16.430573
-3.7516733e8	9950.145	-16.44493
-3.508822e8	9853.471	-16.458319
-3.265971e8	9752.856	-16.471165
-3.0231197e8	9647.874	-16.483479
-2.7802688e8	9537.709	-16.495123
-2.5374174e8	9422.429	-16.506182
-2.2945664e8	9300.691	-16.516388
-2.0517152e8	9172.056	-16.525612
-1.808864e8	9039.147	-16.534464
-1.5660128e8	8900.259	-16.542765
-1.3231616e8	8750.482	-16.549673
-1.0803105e8	8590.673	-16.555437
-8.374593e7	8422.093	-16.56033
-5.9460812e7	8239.159	-16.563377
-3.5175696e7	8038.899	-16.564018
-1.0890578e7	7817.56	-16.561628
1.3394539e7	7576.526	-16.556543
3.7679656e7	7329.967	-16.551136
6.1964776e7	7083.818	-16.546562
8.624989e7	6836.7314	-16.542664
1.10535e8	6583.859	-16.538944
1.3482013e8	6325.3267	-16.535648
1.5910525e8	6087.6455	-16.536684
1.8339035e8	5869.6416	-16.541964
2.0767549e8	5672.4487	-16.551735
2.3196058e8	5499.221	-16.566944
2.5624571e8	5342.9478	-16.586668
2.8053085e8	5203.1655	-16.610748
3.0481594e8	5081.4023	-16.639402
3.2910106e8	4981.757	-16.673193
3.5338618e8	4898.108	-16.711212
3.776713e8	4831.487	-16.75395
4.019564e8	4773.23	-16.800018
4.2624154e8	4725.6943	-16.849743
4.5052666e8	4681.0967	-16.901686
4.7481174e8	4642.149	-16.956055
4.9909686e8	4603.9927	-17.011738
5.2338198e8	4568.8394	-17.068933
5.4766714e8	4534.6763	-17.127378
5.7195226e8	4501.549	-17.187016
5.962373e8	4469.1333	-17.247828
6.2052243e8	4437.3564	-17.309818
6.4480755e8	4406.6133	-17.373014
6.690927e8	4376.076	-17.436626
6.9337786e8	4347.0547	-17.501297
7.176629e8	4318.722	-17.567186
7.41948e8	4290.957	-17.634382
7.6623315e8	4264.1084	-17.702559
7.905183e8	4237.599	-17.770853
8.148034e8	4211.561	-17.840525
8.390885e8	4186.0464	-17.911732
8.6337363e8	4161.134	-17.983093
8.876588e8	4137.158	-18.055052
9.119438e8	4114.1274	-18.128786
9.362289e8	4092.262	-18.20342
9.6051405e8	4071.684	-18.277927
9.8479917e8	4052.0632	-18.354572
1.00908435e9	4033.5508	-18.432074
1.0333695e9	4015.9807	-18.509275
1.0576546e9	3998.91	-18.588968
1.0819397e9	3981.8162	-18.668348
1.1062248e9	3964.162	-18.748209
1.13051e9	3946.6677	-18.83098
1.1547951e9	3928.3345	-18.910952
1.1790801e9	3910.659	-18.993555
1.2033652e9	3893.4812	-19.076714
1.2276503e9	3876.3367	-19.158983
1.2519355e9	3859.9336	-19.244944
1.2762205e9	3843.6477	-19.327421
1.3005057e9	3827.7031	-19.413652
1.3247909e9	3811.0713	-19.498909
1.349076e9	3793.4773	-19.585136
1.3733612e9	3775.585	-19.673126
1.3976462e9	3754.936	-19.758757
1.4219314e9	3734.6245	-19.848518
1.4462164e9	3711.2236	-19.932692
1.4705015e9	3688.8953	-20.022276
1.4947867e9	3662.246	-20.105003
1.5190717e9	3636.5852	-20.192446
1.5433569e9	3608.9229	-20.274979
1.567642e9	3581.3281	-20.360985
1.5919272e9	3550.7988	-20.442959
1.6162122e9	3521.426	-20.527876
1.6404974e9	3492.3516	-20.609867
1.6647825e9	3463.716	-20.694317
1.6890676e9	3433.9424	-20.775082
1.7133528e9	3405.2844	-20.858809
1.7376379e9	3377.1956	-20.939175
1.7619231e9	3350.0867	-21.02313
1.7862081e9	3321.7039	-21.102158
1.8104933e9	3295.3088	-21.186214
1.8347782e9	3271.7983	-21.265244
1.8590633e9	3249.8406	-21.35106
1.8833485e9	3224.14	-21.42848
1.9076335e9	3199.8345	-21.512316
1.9319187e9	3175.7944	-21.591604
1.9562039e9	3153.097	-21.674871
1.980489e9	3128.0022	-21.754818
2.0047741e9	3102.102	-21.834232
2.0290592e9	3079.0308	-21.91547
2.0533444e9	3059.583	-21.994236
2.0776294e9	3041.0261	-22.078577
2.1019146e9	3018.4644	-22.154127
2.1261997e9	2997.0479	-22.235855
2.1504847e9	2980.8865	-22.314373
2.17477e9	2967.1394	-22.395607
2.199055e9	2950.7117	-22.47795
2.2233403e9	2929.0093	-22.556389
2.2476255e9	2908.121	-22.641508
2.2719104e9	2895.8933	-22.720827
2.2961956e9	2884.548	-22.806282
2.3204808e9	2870.687	-22.889366
2.344766e9	2854.1365	-22.968695
2.369051e9	2837.8594	-23.054861
2.3933358e9	2819.7227	-23.126953
2.417621e9	2801.9233	-23.20462
2.4419062e9	2785.6707	-23.279772
2.4661914e9	2771.0923	-23.351265
2.4904765e9	2756.9937	-23.428263
2.5147615e9	2734.9568	-23.491323
2.5390467e9	2713.3838	-23.558619
2.5633318e9	2695.3606	-23.624338
2.587617e9	2680.7825	-23.687817
2.611902e9	2666.5186	-23.755602
