-5.1425238e8	36237.293	-12.378969
-5.130032e8	36128.516	-12.384534
-5.1175408e8	36020.105	-12.39013
-5.1050493e8	35912.05	-12.395757
-5.0925574e8	35804.34	-12.401416
-5.0800656e8	35696.51	-12.4070635
-5.0675744e8	35587.324	-12.412591
-5.055083e8	35478.492	-12.418148
-5.042591e8	35370.016	-12.423738
-5.0301e8	35261.906	-12.429358
-5.0176083e8	35153.223	-12.434931
-5.0051165e8	35043.96	-12.440454
-4.9926246e8	34935.055	-12.446007
-4.9801334e8	34826.543	-12.4515915
-4.967642e8	34718.395	-12.457207
-4.95515e8	34608.203	-12.462639
-4.942659e8	34497.793	-12.468044
-4.930167e8	34387.75	-12.473479
-4.9176755e8	34278.086	-12.478945
-4.9051837e8	34168.78	-12.4844265
-4.8926925e8	34059.773	-12.48986
-4.880201e8	33951.13	-12.495322
-4.867709e8	33842.867	-12.500815
-4.8552176e8	33734.95	-12.506339
-4.842726e8	33628.785	-12.51194
-4.8302346e8	33524.13	-12.517613
-4.8177427e8	33419.812	-12.523318
-4.8052515e8	33315.863	-12.529057
-4.79276e8	33212.25	-12.534827
-4.780268e8	33109.793	-12.540605
-4.7677766e8	33007.684	-12.546415
-4.755285e8	32905.9	-12.55226
-4.7427936e8	32804.46	-12.558139
-4.7303018e8	32703.857	-12.564054
-4.7178106e8	32604.178	-12.5700035
-4.705319e8	32504.836	-12.57599
-4.6928272e8	32405.79	-12.582012
-4.6803357e8	32307.084	-12.588071
-4.6678442e8	32206.703	-12.5940695
-4.6553526e8	32106.63	-12.600103
-4.6428608e8	32006.908	-12.6061735
-4.6303696e8	31907.51	-12.612281
-4.617878e8	31808.773	-12.61843
-4.6053862e8	31710.63	-12.62462
-4.5928944e8	31612.822	-12.63085
-4.5804032e8	31515.338	-12.637118
-4.5679117e8	31418.219	-12.643422
-4.5554198e8	31321.549	-12.649747
-4.5429286e8	31225.209	-12.656112
-4.530437e8	31129.178	-12.662517
-4.5179453e8	31033.49	-12.668963
-4.5054534e8	30938.457	-12.675435
-4.4929622e8	30843.822	-12.681946
-4.4804707e8	30749.49	-12.6884985
-4.467979e8	30655.506	-12.695094
-4.4554874e8	30561.787	-12.701708
-4.4429962e8	30468.371	-12.708341
-4.4305043e8	30375.27	-12.715018
-4.4180125e8	30282.488	-12.721741
-4.4055213e8	30190.254	-12.728503
-4.3930298e8	30099.04	-12.7353
-4.380538e8	30008.143	-12.742143
-4.3680464e8	29917.55	-12.749032
-4.3555552e8	29827.26	-12.755967
-4.3430634e8	29736.84	-12.762868
-4.3305715e8	29646.732	-12.769817
-4.3180803e8	29556.941	-12.776814
-4.3055888e8	29467.453	-12.783862
-4.293097e8	29378.066	-12.790892
-4.2806054e8	29288.95	-12.797957
-4.2681142e8	29200.154	-12.805074
-4.2556224e8	29111.65	-12.812242
-4.2431306e8	29023.623	-12.819412
-4.2306394e8	28935.975	-12.826613
-4.218148e8	28848.645	-12.833867
-4.205656e8	28761.604	-12.841173
-4.1931645e8	28675.39	-12.848507
-4.1806733e8	28589.82	-12.855877
-4.1681814e8	28504.54	-12.863301
-4.1556896e8	28419.58	-12.870782
-4.1431984e8	28335.342	-12.87829
-4.130707e8	28251.787	-12.88583
-4.118215e8	28168.531	-12.893428
-4.1057235e8	28085.543	-12.901083
-4.093232e8	28003.018	-12.908751
-4.0807405e8	27920.934	-12.916432
-4.0682486e8	27839.129	-12.924173
-4.055757e8	27757.6	-12.931974
-4.043266e8	27676.547	-12.93978
-4.030774e8	27595.932	-12.947594
-4.0182826e8	27515.592	-12.955469
-4.005791e8	27435.525	-12.963407
-3.9932995e8	27355.984	-12.971345
-3.9808077e8	27276.906	-12.979299
-3.968316e8	27198.111	-12.987316
-3.9558246e8	27119.568	-12.995398
-3.943333e8	27041.666	-13.003475
-3.9308416e8	26964.22	-13.011582
-3.91835e8	26887.035	-13.019754
-3.9058586e8	26810.115	-13.027995
-3.8933667e8	26733.662	-13.036209
-3.8808752e8	26657.521	-13.044465
-3.8683837e8	26581.633	-13.05279
-3.8558922e8	26505.996	-13.061184
-3.8434006e8	26430.533	-13.069516
-3.830909e8	26355.316	-13.077912
-3.8184176e8	26280.355	-13.086379
-3.8059258e8	26205.547	-13.094894
-3.7934342e8	26130.516	-13.103342
-3.7809427e8	26055.738	-13.111861
-3.7684512e8	25981.236	-13.120454
-3.7559594e8	25906.732	-13.129057
-3.743468e8	25832.139	-13.137632
-3.7309766e8	25757.791	-13.146283
-3.7184848e8	25683.713	-13.155008
-3.7059933e8	25608.576	-13.163659
-3.6935018e8	25533.031	-13.172306
-3.6810102e8	25457.777	-13.181028
-3.6685184e8	25382.809	-13.189828
-3.6560272e8	25306.488	-13.198505
-3.6435357e8	25230.418	-13.207253
-3.631044e8	25154.662	-13.216078
-3.6185523e8	25079.076	-13.224942
-3.6060608e8	25003.453	-13.2338
-3.5935693e8	24928.129	-13.242737
-3.5810774e8	24853.094	-13.251755
-3.5685862e8	24778.457	-13.260781
-3.5560944e8	24704.15	-13.269856
-3.543603e8	24630.129	-13.279015
-3.5311114e8	24556.312	-13.28824
-3.5186198e8	24482.146	-13.297392
-3.5061283e8	24408.246	-13.306628
-3.4936365e8	24334.645	-13.315951
-3.4811453e8	24260.955	-13.325261
-3.4686534e8	24187.268	-13.334577
-3.456162e8	24113.861	-13.34398
-3.4436704e8	24040.676	-13.353464
-3.431179e8	23966.549	-13.362814
-3.4186874e8	23892.71	-13.3722515
-3.4061955e8	23819.164	-13.381779
-3.3937043e8	23745.512	-13.39129
-3.3812125e8	23671.84	-13.4008
-3.368721e8	23598.463	-13.410401
-3.3562294e8	23525.352	-13.420081
-3.343738e8	23452.26	-13.429701
-3.3312464e8	23379.47	-13.439414
-3.3187546e8	23306.975	-13.449223
-3.3062634e8	23234.633	-13.459022
-3.2937715e8	23162.514	-13.468867
-3.28128e8	23090.7	-13.47881
-3.2687885e8	23018.92	-13.488793
-3.256297e8	22946.857	-13.498728
-3.2438054e8	22875.098	-13.508761
-3.2313136e8	22803.645	-13.518897
-3.2188224e8	22731.516	-13.528921
-3.2063306e8	22659.639	-13.539033
-3.193839e8	22588.053	-13.549248
-3.1813475e8	22516.307	-13.559434
-3.168856e8	22444.584	-13.569641
-3.156364e8	22373.164	-13.579953
-3.1438726e8	22301.965	-13.590304
-3.131381e8	22230.844	-13.600624
-3.1188896e8	22160.031	-13.611052
-3.106398e8	22089.537	-13.621575
-3.0939066e8	22019.271	-13.632026
-3.081415e8	21949.312	-13.642586
-3.0689232e8	21879.645	-13.653259
-3.0564317e8	21810.383	-13.663884
-3.0439402e8	21741.426	-13.674593
-3.0314486e8	21672.781	-13.685417
-3.018957e8	21603.768	-13.696191
-3.0064653e8	21534.705	-13.706987
-2.993974e8	21465.941	-13.717902
-2.9814822e8	21396.867	-13.728805
-2.9689907e8	21327.463	-13.739682
-2.9564992e8	21258.36	-13.75068
-2.9440077e8	21189.436	-13.7617235
-2.931516e8	21120.547	-13.772743
-2.9190243e8	21051.973	-13.783886
-2.906533e8	20983.682	-13.795102
-2.8940413e8	20915.604	-13.80628
-2.8815498e8	20847.832	-13.817584
-2.8690582e8	20780.354	-13.828978
-2.8565667e8	20713.066	-13.840297
-2.8440752e8	20646.078	-13.851746
-2.8315834e8	20579.44	-13.863301
-2.8190922e8	20513.516	-13.874797
-2.8066003e8	20447.88	-13.886427
-2.7941088e8	20382.549	-13.898169
-2.7816173e8	20317.76	-13.90983
-2.7691258e8	20253.264	-13.92163
-2.7566342e8	20189.043	-13.933539
-2.7441424e8	20125.12	-13.945354
-2.7316512e8	20061.48	-13.957312
-2.7191594e8	19998.053	-13.969367
-2.7066678e8	19934.56	-13.981315
-2.6941763e8	19871.342	-13.993407
-2.6816848e8	19808.346	-14.005587
-2.669193e8	19745.352	-14.017701
-2.6567016e8	19682.64	-14.0299635
-2.6442101e8	19620.045	-14.042294
-2.6317184e8	19557.4	-14.054595
-2.6192269e8	19495.035	-14.06705
-2.6067352e8	19432.463	-14.079515
-2.5942438e8	19369.55	-14.091955
-2.581752e8	19306.951	-14.104551
-2.5692606e8	19244.352	-14.117137
-2.5567691e8	19181.871	-14.1297655
-2.5442774e8	19119.68	-14.142556
-2.531786e8	19058.113	-14.155337
-2.5192942e8	18996.934	-14.168234
-2.5068027e8	18936.03	-14.181298
-2.494311e8	18875.445	-14.194254
-2.4818197e8	18815.154	-14.207374
-2.469328e8	18755.174	-14.220599
-2.4568365e8	18695.598	-14.233751
-2.444345e8	18636.309	-14.247078
-2.4318533e8	18577.555	-14.260454
-2.4193618e8	18519.373	-14.273867
-2.40687e8	18461.46	-14.287461
-2.3943787e8	18404.092	-14.300997
-2.3818869e8	18347.068	-14.314642
-2.3693955e8	18290.297	-14.328446
-2.356904e8	18233.611	-14.342081
-2.3444123e8	18177.191	-14.355904
-2.3319208e8	18120.777	-14.369742
-2.3194291e8	18064.281	-14.383517
-2.3069378e8	18008.072	-14.397484
-2.2944459e8	17951.656	-14.411333
-2.2819546e8	17895.398	-14.425283
-2.2694629e8	17839.438	-14.439387
-2.2569714e8	17783.742	-14.453457
-2.2444798e8	17728.342	-14.467728
-2.2319882e8	17673.074	-14.482049
-2.2194968e8	17617.98	-14.496462
-2.207005e8	17563.148	-14.51108
-2.1945136e8	17507.885	-14.525547
-2.1820219e8	17452.898	-14.540227
-2.1695304e8	17397.754	-14.554926
-2.1570389e8	17342.393	-14.569622
-2.1445472e8	17287.324	-14.5845375
-2.1320557e8	17231.898	-14.599284
-2.119564e8	17176.758	-14.614237
-2.1070726e8	17121.549	-14.6292
-2.094581e8	17066.246	-14.644149
-2.0820894e8	17011.268	-14.65932
-2.0695978e8	16955.713	-14.674279
-2.0571062e8	16900.484	-14.6894655
-2.0446147e8	16844.967	-14.704658
-2.032123e8	16789.326	-14.719908
-2.0196317e8	16733.852	-14.735335
-2.00714e8	16677.842	-14.75067
-1.9946485e8	16622.18	-14.766245
-1.9821568e8	16566.32	-14.781782
-1.9696653e8	16510.635	-14.797471
-1.9571738e8	16454.95	-14.813256
-1.9446821e8	16399.053	-14.8290415
-1.9321906e8	16343.511	-14.845069
-1.9196989e8	16288.14	-14.861031
-1.9072075e8	16233.131	-14.877251
-1.8947158e8	16178.566	-14.89352
-1.8822243e8	16124.402	-14.909966
-1.8697328e8	16070.471	-14.92652
-1.8572411e8	16016.73	-14.943101
-1.8447496e8	15963.24	-14.959903
-1.832258e8	15909.433	-14.976546
-1.8197664e8	15855.989	-14.993473
-1.8072749e8	15802.437	-15.010294
-1.7947834e8	15749.176	-15.027335
-1.7822918e8	15695.857	-15.044409
-1.7698002e8	15642.65	-15.061613
-1.7573086e8	15589.644	-15.078962
-1.744817e8	15536.758	-15.096379
-1.7323254e8	15484.211	-15.114022
-1.719834e8	15431.864	-15.131651
-1.7073424e8	15379.889	-15.149581
-1.6948509e8	15327.84	-15.167324
-1.6823592e8	15276.185	-15.185388
-1.6698677e8	15224.229	-15.2031975
-1.657376e8	15172.613	-15.221243
-1.6448845e8	15121.164	-15.239185
-1.632393e8	15070.084	-15.257298
-1.6199013e8	15019.619	-15.27551
-1.6074098e8	14969.707	-15.293913
-1.5949182e8	14920.425	-15.312482
-1.5824267e8	14871.753	-15.331241
-1.569935e8	14823.425	-15.350158
-1.5574435e8	14775.423	-15.369197
-1.5449518e8	14727.36	-15.388363
-1.5324603e8	14679.009	-15.407539
-1.5199688e8	14630.577	-15.4268465
-1.5074773e8	14581.711	-15.44611
-1.4949858e8	14532.6045	-15.465473
-1.482494e8	14482.723	-15.4847
-1.4700026e8	14432.113	-15.50396
-1.4575109e8	14379.827	-15.522968
-1.4450194e8	14326.77	-15.542003
-1.4325278e8	14272.173	-15.560842
-1.4200362e8	14216.469	-15.579655
-1.4075448e8	14159.132	-15.598297
-1.3950531e8	14100.755	-15.616937
-1.3825616e8	14041.315	-15.635548
-1.3700699e8	13980.863	-15.654169
-1.3575784e8	13919.925	-15.672879
-1.3450869e8	13858.115	-15.691647
-1.3325952e8	13796.409	-15.71062
-1.3201037e8	13733.857	-15.729703
-1.3076122e8	13671.83	-15.749083
-1.29512056e8	13608.446	-15.768467
-1.28262904e8	13545.698	-15.788161
-1.2701374e8	13480.905	-15.807712
-1.25764584e8	13416.408	-15.827507
-1.2451542e8	13350.397	-15.847233
-1.23266264e8	13284.052	-15.867075
-1.2201711e8	13216.903	-15.886933
-1.2076796e8	13148.911	-15.906796
-1.1951881e8	13081.02	-15.926827
-1.1826965e8	13012.1	-15.946803
-1.1702049e8	12943.829	-15.967044
-1.1577133e8	12873.931	-15.987105
-1.1452217e8	12803.603	-16.007229
-1.13273016e8	12731.385	-16.027102
-1.1202386e8	12656.748	-16.046696
-1.107747e8	12581.53	-16.06626
-1.0952555e8	12501.521	-16.085217
-1.0827639e8	12421.106	-16.104177
-1.0702723e8	12336.169	-16.122536
-1.0577807e8	12248.087	-16.140547
-1.0452891e8	12158.064	-16.158285
-1.0327976e8	12061.194	-16.175388
-1.020306e8	11963.518	-16.19241
-1.0078146e8	11860.098	-16.208899
-9.953229e7	11751.683	-16.224812
-9.828314e7	11641.869	-16.240398
-9.7033976e7	11521.629	-16.254925
-9.578482e7	11399.209	-16.269068
-9.453566e7	11271.315	-16.282484
-9.328651e7	11135.045	-16.295216
-9.203735e7	10997.564	-16.307669
-9.078819e7	10852.613	-16.319525
-8.953904e7	10700.747	-16.330765
-8.828988e7	10545.696	-16.341358
-8.704072e7	10371.498	-16.349506
-8.579156e7	10188.373	-16.356628
-8.454241e7	10001.802	-16.362982
-8.3293256e7	9797.024	-16.368263
-8.20441e7	9584.382	-16.372906
-8.0794936e7	9367.441	-16.376862
-7.9545784e7	9127.54	-16.378937
-7.829662e7	8871.995	-16.379324
-7.7047464e7	8609.144	-16.37861
-7.579831e7	8327.804	-16.377008
-7.454916e7	8042.487	-16.377756
-7.33e7	7771.262	-16.38207
-7.205084e7	7518.818	-16.391909
-7.080168e7	7293.969	-16.410284
-6.955253e7	7090.803	-16.433657
-6.830337e7	6907.8706	-16.462128
-6.7054212e7	6749.0796	-16.496904
-6.5805052e7	6606.6333	-16.536188
-6.45559e7	6473.9614	-16.578516
-6.3306744e7	6347.23	-16.623241
-6.2057584e7	6213.0967	-16.668064
-6.0808428e7	6095.972	-16.71632
-5.955927e7	6001.0093	-16.769741
-5.8310116e7	5927.7393	-16.829502
-5.7060956e7	5864.2886	-16.893776
-5.58118e7	5810.5547	-16.961521
-5.456265e7	5761.418	-17.032337
-5.331349e7	5715.4688	-17.105904
-5.206433e7	5672.421	-17.181887
-5.0815172e7	5632.1646	-17.258741
-4.9566016e7	5592.5054	-17.337103
-4.831686e7	5554.007	-17.417095
-4.70677e7	5515.8677	-17.498589
-4.5818548e7	5476.8687	-17.581318
-4.4569388e7	5439.4644	-17.664839
-4.332023e7	5399.78	-17.748636
-4.2071076e7	5360.387	-17.833809
-4.082192e7	5319.91	-17.920109
-3.957276e7	5278.313	-18.00743
-3.8323604e7	5236.29	-18.095823
-3.707445e7	5192.9644	-18.185051
-3.5825292e7	5150.318	-18.274614
-3.4576132e7	5107.9546	-18.364424
-3.3326978e7	5066.52	-18.455063
-3.207782e7	5025.5977	-18.546534
-3.0828664e7	4985.414	-18.638811
-2.9579506e7	4946.18	-18.731796
-2.833035e7	4908.2866	-18.82545
-2.7081192e7	4872.2646	-18.919846
-2.5832036e7	4838.445	-19.015135
-2.4582878e7	4807.066	-19.111425
-2.333372e7	4778.32	-19.208738
-2.2084564e7	4752.11	-19.307125
-2.0835408e7	4728.0557	-19.4065
-1.958625e7	4705.9307	-19.506916
-1.8337094e7	4685.469	-19.608408
-1.7087936e7	4666.0957	-19.710848
-1.583878e7	4648.5913	-19.814058
-1.4589623e7	4633.4287	-19.917896
-1.3340466e7	4620.891	-20.022188
-1.209131e7	4610.6973	-20.126741
-1.0842153e7	4602.0156	-20.231552
-9.592996e6	4593.783	-20.33655
-8.343839e6	4584.908	-20.441717
-7.094682e6	4575.068	-20.546772
-5.845525e6	4564.4917	-20.65177
-4.596368e6	4553.516	-20.75636
-3.3472112e6	4543.6816	-20.8603
-2.0980545e6	4534.07	-20.963223
-848897.44	4525.1226	-21.065826
400259.4	4516.3784	-21.16788
1.6494162e6	4508.2134	-21.269274
2.8985732e6	4501.2036	-21.369875
4.14773e6	4495.644	-21.469658
5.396887e6	4491.41	-21.568802
6.646044e6	4487.093	-21.667097
7.8952005e6	4484.1807	-21.76315
9.144358e6	4481.479	-21.858706
1.0393514e7	4479.882	-21.95397
1.1642671e7	4479.2544	-22.04895
1.2891828e7	4479.1304	-22.143557
1.4140984e7	4480.2393	-22.236734
1.5390141e7	4480.5933	-22.32815
1.6639298e7	4480.7246	-22.419548
1.7888456e7	4480.3867	-22.510973
1.9137612e7	4479.359	-22.602446
2.0386768e7	4477.566	-22.692076
2.1635926e7	4474.5176	-22.7806
2.2885082e7	4471.14	-22.869158
2.413424e7	4467.7495	-22.957706
2.5383398e7	4464.326	-23.044693
2.6632554e7	4460.77	-23.129433
2.7881712e7	4457.91	-23.214209
2.9130868e7	4455.8164	-23.299057
3.0380026e7	4454.2515	-23.382221
3.162918e7	4451.815	-23.463724
3.287834e7	4448.595	-23.545614
3.4127496e7	4444.4526	-23.627934
3.5376652e7	4437.912	-23.706816
3.662581e7	4432.1987	-23.786047
3.787497e7	4426.707	-23.865881
3.9124124e7	4419.9517	-23.943863
4.037328e7	4412.6562	-24.020588
4.1622436e7	4405.31	-24.097818
4.2871596e7	4397.8037	-24.174
4.4120748e7	4390.433	-24.248146
4.5369908e7	4383.152	-24.322641
4.6619064e7	4375.707	-24.396164
4.786822e7	4369.8257	-24.467354
4.9117376e7	4362.448	-24.538868
5.0366532e7	4352.465	-24.609194
5.1615692e7	4341.8774	-24.678514
5.286485e7	4330.0737	-24.748365
5.411401e7	4315.6733	-24.816097
5.536316e7	4305.2393	-24.884314
5.661232e7	4294.428	-24.953644
5.7861476e7	4278.414	-25.018986
5.9110636e7	4264.497	-25.085686
6.0359788e7	4251.4907	-25.154581
6.1608948e7	4230.558	-25.216719
6.2858104e7	4213.359	-25.28146
6.4107264e7	4200.492	-25.348787
6.5356416e7	4178.42	-25.409674
6.6605572e7	4157.139	-25.472033
6.785474e7	4144.4077	-25.538025
6.910389e7	4124.5493	-25.600105
7.035304e7	4098.722	-25.65848
7.16022e7	4086.8406	-25.721008
7.285136e7	4074.8079	-25.784811
7.410052e7	4049.7202	-25.83805
7.534967e7	4033.0579	-25.896679
7.659883e7	4025.7446	-25.96184
7.784798e7	4003.3428	-26.016611
7.9097144e7	3976.498	-26.069317
8.0346296e7	3967.0723	-26.13144
8.159546e7	3951.922	-26.192547
8.2844616e7	3918.5916	-26.241608
8.409378e7	3896.6968	-26.297668
8.534293e7	3886.916	-26.362236
8.659209e7	3861.5188	-26.415468
8.784124e7	3829.5767	-26.464258
8.90904e7	3817.0664	-26.524775
9.033955e7	3806.222	-26.589037
9.158871e7	3772.419	-26.63182
9.283787e7	3744.1045	-26.679464
9.408703e7	3733.7583	-26.740967
9.5336184e7	3715.335	-26.799316
9.6585336e7	3681.728	-26.84743
9.78345e7	3659.6191	-26.901352
9.9083656e7	3650.1812	-26.962332
1.0033281e8	3630.369	-27.010937
1.0158197e8	3602.9023	-27.049603
1.0283113e8	3575.5845	-27.086548
1.0408028e8	3548.5452	-27.12317
1.0532944e8	3527.3638	-27.172335
1.065786e8	3508.4497	-27.228062
1.0782774e8	3478.61	-27.269773
1.09076904e8	3446.984	-27.30966
1.1032606e8	3418.913	-27.359728
1.11575224e8	3391.596	-27.413267
