-2.2143469e8	22217.564	-9.201026	18.286928
-2.1937688e8	22104.332	-9.227353	18.230604
-2.1734131e8	21991.793	-9.253769	18.17428
-2.153273e8	21879.445	-9.280135	18.117958
-2.1333416e8	21767.16	-9.306379	18.061634
-2.1136139e8	21655.771	-9.332785	18.00531
-2.0940829e8	21543.654	-9.358897	17.948986
-2.074743e8	21432.604	-9.385153	17.892662
-2.055589e8	21322.111	-9.411291	17.83634
-2.0366152e8	21212.984	-9.437401	17.780016
-2.0178165e8	21105.236	-9.463616	17.723692
-1.999192e8	20998.404	-9.489568	17.66737
-1.9807347e8	20892.89	-9.515696	17.611046
-1.9624451e8	20788.584	-9.541614	17.554722
-1.94432e8	20685.445	-9.567591	17.4984
-1.9263525e8	20583.355	-9.593547	17.442076
-1.9085445e8	20482.404	-9.619359	17.385752
-1.890891e8	20382.658	-9.645337	17.32943
-1.8733891e8	20283.488	-9.671017	17.273106
-1.8560363e8	20185.498	-9.6968565	17.216782
-1.8388299e8	20088.564	-9.722571	17.16046
-1.8217677e8	19992.396	-9.748252	17.104134
-1.804848e8	19897.117	-9.774004	17.047812
-1.7880678e8	19802.787	-9.799544	16.991488
-1.7714246e8	19709.488	-9.825283	16.935163
-1.7549155e8	19616.623	-9.850749	16.878841
-1.7385382e8	19524.773	-9.876326	16.822517
-1.7222893e8	19433.855	-9.901881	16.766193
-1.7061694e8	19343.549	-9.927307	16.709871
-1.6901734e8	19254.11	-9.952904	16.653547
-1.6743013e8	19165.342	-9.978216	16.597223
-1.658552e8	19077.48	-10.003713	16.540901
-1.642922e8	18990.232	-10.02906	16.484577
-1.6274118e8	18903.758	-10.054394	16.428253
-1.6120195e8	18818.094	-10.079794	16.37193
-1.5967453e8	18732.91	-10.1049795	16.315607
-1.5815883e8	18648.525	-10.130319	16.259283
-1.566547e8	18564.629	-10.155466	16.20296
-1.5516208e8	18481.424	-10.180662	16.146635
-1.5368098e8	18398.861	-10.2058525	16.090313
-1.5221131e8	18316.936	-10.230896	16.033989
-1.50753e8	18235.842	-10.256102	15.977666
-1.4930603e8	18155.205	-10.281034	15.921343
-1.4787048e8	18075.309	-10.306077	15.865019
-1.4644627e8	17995.955	-10.331036	15.808696
-1.4503344e8	17917.146	-10.355893	15.752372
-1.4363194e8	17839.027	-10.380848	15.696048
-1.422416e8	17761.412	-10.405567	15.639725
-1.4086242e8	17684.463	-10.430387	15.583401
-1.394941e8	17607.941	-10.455096	15.527078
-1.3813664e8	17532.021	-10.479746	15.470755
-1.367897e8	17456.72	-10.504464	15.414431
-1.3545334e8	17381.852	-10.528991	15.358108
-1.34127304e8	17307.66	-10.553622	15.3017845
-1.3281146e8	17234.049	-10.578144	15.2454605
-1.31505736e8	17160.979	-10.602634	15.189137
-1.3020991e8	17088.514	-10.627172	15.132813
-1.2892398e8	17016.527	-10.651541	15.07649
-1.276478e8	16945.182	-10.675994	15.020167
-1.2638117e8	16874.264	-10.700332	14.963843
-1.2512415e8	16803.816	-10.7246275	14.90752
-1.23876536e8	16733.918	-10.748949	14.851197
-1.2263819e8	16664.404	-10.7731285	14.794872
-1.2140918e8	16595.496	-10.797361	14.738549
-1.2018933e8	16527.102	-10.821489	14.682225
-1.1897862e8	16459.16	-10.845562	14.625902
-1.1777697e8	16391.69	-10.8696375	14.569579
-1.1658434e8	16324.578	-10.893583	14.513255
-1.1540072e8	16257.819	-10.917543	14.456932
-1.1422597e8	16191.354	-10.941408	14.400609
-1.13059976e8	16125.235	-10.965206	14.344285
-1.1190272e8	16059.676	-10.989043	14.287962
-1.1075411e8	15994.5625	-11.012753	14.231639
-1.0961412e8	15930.056	-11.036463	14.175315
-1.0848275e8	15865.962	-11.060139	14.118992
-1.0735994e8	15802.178	-11.083697	14.062668
-1.0624566e8	15738.735	-11.107259	14.006345
-1.0513984e8	15675.68	-11.130717	13.950022
-1.04042424e8	15612.984	-11.15412	13.893697
-1.0295342e8	15550.709	-11.177505	13.837374
-1.0187281e8	15488.804	-11.200793	13.781051
-1.0080056e8	15427.354	-11.224059	13.724727
-9.973666e7	15366.365	-11.247279	13.668404
-9.868112e7	15305.876	-11.270419	13.61208
-9.7634e7	15245.913	-11.293552	13.555757
-9.659536e7	15186.347	-11.316594	13.4994335
-9.556522e7	15127.136	-11.339552	13.4431095
-9.454363e7	15068.363	-11.362478	13.386786
-9.353063e7	15009.871	-11.385281	13.330463
-9.25262e7	14951.782	-11.408029	13.274139
-9.153033e7	14894.005	-11.430693	13.217816
-9.054295e7	14836.555	-11.453255	13.161493
-8.956399e7	14779.431	-11.475755	13.105169
-8.85934e7	14722.638	-11.498169	13.048846
-8.763097e7	14666.13	-11.520497	12.992521
-8.667664e7	14609.922	-11.542763	12.936198
-8.573029e7	14554.022	-11.564956	12.879875
-8.479181e7	14498.534	-11.58708	12.823551
-8.38611e7	14443.529	-11.609154	12.767228
-8.293816e7	14389.024	-11.631164	12.710905
-8.202292e7	14335.015	-11.653107	12.654581
-8.111542e7	14281.469	-11.67499	12.598258
-8.021559e7	14228.282	-11.696768	12.541934
-7.932346e7	14175.389	-11.718454	12.485611
-7.843895e7	14122.699	-11.740046	12.429288
-7.756202e7	14070.121	-11.761524	12.372964
-7.669261e7	14017.673	-11.782909	12.316641
-7.583069e7	13965.413	-11.80421	12.260318
-7.497616e7	13913.411	-11.825419	12.203994
-7.412907e7	13861.692	-11.84655	12.147671
-7.328938e7	13810.28	-11.8676	12.091348
-7.245709e7	13759.155	-11.888545	12.035024
-7.163218e7	13708.322	-11.909391	11.9787
-7.081467e7	13657.782	-11.930139	11.922376
-7.000454e7	13607.463	-11.950777	11.866053
-6.920173e7	13557.324	-11.971308	11.80973
-6.840618e7	13507.302	-11.991726	11.753406
-6.76178e7	13457.372	-12.012043	11.6970825
-6.6836508e7	13407.493	-12.032267	11.640759
-6.606217e7	13357.629	-12.052398	11.584435
-6.52947e7	13307.832	-12.072442	11.528112
-6.453398e7	13258.188	-12.092417	11.471788
-6.3779932e7	13208.752	-12.11232	11.415465
-6.303247e7	13159.629	-12.132163	11.359142
-6.229152e7	13110.805	-12.151938	11.302818
-6.1557052e7	13062.395	-12.1716585	11.246495
-6.0829036e7	13014.394	-12.191314	11.190172
-6.010745e7	12966.824	-12.210902	11.133848
-5.9392284e7	12919.565	-12.230407	11.077525
-5.8683492e7	12872.594	-12.249824	11.021202
-5.798101e7	12825.814	-12.269141	10.964877
-5.72848e7	12779.232	-12.288362	10.908554
-5.6594764e7	12732.827	-12.307482	10.85223
-5.5910892e7	12686.624	-12.326505	10.795907
-5.5233108e7	12640.698	-12.345437	10.739584
-5.456139e7	12595.11	-12.364282	10.68326
-5.3895788e7	12549.963	-12.383041	10.626937
-5.3236284e7	12505.317	-12.401718	10.570614
-5.2582936e7	12461.242	-12.420312	10.51429
-5.1935828e7	12417.68	-12.43881	10.457967
-5.1294972e7	12374.562	-12.457197	10.401643
-5.066042e7	12331.78	-12.475453	10.34532
-5.0032156e7	12289.225	-12.49356	10.288997
-4.941017e7	12246.861	-12.511509	10.232673
-4.8794456e7	12204.645	-12.529291	10.17635
-4.8184988e7	12162.6	-12.546914	10.120027
-4.7581724e7	12120.756	-12.564387	10.063702
-4.698468e7	12079.121	-12.581718	10.007379
-4.63938e7	12037.723	-12.598919	9.951056
-4.580905e7	11996.547	-12.615994	9.8947315
-4.5230416e7	11955.622	-12.632959	9.838408
-4.465784e7	11914.981	-12.64982	9.782084
-4.40913e7	11874.591	-12.666579	9.725761
-4.3530732e7	11834.465	-12.683241	9.669438
-4.297609e7	11794.581	-12.699798	9.613114
-4.242735e7	11754.982	-12.716256	9.556791
-4.1884476e7	11715.645	-12.73261	9.500468
-4.13474e7	11676.531	-12.748852	9.444144
-4.08161e7	11637.594	-12.764973	9.387821
-4.0290496e7	11598.775	-12.780967	9.331498
-3.977051e7	11560.001	-12.796826	9.275174
-3.925607e7	11521.226	-12.812548	9.218851
-3.874706e7	11482.428	-12.828133	9.162527
-3.824336e7	11443.622	-12.843584	9.106203
-3.774489e7	11404.845	-12.858911	9.04988
-3.725154e7	11366.09	-12.874111	8.993557
-3.6763212e7	11327.406	-12.889197	8.937233
-3.6279824e7	11288.827	-12.904174	8.88091
-3.5801324e7	11250.387	-12.919045	8.824586
-3.5327656e7	11212.082	-12.93381	8.768263
-3.4858736e7	11173.87	-12.948463	8.711939
-3.439454e7	11135.751	-12.963004	8.655616
-3.393501e7	11097.719	-12.977435	8.599292
-3.3480078e7	11059.79	-12.991761	8.542969
-3.3029698e7	11021.953	-13.005984	8.486646
-3.2583798e7	10984.18	-13.0201025	8.430322
-3.2142322e7	10946.457	-13.034114	8.373999
-3.170518e7	10908.759	-13.048017	8.317676
-3.1272296e7	10871.146	-13.061821	8.261352
-3.0843624e7	10833.684	-13.075536	8.205028
-3.041914e7	10796.483	-13.089174	8.148705
-2.9998804e7	10759.578	-13.102738	8.0923815
-2.958261e7	10723.039	-13.116231	8.036057
-2.9170612e7	10686.917	-13.129652	7.979734
-2.8762838e7	10651.141	-13.142982	7.923411
-2.8359316e7	10615.694	-13.156211	7.8670874
-2.7960058e7	10580.498	-13.169328	7.810764
-2.7565022e7	10545.46	-13.18232	7.7544403
-2.7174216e7	10510.579	-13.195189	7.6981173
-2.6787548e7	10475.84	-13.20794	7.6417937
-2.6405026e7	10441.272	-13.220574	7.58547
-2.6026582e7	10406.904	-13.233099	7.529146
-2.565222e7	10372.756	-13.245514	7.472823
-2.5281902e7	10338.84	-13.257822	7.4164996
-2.4915636e7	10305.191	-13.270027	7.360176
-2.4553422e7	10271.788	-13.282124	7.303853
-2.4195284e7	10238.64	-13.294111	7.2475295
-2.3841214e7	10205.761	-13.305987	7.191206
-2.3491232e7	10173.19	-13.317755	7.134882
-2.3145408e7	10140.925	-13.329404	7.078559
-2.2803736e7	10108.942	-13.340933	7.0222354
-2.246624e7	10077.231	-13.352339	6.965912
-2.2132972e7	10045.749	-13.363614	6.9095883
-2.1803912e7	10014.465	-13.374757	6.8532653
-2.1479088e7	9983.366	-13.385763	6.7969418
-2.1158514e7	9952.418	-13.396628	6.740618
-2.084215e7	9921.613	-13.407353	6.684294
-2.0530028e7	9890.9375	-13.417934	6.627971
-2.0222088e7	9860.331	-13.428365	6.5716476
-1.9918258e7	9829.742	-13.438638	6.515324
-1.9618504e7	9799.195	-13.448753	6.4590006
-1.9322744e7	9768.673	-13.458713	6.4026775
-1.9030906e7	9738.188	-13.468517	6.346354
-1.8742994e7	9707.824	-13.478176	6.2900305
-1.8458986e7	9677.637	-13.487696	6.2337074
-1.8178972e7	9647.678	-13.497085	6.1773834
-1.7902976e7	9617.974	-13.5063505	6.12106
-1.7631068e7	9588.535	-13.515494	6.0647364
-1.7363218e7	9559.302	-13.524507	6.0084133
-1.7099434e7	9530.25	-13.533386	5.95209
-1.6839648e7	9501.356	-13.5421295	5.8957663
-1.6583892e7	9472.638	-13.550736	5.8394427
-1.6332147e7	9444.1	-13.559208	5.7831197
-1.6084407e7	9415.711	-13.567538	5.7267957
-1.5840622e7	9387.466	-13.575731	5.670472
-1.5600783e7	9359.366	-13.583789	5.6141486
-1.5364854e7	9331.361	-13.5917015	5.5578256
-1.5132784e7	9303.48	-13.599478	5.501502
-1.4904563e7	9275.727	-13.607117	5.4451785
-1.46801e7	9248.115	-13.614622	5.388855
-1.445944e7	9220.619	-13.621986	5.332532
-1.4242492e7	9193.263	-13.629217	5.276208
-1.4029245e7	9166.032	-13.6363125	5.2198844
-1.3819683e7	9138.94	-13.643273	5.1635613
-1.3613759e7	9111.978	-13.6501	5.107238
-1.3411443e7	9085.148	-13.656791	5.0509143
-1.3212705e7	9058.433	-13.6633415	4.9945908
-1.3017523e7	9031.812	-13.669751	4.9382677
-1.2825824e7	9005.266	-13.676016	4.881944
-1.2637603e7	8978.806	-13.682138	4.8256207
-1.2452809e7	8952.423	-13.688116	4.7692966
-1.2271431e7	8926.115	-13.69395	4.7129736
-1.209342e7	8899.879	-13.699638	4.65665
-1.1918757e7	8873.672	-13.705178	4.6003265
-1.174741e7	8847.504	-13.710575	4.5440035
-1.1579328e7	8821.352	-13.71583	4.4876795
-1.1414419e7	8795.198	-13.720945	4.4313564
-1.1252679e7	8769.042	-13.725924	4.375033
-1.1094049e7	8742.864	-13.730765	4.3187094
-1.0938383e7	8716.648	-13.735479	4.262386
-1.0785649e7	8690.374	-13.740063	4.2060623
-1.063582e7	8664.064	-13.744519	4.1497393
-1.048879e7	8637.698	-13.748851	4.0934153
-1.0344471e7	8611.251	-13.75306	4.037092
-1.0202825e7	8584.716	-13.757144	3.9807684
-1.0063815e7	8558.075	-13.761101	3.9244452
-9.927341e6	8531.291	-13.764932	3.8681216
-9.793338e6	8504.328	-13.768631	3.8117983
-9.661718e6	8477.194	-13.772203	3.7554746
-9.532407e6	8449.846	-13.775647	3.6991513
-9.405352e6	8422.248	-13.778957	3.6428277
-9.280505e6	8394.366	-13.782134	3.5865045
-9.157774e6	8366.16	-13.785175	3.530181
-9.037057e6	8337.62	-13.788081	3.4738574
-8.918246e6	8308.699	-13.7908535	3.4175339
-8.801323e6	8279.374	-13.793489	3.3612106
-8.686184e6	8249.607	-13.795987	3.3048873
-8.572732e6	8219.351	-13.798346	3.2485635
-8.46088e6	8188.5767	-13.800566	3.1922402
-8.35052e6	8157.25	-13.802648	3.1359167
-8.2416275e6	8125.326	-13.804588	3.0795934
-8.1341085e6	8092.798	-13.80639	3.0232697
-8.0278575e6	8059.6357	-13.808052	2.9669464
-7.922779e6	8025.8154	-13.809579	2.9106228
-7.8187505e6	7991.3613	-13.810977	2.8542995
-7.715719e6	7956.253	-13.812246	2.7979758
-7.6136205e6	7920.453	-13.813386	2.7416525
-7.5123665e6	7883.9473	-13.814399	2.685329
-7.4118335e6	7846.7495	-13.815293	2.6290057
-7.3120015e6	7808.834	-13.816066	2.572682
-7.212758e6	7770.226	-13.816726	2.5163586
-7.1140255e6	7730.939	-13.817279	2.460035
-7.0157265e6	7690.993	-13.81773	2.4037118
-6.9177515e6	7650.4185	-13.8180895	2.3473885
-6.820043e6	7609.2188	-13.818359	2.2910647
-6.722527e6	7567.4185	-13.818546	2.2347412
-6.625106e6	7525.035	-13.818659	2.178418
-6.5277285e6	7482.102	-13.818704	2.1220944
-6.4303265e6	7438.6436	-13.818686	2.0657709
-6.3328035e6	7394.6846	-13.818611	2.0094473
-6.235093e6	7350.2515	-13.818489	1.9531239
-6.1370935e6	7305.3984	-13.818331	1.8968005
-6.0387555e6	7260.1597	-13.818142	1.8404771
-5.9399955e6	7214.5796	-13.817933	1.7841537
-5.840746e6	7168.7046	-13.817713	1.7278303
-5.740917e6	7122.5635	-13.81749	1.6715068
-5.640438e6	7076.2017	-13.817273	1.6151832
-5.539254e6	7029.6685	-13.817074	1.5588598
-5.437284e6	6983.0054	-13.816901	1.5025363
-5.3344685e6	6936.259	-13.816764	1.4462129
-5.2307265e6	6889.4834	-13.816676	1.3898895
-5.1259765e6	6842.725	-13.816648	1.333566
-5.0201485e6	6796.031	-13.816689	1.2772424
-4.913175e6	6749.451	-13.816812	1.220919
-4.8049985e6	6703.033	-13.817028	1.1645956
-4.695567e6	6656.824	-13.817348	1.1082722
-4.5848075e6	6610.876	-13.817784	1.0519487
-4.472659e6	6565.2314	-13.818349	0.9956252
-4.3590635e6	6519.9346	-13.819051	0.93930167
-4.2439575e6	6475.0337	-13.819905	0.8829783
-4.127285e6	6430.5728	-13.820923	0.82665485
-4.008999e6	6386.5913	-13.822113	0.7703313
-3.8890802e6	6343.1245	-13.823486	0.71400785
-3.767464e6	6300.2134	-13.825054	0.6576844
-3.6441002e6	6257.898	-13.826828	0.601361
-3.5189692e6	6216.202	-13.828815	0.5450375
-3.3920532e6	6175.1533	-13.831024	0.48871407
-3.2633158e6	6134.7817	-13.833463	0.43239057
-3.1327245e6	6095.1133	-13.836142	0.3760671
-3.0002762e6	6056.161	-13.839066	0.31974366
-2.8659812e6	6017.935	-13.842237	0.26342022
-2.7298185e6	5980.452	-13.845666	0.20709676
-2.5917742e6	5943.73	-13.849355	0.15077333
-2.4518742e6	5907.763	-13.853307	0.09444979
-2.310101e6	5872.5654	-13.857527	0.03812633
-2.1664942e6	5838.1245	-13.862015	-0.01819712
-2.0210714e6	5804.44	-13.866771	-0.074520566
-1.8738372e6	5771.5063	-13.8717985	-0.13084401
-1.7248445e6	5739.3096	-13.877092	-0.18716744
-1.5740922e6	5707.851	-13.882657	-0.2434909
-1.4215961e6	5677.1177	-13.888492	-0.29981434
-1.2674088e6	5647.089	-13.894592	-0.3561378
-1.1115899e6	5617.741	-13.900953	-0.41246137
-954157.25	5589.062	-13.907574	-0.4687848
-795132.8	5561.035	-13.914452	-0.5251082
-634540.25	5533.6494	-13.921587	-0.5814317
-472453.5	5506.8755	-13.928971	-0.63775516
-308899.84	5480.688	-13.9366	-0.6940786
-143920.27	5455.0654	-13.944469	-0.75040215
22460.018	5429.991	-13.9525795	-0.80672556
190204.1	5405.4434	-13.960921	-0.86304903
359265.44	5381.3936	-13.969492	-0.9193724
529629.9	5357.823	-13.978289	-0.97569585
701243.0	5334.703	-13.987304	-1.0320194
874085.3	5312.009	-13.996534	-1.0883429
1.04815025e6	5289.7266	-14.00598	-1.1446663
1.2234114e6	5267.827	-14.015634	-1.2009897
1.3998375e6	5246.2876	-14.025492	-1.2573131
1.5774268e6	5225.0884	-14.035555	-1.3136365
1.7561721e6	5204.209	-14.045819	-1.3699601
1.9360636e6	5183.629	-14.056282	-1.4262836
2.1171188e6	5163.3345	-14.066946	-1.482607
2.2993168e6	5143.3	-14.077806	-1.5389305
2.4826528e6	5123.5044	-14.088859	-1.595254
2.6671785e6	5103.9365	-14.10011	-1.6515775
2.8529015e6	5084.574	-14.111558	-1.7079009
3.0398278e6	5065.3965	-14.1232	-1.7642244
3.2279722e6	5046.3877	-14.135036	-1.8205478
3.4174198e6	5027.531	-14.147072	-1.8768713
3.608203e6	5008.815	-14.159313	-1.9331948
3.800316e6	4990.221	-14.171751	-1.9895183
3.99384e6	4971.7485	-14.184397	-2.0458417
4.1888498e6	4953.399	-14.19726	-2.1021652
4.385302e6	4935.162	-14.210331	-2.1584885
4.5832375e6	4917.0176	-14.223614	-2.214812
4.7827145e6	4898.9595	-14.237116	-2.2711356
4.9837725e6	4880.9624	-14.250836	-2.327459
5.1864315e6	4863.0234	-14.264779	-2.3837824
5.39075e6	4845.128	-14.278947	-2.440106
5.596789e6	4827.2725	-14.293347	-2.4964294
5.804582e6	4809.432	-14.307982	-2.552753
6.0141615e6	4791.6094	-14.322854	-2.6090763
6.2256175e6	4773.802	-14.337977	-2.6653996
6.438953e6	4756.005	-14.353351	-2.7217233
6.6542105e6	4738.1973	-14.368979	-2.7780466
6.871457e6	4720.3765	-14.384874	-2.8343701
7.09075e6	4702.549	-14.401041	-2.8906934
7.3121325e6	4684.7144	-14.417485	-2.9470172
7.535659e6	4666.8926	-14.434222	-3.0033405
7.761399e6	4649.106	-14.451255	-3.059664
7.989398e6	4631.347	-14.46859	-3.1159873
8.2197505e6	4613.711	-14.486242	-3.1723108
8.452258e6	4596.1987	-14.504199	-3.2286344
8.686915e6	4578.8677	-14.522473	-3.284958
8.923472e6	4561.7163	-14.54105	-3.3412812
9.161748e6	4544.6655	-14.55992	-3.397605
9.401884e6	4527.7427	-14.5791	-3.4539282
9.643773e6	4510.9937	-14.598582	-3.5102518
9.887454e6	4494.4917	-14.618379	-3.566575
1.013262e7	4478.198	-14.638464	-3.6228983
1.0379365e7	4462.102	-14.658847	-3.679222
1.0627536e7	4446.355	-14.67952	-3.7355454
1.0876939e7	4430.896	-14.700474	-3.791869
1.1127453e7	4415.7524	-14.721698	-3.8481922
1.1378925e7	4400.914	-14.743182	-3.9045157
1.1631229e7	4386.311	-14.764911	-3.9608393
1.188441e7	4371.9	-14.786891	-4.017163
1.2138611e7	4357.808	-14.80914	-4.0734863
1.2393745e7	4344.0747	-14.831656	-4.12981
1.2649829e7	4330.6987	-14.854438	-4.186133
1.290686e7	4317.7266	-14.8774805	-4.242457
1.3164838e7	4305.12	-14.900766	-4.29878
1.3423737e7	4292.8867	-14.924289	-4.3551035
1.3683516e7	4281.082	-14.9480505	-4.411427
1.3943931e7	4269.767	-14.97204	-4.4677505
1.42047e7	4258.9287	-14.996256	-4.524074
1.4465461e7	4248.4053	-15.020672	-4.5803976
1.4726616e7	4238.1904	-15.045313	-4.6367207
1.4988081e7	4228.305	-15.070183	-4.693044
1.5249947e7	4218.859	-15.095287	-4.7493677
1.5512232e7	4209.77	-15.120617	-4.8056912
1.5774876e7	4201.062	-15.146178	-4.8620143
1.6038104e7	4192.769	-15.171979	-4.918338
1.6302185e7	4185.129	-15.198035	-4.974662
1.6566093e7	4178.1255	-15.224296	-5.0309854
1.6829506e7	4171.4863	-15.250741	-5.0873084
1.709274e7	4165.1035	-15.277361	-5.143632
1.7355788e7	4159.1104	-15.304152	-5.1999555
1.7618538e7	4153.313	-15.331112	-5.256279
1.7881326e7	4148.042	-15.358238	-5.312602
1.814362e7	4142.956	-15.385469	-5.3689256
1.8405498e7	4138.1562	-15.412814	-5.4252496
1.8666874e7	4133.3574	-15.440256	-5.481573
1.8927992e7	4128.7334	-15.467826	-5.537896
1.9188402e7	4124.1963	-15.495485	-5.5942197
1.9448282e7	4119.724	-15.523264	-5.650543
1.9707776e7	4115.315	-15.5511875	-5.7068663
1.9967086e7	4111.1543	-15.579254	-5.76319
2.022583e7	4107.1055	-15.607454	-5.8195133
2.0484428e7	4103.1514	-15.635798	-5.8758373
2.0743222e7	4099.4097	-15.664298	-5.9321604
2.1001776e7	4095.9563	-15.692929	-5.988484
2.1260186e7	4092.641	-15.721672	-6.0448074
2.1518458e7	4089.5005	-15.750514	-6.101131
2.1776868e7	4086.4658	-15.7794485	-6.157454
2.2035438e7	4083.623	-15.80848	-6.2137775
2.2294086e7	4081.0325	-15.837608	-6.270101
2.2552298e7	4078.6123	-15.866796	-6.326425
2.2809776e7	4076.2354	-15.896042	-6.382748
2.3066892e7	4074.079	-15.925342	-6.4390717
2.332357e7	4072.035	-15.954667	-6.495395
2.3579784e7	4070.1448	-15.983993	-6.5517187
2.3834978e7	4068.3186	-16.0133	-6.608042
2.4089348e7	4066.5337	-16.042591	-6.6643653
2.434291e7	4064.8594	-16.071848	-6.720689
2.4595362e7	4063.0854	-16.10102	-6.7770123
2.484661e7	4061.2153	-16.130127	-6.833336
2.5096836e7	4059.2966	-16.159166	-6.8896594
2.5346026e7	4057.2805	-16.188152	-6.945983
2.5594358e7	4055.234	-16.217072	-7.002306
2.584176e7	4053.1067	-16.24592	-7.0586295
2.6087976e7	4050.9873	-16.274668	-7.114953
2.6332958e7	4048.5366	-16.303307	-7.1712766
2.6576856e7	4045.9724	-16.33187	-7.2275996
2.6819738e7	4043.2568	-16.36035	-7.2839236
2.7062096e7	4040.3906	-16.388758	-7.340247
2.7303986e7	4037.4963	-16.417076	-7.3965707
2.7544976e7	4034.4717	-16.445286	-7.4528937
2.7784928e7	4031.328	-16.473392	-7.5092173
2.8024066e7	4027.9983	-16.501398	-7.565541
2.8262464e7	4024.5571	-16.529303	-7.621864
2.8499848e7	4020.901	-16.557096	-7.6781874
2.8736548e7	4017.0112	-16.584797	-7.7345114
2.8972726e7	4012.9504	-16.612417	-7.790835
2.9209204e7	4008.9382	-16.639957	-7.847158
2.9444706e7	4004.8623	-16.66739	-7.9034815
2.9679522e7	4000.6477	-16.69472	-7.959805
2.9913844e7	3996.288	-16.721952	-8.016129
3.014753e7	3991.802	-16.749098	-8.072452
3.0380828e7	3987.2083	-16.776175	-8.128776
3.0613392e7	3982.5315	-16.803179	-8.185099
3.0845584e7	3977.6843	-16.830124	-8.241423
3.1077686e7	3972.9343	-16.857021	-8.297746
3.1308746e7	3968.0784	-16.883865	-8.354069
3.1539248e7	3963.1504	-16.910648	-8.410393
3.176879e7	3958.1316	-16.937384	-8.466717
3.1997434e7	3953.0579	-16.964073	-8.52304
3.2225408e7	3947.8923	-16.99072	-8.579363
3.24527e7	3942.7412	-17.017315	-8.635687
3.2679244e7	3937.4763	-17.04386	-8.69201
3.2905034e7	3932.0962	-17.070349	-8.748333
3.3130614e7	3926.7	-17.0968	-8.804657
3.3355394e7	3921.2588	-17.123194	-8.860981
3.357991e7	3915.7341	-17.149534	-8.917303
3.3803532e7	3910.1768	-17.175816	-8.973627
3.4026948e7	3904.5688	-17.202038	-9.029951
3.4249176e7	3898.94	-17.228191	-9.086274
3.447045e7	3893.0706	-17.254284	-9.142597
3.4691268e7	3887.0925	-17.280317	-9.198921
3.4911756e7	3881.0496	-17.30629	-9.255244
3.513138e7	3874.871	-17.332203	-9.311567
3.5350536e7	3868.5247	-17.358068	-9.367892
3.5569124e7	3861.9775	-17.383896	-9.424215
3.5787736e7	3855.3994	-17.409683	-9.480538
3.6005756e7	3848.6711	-17.43542	-9.536862
3.6223516e7	3841.8042	-17.461123	-9.593185
3.644116e7	3834.8657	-17.486795	-9.649508
3.665871e7	3827.821	-17.512453	-9.7058325
3.6875748e7	3820.7246	-17.53808	-9.762156
3.7092416e7	3813.5298	-17.563679	-9.81848
3.730887e7	3806.1907	-17.58925	-9.874803
3.752505e7	3798.736	-17.61481	-9.931126
3.7740996e7	3791.165	-17.640375	-9.98745
3.7956964e7	3783.4692	-17.665947	-10.043773
3.817344e7	3775.8118	-17.691536	-10.100096
3.8389496e7	3768.0579	-17.71713	-10.15642
3.860545e7	3760.2314	-17.742731	-10.212743
3.882149e7	3752.3975	-17.768345	-10.269068
3.903722e7	3744.4656	-17.793966	-10.325391
3.9252736e7	3736.3965	-17.81961	-10.381714
3.946827e7	3728.1838	-17.845293	-10.438038
3.968401e7	3719.8965	-17.871016	-10.494361
3.989983e7	3711.5344	-17.896774	-10.550684
4.011593e7	3703.1194	-17.922586	-10.607008
4.0331948e7	3694.5874	-17.94846	-10.663331
4.0548144e7	3685.9712	-17.974415	-10.719654
4.0764628e7	3677.2668	-18.000448	-10.775978
4.0981492e7	3668.4946	-18.026567	-10.832301
4.1198756e7	3659.6646	-18.052784	-10.888625
4.1416396e7	3650.789	-18.079092	-10.944948
4.1634464e7	3641.825	-18.105505	-11.001271
4.1853348e7	3632.8823	-18.132042	-11.057595
4.2072556e7	3623.905	-18.158695	-11.113918
4.2292348e7	3614.936	-18.185463	-11.170241
4.251257e7	3605.926	-18.212357	-11.226566
4.2733376e7	3596.869	-18.239384	-11.282889
4.2954908e7	3587.8503	-18.266552	-11.339213
4.3176868e7	3578.7588	-18.293852	-11.395536
4.3399452e7	3569.6362	-18.321291	-11.451859
4.3622628e7	3560.4968	-18.348866	-11.5081835
4.384635e7	3551.327	-18.37658	-11.564507
