-6.787574093002273e6	3797.1857716674504	-8.096132241993887
-6.693574093002273e6	3767.2698675477736	-8.145958901840658
-6.599574093002273e6	3737.589654114085	-8.195785561687426
-6.505574093002273e6	3707.674121634043	-8.246346587712408
-6.411574093002273e6	3675.651919546172	-8.300611035838703
-6.317574093002273e6	3643.906284759766	-8.354875483964996
-6.223574093002273e6	3616.655937553611	-8.401797119390674
-6.129574093002273e6	3606.4410710599673	-8.419304765677968
-6.035574093002273e6	3596.255055388543	-8.436812411965263
-5.941574093002273e6	3586.097809053208	-8.454320058252558
-5.847574093002273e6	3575.9692507979807	-8.471827704539853
-5.753574093002273e6	3565.869299596379	-8.48933535082715
-5.659574093002273e6	3555.7978746507642	-8.506842997114443
-5.565574093002273e6	3545.754895391723	-8.524350643401739
-5.471574093002273e6	3535.740281477388	-8.541858289689033
-5.377574093002273e6	3525.609822572602	-8.559613840032869
-5.283574093002273e6	3505.852263931628	-8.594048911598476
-5.189574093002273e6	3486.2054268801426	-8.628483983164083
-5.095574093002273e6	3466.668690933059	-8.662919054729691
-5.001574093002273e6	3447.2414390824956	-8.697354126295298
-4.907574093002273e6	3422.8149953447714	-8.740572224436331
-4.813574093002273e6	3388.7849254693974	-8.800757834090321
-4.719574093002273e6	3355.093186955005	-8.860943443744313
-4.625574093002273e6	3320.372067484468	-8.923234183323235
-4.531574093002273e6	3284.9000090012246	-8.986937242974966
-4.437574093002273e6	3249.132201696883	-9.05112764676085
-4.343574093002273e6	3213.692883162276	-9.114939087284052
-4.249574093002273e6	3178.5891726869045	-9.178176095156797
-4.155574093002273e6	3145.5615454679914	-9.237749598577928
-4.061574093002273e6	3114.320314139429	-9.294196251049993
-3.967574093002273e6	3084.1863999286234	-9.3482972702547
-3.873574093002273e6	3052.801711857928	-9.404743397416928
-3.779574093002273e6	3019.963503451812	-9.463911173002497
-3.685574093002273e6	2983.4326486002615	-9.529350360958464
-3.591574093002273e6	2945.4545575820102	-9.597210419022408
-3.497574093002273e6	2911.2958316912122	-9.657982896295422
-3.403574093002273e6	2880.178645392223	-9.71328879890947
-3.309574093002273e6	2853.0996069726493	-9.760737383846337
-3.215574093002273e6	2825.6533650930346	-9.809152487225234
-3.121574093002273e6	2793.565806838391	-9.865317096876794
-3.027574093002273e6	2757.261286056787	-9.928486988015859
-2.933574093002273e6	2715.927101774331	-9.999972949638046
-2.839574093002273e6	2671.650200981086	-10.075856230788302
-2.745574093002273e6	2625.5222450092797	-10.153898109977437
-2.651574093002273e6	2578.122056494511	-10.233194223173593
-2.557574093002273e6	2529.459784571932	-10.31359983215838
-2.463574093002273e6	2479.5283789879854	-10.395073343718458
-2.369574093002273e6	2427.4009751798967	-10.478168992722544
-2.275574093002273e6	2373.99240572689	-10.562634554339223
-2.181574093002273e6	2319.225466913282	-10.648306904554602
-2.0875740930022728e6	2263.546560632502	-10.735335843925416
-1.9935740930022728e6	2215.53340965369	-10.829208618442546
-1.8995740930022728e6	2174.652689597542	-10.928196623738785
-1.8055740930022728e6	2137.7427668623945	-11.030531426476685
-1.7115740930022728e6	2102.6502557205845	-11.134999765062554
-1.6175740930022728e6	2070.82887598516	-11.242542654147762
-1.5235740930022728e6	2040.3899411649534	-11.35232104149776
-1.4295740930022728e6	2011.2021216532962	-11.464632410514646
-1.3355740930022728e6	1983.2311009669725	-11.5795240321141
-1.2415740930022728e6	1956.656986441457	-11.69599596885677
-1.1475740930022728e6	1931.01058594122	-11.814876254391695
-1.0535740930022728e6	1906.0732644236275	-11.93573752498795
-959574.0930022728	1881.8099156923615	-12.058566232036757
-865574.0930022728	1858.2093371790493	-12.183081023348116
-771574.0930022728	1835.2525991105306	-12.30866448346666
-677574.0930022728	1812.804222298901	-12.435688809525764
-583574.0930022728	1790.6127749979883	-12.565600522688143
-489574.09300227277	1769.7548715079356	-12.691488614907804
-395574.09300227277	1749.7014181765521	-12.815579538010883
-301574.09300227277	1730.3793272671653	-12.93809481823659
-207574.09300227277	1711.8601030535688	-13.058451666689425
-113574.09300227277	1693.831389323485	-13.178071122556545
-19574.09300227277	1676.0426401180841	-13.298686321640709
74425.90699772723	1658.5591981294274	-13.41969222217871
168425.90699772723	1641.3118302236426	-13.541359024088205
262425.90699772723	1626.207523490106	-13.64975307472188
356425.90699772723	1615.712455720097	-13.726372328049797
450425.90699772723	1605.2851200481805	-13.80299158137771
544425.9069977272	1594.9250793512006	-13.879610834705627
638425.9069977272	1584.201187428048	-13.959853447904285
732425.9069977272	1573.1266312823104	-14.043677645232886
826425.9069977272	1562.1294932036737	-14.127501842561486
920425.9069977272	1551.1189032592188	-14.212067235214326
1.0144259069977272e6	1538.2877452527787	-14.3123288629935
1.1084259069977272e6	1525.5627290871994	-14.412590490772674
1.2024259069977272e6	1512.4741069020104	-14.51676547016104
1.2964259069977272e6	1497.122956984674	-14.640952021881073
1.3904259069977272e6	1481.9276165471224	-14.765138573601103
1.4844259069977272e6	1466.1178082510053	-14.897243583554378
1.5784259069977272e6	1450.3310888656936	-15.030864845170473
1.6724259069977272e6	1434.0321321886197	-15.1715877957406
1.7664259069977272e6	1417.588151599229	-15.31576716191559
1.8604259069977272e6	1400.5407125572133	-15.469779940714652
1.9544259069977272e6	1383.2682541035397	-15.629199106999337
2.0484259069977272e6	1365.964159286875	-15.795409425028257
2.142425906997727e6	1348.8061316794008	-15.963598905215898
2.236425906997727e6	1332.1864467833077	-16.137857876059737
2.330425906997727e6	1315.872506753731	-16.312801382043467
2.424425906997727e6	1301.2550640403686	-16.492802442292316
2.518425906997727e6	1286.8	-16.67280350254116
