-9.84792259361827e6	3720.3329736818146	-10.285164770597802	3.9314027576434336
-9.56792259361827e6	3698.6947419282988	-10.33135418602339	3.838406004492644
-9.28792259361827e6	3677.1823626392616	-10.377543601448977	3.73586576147891
-9.00792259361827e6	3655.7951038305405	-10.423733016874564	3.62159691807356
-8.72792259361827e6	3634.53223777537	-10.469922432300152	3.492565701925328
-8.44792259361827e6	3612.817585635597	-10.517840425933436	3.3964795506632393
-8.16792259361827e6	3591.194309272251	-10.565874347168572	3.293948874164454
-7.88792259361827e6	3569.70045158826	-10.613908268403707	3.1796919132663213
-7.60792259361827e6	3548.335237992663	-10.661942189638843	3.0506758524722195
-7.32792259361827e6	3526.6527698814652	-10.711163144256783	2.942341234316649
-7.04792259361827e6	3504.915296700337	-10.760887222892482	2.8393428305157733
-6.76792259361827e6	3483.311808283548	-10.81061130152818	2.7245046099645904
-6.48792259361827e6	3461.8414787799675	-10.860335380163876	2.5947467102537276
-6.20792259361827e6	3440.100919221656	-10.911032196892199	2.4767390277034425
-5.92792259361827e6	3418.149041248426	-10.96257493967235	2.372938464663232
-5.64792259361827e6	3396.3372419990146	-11.014117682452504	2.2571019539523043
-5.36792259361827e6	3374.664627606892	-11.065660425232654	2.1260676816759005
-5.08792259361827e6	3352.780930168086	-11.118043933738944	2.002175757964269
-4.80792259361827e6	3330.61464623785	-11.171455757757476	1.8974981603083239
-4.52792259361827e6	3308.5949105472673	-11.224867581776007	1.7805681168337189
-4.24792259361827e6	3286.720754220076	-11.278279405794539	1.6481323604072042
-3.96792259361827e6	3264.0106190054826	-11.333988302840229	1.5161410648873506
-3.68792259361827e6	3240.256081264544	-11.392531861011802	1.3930509554345805
-3.40792259361827e6	3216.3540549960308	-11.451776327433137	1.271842755874107
-3.12792259361827e6	3192.4199741526177	-11.511480096905926	1.1480853838897231
-2.84792259361827e6	3168.225361523818	-11.572035000642884	1.0320349539820755
-2.56792259361827e6	3144.094975306203	-11.63282286992791	0.9084684581707518
-2.28792259361827e6	3119.434215797996	-11.694791345803502	0.7993020575224518
-2.00792259361827e6	3094.8300752284085	-11.756988446612395	0.6832593776848497
-1.72792259361827e6	3069.955885199193	-11.819967534180691	0.5769019342251949
-1.44792259361827e6	3044.9538483212577	-11.883478630019788	0.4706086530376946
-1.16792259361827e6	3019.7733969789556	-11.947614976663232	0.3682733201371708
-887922.59361827	2994.145408486196	-12.012763097358835	0.27364407135050245
-607922.59361827	2968.4776886174354	-12.078310700559122	0.17751206797336974
-327922.59361827	2942.341117968386	-12.144887895321869	0.09589300656700193
-47922.59361827001	2916.133615156856	-12.21188894379723	0.013815084689661658
232077.40638173	2889.525617815566	-12.279790652770757	-0.05998287261584468
512077.40638173	2862.564872201537	-12.34855250575042	-0.12731874511419897
792077.40638173	2835.52896132128	-12.41779077645882	-0.19224016973654395
1.07207740638173e6	2807.818535124143	-12.488351780520926	-0.24508306823643752
1.35207740638173e6	2780.046940240819	-12.559441471709793	-0.29592812122327855
1.63207740638173e6	2751.9438875980786	-12.631510778901774	-0.3400595347784796
1.91207740638173e6	2723.3618609634136	-12.704690268179398	-0.37802210042363943
2.19207740638173e6	2694.6484934061477	-12.77845820571916	-0.41310701908813174
2.47207740638173e6	2665.211411566205	-12.85341784411064	-0.4410934008122996
2.75207740638173e6	2635.491918161599	-12.92918631173407	-0.4660570786360796
3.03207740638173e6	2605.552931672726	-13.005700985776521	-0.48804965797163913
3.31207740638173e6	2574.738606022642	-13.083976520757135	-0.505006700328209
3.59207740638173e6	2543.5755417300957	-13.162936170722082	-0.5201371698035314
3.87207740638173e6	2511.864628132661	-13.242749387557735	-0.5328328602220656
4.15207740638173e6	2479.2370753584405	-13.323943240130612	-0.5426340243418314
4.43207740638173e6	2446.0747332601327	-13.40605890883225	-0.5511369284067491
4.71207740638173e6	2412.1714215349402	-13.4893053201942	-0.5581675627857952
4.99207740638173e6	2377.0644627395122	-13.573978000203986	-0.563438419712749
5.27207740638173e6	2341.2339682163492	-13.659723073750474	-0.5679067832212914
5.55207740638173e6	2304.6152179995584	-13.746601865343555	-0.5715878021784839
5.83207740638173e6	2266.5474814390104	-13.834993094425034	-0.5743663336896965
6.11207740638173e6	2226.8958265885253	-13.924752519424407	-0.5765936483677996
6.39207740638173e6	2185.991691875957	-14.015686349041966	-0.5784165917596685
6.67207740638173e6	2144.4265852311605	-14.108100078070134	-0.5798908153267562
6.95207740638173e6	2111.6515332897475	-14.208351749468655	-0.5810146070904937
7.23207740638173e6	2081.00035314062	-14.311866537694815	-0.5819592519119385
7.51207740638173e6	2051.8421604079917	-14.417930368036107	-0.5827585879324225
7.79207740638173e6	2023.77390537054	-14.526146315297071	-0.5834353149157977
8.07207740638173e6	1996.6935190396432	-14.63668696881949	-0.584000659925665
8.35207740638173e6	1970.4028258850685	-14.75013353500865	-0.5845516421554959
8.63207740638173e6	1944.6385300220197	-14.865862155709884	-0.5851135414275617
8.91207740638173e6	1922.3250187337708	-14.969576774365247	-0.5858016433405137
9.19207740638173e6	1903.757364603219	-15.058285215855081	-0.5866286072863244
9.47207740638173e6	1891.1695834938732	-15.120364964657771	-0.5871391636402624
9.75207740638173e6	1879.4688962858477	-15.178736323357922	-0.5876058070430886
1.003207740638173e7	1872.2692664931735	-15.214941664705721	-0.5881022608358916
1.031207740638173e7	1870.2548112982047	-15.225299718596482	-0.5886334866454577
1.059207740638173e7	1868.242523542399	-15.235657772487242	-0.5891649948058829
1.087207740638173e7	1866.2324008937173	-15.246015826378004	-0.589696785617471
1.115207740638173e7	1864.224441022624	-15.256373880268766	-0.5902288593810042
1.143207740638173e7	1862.2186416020966	-15.266731934159527	-0.5907612163977456
1.171207740638173e7	1860.2150003076104	-15.277089988050289	-0.5912938569694394
1.199207740638173e7	1858.2135148171474	-15.287448041941051	-0.5918267813983122
1.227207740638173e7	1856.2141828111821	-15.29780609583181	-0.5923599899870746
1.255207740638173e7	1854.2170019726896	-15.308164149722572	-0.592893483038921
1.283207740638173e7	1852.2219699871355	-15.318522203613334	-0.5934272608575314
1.311207740638173e7	1850.2290845424784	-15.328880257504094	-0.593961323747073
1.339207740638173e7	1848.2383433291589	-15.339238311394856	-0.5944956720122
1.367207740638173e7	1846.249744040108	-15.349596365285617	-0.595030305958055
1.395207740638173e7	1827.0624709338103	-15.451784551755464	-0.6035983146953282
1.423207740638173e7	1806.0723128302632	-15.566082035653938	-0.6150815747569123
1.451207740638173e7	1791.902443704712	-15.644615597975774	-0.6365514845468523
1.479207740638173e7	1787.1893918064745	-15.671193125220231	-0.674123853729126
1.507207740638173e7	1782.4887361512783	-15.697770652464687	-0.7131632030578335
1.535207740638173e7	1777.8004441345934	-15.724348179709144	-0.7537887572130155
1.563207740638173e7	1773.1244832376412	-15.7509257069536	-0.7961348932548027
1.591207740638173e7	1768.1765766349552	-15.779172190535055	-0.8434544706679115
1.619207740638173e7	1758.0141076138436	-15.8382514430346	-0.9553117861972676
1.647207740638173e7	1747.9100466600994	-15.897330695534144	-1.0812756309242804
1.675207740638173e7	1735.4178254179194	-15.97148254501743	-1.2178642551516405
1.703207740638173e7	1721.7157145021608	-16.05370565446364	-1.371392280290657
1.731207740638173e7	1701.9012143198267	-16.174694419477735	-1.7447153729401825
1.759207740638173e7	1679.858405632697	-16.31145340188951	-2.1970805521044525
1.787207740638173e7	1663.7780683969672	-16.414588321805446	-2.5250967716656567
1.815207740638173e7	1649.6970966025785	-16.50661512121357	-2.8621193171742694
1.843207740638173e7	1635.7352956101392	-16.5986419206217	-3.3742301739470872
1.871207740638173e7	1621.794773938881	-16.69211266519731	-3.7873835193188574
1.899207740638173e7	1607.9264586998827	-16.786283959190833	-4.101129495784006
1.927207740638173e7	1594.1767344014036	-16.88045525318435	-4.560853423474191
1.955207740638173e7	1579.249687349232	-16.985060854807628	-4.963728952792998
1.983207740638173e7	1563.751422343461	-17.095453431688288	-5.301993770312583
2.011207740638173e7	1548.3373424542713	-17.206452135968703	-5.798595654636626
2.039207740638173e7	1531.6648340869017	-17.330170443438988	-6.099894726186189
2.067207740638173e7	1515.1718554173842	-17.453888750909268	-6.533163051804329
2.095207740638173e7	1499.2544279135573	-17.57664443553164	-6.8972462024609325
2.123207740638173e7	1483.6661486515045	-17.699004339200314	-7.252326183878464
2.151207740638173e7	1468.4684396919388	-17.820672945713326	-7.668247214415598
2.179207740638173e7	1453.9156376249214	-17.940846452675373	-7.934495023555453
2.207207740638173e7	1439.5070565995522	-18.06101995963742	-8.298422523850704
2.235207740638173e7	1424.1004411453468	-18.195114027453315	-8.550501557716931
2.263207740638173e7	1408.630881341443	-18.332019628653345	-8.812548505542743
2.291207740638173e7	1392.4667266016047	-18.481953420535447	-9.069629573033698
2.319207740638173e7	1375.8735481632284	-18.64128073351373	-9.324761684548248
2.347207740638173e7	1360.0271753065438	-18.801562814556746	-9.593130214698634
2.375207740638173e7	1344.8154032312057	-18.96263989075399	-9.87768973891304
2.403207740638173e7	1330.4323208451221	-19.12724738359298	-10.226417746952036
2.431207740638173e7	1317.3518585823524	-19.298075765340162	-10.627571079152533
2.459207740638173e7	1304.4000000000005	-19.468904147087347	-11.30789337065682
