-7.863033337359294e6	3871.133396130964	-8.248581719493691
-7.759033337359294e6	3838.823238363933	-8.303170946090736
-7.655033337359294e6	3806.7827551826445	-8.357760172687781
-7.551033337359294e6	3774.5152382851156	-8.413168337988514
-7.447033337359294e6	3741.203996839202	-8.470777337396772
-7.343033337359294e6	3708.186737199326	-8.52838633680503
-7.239033337359294e6	3675.100433630251	-8.586543367449703
-7.135033337359294e6	3641.792533932213	-8.645493368917643
-7.031033337359294e6	3608.786507938671	-8.704443370385583
-6.927033337359294e6	3591.460947044896	-8.735543207348119
-6.823033337359294e6	3584.160830064008	-8.748618082893685
-6.719033337359294e6	3576.875551531505	-8.761692958439253
-6.615033337359294e6	3569.605081286307	-8.77476783398482
-6.511033337359294e6	3562.349389228615	-8.787842709530388
-6.407033337359294e6	3555.108445319818	-8.800917585075956
-6.303033337359294e6	3547.882219582363	-8.813992460621524
-6.199033337359294e6	3540.67068209963	-8.82706733616709
-6.095033337359294e6	3533.4738030158082	-8.84014221171266
-5.991033337359294e6	3526.291552535773	-8.853217087258225
-5.887033337359294e6	3519.1239009249625	-8.866291962803793
-5.783033337359294e6	3511.970818509253	-8.87936683834936
-5.679033337359294e6	3504.8322756748394	-8.892441713894929
-5.575033337359294e6	3479.134743972594	-8.939356214200416
-5.471033337359294e6	3452.727042264806	-8.98792457996945
-5.367033337359294e6	3426.519783127027	-9.036492945738484
-5.263033337359294e6	3394.7898266118195	-9.095457432917748
-5.159033337359294e6	3358.1824688447873	-9.16378748180038
-5.055033337359294e6	3321.3334243306017	-9.232949592217444
-4.951033337359294e6	3284.147554056214	-9.303028905369368
-4.847033337359294e6	3246.4508901900826	-9.374056709599905
-4.743033337359294e6	3209.114002263243	-9.444418805944956
-4.639033337359294e6	3171.800067586633	-9.515086716236153
-4.535033337359294e6	3136.021679898897	-9.583059753505022
-4.431033337359294e6	3103.524684924092	-9.644649105762745
-4.327033337359294e6	3070.0493479362813	-9.707894954647905
-4.223033337359294e6	3036.788329643025	-9.770814463670774
-4.1190333373592943e6	3002.2113799355234	-9.836280623135831
-4.0150333373592943e6	2961.5226758672006	-9.91317514701757
-3.9110333373592943e6	2919.5367262165173	-9.991894087371778
-3.8070333373592943e6	2889.311402741707	-10.048496359816637
-3.7030333373592943e6	2860.1557850251656	-10.103276509053565
-3.5990333373592943e6	2830.318121628458	-10.159013339069883
-3.4950333373592943e6	2799.5806094566183	-10.216076438147905
-3.3910333373592943e6	2768.2245335467305	-10.274194321170855
-3.2870333373592943e6	2725.395219976059	-10.352923933853548
-3.1830333373592943e6	2679.7287652161367	-10.436426524055047
-3.0790333373592943e6	2632.1646720697618	-10.522485196663807
-2.9750333373592943e6	2582.866931181756	-10.610424455786504
-2.8710333373592943e6	2532.0684340435737	-10.699685373895257
-2.7670333373592943e6	2479.479602075405	-10.790332289268008
-2.6630333373592943e6	2424.471994710023	-10.883087298751711
-2.5590333373592943e6	2367.5631951537266	-10.977456505662175
-2.4550333373592943e6	2313.609173465141	-11.07504996421924
-2.3510333373592943e6	2267.29140344082	-11.177662285136758
-2.2470333373592943e6	2229.097896297531	-11.287036191008983
-2.1430333373592943e6	2192.8726616827694	-11.399115433948065
-2.0390333373592943e6	2158.6578621040876	-11.51360581577842
-1.9350333373592943e6	2126.4027527138574	-11.630337605181511
-1.8310333373592943e6	2095.9082787426782	-11.749059598694597
-1.7270333373592943e6	2066.5507183650902	-11.871858812185737
-1.6230333373592943e6	2038.4488467991507	-11.996138559919498
-1.5190333373592943e6	2011.3184769153895	-12.122312346031757
-1.4150333373592943e6	1985.032934909001	-12.250601199489562
-1.3110333373592943e6	1959.5264736225072	-12.38105719863367
-1.2070333373592943e6	1934.606485099118	-12.513746977354392
-1.1030333373592943e6	1910.2619042587692	-12.6489898297163
-999033.3373592943	1886.5936875752598	-12.785421220068608
-895033.3373592943	1863.3870755172534	-12.923957586381572
-791033.3373592943	1840.5679796416748	-13.064784338493006
-687033.3373592943	1818.2537531398264	-13.20719124245158
-583033.3373592943	1796.3373247120435	-13.351395961954497
-479033.3373592943	1774.8602150991062	-13.496693757563303
-375033.3373592943	1754.0272453889431	-13.641745621471623
-271033.3373592943	1733.8663449405947	-13.786087251373436
-167033.3373592943	1715.856796173432	-13.918105047847957
-63033.337359294295	1703.3219992935456	-14.011819138873996
40966.662640705705	1690.87877248709	-14.105533229900036
144966.6626407057	1678.5264468099679	-14.199247320926073
248966.6626407057	1667.2199834496025	-14.287173994402497
352966.6626407057	1656.0669959305685	-14.37462939995867
456966.6626407057	1644.9886171205424	-14.462084805514838
560966.6626407057	1633.9772377718123	-14.550038978967882
664966.6626407057	1623.029824811776	-14.638681193955463
768966.6626407057	1612.155757947236	-14.727323408943043
872966.6626407057	1601.3545457698756	-14.815965623930625
976966.6626407057	1590.0205208556617	-14.910589220527399
1.0809666626407057e6	1578.7462526472982	-15.005416547617324
1.1849666626407057e6	1567.5519262522453	-15.100243874707251
1.2889666626407057e6	1555.1686175991829	-15.206780164360524
1.3929666626407057e6	1542.4299593422286	-15.317535633664109
1.4969666626407057e6	1529.795645663958	-15.428291102967691
1.6009666626407057e6	1515.169130153534	-15.559865113746056
1.7049666626407057e6	1500.5793706527345	-15.692473848403015
1.8089666626407057e6	1485.4913615312112	-15.832910428487699
1.9129666626407057e6	1470.1357415478024	-15.97853988352503
2.0169666626407057e6	1454.8278794995226	-16.127751128927827
2.1209666626407057e6	1439.523507862154	-16.282047716945094
2.2249666626407057e6	1424.317993232573	-16.439388309887796
2.3289666626407057e6	1409.109460637478	-16.60483076241878
2.4329666626407057e6	1394.1482105397702	-16.77265658752038
2.5369666626407057e6	1379.8002740661825	-16.953376407250936
2.6409666626407057e6	1365.6000000000004	-17.134096226981487
