-5.131680650572398e8	4146.29673521018	-13.176143294177336
-5.028680650572398e8	4123.749224847156	-13.20639435848122
-4.925680650572398e8	4101.324327566611	-13.236645422785102
-4.822680650572398e8	4079.021376600124	-13.266896487088982
-4.719680650572398e8	4056.839708805134	-13.297147551392865
-4.616680650572398e8	4034.9313489834153	-13.327873553748718
-4.513680650572398e8	4013.5022067486443	-13.359728205421831
-4.410680650572398e8	3992.1868726799116	-13.391582857094942
-4.307680650572398e8	3970.9847423527135	-13.423437508768053
-4.204680650572398e8	3949.895214552588	-13.455292160441164
-4.101680650572398e8	3928.9176912580683	-13.487146812114275
-3.998680650572398e8	3908.183769811727	-13.51994531739448
-3.895680650572398e8	3887.6671523311315	-13.553518190274644
-3.792680650572398e8	3867.258240019392	-13.587091063154807
-3.689680650572398e8	3846.956467461494	-13.620663936034969
-3.586680650572398e8	3826.761272210687	-13.654236808915133
-3.483680650572398e8	3806.6720947728227	-13.687809681795297
-3.380680650572398e8	3786.653461451547	-13.722396001261615
-3.277680650572398e8	3766.708886598399	-13.757893144304889
-3.174680650572398e8	3746.8693612487573	-13.793390287348162
-3.071680650572398e8	3727.1343320993656	-13.828887430391436
-2.968680650572398e8	3707.5032487612502	-13.864384573434709
-2.865680650572398e8	3687.975563744396	-13.899881716477982
-2.762680650572398e8	3668.4600069806215	-13.935857780505913
-2.6596806505723977e8	3648.735751162099	-13.97348951641022
-2.5566806505723977e8	3629.1175470019916	-14.011121252314528
-2.4536806505723977e8	3609.604824291005	-14.048752988218837
-2.3506806505723977e8	3590.1970158856766	-14.086384724123146
-2.2476806505723977e8	3570.8935576919116	-14.124016460027452
-2.1446806505723977e8	3551.6938886486064	-14.16164819593176
-2.0416806505723977e8	3531.168937727393	-14.202282958922213
-1.9386806505723977e8	3510.205188526579	-14.24409665564485
-1.8356806505723977e8	3489.3658963507073	-14.285910352367486
-1.7326806505723977e8	3468.250342228725	-14.328549966763752
-1.6296806505723977e8	3447.0438785253873	-14.371643939781775
-1.5266806505723977e8	3425.9670808087712	-14.414737912799797
-1.4236806505723977e8	3404.6571985074065	-14.458518587053858
-1.3206806505723977e8	3383.2413913201754	-14.502754564136644
-1.2176806505723977e8	3361.9602927895753	-14.546990541219433
-1.1146806505723977e8	3340.3211169860133	-14.591943661661496
-1.0116806505723977e8	3318.5026999906827	-14.637364184182882
-9.086806505723977e7	3296.826797233819	-14.68278470670427
-8.056806505723977e7	3274.6954454580623	-14.729048849517495
-7.026806505723977e7	3252.4441758138423	-14.775694980782681
-5.996806505723977e7	3230.3441016041315	-14.822341112047868
-4.966806505723977e7	3207.490778503554	-14.870117123928097
-3.936806505723977e7	3184.666077016866	-14.918060758351807
-2.906806505723977e7	3161.8320825364417	-14.966252421940913
-1.876806505723977e7	3138.3177076721377	-15.015672326599166
-8.46806505723977e6	3114.978207946944	-15.065092231257415
1.831934942760229e6	3091.1738477891927	-15.115445009354113
1.213193494276023e7	3067.106535749013	-15.166452935903493
2.243193494276023e7	3043.0991107832606	-15.217686258317977
3.273193494276023e7	3018.3937827336795	-15.270498200901768
4.303193494276023e7	2993.8890243046785	-15.323310143485559
5.333193494276023e7	2968.8488639289862	-15.377660054363972
6.363193494276023e7	2943.8066080798576	-15.43245677998516
7.393193494276023e7	2918.4959201867264	-15.488446286033724
8.423193494276023e7	2892.973665532419	-15.545512475550233
9.453193494276023e7	2867.3686527156456	-15.603472472296232
1.0483193494276023e8	2841.473184680034	-15.662956779586928
1.1513193494276023e8	2815.539721214948	-15.723222804805976
1.2543193494276023e8	2789.204381366588	-15.785342203160663
1.3573193494276023e8	2762.897446430804	-15.848273727913954
1.4603193494276023e8	2736.3334937637264	-15.913105890877564
1.5633193494276023e8	2709.7116147350075	-15.978934267135728
1.6663193494276023e8	2682.817961218074	-16.046467091864024
1.7693193494276023e8	2655.6910946005846	-16.115681114644385
1.8723193494276023e8	2628.3381996938174	-16.18659446428009
1.9753193494276023e8	2600.722320130342	-16.25940356735012
2.0783193494276023e8	2573.1620794978244	-16.33303765913875
2.1813193494276023e8	2545.06646623683	-16.409358311725292
2.2843193494276023e8	2516.9814493989293	-16.486668289635666
2.3873193494276023e8	2488.4212958341705	-16.566639556462412
2.4903193494276023e8	2459.756094047891	-16.64817994016222
2.5933193494276023e8	2431.1261380369574	-16.730811607054232
2.696319349427602e8	2401.673492632386	-16.81720483968257
2.799319349427602e8	2372.178744420337	-16.90518662628118
2.902319349427602e8	2342.556772832509	-16.995161476895028
3.005319349427602e8	2312.277981738618	-17.08860919978943
3.108319349427602e8	2282.059545551846	-17.183576921480103
3.211319349427602e8	2251.902600424183	-17.280190494033935
3.314319349427602e8	2221.3036623759945	-17.380838111809204
3.417319349427602e8	2190.5258245922155	-17.484134912918655
3.520319349427602e8	2159.715890950656	-17.589814588089176
3.623319349427602e8	2128.9406206900235	-17.697971075760513
3.726319349427602e8	2098.003446102977	-17.810380307504545
3.829319349427602e8	2067.4781257339505	-17.92462999675932
3.932319349427602e8	2037.0897912624996	-18.042479429646868
4.035319349427602e8	2007.6163588771578	-18.163999335013735
4.138319349427602e8	1980.0420298147899	-18.28877630993541
4.241319349427602e8	1954.6708806673655	-18.417298098853678
4.344319349427602e8	1930.1589320581984	-18.548830505018543
4.447319349427602e8	1906.2917422783967	-18.682976558840927
4.550319349427602e8	1882.8694175815954	-18.819537036581867
4.653319349427602e8	1859.6804596470063	-18.959445657057017
4.756319349427602e8	1837.0136781423935	-19.100636429542767
4.859319349427602e8	1814.6470353686789	-19.244064304661052
4.962319349427602e8	1792.5330465764616	-19.38996918058628
5.065319349427602e8	1770.5300148748415	-19.538509210727376
5.168319349427602e8	1748.9209720487884	-19.68753382290695
5.271319349427602e8	1728.0076033647206	-19.834675194624886
5.374319349427602e8	1707.13502459993	-19.98390732978957
5.477319349427602e8	1686.2294975129885	-20.13602248096674
5.580319349427602e8	1665.415359050535	-20.289889005083673
5.683319349427602e8	1644.649828816336	-20.445999700989717
5.786319349427602e8	1623.9081561406217	-20.604519234009103
5.889319349427602e8	1603.2020651790647	-20.76538470629798
5.992319349427602e8	1582.6129709356587	-20.928260302129615
6.095319349427602e8	1562.20111751441	-21.09234336258482
6.198319349427602e8	1541.8438284392657	-21.25995098374075
6.301319349427602e8	1521.6878046725421	-21.42865405645103
6.404319349427602e8	1501.90284756536	-21.601000170926525
6.507319349427602e8	1482.4072653654616	-21.774006912963333
6.610319349427602e8	1463.4765532970764	-21.951778791698672
6.713319349427602e8	1444.9652487169292	-22.130031067983083
6.816319349427602e8	1427.4685899216786	-22.310420185867216
6.919319349427602e8	1410.5914759916739	-22.49194955790216
7.022319349427602e8	1395.666783009792	-22.67843641186817
7.125319349427602e8	1380.8999999999996	-22.864923265834175
