-2.715664460227349e8	3710.4804615161656	-9.91580878546568
-2.680664460227349e8	3681.523661632801	-9.975843789199779
-2.645664460227349e8	3652.7928422574014	-10.035878792933877
-2.610664460227349e8	3627.2052504993294	-10.090071601540837
-2.575664460227349e8	3602.200247698475	-10.143451812404026
-2.540664460227349e8	3577.367622836526	-10.196832023267213
-2.505664460227349e8	3559.2994244947454	-10.235903060018405
-2.470664460227349e8	3548.705309043649	-10.258901623952669
-2.435664460227349e8	3538.1427265626135	-10.281900187886933
-2.400664460227349e8	3527.611583194994	-10.304898751821197
-2.365664460227349e8	3517.111785363488	-10.327897315755461
-2.330664460227349e8	3506.6432397693384	-10.350895879689725
-2.295664460227349e8	3496.205853391497	-10.373894443623989
-2.260664460227349e8	3485.7995334857515	-10.396893007558255
-2.225664460227349e8	3475.766013626845	-10.419136185620179
-2.190664460227349e8	3466.07791711484	-10.440677897165413
-2.155664460227349e8	3456.416824495973	-10.462219608710647
-2.120664460227349e8	3446.7826605015816	-10.48376132025588
-2.085664460227349e8	3437.1753500727646	-10.505303031801116
-2.050664460227349e8	3427.5948183598593	-10.52684474334635
-2.015664460227349e8	3418.040990721828	-10.548386454891583
-1.980664460227349e8	3408.513792725687	-10.569928166436819
-1.945664460227349e8	3399.0131501458977	-10.591469877982052
-1.910664460227349e8	3369.7345484695534	-10.657917619030936
-1.875664460227349e8	3340.4718594581145	-10.724907399722786
-1.840664460227349e8	3310.950992116629	-10.793033395973861
-1.805664460227349e8	3280.0201721957633	-10.864899417053682
-1.770664460227349e8	3248.847824006318	-10.937674513589126
-1.735664460227349e8	3217.470355319976	-11.011416907526108
-1.700664460227349e8	3185.884578815653	-11.085992341019178
-1.665664460227349e8	3154.0988754880796	-11.161282596187371
-1.630664460227349e8	3122.071936403274	-11.237421787416439
-1.595664460227349e8	3089.707956595577	-11.314848941821717
-1.560664460227349e8	3057.919630840824	-11.39098011957988
-1.525664460227349e8	3026.4254424731434	-11.466664872388321
-1.490664460227349e8	2994.8483376830736	-11.542831749377466
-1.455664460227349e8	2962.641487380932	-11.620492278039594
-1.420664460227349e8	2930.2895662802875	-11.69864188761629
-1.385664460227349e8	2897.3690805377914	-11.77819782869507
-1.350664460227349e8	2864.675880718681	-11.857414195218919
-1.3156644602273491e8	2833.981964905433	-11.932091770815658
-1.2806644602273491e8	2809.7789498169927	-11.990932992241065
-1.2456644602273491e8	2784.824764363307	-12.051593646820374
-1.2106644602273491e8	2758.8604964433434	-12.114615767884523
-1.1756644602273491e8	2729.3471674189195	-12.18631542866828
-1.1406644602273491e8	2697.2040324953823	-12.264461964545294
-1.1056644602273491e8	2661.500562585018	-12.350977574512465
-1.0706644602273491e8	2623.2238369561564	-12.442842971075976
-1.0356644602273491e8	2583.59863276749	-12.537365856495706
-1.0006644602273491e8	2542.874651304137	-12.633741010431933
-9.656644602273491e7	2501.145840444618	-12.731642833331115
-9.306644602273491e7	2458.4487935992856	-12.830972105270552
-8.956644602273491e7	2413.9945967662698	-12.93224181887933
-8.606644602273491e7	2367.9222962948993	-13.035465177928327
-8.256644602273491e7	2320.5192578459682	-13.140340707685889
-7.906644602273491e7	2271.680172176934	-13.246863462418133
-7.556644602273491e7	2220.31527570575	-13.355639726838284
-7.206644602273491e7	2184.4723216112798	-13.474525664929583
-6.856644602273491e7	2151.495185847886	-13.59650450063339
-6.506644602273491e7	2119.704367350903	-13.720825810861388
-6.156644602273491e7	2089.318288342589	-13.847783983303414
-5.806644602273491e7	2060.3023772041593	-13.97759597505251
-5.456644602273491e7	2032.3154000570744	-14.109680762027265
-5.106644602273491e7	2005.160502020452	-14.24404069322764
-4.756644602273491e7	1978.7474071414622	-14.380783788026726
-4.406644602273491e7	1953.0499501776894	-14.519744901511801
-4.056644602273491e7	1928.0661114716895	-14.660480679561998
-3.706644602273491e7	1903.4828598390254	-14.803954417270097
-3.356644602273491e7	1879.6597694046525	-14.948932584501641
-3.006644602273491e7	1855.8690117814294	-15.098336702417637
-2.656644602273491e7	1832.7154692149743	-15.248509825459614
-2.306644602273491e7	1810.3242034192992	-15.39871900763471
-1.956644602273491e7	1787.963333328268	-15.554123912714005
-1.606644602273491e7	1766.1880405996892	-15.710446678844585
-1.256644602273491e7	1745.14033372702	-15.867353420354696
-9.06644602273491e6	1725.1180002459064	-16.020587460145457
-5.56644602273491e6	1706.0064913373885	-16.168369002483082
-2.0664460227349102e6	1688.3865123489907	-16.307664095701604
1.4335539772650898e6	1673.598859895081	-16.42922202212732
4.93355397726509e6	1658.9407243873786	-16.55077994855304
8.43355397726509e6	1645.8773181187848	-16.66190708307654
1.193355397726509e7	1633.6635767744801	-16.767683358722195
1.543355397726509e7	1621.540471272825	-16.873459634367855
1.893355397726509e7	1610.0041832484	-16.976470078394886
2.243355397726509e7	1598.880810808435	-17.077626111523806
2.593355397726509e7	1587.8342887367644	-17.17878214465273
2.943355397726509e7	1576.7983109993866	-17.28142046621959
3.293355397726509e7	1565.7355590142702	-17.386407185638767
3.643355397726509e7	1554.750422841292	-17.491393905057944
3.993355397726509e7	1543.8007718933854	-17.597734699742936
4.343355397726509e7	1532.8176318436315	-17.707702582844373
4.693355397726509e7	1521.9126297036046	-17.81767046594581
5.043355397726509e7	1510.745407330997	-17.93208558103865
5.393355397726509e7	1498.7037719372438	-18.05911513590916
5.743355397726509e7	1486.7581163043772	-18.186144690779663
6.093355397726509e7	1473.802467154566	-18.329651435072293
6.443355397726509e7	1460.2281024638742	-18.484168299905747
6.793355397726509e7	1446.5518573950965	-18.644413378961296
7.143355397726509e7	1432.5619778453195	-18.81591775848696
7.493355397726509e7	1418.7950180065995	-18.99008075919751
7.843355397726509e7	1405.5355502698578	-19.175736504782854
8.193355397726509e7	1392.4000000000005	-19.3613922503682
