-3.021295835637107e7	3824.04637344587	-9.083698965316692
-2.988295835637107e7	3794.671813368482	-9.138551188650196
-2.955295835637107e7	3765.522895110119	-9.193403411983699
-2.922295835637107e7	3736.5734589625526	-9.248314473830641
-2.889295835637107e7	3707.289796736428	-9.30457723142981
-2.856295835637107e7	3678.235631637228	-9.360839989028978
-2.823295835637107e7	3649.409165087614	-9.417102746628148
-2.790295835637107e7	3620.099036386725	-9.474809612833113
-2.757295835637107e7	3590.941879526564	-9.532685618299716
-2.724295835637107e7	3562.019561489222	-9.59056162376632
-2.691295835637107e7	3531.8593046709957	-9.651338423463907
-2.658295835637107e7	3501.6162067582095	-9.712788095924669
-2.625295835637107e7	3471.6320786662754	-9.774237768385433
-2.592295835637107e7	3440.5500785175072	-9.838161268226438
-2.559295835637107e7	3409.571926564522	-9.90240626893393
-2.526295835637107e7	3378.7581202177907	-9.96687727897412
-2.493295835637107e7	3346.5358889675404	-10.034707056773746
-2.460295835637107e7	3322.0729898077243	-10.086441895567303
-2.427295835637107e7	3300.7011100137424	-10.131850545068703
-2.394295835637107e7	3287.049271750196	-10.16091462298849
-2.361295835637107e7	3276.7073873963077	-10.182948131384503
-2.328295835637107e7	3266.3980412136375	-10.204981639780515
-2.295295835637107e7	3256.1211308288985	-10.227015148176529
-2.262295835637107e7	3237.059132872229	-10.267895572532407
-2.229295835637107e7	3210.039284129639	-10.326171143674102
-2.196295835637107e7	3191.6163747360692	-10.365815172817548
-2.163295835637107e7	3173.910959073807	-10.404091723483655
-2.130295835637107e7	3150.48338976386	-10.45478445027209
-2.097295835637107e7	3121.7386720700997	-10.517285341978658
-2.064295835637107e7	3110.9620527249517	-10.540615320024411
-2.031295835637107e7	3100.2226355727776	-10.563945298070163
-1.998295835637107e7	3089.520292187115	-10.587275276115916
-1.965295835637107e7	3078.8548945848393	-10.61060525416167
-1.932295835637107e7	3049.291151318751	-10.67492298903084
-1.899295835637107e7	3033.25144372659	-10.710032234052388
-1.866295835637107e7	3030.258263388051	-10.716530421914946
-1.833295835637107e7	3027.2680366881086	-10.723028609777504
-1.800295835637107e7	3024.2807607121395	-10.729526797640062
-1.767295835637107e7	3021.29643254841	-10.73602498550262
-1.734295835637107e7	3018.315049288046	-10.742523173365178
-1.701295835637107e7	3015.336608025047	-10.749021361227737
-1.6682958356371071e7	3012.361105856282	-10.755519549090296
-1.6352958356371071e7	3009.388539881478	-10.762017736952854
-1.6022958356371071e7	3006.418907203242	-10.768515924815414
-1.5692958356371071e7	3003.4522049270213	-10.775014112677972
-1.5362958356371071e7	3000.4884301611214	-10.781512300540529
-1.5032958356371071e7	2997.5275800167174	-10.788010488403089
-1.4702958356371071e7	2994.5696516078174	-10.794508676265647
-1.4372958356371071e7	2991.614642051285	-10.801006864128206
-1.4042958356371071e7	2975.203432591243	-10.83668552628768
-1.3712958356371071e7	2952.8959727313536	-10.885457269212573
-1.3382958356371071e7	2934.1604248623953	-10.926354874377825
-1.3052958356371071e7	2917.069666731013	-10.96370386221854
-1.2722958356371071e7	2900.11269511564	-11.000954079022238
-1.2392958356371071e7	2884.1482893861635	-11.035610535185988
-1.2062958356371071e7	2868.271763776219	-11.070266991349737
-1.1732958356371071e7	2849.5958613270177	-11.111096561227315
-1.1402958356371071e7	2811.593974747674	-11.193951371262763
-1.1072958356371071e7	2784.4290153438383	-11.252705571311235
-1.0742958356371071e7	2758.7337279855406	-11.308594846754428
-1.0412958356371071e7	2723.4103243864815	-11.384367701227255
-1.0082958356371071e7	2685.7944526282436	-11.465060792207609
-9.752958356371071e6	2645.931183529064	-11.550270246127047
-9.422958356371071e6	2604.418697877749	-11.638305263027936
-9.092958356371071e6	2561.0522950697214	-11.728665154495607
-8.762958356371071e6	2516.656336723491	-11.820291761888125
-8.432958356371071e6	2471.0091099181454	-11.913361796699519
-8.102958356371071e6	2423.9324172137035	-12.007902142907865
-7.772958356371071e6	2374.751116216757	-12.103743159858828
-7.442958356371071e6	2323.4567306172185	-12.201805043342453
-7.112958356371071e6	2276.1700444841163	-12.303761599899994
-6.782958356371071e6	2234.4591638576544	-12.410161842216029
-6.452958356371071e6	2199.0631154718512	-12.521446262916214
-6.122958356371071e6	2165.2196210325696	-12.635619623318249
-5.792958356371071e6	2132.8836971138735	-12.752428594017442
-5.462958356371071e6	2101.9564454339293	-12.871586576394552
-5.132958356371071e6	2072.2701253180876	-12.992807622465476
-4.802958356371071e6	2043.655733130248	-13.116663813457002
-4.472958356371071e6	2016.1078714227865	-13.242806208628817
-4.142958356371071e6	1989.3366136941188	-13.370951783096292
-3.812958356371071e6	1963.3034070949368	-13.501252765196273
-3.482958356371071e6	1937.9768224212928	-13.633635562992174
-3.152958356371071e6	1913.2953696829027	-13.767877746843777
-2.822958356371071e6	1889.1759337267652	-13.904220993285476
-2.492958356371071e6	1865.592577901057	-14.042901874435993
-2.162958356371071e6	1842.5625317885242	-14.182739123372219
-1.8329583563710712e6	1819.8568966803787	-14.325630346111966
-1.5029583563710712e6	1797.282554841813	-14.472320806028621
-1.1729583563710712e6	1775.260057022641	-14.620062492442168
-842958.3563710712	1753.90557351883	-14.767715630605643
-512958.3563710712	1733.0374746042903	-14.916744273914748
-182958.3563710712	1714.934899142169	-15.04914535611938
147041.6436289288	1699.1960532680362	-15.16570457714121
477041.6436289288	1683.6016509349242	-15.282263798163042
807041.6436289288	1671.2461917278083	-15.377444815697789
1.1370416436289288e6	1659.4371451287018	-15.469458832469627
1.4670416436289288e6	1647.711541401307	-15.561472849241461
1.7970416436289288e6	1636.305934398121	-15.652268904811985
2.127041643628929e6	1625.2052874027145	-15.741896258461576
2.457041643628929e6	1614.1799468406125	-15.831523612111168
2.787041643628929e6	1603.1829781740282	-15.921593247535736
3.117041643628929e6	1591.5566935115357	-16.018419801409348
3.447041643628929e6	1580.0147226777801	-16.11524635528296
3.777041643628929e6	1568.556454228784	-16.212072909156575
4.107041643628929e6	1555.8154934381364	-16.32214845207264
4.437041643628929e6	1542.9641676456265	-16.434316586588274
4.767041643628929e6	1530.0209957203663	-16.54841368321502
5.097041643628929e6	1515.078244587594	-16.683238334553934
5.427041643628929e6	1500.2814298910175	-16.818062985892844
5.757041643628929e6	1484.8418571931084	-16.963081804495673
6.087041643628929e6	1469.2915642997755	-17.111629309329235
6.417041643628929e6	1453.8562830447913	-17.264076642505962
6.747041643628929e6	1438.5469176171416	-17.4195091796436
7.077041643628929e6	1423.394845184233	-17.57898332788264
7.407041643628929e6	1408.3966509339643	-17.744418736838035
7.737041643628929e6	1393.7484086354568	-17.913091420687934
8.067041643628929e6	1379.8549565214807	-18.09202994570599
8.397041643628929e6	1366.1	-18.27096847072404
