-3.60410189424229e8	3846.4873836052125	-12.119409172486954
-3.49610189424229e8	3826.4466106288423	-12.161946710439533
-3.38810189424229e8	3806.510253068776	-12.204484248392113
-3.28010189424229e8	3786.6777669051335	-12.247021786344689
-3.17210189424229e8	3766.9486109524337	-12.289559324297269
-3.06410189424229e8	3747.0790664617903	-12.333284494382806
-2.95610189424229e8	3727.179128176473	-12.377673481246703
-2.84810189424229e8	3707.384874222	-12.4220624681106
-2.74010189424229e8	3687.695743331408	-12.466451454974496
-2.6321018942422903e8	3668.1111772185245	-12.510840441838393
-2.5241018942422903e8	3648.2286925354956	-12.55670559372946
-2.4161018942422903e8	3628.3159112155067	-12.603080626494908
-2.3081018942422903e8	3608.5118179447986	-12.649455659260358
-2.2001018942422903e8	3588.815819481667	-12.695830692025808
-2.0921018942422903e8	3569.22732582247	-12.742205724791258
-1.9841018942422903e8	3549.228956203755	-12.790395983138458
-1.8761018942422903e8	3529.2764856627173	-12.83881992614943
-1.7681018942422903e8	3509.4361806330076	-12.887243869160404
-1.6601018942422903e8	3489.707410561035	-12.935667812171376
-1.5521018942422903e8	3470.0078181088243	-12.984317796930709
-1.4441018942422903e8	3449.747229922499	-13.034837648045668
-1.3361018942422903e8	3429.6049387127723	-13.08535749916063
-1.2281018942422903e8	3409.580253770437	-13.135877350275589
-1.1201018942422903e8	3389.6724884192	-13.18639720139055
-1.0121018942422903e8	3368.9476632461997	-13.239238659284021
-9.041018942422903e7	3347.1991921545405	-13.294960172469338
-7.961018942422903e7	3325.4497618133005	-13.350963714479303
-6.881018942422903e7	3303.537415389277	-13.407578267703126
-5.8010189424229026e7	3281.6172263528583	-13.46450346494025
-4.7210189424229026e7	3259.284738938517	-13.52257454507335
-3.6410189424229026e7	3236.9975524675706	-13.58082079131066
-2.5610189424229026e7	3214.2984610864396	-13.640000100723123
-1.4810189424229026e7	3191.6535802539397	-13.699347046621517
-4.010189424229026e6	3168.526982844773	-13.759725509062857
6.789810575770974e6	3145.439910803707	-13.820308837946175
1.7589810575770974e7	3121.8471864924823	-13.881978353388664
2.8389810575770974e7	3098.2250590542526	-13.943929465593033
3.9189810575770974e7	3074.043234866441	-14.006896067550882
4.9989810575770974e7	3049.762022333204	-14.07030871964015
6.0789810575770974e7	3025.040411477588	-14.134708002677703
7.158981057577097e7	3000.1065460030577	-14.199808571931603
8.238981057577097e7	2974.8587993133124	-14.265799318169051
9.318981057577097e7	2949.2597127337162	-14.332824339994302
1.0398981057577097e8	2923.513300210325	-14.400529674607835
1.1478981057577097e8	2897.37486150523	-14.469764834920188
1.2558981057577097e8	2871.2981172627906	-14.539429416012467
1.3638981057577097e8	2844.6365037494807	-14.611106320065739
1.4718981057577097e8	2818.006119321829	-14.683366790914018
1.5798981057577097e8	2791.0423222871236	-14.757214198462513
1.6878981057577097e8	2763.918013191864	-14.832336347432392
1.7958981057577097e8	2736.7134677789677	-14.908516217715915
1.9038981057577097e8	2709.051122592353	-14.986716137985184
2.0118981057577097e8	2681.3933558879125	-15.0656805061866
2.1198981057577097e8	2653.362591341198	-15.146467060615114
2.2278981057577097e8	2625.026357821285	-15.228687614442817
2.3358981057577097e8	2596.4908645018636	-15.312123892287131
2.4438981057577097e8	2567.288104540457	-15.398336024179034
2.5518981057577097e8	2538.0363030549142	-15.485418324868485
2.6598981057577097e8	2508.572530759104	-15.573697287754028
2.76789810575771e8	2478.3465884096627	-15.664812617564715
2.87589810575771e8	2447.898858268594	-15.757342480991372
2.98389810575771e8	2417.069108796009	-15.85159511814002
3.09189810575771e8	2385.840925676666	-15.947803970270694
3.19989810575771e8	2354.3148890145803	-16.045798345673788
3.30789810575771e8	2322.2795302922855	-16.14619113894286
3.41589810575771e8	2289.360429342796	-16.249598906607737
3.52389810575771e8	2256.249136432331	-16.354708206480943
3.63189810575771e8	2222.8601793010175	-16.461806743732158
3.73989810575771e8	2188.9483282423666	-16.57159209664611
3.84789810575771e8	2154.329917057488	-16.684362698588508
3.95589810575771e8	2119.112644877315	-16.800270389545286
4.06389810575771e8	2083.5214519857223	-16.918972715991686
4.17189810575771e8	2048.143606181943	-17.040249641533123
4.27989810575771e8	2014.1303404089592	-17.1646484732904
4.38789810575771e8	1985.4090353389208	-17.29639898498349
4.49589810575771e8	1958.141785327733	-17.431322759586756
4.60389810575771e8	1931.9093389322627	-17.568937665677254
4.71189810575771e8	1906.4756248367328	-17.709182647612874
4.81989810575771e8	1881.8592720192808	-17.851311218460808
4.92789810575771e8	1857.8691319717177	-17.99594137363569
5.03589810575771e8	1834.2604536638871	-18.143902032589793
5.14389810575771e8	1811.1663403630814	-18.294073287474763
5.25189810575771e8	1788.6574185925044	-18.44597660449007
5.35989810575771e8	1766.4694493606994	-18.60057195711113
5.46789810575771e8	1744.7905465521649	-18.75686941364694
5.57589810575771e8	1723.6253137243455	-18.911833325133564
5.68389810575771e8	1702.739718968569	-19.0676216230193
5.79189810575771e8	1682.1829799423858	-19.226172222986865
5.89989810575771e8	1661.8091137637884	-19.385894177040356
6.00789810575771e8	1641.4920807823294	-19.549064892299853
6.11589810575771e8	1621.341807271536	-19.71344082036489
6.22389810575771e8	1601.2781607903748	-19.880219379094754
6.33189810575771e8	1581.3376853652605	-20.049082535067743
6.43989810575771e8	1561.496086427572	-20.220467265563336
6.54789810575771e8	1541.8027323509184	-20.394419031167683
6.65589810575771e8	1522.2938237725652	-20.570021007353553
6.76389810575771e8	1503.0734129283483	-20.74904270646276
6.87189810575771e8	1484.1070502142784	-20.92901015324918
6.97989810575771e8	1465.811571580388	-21.112406723764273
7.08789810575771e8	1447.8267780346548	-21.29628537342558
7.19589810575771e8	1430.7120894334032	-21.48343363483504
7.30389810575771e8	1414.0632550436299	-21.671287451684346
7.41189810575771e8	1399.254080906469	-21.863596572607577
7.51989810575771e8	1384.5999999999992	-22.05590569353081
