-7.133064502458141e8	3794.934626382985	-8.631488295262956
-7.047064502458141e8	3767.2416526267766	-8.678977742998297
-6.961064502458141e8	3739.750764247779	-8.726467190733638
-6.875064502458141e8	3712.73766369493	-8.7734706043131
-6.789064502458141e8	3686.1301405359754	-8.82010232071918
-6.703064502458141e8	3659.713301544011	-8.86673403712526
-6.617064502458141e8	3637.986854671326	-8.905478628913325
-6.531064502458141e8	3616.7207387742856	-8.9436395271561
-6.445064502458141e8	3595.578935499421	-8.981800425398875
-6.359064502458141e8	3582.5706690267793	-9.005364763174898
-6.273064502458141e8	3575.441110925622	-9.018284105986865
-6.187064502458141e8	3568.3257411276236	-9.03120344879883
-6.101064502458141e8	3561.224531397088	-9.044122791610796
-6.015064502458141e8	3554.1374535545287	-9.057042134422764
-5.929064502458141e8	3547.064479476532	-9.069961477234727
-5.843064502458141e8	3540.005581095659	-9.082880820046697
-5.757064502458141e8	3532.9607304003066	-9.09580016285866
-5.671064502458141e8	3525.929899434636	-9.108719505670628
-5.585064502458141e8	3518.913060298443	-9.121638848482593
-5.499064502458141e8	3509.6725708371014	-9.138683328332146
-5.413064502458141e8	3489.5840224288827	-9.175861861138548
-5.327064502458141e8	3469.610456193218	-9.21304039394495
-5.241064502458141e8	3449.751213998931	-9.250218926751355
-5.155064502458141e8	3427.3846181659687	-9.292464397075278
-5.069064502458141e8	3399.489510800149	-9.345762881454384
-4.983064502458141e8	3370.5229640151706	-9.40146285641885
-4.897064502458141e8	3341.428595278474	-9.45780953650932
-4.811064502458141e8	3312.3359814060213	-9.51456849559237
-4.725064502458141e8	3283.0258871095107	-9.572183598840203
-4.639064502458141e8	3253.70940792495	-9.630290612949773
-4.553064502458141e8	3224.4336638577065	-9.688798403042101
-4.467064502458141e8	3195.2100516572937	-9.747182236975881
-4.381064502458141e8	3166.4684432228805	-9.804906196446112
-4.295064502458141e8	3138.2694953860755	-9.8617589747713
-4.209064502458141e8	3111.930932744557	-9.914947209121586
-4.123064502458141e8	3086.3930826908704	-9.966804759461239
-4.037064502458141e8	3061.9530120146146	-10.016047970223255
-3.951064502458141e8	3037.91663545425	-10.064667766033466
-3.865064502458141e8	3012.137457528701	-10.116564877181828
-3.779064502458141e8	2985.7164006422468	-10.169935483785808
-3.693064502458141e8	2954.88372382736	-10.231813754776011
-3.607064502458141e8	2922.828341855951	-10.29642475389877
-3.521064502458141e8	2898.9211842107866	-10.34379596612212
-3.435064502458141e8	2875.2095742064053	-10.391167178345473
-3.349064502458141e8	2853.590254807203	-10.43374309243061
-3.263064502458141e8	2832.9801056961182	-10.474165268221412
-3.177064502458141e8	2812.518814062264	-10.514587444012214
-3.091064502458141e8	2789.05696120277	-10.559798903094276
-3.005064502458141e8	2765.2691814715217	-10.60581109340642
-2.919064502458141e8	2738.5324636436194	-10.657269108472764
-2.833064502458141e8	2704.577555945178	-10.721797269592932
-2.747064502458141e8	2668.992276857269	-10.78893430029237
-2.6610645024581409e8	2630.9132974898125	-10.859892025342358
-2.5750645024581409e8	2591.4887749068566	-10.931976917910179
-2.4890645024581409e8	2551.542638875493	-11.004736130525439
-2.4030645024581409e8	2509.453723424043	-11.079177001790388
-2.3170645024581409e8	2467.4419742938903	-11.153995812561432
-2.2310645024581409e8	2422.214564127082	-11.230812279525288
-2.1450645024581409e8	2376.9926998510164	-11.307982424279675
-2.0590645024581409e8	2329.2775634487275	-11.386614627633902
-1.9730645024581409e8	2280.62828197729	-11.465980645497286
-1.8870645024581409e8	2230.115578087498	-11.546488538519082
-1.8010645024581409e8	2177.060662940257	-11.628575260602558
-1.7150645024581409e8	2123.1148187285444	-11.711614439236325
-1.6290645024581409e8	2066.2212001897733	-11.797194199192312
-1.5430645024581409e8	2009.1278984268604	-11.884047832065308
-1.4570645024581409e8	1950.67179798592	-11.973227377267733
-1.3710645024581409e8	1890.8838832867368	-12.065769344508027
-1.2850645024581409e8	1832.058602279807	-12.158493015350182
-1.1990645024581409e8	1774.8459189881698	-12.250137488728713
-1.1130645024581409e8	1750.054609790559	-12.290081056715525
-1.0270645024581409e8	1726.6433039013568	-12.328271410378402
-9.410645024581409e7	1703.5451820924538	-12.366461764041276
-8.550645024581409e7	1682.7013557183407	-12.405775489405338
-7.690645024581409e7	1662.9850323115725	-12.445598859150781
-6.830645024581409e7	1643.4997263740443	-12.48542222889622
-5.9706450245814085e7	1623.667863909843	-12.549313895198239
-5.1106450245814085e7	1603.5371083646064	-12.636021832927295
-4.2506450245814085e7	1585.5341531034758	-12.737267291264242
-3.3906450245814085e7	1569.2349853069568	-12.846791754216902
-2.5306450245814085e7	1554.9547321888015	-12.965597404816476
-1.6706450245814085e7	1542.8077323919892	-13.093617161778866
-8.106450245814085e6	1532.8808272044516	-13.229548456080474
493549.754185915	1525.1223036611023	-13.369091749155231
9.093549754185915e6	1518.9078830741053	-13.515237823716788
1.7693549754185915e7	1514.0133598661737	-13.66308003115028
2.6293549754185915e7	1510.2166680767239	-13.812837770118012
3.4893549754185915e7	1507.126653282802	-13.965415174991971
4.3493549754185915e7	1504.563482822899	-14.118167374491033
5.2093549754185915e7	1503.3267376201534	-14.27371908446783
6.0693549754185915e7	1501.2604074427845	-14.418322956906938
6.929354975418591e7	1498.5274697555064	-14.556898870858248
7.789354975418591e7	1496.1121610239377	-14.6970896143741
8.649354975418591e7	1494.1620688767543	-14.839666282598621
9.509354975418591e7	1492.1592494199376	-14.982111841183492
1.0369354975418591e8	1489.9356169303644	-15.124026456540337
1.1229354975418591e8	1487.7152981229244	-15.265941071897181
1.2089354975418591e8	1485.3764760626832	-15.408717704000647
1.2949354975418591e8	1483.0404864515178	-15.551500321178535
1.3809354975418591e8	1480.687191071945	-15.694877449934229
1.4669354975418591e8	1478.33275675845	-15.838392893648606
1.5529354975418591e8	1476.030507648979	-15.982279522813279
1.6389354975418591e8	1473.7583576309933	-16.126369626828655
1.7249354975418591e8	1471.542704970588	-16.271398595215395
1.8109354975418591e8	1469.3855536798505	-16.41740631573465
1.8969354975418591e8	1467.2960560188474	-16.56363934103201
1.9829354975418591e8	1465.3255697959703	-16.71027831191305
2.0689354975418591e8	1463.4064641386562	-16.857329263437002
2.1549354975418591e8	1461.6576558981951	-17.005800349198267
2.2409354975418591e8	1459.9200115431465	-17.15458095472363
2.3269354975418591e8	1458.2590609400477	-17.305910120507754
2.4129354975418591e8	1456.6000000000004	-17.457239286291877
