-6.650610258653062e7	3965.930172661586	-7.44325202282557
-6.573610258653062e7	3937.5812423310795	-7.4848050058262725
-6.496610258653062e7	3909.4349534531193	-7.526357988826976
-6.419610258653062e7	3881.0767657998445	-7.56846043287147
-6.342610258653062e7	3852.7446159889996	-7.610803618955999
-6.265610258653062e7	3824.5181210203946	-7.653278360517291
-6.188610258653062e7	3795.89155426645	-7.696548120734985
-6.111610258653062e7	3767.4792577285593	-7.7398178809526765
-6.034610258653062e7	3739.0080554888514	-7.783357923778912
-5.957610258653062e7	3710.5676808643843	-7.827082831603242
-5.880610258653062e7	3682.34363498186	-7.870807739427571
-5.803610258653062e7	3670.8957376192125	-7.888536724513072
-5.726610258653062e7	3659.5091507959223	-7.9062253025673055
-5.649610258653062e7	3648.157883515531	-7.923913880621541
-5.572610258653062e7	3636.841826221934	-7.941602458675775
-5.495610258653062e7	3625.560869698852	-7.95929103673001
-5.418610258653062e7	3614.3149050687794	-7.976979614784244
-5.341610258653062e7	3600.123396405896	-7.999383402806251
-5.264610258653062e7	3579.176212179641	-8.032620467964561
-5.187610258653062e7	3559.049166858353	-8.064656237394942
-5.110610258653062e7	3539.90199204008	-8.095192839501502
-5.033610258653062e7	3519.3178593451325	-8.128201923804012
-4.956610258653062e7	3496.0691291404196	-8.165710227265432
-4.879610258653062e7	3468.708217109831	-8.210100766238654
-4.802610258653062e7	3438.4693279172343	-8.25948350442054
-4.725610258653062e7	3407.9951136622817	-8.309498959779697
-4.648610258653062e7	3377.471070625227	-8.360054552895186
-4.571610258653062e7	3346.9339786795117	-8.411001800762715
-4.494610258653062e7	3316.0951850396627	-8.462609885528764
-4.417610258653062e7	3285.2872886765376	-8.514529710526858
-4.340610258653062e7	3254.683431531287	-8.566511192768466
-4.263610258653062e7	3225.7268919062235	-8.615540965161173
-4.186610258653062e7	3197.4530784881895	-8.66369322233185
-4.109610258653062e7	3171.058369998818	-8.708449444699164
-4.032610258653062e7	3145.4363028288485	-8.752188545510208
-3.955610258653062e7	3124.566569954444	-8.787532974067314
-3.878610258653062e7	3103.8353061852176	-8.82287740262442
-3.801610258653062e7	3081.7714463857665	-8.86042519562612
-3.724610258653062e7	3057.0156043304023	-8.902276228704586
-3.647610258653062e7	3032.4586257295587	-8.94412726178305
-3.570610258653062e7	2999.9752725314456	-8.998618737509826
-3.493610258653062e7	2967.200595015152	-9.054061273467356
-3.416610258653062e7	2939.9825550070036	-9.099101148996825
-3.339610258653062e7	2913.0141852446545	-9.144141024526293
-3.262610258653062e7	2892.4866933021367	-9.178147772409483
-3.185610258653062e7	2876.0202073607416	-9.20514070471569
-3.108610258653062e7	2859.6474626143836	-9.232133637021896
-3.031610258653062e7	2843.3679254087247	-9.259126569328103
-2.954610258653062e7	2822.7222122021276	-9.292840398337834
-2.877610258653062e7	2796.173931627008	-9.33576114569907
-2.800610258653062e7	2769.875343068499	-9.378681893060305
-2.723610258653062e7	2735.8672979636945	-9.433103176151013
-2.646610258653062e7	2698.379917808432	-9.493239323747662
-2.569610258653062e7	2659.2414066885467	-9.55493332083963
-2.492610258653062e7	2619.244608122539	-9.617669300057901
-2.415610258653062e7	2578.0123171512278	-9.68156717308165
-2.338610258653062e7	2535.6635108049663	-9.746600393351297
-2.261610258653062e7	2492.7870626605245	-9.812194996945541
-2.184610258653062e7	2448.6223706013675	-9.878730008739918
-2.107610258653062e7	2404.3742832437415	-9.945675339757214
-2.030610258653062e7	2357.23645225788	-10.014402881802233
-1.953610258653062e7	2311.022759882854	-10.083130423847248
-1.876610258653062e7	2261.1063801326036	-10.154317819877985
-1.799610258653062e7	2212.265915509097	-10.225506440055376
-1.722610258653062e7	2160.7377211005655	-10.298858781793896
-1.6456102586530618e7	2109.7724759042762	-10.37258869731289
-1.5686102586530618e7	2056.6907988409002	-10.449488546612145
-1.4916102586530618e7	2004.0518801345647	-10.527264097283437
-1.4146102586530618e7	1950.0874962977964	-10.607353037017432
-1.3376102586530618e7	1897.2214933048272	-10.687626764643365
-1.2606102586530618e7	1846.7155187315736	-10.765003231142
-1.1836102586530618e7	1804.6036781220866	-10.830913836828199
-1.1066102586530618e7	1784.7948688342874	-10.861583715174078
-1.0296102586530618e7	1765.2034972754225	-10.892253593519953
-9.526102586530618e6	1745.82717667074	-10.922923471865833
-8.756102586530618e6	1726.663546444674	-10.953593350211712
-7.986102586530618e6	1711.7140664859162	-10.977098570706705
-7.216102586530618e6	1697.3769247347013	-10.999733244632424
-6.446102586530618e6	1683.1598694147508	-11.022367918558139
-5.676102586530618e6	1669.0618946944169	-11.045002592483856
-4.906102586530618e6	1655.082003166789	-11.067637266409575
-4.1361025865306184e6	1640.0450251736386	-11.094516214418169
-3.3661025865306184e6	1623.0805890194483	-11.12893199599604
-2.5961025865306184e6	1606.2916310317778	-11.163347777573911
-1.8261025865306184e6	1589.6763360847588	-11.197763559151783
-1.0561025865306184e6	1571.324090338187	-11.262485923048137
-286102.58653061837	1552.5452080100258	-11.337472694758384
483897.41346938163	1535.2592686211117	-11.428025815584437
1.2538974134693816e6	1519.2273180045675	-11.525483054612096
2.0238974134693816e6	1504.8415761695044	-11.631686189325624
2.7938974134693816e6	1492.4612140857264	-11.74702704399549
3.5638974134693816e6	1482.551011579858	-11.87037370253893
4.333897413469382e6	1474.4620172850937	-12.00097311067822
5.103897413469382e6	1468.341341780903	-12.134681663598052
5.873897413469382e6	1463.8336898615748	-12.272565005991211
6.643897413469382e6	1460.7805343252278	-12.412528461512071
7.413897413469382e6	1458.8693399704346	-12.554322367190974
8.183897413469382e6	1459.2348763621164	-12.699908893090537
8.953897413469382e6	1459.354931672608	-12.839752196188178
9.723897413469382e6	1458.633906158833	-12.974949151808648
1.0493897413469382e7	1458.7663149872164	-13.112522303716677
1.1263897413469382e7	1460.1902899611016	-13.253690030394981
1.2033897413469382e7	1461.7083134158643	-13.394740900181894
1.2803897413469382e7	1463.5542076938682	-13.53538074983405
1.3573897413469382e7	1465.4025905769556	-13.676021838941551
1.4343897413469382e7	1467.373061304843	-13.817603821482972
1.5113897413469382e7	1469.346181649236	-13.959185804024395
1.5883897413469382e7	1471.2648895056402	-14.100211893981747
1.6653897413469382e7	1473.1690537081029	-14.241072115833893
1.742389741346938e7	1474.9530136619296	-14.381554767478617
1.819389741346938e7	1476.6218817198264	-14.52167692785029
1.896389741346938e7	1478.2167572359006	-14.661496301315132
1.973389741346938e7	1479.5659679471648	-14.800329483194542
2.050389741346938e7	1480.9164101216315	-14.939162665073951
2.127389741346938e7	1481.935530102793	-15.077217175028998
2.204389741346938e7	1482.9334075256454	-15.215220332908295
2.281389741346938e7	1483.8204659655478	-15.352882282884252
2.358389741346938e7	1484.6433235241254	-15.490346234609929
2.435389741346938e7	1485.3114461806258	-15.627822016893235
2.512389741346938e7	1485.6556831999824	-15.765322505458958
2.589389741346938e7	1486.0000000000002	-15.90282299402468
