-2.600216202752128e6	4099.0359215493445	-7.032095820793362	14.6506876907728
-2.568316202752128e6	4062.3058968311193	-7.084896732077789	14.65066217221848
-2.536416202752128e6	4025.9049969953207	-7.137697643362215	14.650636653012947
-2.504516202752128e6	3988.6980459260185	-7.192120152449236	14.6506064767805
-2.472616202752128e6	3951.714799120716	-7.24671638693172	14.650575800773149
-2.440716202752128e6	3915.002500385595	-7.301405154856322	14.65054460572347
-2.408816202752128e6	3877.7483848855854	-7.357239993720639	14.650506992545969
-2.376916202752128e6	3840.848769573385	-7.413074832584956	14.650469377953664
-2.345016202752128e6	3803.69962019596	-7.469651481547228	14.650430953516812
-2.313116202752128e6	3765.698943479506	-7.527738470163294	14.650390881559881
-2.281216202752128e6	3728.077910682157	-7.585825458779362	14.650350807997125
-2.249316202752128e6	3692.116560939734	-7.641563605590572	14.650304672461305
-2.217416202752128e6	3657.004030348741	-7.696374718594397	14.650256142788999
-2.185516202752128e6	3622.2254246986736	-7.751185831598221	14.650207610761449
-2.153616202752128e6	3592.4644646409656	-7.798068384755606	14.650105136338137
-2.121716202752128e6	3567.6305986731854	-7.837389238228465	14.649900745209031
-2.0898162027521278e6	3550.3906635703065	-7.864677731971266	14.649531990469102
-2.0579162027521278e6	3533.2340373622615	-7.891966225714066	14.649163099698953
-2.0260162027521278e6	3515.2928322275857	-7.9205090401997635	14.647287428229914
-1.9941162027521278e6	3497.007439907594	-7.94968458187604	14.64464592913528
-1.9622162027521278e6	3477.639851219409	-7.980697830739399	14.640133699817616
-1.9303162027521278e6	3451.0010578635734	-8.023306874663847	14.623706088413519
-1.8984162027521278e6	3418.7724024641548	-8.07508127090196	14.594109794014532
-1.8665162027521278e6	3379.2693641691117	-8.13875405581475	14.546969260117473
-1.8346162027521278e6	3341.1394656141847	-8.200311481633479	14.50527628065846
-1.8027162027521278e6	3299.850916837942	-8.267019225001489	14.476148575112012
-1.7708162027521278e6	3257.7242265271975	-8.335076052201128	14.453317549620332
-1.7389162027521278e6	3214.681367920387	-8.404992171481506	14.432922419620645
-1.7070162027521278e6	3172.9732104938266	-8.472670448867525	14.408718791611037
-1.6751162027521278e6	3132.2445036205454	-8.538550389809348	14.369215563716084
-1.6432162027521278e6	3093.480375447807	-8.60116302361501	14.29231580251914
-1.6113162027521278e6	3052.8975889221474	-8.66664286304401	14.13543824399253
-1.5794162027521278e6	3008.901929599035	-8.737571431131597	13.801894193336036
-1.5475162027521278e6	2965.817626947555	-8.806922154550332	13.225753838840504
-1.5156162027521278e6	2926.6134454787766	-8.869740622924827	12.44069468938246
-1.4837162027521278e6	2890.365751699383	-8.927249793999295	11.75001183525692
-1.4518162027521278e6	2858.102436228152	-8.97805737091578	11.315737850007551
-1.4199162027521278e6	2823.4185043805696	-9.032769082438607	10.902234201257453
-1.3880162027521278e6	2780.2423363428366	-9.10078763714658	10.638436231186901
-1.3561162027521278e6	2730.9951346611037	-9.177490263755617	10.449462245508641
-1.3242162027521278e6	2678.698526038713	-9.258223600613272	10.280801639703899
-1.2923162027521278e6	2624.6651974372753	-9.340935022769699	10.115153754770246
-1.2604162027521278e6	2568.983646338723	-9.425090068193043	9.94633967368791
-1.2285162027521278e6	2511.788152867278	-9.510571300498118	9.771469460621166
-1.1966162027521278e6	2453.2639075233733	-9.597462071205879	9.588448119516485
-1.1647162027521278e6	2393.216188008082	-9.686259436569362	9.398322777737466
-1.1328162027521278e6	2331.2339528968973	-9.777001223875022	9.204032233271276
-1.1009162027521278e6	2278.3297852567957	-9.87367985471247	8.997906804567581
-1.0690162027521278e6	2235.027788700667	-9.976410745450309	8.77936975577337
-1.0371162027521278e6	2200.8387570092837	-10.084816319672203	8.550553473608591
-1.0052162027521278e6	2172.2523904329137	-10.197627123943038	8.329859773391329
-973316.2027521278	2146.79360048675	-10.312781543814427	8.099797180188352
-941416.2027521278	2124.0336982614635	-10.430247456642338	7.86051707363069
-909516.2027521278	2103.5972070562457	-10.550000445632758	7.612900848193628
-877616.2027521278	2085.56134400926	-10.67198363312982	7.377688217177864
-845716.2027521278	2068.861781190511	-10.795336567805615	7.136188063876207
-813816.2027521278	2053.1867017117747	-10.920049681678059	6.886480177787289
-781916.2027521278	2038.3383364079173	-11.046102905607276	6.629672168841094
-750016.2027521278	2024.3104369716204	-11.173301194878718	6.383677909178669
-718116.2027521278	2010.6495762601016	-11.30167744238765	6.136392617033565
-686216.2027521278	1997.27009182117	-11.43092932629245	5.8817866904850264
-654316.2027521278	1984.1359270493526	-11.560791714777436	5.620841977617959
-622416.2027521278	1971.241736124831	-11.690683087763848	5.36543140781591
-590516.2027521278	1958.213281990989	-11.823013293796492	5.115592493378286
-558616.2027521278	1945.216943770821	-11.956025638712584	4.859658949180349
-526716.2027521278	1932.4601867190718	-12.089423100413516	4.598608793148021
-494816.2027521278	1920.2135858970055	-12.223276323508788	4.334203633224002
-462916.2027521278	1907.7549460889509	-12.346761289823734	4.138257147020999
-431016.2027521278	1895.3744372835695	-12.47014887640512	3.89613851002938
-399116.2027521278	1883.1253527963565	-12.593664897504961	3.611577640527336
-367216.2027521278	1871.1613607217025	-12.717702038777341	3.404068750685496
-335316.2027521278	1859.273379044418	-12.841739180049721	3.1419132107134047
-303416.2027521278	1847.4058429564209	-12.966570704839334	2.86601952944093
-271516.2027521278	1835.5326304278533	-13.092584126060196	2.6393969827678334
-239616.20275212778	1823.7357266195863	-13.218597547281059	2.345889552338567
-207716.20275212778	1811.8712891385117	-13.347180794739883	2.077994422373864
-175816.20275212778	1800.0037102962642	-13.477213545339852	1.817964718015387
-143916.20275212778	1788.2138629288854	-13.60724629593982	1.4656109789024196
-112016.20275212778	1777.0383111109365	-13.733426700401651	1.2263351913895766
-80116.20275212778	1765.9620289041818	-13.859394733529385	0.9310915385037738
-48216.20275212778	1754.9680370489875	-13.98596233827416	0.5513376353310183
-16316.202752127778	1744.1171959141147	-14.115931127744872	0.2847596037251792
15583.797247872222	1733.3334447494553	-14.245899917215581	-0.07978832930380647
47483.79724787222	1723.413331822727	-14.368074848725229	-0.4704939755416015
79383.79724787222	1714.6919500119782	-14.479024128646632	-0.7320380105059789
111283.79724787222	1706.0147030000537	-14.589973408568037	-1.0871914537015102
143183.79724787222	1697.4259818956934	-14.701466472847661	-1.5687799287623194
175083.79724787222	1689.126135560741	-14.815968366919632	-1.820804306630688
206983.79724787222	1680.8668727033103	-14.930470260991601	-2.1585557240452866
238883.79724787222	1672.6479948837502	-15.044972155063572	-2.6723724818152776
270783.7972478722	1665.254330389736	-15.155852688425927	-2.939363668834232
302683.7972478722	1657.9493522383646	-15.266473791804845	-3.2473987318029875
334583.7972478722	1650.6764188652728	-15.377094895183765	-3.6948563629668567
366483.7972478722	1643.8008032030837	-15.489404193855385	-4.146229769810173
398383.7972478722	1637.3082588654513	-15.603357442557384	-4.4513289283904545
430283.7972478722	1630.841358226188	-15.71731069125938	-4.892565572776271
462183.7972478722	1624.3999999999994	-15.831263939961378	-5.701412205264807
