-8.748010428583732e6	4134.776721969993	-6.88272635884029	15.942523986635994
-8.649310428583732e6	4098.060476797217	-6.93391612589268	15.942517297153678
-8.550610428583732e6	4061.670266801252	-6.985105892945071	15.94251060762661
-8.451910428583732e6	4024.872431607683	-7.037496779052537	15.942504325404526
-8.353210428583732e6	3987.925017832851	-7.0906888570845314	15.942498314862293
-8.254510428583732e6	3951.316772915635	-7.143880935116527	15.942492304283935
-8.155810428583732e6	3914.002919784773	-7.1985894514735875	15.942486284250856
-8.057110428583732e6	3876.9549735872843	-7.253425057098651	15.942480263392182
-7.958410428583732e6	3840.0563650447043	-7.308522514947141	15.94247404500977
-7.859710428583732e6	3802.9107883902625	-7.364405452534227	15.942467234180338
-7.761010428583732e6	3766.124527780645	-7.420288390121312	15.942460423304516
-7.662310428583732e6	3732.9273824856905	-7.470923494668593	15.942451165844105
-7.563610428583732e6	3702.41968422724	-7.517636757371543	15.942440079915661
-7.464910428583732e6	3672.1613129868874	-7.564350020074492	15.942428993864317
-7.366210428583732e6	3643.1787632304704	-7.609362891977487	15.942411121993544
-7.267510428583732e6	3616.4443003434358	-7.651012201948356	15.94237982656615
-7.168810428583732e6	3594.0687620460085	-7.686006420745652	15.942300123189266
-7.070110428583732e6	3575.7020332144143	-7.714781425768289	15.94217517119538
-6.971410428583732e6	3557.429163668863	-7.743556430790927	15.942050203586541
-6.872710428583732e6	3541.4330760178777	-7.768668786055653	15.941301485406383
-6.774010428583732e6	3525.7814054316227	-7.793322134637737	15.940473953127766
-6.675310428583732e6	3510.1989087608085	-7.81797548321982	15.939645735472267
-6.576610428583732e6	3486.919143092091	-7.85468489490204	15.934423813737071
-6.477910428583732e6	3462.2468082589153	-7.893815056740072	15.928285413357745
-6.379210428583732e6	3428.9977304130502	-7.946448393536482	15.906577318870456
-6.280510428583732e6	3391.5377394070892	-8.006042411761754	15.876593414539776
-6.181810428583732e6	3351.599494658673	-8.069774614061966	15.844582011954714
-6.083110428583732e6	3312.3325086594455	-8.132507349296677	15.821065217163914
-5.984410428583732e6	3271.920285393633	-8.197160384900407	15.804764340375174
-5.885710428583732e6	3229.3251483905137	-8.265321698793983	15.790396914256235
-5.787010428583732e6	3188.3876721172815	-8.330660379822138	15.771677438496909
-5.688310428583732e6	3147.8295083488433	-8.395484655233094	15.741229249645965
-5.589610428583732e6	3109.7669271018326	-8.456227243139658	15.684128010038883
-5.490910428583732e6	3070.6701762017674	-8.518494140066244	15.568270281393666
-5.392210428583732e6	3028.9610157305524	-8.58487351472637	15.319338533238861
-5.293510428583732e6	2985.8349986040193	-8.65341222878149	14.838668539284292
-5.194810428583732e6	2943.747677700275	-8.719897232499244	14.111529778574313
-5.096110428583732e6	2904.993271765227	-8.780794303440397	13.325522116815183
-4.997410428583732e6	2873.0947962503715	-8.83032386865106	12.89857215256476
-4.898710428583732e6	2837.52043948669	-8.885481608236883	12.441749085514903
-4.800010428583732e6	2796.6840543244903	-8.948598618869799	12.140932842185288
-4.701310428583732e6	2750.825516117004	-9.019205167564525	11.941291415461603
-4.602610428583732e6	2699.284951257978	-9.097359102083578	11.780451830701722
-4.503910428583732e6	2645.7143781465975	-9.177737828290002	11.62506243680786
-4.405210428583732e6	2590.851504059192	-9.25920124337354	11.467959771187031
-4.306510428583732e6	2534.4593173964963	-9.341824607122483	11.307096572530224
-4.207810428583732e6	2476.598535172678	-9.425659105232796	11.1405844905883
-4.1091104285837314e6	2417.569820262391	-9.510724627966882	10.96585520866303
-4.0104104285837314e6	2356.6192111649566	-9.598055431877022	10.790845043168643
-3.9117104285837314e6	2293.864665638279	-9.687719454891006	10.608234731830247
-3.8130104285837314e6	2230.2562859607	-9.77920687927043	10.411823183208938
-3.7143104285837314e6	2165.3912678872616	-9.87295528175882	10.206804153199483
-3.6156104285837314e6	2098.1469312301197	-9.96895010894157	9.993611640502252
-3.5169104285837314e6	2029.6835531769452	-10.067426372571427	9.758416418000794
-3.4182104285837314e6	1964.4348095599053	-10.170827519292327	9.500046103076741
-3.3195104285837314e6	1914.3405490091857	-10.283994497325004	9.216855113126405
-3.2208104285837314e6	1883.6592912329602	-10.409281187381657	8.917666280148369
-3.1221104285837314e6	1860.1211343066243	-10.539042035579241	8.61560883624915
-3.0234104285837314e6	1841.9082424101728	-10.673363547388824	8.313626374301853
-2.9247104285837314e6	1828.1125018946295	-10.811200239811274	8.009678601236532
-2.8260104285837314e6	1818.0060938879164	-10.950918010262154	7.709573028164636
-2.7273104285837314e6	1810.7280081968559	-11.092146753436793	7.421770823481999
-2.6286104285837314e6	1805.5581846758596	-11.235728443138704	7.147978647763354
-2.5299104285837314e6	1801.973330370764	-11.381547648001446	6.88421563444426
-2.4312104285837314e6	1799.486759485135	-11.528495797681053	6.625957685795507
-2.3325104285837314e6	1798.4455922003733	-11.676879594191696	6.369638652984949
-2.2338104285837314e6	1799.836292596925	-11.825711863626598	6.11553288140665
-2.1351104285837314e6	1796.8415543586239	-11.958434321791303	5.907267071827959
-2.0364104285837314e6	1793.85179904969	-12.091156779956007	5.643899678702356
-1.9377104285837314e6	1791.852403959431	-12.225289863999643	5.39960972026836
-1.8390104285837314e6	1790.473500451254	-12.36030861175949	5.165243328971048
-1.7403104285837314e6	1789.020098465615	-12.495212096761172	4.871085441098924
-1.6416104285837314e6	1786.6470261294712	-12.62870933333523	4.660020532392144
-1.5429104285837314e6	1784.2771015904486	-12.762206569909289	4.392150872513068
-1.4442104285837314e6	1781.533610686502	-12.89528243316695	4.118516600752532
-1.3455104285837314e6	1778.3539073654886	-13.027864775543645	3.8823477932372135
-1.2468104285837314e6	1775.1798792184682	-13.16044711792034	3.572572700131044
-1.1481104285837314e6	1771.6373670464454	-13.288478565684267	3.333456744245831
-1.0494104285837314e6	1768.000011653382	-13.415267772524967	3.0875980201212085
-950710.4285837315	1764.3701241284639	-13.542056979365668	2.7608716656273367
-852010.4285837315	1760.3957938186293	-13.67213033485464	2.548186916636665
-753310.4285837315	1756.4131337085128	-13.802365361524325	2.293126419287689
-654610.4285837315	1752.4105256045787	-13.933203162933916	1.9835445240307201
-555910.4285837315	1748.2722872995198	-14.06706104590089	1.7641782399773442
-457210.4285837315	1744.1438212573062	-14.200918928867864	1.4827600788075834
-358510.4285837315	1740.0553584422971	-14.335423963176112	1.1857764886529392
-259810.42858373153	1736.0162911718287	-14.47078257728286	0.9309165439599832
-161110.42858373153	1731.9865995021603	-14.606141191389606	0.5880305264065484
-62410.428583731526	1728.3981314464402	-14.737967497476664	0.2917934987335234
36289.571416268474	1724.9973871096763	-14.868316402558303	-0.00788850849484629
134989.57141626847	1721.6033339754986	-14.998665307639945	-0.43779431777903627
233689.57141626847	1718.347502900544	-15.131420850944442	-0.7784443706509969
332389.5714162685	1715.1207217614274	-15.264595996669012	-1.201518034544345
431089.5714162685	1711.9000000000003	-15.397771142393582	-1.9494313762194622
