-3.0640156279876494e8	3912.4023914770196	-8.67302052923362
-3.0287156279876494e8	3878.868897195675	-8.731206253783935
-2.9934156279876494e8	3845.6228210084246	-8.789391978334251
-2.9581156279876494e8	3812.0301143552606	-8.849214340417275
-2.9228156279876494e8	3778.641738231677	-8.909269677394045
-2.8875156279876494e8	3745.1637368542533	-8.970241700855569
-2.8522156279876494e8	3711.4180163346427	-9.032579994088838
-2.8169156279876494e8	3677.9763609329884	-9.094918287322107
-2.7816156279876494e8	3649.739416810269	-9.148320728154056
-2.7463156279876494e8	3622.026659700153	-9.20115903103181
-2.7110156279876494e8	3594.5243277242485	-9.253997333909567
-2.6757156279876494e8	3586.252637652311	-9.269992676200955
-2.6404156279876494e8	3578.966806536048	-9.284116312418233
-2.6051156279876494e8	3571.6957773148165	-9.298239948635509
-2.5698156279876494e8	3564.4395199170667	-9.312363584852788
-2.5345156279876494e8	3557.1980043323674	-9.326487221070064
-2.4992156279876494e8	3549.97120061125	-9.340610857287341
-2.4639156279876494e8	3542.759078865092	-9.354734493504619
-2.4286156279876494e8	3535.561609265991	-9.368858129721897
-2.3933156279876494e8	3528.378762046645	-9.382981765939174
-2.3580156279876494e8	3521.2105075002255	-9.397105402156452
-2.3227156279876494e8	3514.0568159802574	-9.411229038373728
-2.2874156279876494e8	3496.0135020766916	-9.447003896010898
-2.2521156279876494e8	3466.490685351122	-9.505945288920056
-2.2168156279876494e8	3434.670323595475	-9.569992798402678
-2.1815156279876494e8	3401.153294760939	-9.637810860318886
-2.1462156279876494e8	3366.2894547523424	-9.708825520559468
-2.1109156279876494e8	3330.5818697093123	-9.781964680596188
-2.0756156279876494e8	3294.579537476421	-9.856071668909864
-2.0403156279876494e8	3258.3772091965043	-9.931032476121452
-2.0050156279876494e8	3221.744368896481	-10.007012670951429
-1.9697156279876494e8	3184.9572828049354	-10.08366491789074
-1.9344156279876494e8	3147.940867144629	-10.160798963265643
-1.8991156279876494e8	3112.44669077564	-10.23488115114227
-1.8638156279876494e8	3077.0839218632623	-10.308874899997573
-1.8285156279876494e8	3043.0922302544036	-10.38009736920528
-1.7932156279876494e8	3009.568776773597	-10.450375735584467
-1.7579156279876494e8	2973.113699584345	-10.526749790781526
-1.7226156279876494e8	2932.884726316312	-10.610745698124123
-1.6873156279876494e8	2893.4161909629406	-10.692811878580581
-1.6520156279876494e8	2861.1848575071926	-10.759445276790755
-1.6167156279876494e8	2829.1830270849623	-10.825415669347752
-1.5814156279876494e8	2797.917133544064	-10.889782580436808
-1.5461156279876494e8	2767.3713003916705	-10.952630634121304
-1.5108156279876494e8	2726.1220096054262	-11.036263348366939
-1.4755156279876494e8	2682.4927216469487	-11.123890530874997
-1.4402156279876494e8	2636.1452130107923	-11.215864365017469
-1.4049156279876494e8	2587.73579366248	-11.310399791379629
-1.3696156279876494e8	2537.62561006773	-11.406494344005356
-1.3343156279876494e8	2485.746466011822	-11.503933376090846
-1.2990156279876494e8	2431.805525548634	-11.602939831777595
-1.2637156279876494e8	2375.586811567292	-11.70378560353256
-1.2284156279876494e8	2316.737484787784	-11.806550819991486
-1.1931156279876494e8	2254.5448894557867	-11.911495547774472
-1.1578156279876494e8	2190.2312764633907	-12.018597552604142
-1.1225156279876494e8	2123.7618456599694	-12.12814407265139
-1.0872156279876494e8	2054.8631145495237	-12.240537738652835
-1.0519156279876494e8	1983.2296134381331	-12.356346606741925
-1.0166156279876494e8	1939.253789549254	-12.488515924158278
-9.813156279876494e7	1913.0851452292452	-12.631742220499362
-9.460156279876494e7	1894.34147393433	-12.78037459149611
-9.107156279876494e7	1879.5011894247593	-12.932200866832666
-8.754156279876494e7	1867.4450637732239	-13.086403265252065
-8.401156279876494e7	1857.3984051851712	-13.241656095691202
-8.048156279876494e7	1848.6881205410289	-13.397626797221442
-7.695156279876494e7	1840.6311209815567	-13.556532984295496
-7.342156279876494e7	1832.903432635125	-13.719073127898861
-6.989156279876494e7	1825.6114544790387	-13.874861109832121
-6.636156279876495e7	1820.0618597098176	-14.036230653967976
-6.283156279876495e7	1812.4125319944624	-14.183989165856982
-5.930156279876495e7	1804.4476706169278	-14.329526964499452
-5.577156279876495e7	1796.9002536033395	-14.47458021264237
-5.224156279876495e7	1789.9226400804807	-14.618948833094695
-4.871156279876495e7	1782.9721216010857	-14.763317453547018
-4.518156279876495e7	1775.7662586274278	-14.911652988032163
-4.165156279876495e7	1768.5689817495315	-15.060278261945129
-3.812156279876495e7	1761.5286339636255	-15.208422416704979
-3.459156279876495e7	1754.6354114716596	-15.356116300582913
-3.106156279876495e7	1747.7830650694966	-15.504036412996896
-2.753156279876495e7	1741.1224269911281	-15.654651221857991
-2.400156279876495e7	1734.4871719826044	-15.805266030719087
-2.047156279876495e7	1728.2196527766462	-15.95588435438028
-1.694156279876495e7	1722.143221193137	-16.106504412874052
-1.3411562798764952e7	1716.199040663873	-16.257820601329744
-9.881562798764952e6	1710.6382074412518	-16.41142216510695
-6.3515627987649515e6	1705.0953924469347	-16.56502372888415
-2.8215627987649515e6	1700.0723296981578	-16.72045777997532
708437.2012350485	1695.1876127598623	-16.876344264865438
4.2384372012350485e6	1690.6220945938817	-17.031176792512255
7.7684372012350485e6	1686.644595741086	-17.184016070430673
1.1298437201235048e7	1682.6764546845593	-17.336855348349093
1.4828437201235048e7	1679.1497520798287	-17.489726939569735
1.835843720123505e7	1675.7714776717914	-17.64260909807269
2.188843720123505e7	1672.3999999999994	-17.795491256575648
