-8.672309786821395e6	4076.858308341202	-7.287755075604151	14.966766333969606
-8.573909786821395e6	4041.865481333737	-7.339705386277149	14.966677118228539
-8.475509786821395e6	4007.1730076496738	-7.391655696950147	14.966587894527313
-8.377109786821396e6	3972.355848129056	-7.444250106237572	14.966500877606956
-8.278709786821396e6	3937.379524185902	-7.497554658354561	14.96641629515726
-8.180309786821396e6	3902.7111644039096	-7.55085921047155	14.966331705552767
-8.081909786821396e6	3869.242192022953	-7.60269580185528	14.96626342824116
-7.983509786821396e6	3836.7613466044645	-7.653371629603351	14.966208051271707
-7.885109786821396e6	3804.5531657716347	-7.704047457351423	14.966152671235477
-7.786709786821396e6	3771.907323415216	-7.755701200737075	14.966109148266046
-7.688309786821396e6	3738.799019243105	-7.80838965536475	14.966078172744767
-7.589909786821396e6	3705.9813266134215	-7.861078109992425	14.966047196263977
-7.491509786821396e6	3678.448904164096	-7.905457625719434	14.966011943997653
-7.393109786821396e6	3655.2902602534105	-7.942861729177921	14.96597310160167
-7.294709786821396e6	3632.2774176850176	-7.98026583263641	14.965934257696896
-7.196309786821396e6	3609.409458528159	-8.017669936094897	14.965895412283214
-7.097909786821396e6	3588.1940692100607	-8.052452231360995	14.965800861642483
-6.999509786821396e6	3569.0358353827423	-8.083857860941665	14.965634549059125
-6.901109786821396e6	3549.9892053798903	-8.115246498569814	14.965459148363049
-6.802709786821396e6	3531.834933839201	-8.145184931504174	14.964510000393265
-6.704309786821396e6	3513.7735013343868	-8.175123364438534	14.963559950685664
-6.605909786821396e6	3488.3874823224	-8.217183111816091	14.960822327253599
-6.507509786821396e6	3454.7682189359834	-8.27308012778191	14.955756333580227
-6.409109786821396e6	3416.961582571544	-8.336131477840604	14.947521996752966
-6.310709786821396e6	3378.9022270875093	-8.399850564418347	14.939321017472125
-6.212309786821396e6	3340.0737617655664	-8.46495692405656	14.932187716894584
-6.113909786821396e6	3300.7194290915986	-8.531289914465667	14.925671274707987
-6.015509786821396e6	3260.8699660558605	-8.598512051545859	14.91928519168281
-5.917109786821396e6	3221.4728136507397	-8.664961130480755	14.912120934405987
-5.818709786821396e6	3182.9394032836763	-8.730115399193705	14.902356836362658
-5.720309786821396e6	3145.4260710279013	-8.793639605207904	14.886507108443025
-5.621909786821396e6	3111.500669584338	-8.851089712206562	14.860906258830465
-5.523509786821396e6	3077.6141904791025	-8.90830576654196	14.794791483704458
-5.425109786821396e6	3040.275662838521	-8.971069649570563	14.649012438049667
-5.326709786821396e6	2999.4762209419696	-9.039435696018652	14.3325741941846
-5.228309786821396e6	2958.1731448835417	-9.108339311581098	13.784058816281016
-5.129909786821396e6	2919.3507753150307	-9.17281181341933	13.062683899281526
-5.031509786821396e6	2883.8806763837856	-9.231635323537283	12.328048654026992
-4.933109786821396e6	2853.2606131212706	-9.282217717508972	11.880880479171845
-4.834709786821396e6	2816.885870001941	-9.341644491039641	11.481588054020794
-4.736309786821396e6	2775.632265782121	-9.40860437323319	11.204898348479757
-4.637909786821396e6	2730.362956370821	-9.481469839293862	11.007273840678668
-4.539509786821396e6	2681.0856240981743	-9.559847732922398	10.84219939946517
-4.441109786821396e6	2630.3181201523485	-9.640398144878061	10.68195960874812
-4.342709786821396e6	2577.629749093463	-9.722805238158253	10.52033515353574
-4.244309786821396e6	2523.718807269444	-9.805849600475035	10.356889922929119
-4.145909786821396e6	2468.2885074593983	-9.89069567571897	10.187822051859483
-4.047509786821396e6	2411.323720229569	-9.977118966534622	10.011309873329905
-3.949109786821396e6	2353.020896630404	-10.064844092396374	9.825000920390847
-3.850709786821396e6	2292.6970927012876	-10.154511787586877	9.637475145856104
-3.752309786821396e6	2230.703819779121	-10.246094536501532	9.439066226329333
-3.653909786821396e6	2172.4962068602845	-10.341823875552844	9.22555551841265
-3.555509786821396e6	2122.5036372863547	-10.444062861357075	8.996647852345914
-3.457109786821396e6	2091.148240520024	-10.556601903789854	8.77069210653956
-3.358709786821396e6	2064.8150877760245	-10.672401354358485	8.536620926372391
-3.260309786821396e6	2042.4786472574133	-10.791534211156723	8.29268766948942
-3.161909786821396e6	2023.5652895942992	-10.913839996339627	8.040663932351821
-3.063509786821396e6	2007.9335864769766	-11.038308643860058	7.790214788698672
-2.965109786821396e6	1994.9294433044242	-11.164894371235892	7.544695514484755
-2.866709786821396e6	1983.611659224941	-11.292454974054117	7.292199493063428
-2.768309786821396e6	1973.5598930292285	-11.421053252515703	7.0327472820834185
-2.669909786821396e6	1964.3826400021703	-11.550972222205711	6.767324103819508
-2.571509786821396e6	1955.9629661282336	-11.682455490840294	6.519773699772051
-2.473109786821396e6	1947.8738238699605	-11.814179485679972	6.266899831735044
-2.374709786821396e6	1940.0060549017232	-11.946049161424313	6.007955096239036
-2.276309786821396e6	1932.2501459692544	-12.078186150868476	5.743421371279649
-2.177909786821396e6	1924.2967472462828	-12.212190746416038	5.493353382705734
-2.0795097868213959e6	1917.532101439024	-12.346629588932327	5.246412700203328
-1.9811097868213959e6	1910.117251506972	-12.474304791245162	5.015963148061809
-1.8827097868213959e6	1901.6064378034976	-12.594107742802011	4.811481437519401
-1.7843097868213959e6	1893.1335453060876	-12.713910694358859	4.55414877184346
-1.6859097868213959e6	1884.9681014926286	-12.834339620214884	4.307635535498941
-1.5875097868213959e6	1877.0953798105234	-12.955368723978104	4.099936286466168
-1.4891097868213959e6	1869.2555391870587	-13.076397827741324	3.8374761997316686
-1.3907097868213959e6	1861.215195052302	-13.198365268890335	3.591765030433621
-1.2923097868213959e6	1853.015640111199	-13.321115792699853	3.380122250719165
-1.1939097868213959e6	1844.8522081833892	-13.443866316509373	3.1113189974956583
-1.0955097868213959e6	1836.6251696989632	-13.5673273188789	2.8691845865865697
-997109.7868213959	1828.368842480345	-13.691261225113339	2.6525088424040457
-898709.7868213959	1820.1496305862172	-13.815195131347778	2.3755143469404256
-800309.7868213959	1811.9421900022057	-13.940404413397756	2.1370017853481817
-701909.7868213959	1803.7591016669985	-14.06625775189863	1.9128606418598266
-603509.7868213959	1795.6129697728297	-14.192111090399507	1.623513701058984
-505109.78682139586	1787.6059705003006	-14.31877440709252	1.3912395741040449
-406709.78682139586	1779.6682434027903	-14.445704567123327	1.1578526860317828
-308309.78682139586	1771.765763173166	-14.572634727154139	0.8528617095195982
-209909.78682139586	1764.100191052889	-14.701296533248577	0.6244957042069776
-111509.78682139586	1756.5062292736498	-14.830289618790855	0.3761638593486099
-13109.786821395857	1748.944957392524	-14.959282704333136	0.04503795746732775
85290.21317860414	1741.8012711894062	-15.089722168313413	-0.1827852194314798
183690.21317860414	1734.710801578762	-15.220252288955187	-0.4585410218669242
282090.21317860414	1727.6824529984187	-15.350607101394912	-0.83143629595817
380490.21317860414	1721.5804625247515	-15.476210976294801	-1.0614506069717446
478890.21317860414	1715.500023631743	-15.601814851194689	-1.360689903463889
577290.2131786041	1709.4410602015107	-15.727418726094577	-1.7896780552762472
675690.2131786041	1703.6673082812945	-15.862461626102876	-2.09178842770675
774090.2131786041	1697.9239732902079	-15.997896374851987	-2.503175896000172
872490.2131786041	1692.1999999999998	-16.133331123601096	-3.214303556993046
