-8.820087670937315e6	4186.385317325678	-7.026582955396523
-8.721187670937315e6	4150.498803135495	-7.0770426019853705
-8.622287670937315e6	4114.919915167722	-7.127502248574217
-8.523387670937315e6	4078.983059298568	-7.179205134807083
-8.424487670937315e6	4043.0968256386495	-7.231406051688532
-8.325587670937314e6	4007.5218085253914	-7.283613900647634
-8.226687670937314e6	3971.353959114152	-7.337228253044735
-8.127787670937314e6	3935.512524228774	-7.3908426054418355
-8.028887670937314e6	3899.767364621776	-7.444841381163478
-7.929987670937314e6	3863.7833449465925	-7.499802506627075
-7.831087670937314e6	3828.1313578135814	-7.554763632090673
-7.732187670937314e6	3792.196279508532	-7.610579374095009
-7.633287670937314e6	3756.124994947291	-7.667062669035208
-7.534387670937314e6	3720.3968196224846	-7.7235459639754085
-7.435487670937314e6	3684.5273638436383	-7.780592992016814
-7.336587670937314e6	3653.640477331456	-7.830015248357365
-7.237687670937314e6	3627.2804150164525	-7.87239994662115
-7.138787670937314e6	3603.3213215495293	-7.911028209142366
-7.039887670937314e6	3580.413194026084	-7.9481302061674395
-6.940987670937314e6	3561.01430648784	-7.979596930433122
-6.842087670937314e6	3543.5687447457967	-8.007952616308575
-6.743187670937314e6	3526.2086495585772	-8.03630830218403
-6.644287670937314e6	3499.957777664799	-8.079092354819618
-6.545387670937314e6	3470.8783078481433	-8.126725480558315
-6.446487670937314e6	3431.9972372256766	-8.190585614864911
-6.347587670937314e6	3392.5311124250925	-8.255641251855986
-6.248687670937314e6	3352.908324325517	-8.32112486641016
-6.149787670937314e6	3312.8143470331866	-8.3875722950324
-6.050887670937314e6	3272.261571322068	-8.454844818775104
-5.951987670937314e6	3231.8811454650336	-8.521926404416574
-5.853087670937314e6	3192.5956681973785	-8.587254650131307
-5.754187670937314e6	3155.1865653877767	-8.649437205436506
-5.655287670937314e6	3120.2209537178346	-8.70758354255377
-5.556387670937314e6	3086.5982458440626	-8.763103401740612
-5.457487670937314e6	3049.4165664695433	-8.824574774411754
-5.358587670937314e6	3009.060658944374	-8.891199990668557
-5.259687670937314e6	2968.148702790755	-8.958554848697375
-5.160787670937314e6	2928.759151078955	-9.023141845316918
-5.061887670937314e6	2891.616870938415	-9.083654350024318
-4.962987670937314e6	2860.5216352163498	-9.133637096511046
-4.864087670937314e6	2824.7465611677703	-9.191111315448076
-4.765187670937314e6	2783.208387450422	-9.257544656992987
-4.666287670937314e6	2737.552685990644	-9.329882907679474
-4.567387670937314e6	2687.6454514559427	-9.408229859917533
-4.468487670937314e6	2635.355130447717	-9.489086364485221
-4.369587670937314e6	2581.394664300906	-9.571269571124324
-4.270687670937314e6	2526.2152242826214	-9.654436526022952
-4.1717876709373137e6	2469.2755874588256	-9.738905371369933
-4.0728876709373137e6	2410.8974087435186	-9.825017351494775
-3.9739876709373137e6	2351.422495943783	-9.913184822178092
-3.8750876709373137e6	2289.980659538127	-10.003405431786904
-3.7761876709373137e6	2227.264054123215	-10.095402610250014
-3.6772876709373137e6	2163.340591122922	-10.189310458217598
-3.5783876709373137e6	2097.1536583668203	-10.286224035211337
-3.4794876709373137e6	2031.8435262613	-10.386823765118875
-3.3805876709373137e6	1986.3001659486586	-10.498670873151035
-3.2816876709373137e6	1958.5572439868645	-10.621080065436729
-3.1827876709373137e6	1937.0748699799717	-10.748348692105761
-3.0838876709373137e6	1920.759861291188	-10.878758790432494
-2.9849876709373137e6	1908.6433463396263	-11.012646467655728
-2.8860876709373137e6	1899.5083168996102	-11.148620311468763
-2.7871876709373137e6	1892.6768551762789	-11.286486752110905
-2.6882876709373137e6	1887.543247143703	-11.424686421564154
-2.5893876709373137e6	1883.5811746752183	-11.563531317101562
-2.4904876709373137e6	1881.2496215358155	-11.704042012675778
-2.3915876709373137e6	1881.550697081513	-11.845166509521247
-2.2926876709373137e6	1877.872771417768	-11.970542418485483
-2.1937876709373137e6	1874.202035109703	-12.095918327449716
-2.0948876709373137e6	1871.1886131216543	-12.22139040553925
-1.9959876709373137e6	1869.276947406955	-12.34702492505932
-1.8970876709373137e6	1867.3672347106647	-12.472659444579389
-1.7981876709373137e6	1864.9769063650397	-12.597984540078578
-1.6992876709373137e6	1862.265665504385	-12.723101591787618
-1.6003876709373137e6	1859.5583661547341	-12.848218643496654
-1.5014876709373137e6	1856.4143714654974	-12.973156427243955
-1.4025876709373137e6	1853.1342006826023	-13.09803653945469
-1.3036876709373137e6	1849.8598257610874	-13.222916651665422
-1.2047876709373137e6	1846.1946097084165	-13.348209525119344
-1.1058876709373137e6	1842.4719175391995	-13.473569912450017
-1.0069876709373138e6	1838.756731857602	-13.598930299780692
-908087.6709373138	1834.9061129192332	-13.724554495803027
-809187.6709373138	1831.0529583648847	-13.850198297888166
-710287.6709373138	1827.207895123717	-13.975842099973306
-611387.6709373138	1823.400222092951	-14.102154879020363
-512487.6709373138	1819.6013293340297	-14.228486993472567
-413587.6709373138	1815.810351231486	-14.354819107924774
-314687.6709373138	1812.2572769198184	-14.481700349663743
-215787.67093731381	1808.7117842767182	-14.608583096472607
-116887.67093731381	1805.1766625596717	-14.735473355416206
-17987.670937313815	1802.0977077706063	-14.863348045648895
80912.32906268619	1799.0240045243895	-14.991222735881582
179812.32906268619	1795.959500172327	-15.11912388158013
278712.3290626862	1793.168665538575	-15.248823050917485
377612.3290626862	1790.3821677275382	-15.37852222025484
476512.3290626862	1787.5999999999997	-15.508221389592196
