-1.2434549211250114e8	6646.1697663574805	-14.325900881549575	3.6976584461339446
-1.2044549211250114e8	6563.851059469507	-14.339440283333952	3.6180350670420727
-1.1654549211250114e8	6482.551942772879	-14.352979685118324	3.531519033602694
-1.1264549211250114e8	6402.259787738812	-14.3665190869027	3.4368029423582755
-1.0874549211250114e8	6322.962122254042	-14.380058488687075	3.3321680559641376
-1.0484549211250114e8	6244.646628683558	-14.39359789047145	3.2152913170697985
-1.0094549211250114e8	6167.301141957115	-14.407137292255825	3.082923957523333
-9.704549211250114e7	6075.394302236858	-14.421804414133808	2.993392829961558
-9.314549211250114e7	5981.629538871204	-14.436709983164889	2.9092091007201657
-8.924549211250114e7	5889.311896533693	-14.451615552195971	2.8172815777372238
-8.534549211250114e7	5798.419041042547	-14.46652112122705	2.716039941494671
-8.144549211250114e7	5708.928982911173	-14.481426690258132	2.603381761883591
-7.754549211250114e7	5612.529614983665	-14.497502332701458	2.5059279871151117
-7.364549211250114e7	5513.76823035988	-14.514151375837674	2.4137006106066226
-6.974549211250114e7	5416.744709366564	-14.530800418973888	2.3120951049225376
-6.5845492112501144e7	5321.428471529277	-14.547449462110105	2.1989860899180576
-6.1945492112501144e7	5223.870268498163	-14.564863791970554	2.0919052075200577
-5.8045492112501144e7	5126.413773770953	-14.582613835272777	1.9819401443878888
-5.4145492112501144e7	5030.775426868317	-14.600363878575	1.858371448163041
-5.0245492112501144e7	4936.070512243441	-14.618322138183704	1.7279243349901736
-4.6345492112501144e7	4841.161728109031	-14.636776078059658	1.6065458673361868
-4.2445492112501144e7	4748.077812011553	-14.655230017935612	1.4683726997737672
-3.8545492112501144e7	4656.587537795892	-14.673746825988413	1.3095673517091817
-3.4645492112501144e7	4562.107366576594	-14.6938178257043	1.166418263970984
-3.0745492112501144e7	4470.638907268935	-14.714535432137733	1.0165575043546686
-2.6845492112501144e7	4382.4988267451345	-14.736153534799453	0.8682398239668921
-2.2945492112501144e7	4299.892248103609	-14.759110953858212	0.7291196274787416
-1.9045492112501144e7	4220.528767212426	-14.782674316011292	0.5856405909901423
-1.5145492112501144e7	4148.261940385814	-14.80808266447092	0.46066466668568923
-1.1245492112501144e7	4078.9455806876654	-14.834061481012778	0.33257256194744855
-7.345492112501144e6	4014.942627730958	-14.861637298211734	0.2148015592445565
-3.4454921125011444e6	3955.2800034560614	-14.890514519643919	0.1077099427333083
454507.8874988556	3896.5039743496122	-14.919391741076105	-0.01224119164329576
4.354507887498856e6	3844.796217841856	-14.95179229416641	-0.10205974302286026
8.254507887498856e6	3794.014913021157	-14.984331225625894	-0.19878104013635114
1.2154507887498856e7	3743.9043175887286	-15.01687015708538	-0.3058689632860622
1.6054507887498856e7	3699.719245450898	-15.053812590369287	-0.3884829036132795
1.9954507887498856e7	3656.240224894329	-15.090911173604823	-0.47712069142908986
2.3854507887498856e7	3613.272168846988	-15.128009756840363	-0.5743860623539864
2.7754507887498856e7	3573.6578101875243	-15.168206559438545	-0.6632606909964028
3.1654507887498856e7	3536.117274570933	-15.21020508146641	-0.7488913733368515
3.5554507887498856e7	3498.971094510821	-15.252203603494277	-0.8425472319707256
3.9454507887498856e7	3462.651615761447	-15.29482115286995	-0.94228668042345
4.3354507887498856e7	3429.386616489551	-15.341273992358737	-1.02849970858179
4.7254507887498856e7	3396.44118739085	-15.387726831847523	-1.12285271034443
5.1154507887498856e7	3363.8122584188122	-15.434179671336311	-1.227044584571739
5.5054507887498856e7	3332.753955117475	-15.483255779554664	-1.3235599020199418
5.8954507887498856e7	3302.5390262473857	-15.533503845400393	-1.4206919598700285
6.2854507887498856e7	3272.5980275680454	-15.583751911246122	-1.5282837324214873
6.6754507887498856e7	3243.3101002652097	-15.635493866763623	-1.6360309555144976
7.065450788749886e7	3214.78939095107	-15.689230672660525	-1.737776560152475
7.455450788749886e7	3186.519484315248	-15.74296747855743	-1.8510592561766537
7.845450788749886e7	3158.6301487565406	-15.797966144872865	-1.966162462263644
8.235450788749886e7	3131.1834118874945	-15.854879445306569	-2.0747322604233127
8.625450788749886e7	3103.975171876036	-15.911792745740275	-2.1965414373230634
9.015450788749886e7	3077.0322679375927	-15.97060679605988	-2.315106185214923
9.405450788749886e7	3050.343729859356	-16.030780243791032	-2.4334404578138304
9.795450788749886e7	3023.8866739375376	-16.090953691522184	-2.5676810304347306
1.0185450788749886e8	2997.4367827851274	-16.15409514103856	-2.6857800622526016
1.0575450788749886e8	2971.20967204432	-16.217352106645702	-2.8181029100434687
1.0965450788749886e8	2945.0607761232354	-16.282205105274357	-2.9515519552662166
1.1355450788749886e8	2918.9947715819085	-16.348625493350774	-3.0841592385970817
1.1745450788749886e8	2893.069988451129	-16.415633392020418	-3.229922757272162
1.2135450788749886e8	2866.99252844733	-16.485178186591124	-3.3647481062621076
1.2525450788749886e8	2841.150124602885	-16.554722981161834	-3.520626669872012
1.2915450788749886e8	2815.0874800772885	-16.627356711592313	-3.659268270129399
1.3305450788749886e8	2789.261279742894	-16.700008574154573	-3.819962794364279
1.3695450788749886e8	2763.178512634339	-16.775521462372726	-3.967322517287566
1.4085450788749886e8	2737.2901836809006	-16.851323856578862	-4.135026583167118
1.4475450788749886e8	2711.086355042832	-16.93032348524976	-4.289516310728691
1.4865450788749886e8	2685.071967183424	-17.009679899545336	-4.466344518061383
1.5255450788749886e8	2658.795062139266	-17.092091055188824	-4.626873824681502
1.5645450788749886e8	2632.6412637150197	-17.175226949893254	-4.807793600798316
1.6035450788749886e8	2606.2314628480062	-17.261165808867936	-4.980127617318235
1.6425450788749886e8	2579.789040138162	-17.34891685130868	-5.16275745634453
1.6815450788749886e8	2553.275480972902	-17.438756465743722	-5.350423604869023
1.7205450788749886e8	2526.801717841365	-17.530538858445674	-5.532059725083076
1.7595450788749886e8	2500.4113191261094	-17.62366997345787	-5.7291330635537285
1.7985450788749886e8	2473.6868767380497	-17.720782004104066	-5.917556381629455
1.8375450788749886e8	2446.8806880484344	-17.82021524897635	-6.1100490198870085
1.8765450788749886e8	2420.1041645313726	-17.921550059953546	-6.3122462584350805
1.9155450788749886e8	2393.317188010705	-18.026238407193972	-6.505107059289505
1.9545450788749886e8	2366.413922389418	-18.13401003427395	-6.698868232376715
1.9935450788749886e8	2339.6462799392284	-18.24388330203207	-6.897635958655612
2.0325450788749886e8	2313.187895097574	-18.35548797948448	-7.097300203960489
2.0715450788749886e8	2286.4870356674824	-18.471951007677536	-7.284385846755829
2.1105450788749886e8	2260.007056336094	-18.590552690255713	-7.4734699769520825
2.1495450788749886e8	2233.7951183035675	-18.711392440078093	-7.662692601314762
2.1885450788749886e8	2207.801474545563	-18.835013252063153	-7.85063135650731
2.2275450788749886e8	2181.5846415486594	-18.963914287575513	-8.032210151826877
2.2665450788749886e8	2155.633205259171	-19.096258976738554	-8.206328096155124
2.3055450788749886e8	2129.914124959238	-19.231778172135847	-8.377995424614012
2.3445450788749886e8	2104.4292940241858	-19.370692825970945	-8.546600245868056
2.3835450788749886e8	2079.399691841996	-19.511556837594284	-8.711801908645816
2.4225450788749886e8	2054.6033696668574	-19.655862223667114	-8.874390014885696
2.4615450788749886e8	2029.8714577492078	-19.805200661489465	-9.033641409419241
2.5005450788749886e8	2006.0366829431312	-19.955569793992808	-9.190474334601124
2.5395450788749886e8	1983.2055578609338	-20.10872369843331	-9.345823128382213
2.5785450788749886e8	1960.4210947906183	-20.267509365186083	-9.496749652348743
2.6175450788749886e8	1939.0455604289934	-20.423065548853234	-9.63949526400678
2.6565450788749886e8	1917.8127033476874	-20.57946509886299	-9.800109664362305
2.6955450788749886e8	1896.2043388749446	-20.741601323193468	-9.943798328868214
2.7345450788749886e8	1874.811135395168	-20.904133035550004	-10.105515170877903
2.7735450788749886e8	1853.4863149022578	-21.06910940240592	-10.253660138128897
2.8125450788749886e8	1832.2575944841426	-21.235507966978076	-10.41970271035541
2.8515450788749886e8	1810.6166147664535	-21.40834609545174	-10.576185871594701
2.8905450788749886e8	1789.1184213746558	-21.582436206074963	-10.747972907410768
2.9295450788749886e8	1767.619972424805	-21.75939621348234	-10.91756145632139
2.9685450788749886e8	1746.2450947080488	-21.938805521277754	-11.099421548685326
3.0075450788749886e8	1724.968870408109	-22.12115545739606	-11.289075473075204
3.0465450788749886e8	1703.9703528371886	-22.306352388255643	-11.487180620788996
3.0855450788749886e8	1683.2380942202399	-22.493208634283206	-11.70833097403935
3.1245450788749886e8	1663.035007486746	-22.683608448044666	-11.934571271773752
3.1635450788749886e8	1643.1391528654488	-22.874846725969054	-12.209685861897555
3.2025450788749886e8	1623.9227074482053	-23.071370406887723	-12.491411844277707
3.2415450788749886e8	1605.0565624867904	-23.26843605405316	-12.872768628728599
3.2805450788749886e8	1588.3917686052719	-23.471306887141047	-13.302161913465287
3.3195450788749886e8	1571.8999999999999	-23.674177720228936	-14.07073359450198
