-2.7885595053919554e7	4136.920530266265	-8.891376910355618
-2.7477595053919554e7	4102.270315782812	-8.951309083717554
-2.7069595053919554e7	4067.910326203365	-9.011241257079487
-2.6661595053919554e7	4033.512978481851	-9.072123291577329
-2.6253595053919554e7	3998.971184424952	-9.13428793382598
-2.5845595053919554e7	3964.72519592093	-9.196452576074632
-2.5437595053919554e7	3930.1893249127847	-9.26008161181116
-2.5029595053919554e7	3895.6546290150736	-9.324469837428794
-2.4621595053919554e7	3861.423390564867	-9.38885806304643
-2.4213595053919554e7	3826.670124551819	-9.455475564241477
-2.3805595053919554e7	3792.196696972047	-9.522183144731494
-2.3397595053919554e7	3757.6645932829842	-9.589747249123894
-2.2989595053919554e7	3722.7165407433	-9.65902149377181
-2.2581595053919554e7	3688.0935215710224	-9.728295738419725
-2.2173595053919554e7	3652.4973887716515	-9.800404335139214
-2.1765595053919554e7	3616.5178206885107	-9.874157749117138
-2.1357595053919554e7	3584.096166775632	-9.94125618456329
-2.0949595053919554e7	3557.75364834382	-9.99611509981118
-2.0541595053919554e7	3531.9497624064206	-10.050316105101317
-2.0133595053919554e7	3506.195610501195	-10.1048296500086
-1.9725595053919554e7	3478.291899759425	-10.164322249472093
-1.9317595053919554e7	3450.8178400150327	-10.223277129765673
-1.8909595053919554e7	3423.252166602761	-10.28282874593092
-1.8501595053919554e7	3389.257854772221	-10.356780657286702
-1.8093595053919554e7	3352.4384573454577	-10.43757002794681
-1.7685595053919554e7	3314.9563982617738	-10.520621865068849
-1.7277595053919554e7	3277.2594446532057	-10.60502602207531
-1.6869595053919554e7	3239.3341807565403	-10.690772115856149
-1.6461595053919554e7	3201.152919417635	-10.777846963558455
-1.6053595053919554e7	3162.782613353288	-10.866186636235733
-1.5645595053919554e7	3124.4184925157892	-10.955436747177634
-1.5237595053919554e7	3086.1014022024683	-11.045403549920042
-1.4829595053919554e7	3048.7417249911123	-11.1339046422957
-1.4421595053919554e7	3012.6783837028165	-11.22003859819573
-1.4013595053919554e7	2975.327631841074	-11.309686930459934
-1.3605595053919554e7	2936.578991265453	-11.403524793217343
-1.3197595053919554e7	2896.536181919444	-11.500776065337295
-1.2789595053919554e7	2861.055382059859	-11.587144942288951
-1.2381595053919554e7	2828.191717664853	-11.667482668526501
-1.1973595053919554e7	2798.705791964253	-11.739568733712082
-1.1565595053919554e7	2770.0316250625006	-11.809763466024162
-1.1157595053919554e7	2734.6910262447072	-11.895699111096643
-1.0749595053919554e7	2696.485532841251	-11.988381664917483
-1.0341595053919554e7	2654.1277138489854	-12.090495533039137
-9.933595053919554e6	2608.7569359367008	-12.199259118601724
-9.525595053919554e6	2561.8237095975637	-12.310618670539125
-9.117595053919554e6	2514.7107322160605	-12.424529829588073
-8.709595053919554e6	2470.9052577142224	-12.54273378717641
-8.301595053919554e6	2441.9734443426873	-12.67016506291462
-7.893595053919554e6	2415.5701631243323	-12.799952431562396
-7.485595053919554e6	2390.9236163085366	-12.931818499409422
-7.077595053919554e6	2367.6127359476345	-13.065524933389286
-6.669595053919554e6	2345.602501801043	-13.200959618053496
-6.261595053919554e6	2324.459693311969	-13.339432767020963
-5.853595053919554e6	2304.385990917746	-13.477732505707046
-5.445595053919554e6	2285.0742375210416	-13.617203428801158
-5.037595053919554e6	2266.1839492257272	-13.759833369374915
-4.629595053919554e6	2248.098522163826	-13.904114660093567
-4.221595053919554e6	2230.6032258368227	-14.049477866221705
-3.8135950539195538e6	2213.6415739370777	-14.195812758873913
-3.4055950539195538e6	2197.1896840576437	-14.343056335522775
-2.9975950539195538e6	2181.3193641008047	-14.491284510444093
-2.5895950539195538e6	2166.9901820852565	-14.6408188823573
-2.1815950539195538e6	2153.1007259726016	-14.78203675661244
-1.7735950539195538e6	2139.3934849494317	-14.916916733958226
-1.3655950539195538e6	2125.7735080538514	-15.05179671130401
-957595.0539195538	2113.0556824618934	-15.188887010228132
-549595.0539195538	2100.761967498408	-15.326926071340527
-141595.05391955376	2088.5397771184203	-15.464965132452917
266404.94608044624	2076.7688437917996	-15.605465328460241
674404.9460804462	2065.1315069444163	-15.746403369461499
1.0824049460804462e6	2053.6003018133547	-15.887084303232971
1.4904049460804462e6	2043.471955633158	-16.01931123268239
1.8984049460804462e6	2033.393562404493	-16.151538162131814
2.3064049460804462e6	2023.3648757596636	-16.28376509158123
2.7144049460804462e6	2023.2480883261119	-16.285353961285487
3.1224049460804462e6	2023.195839145164	-16.286090094645928
3.5304049460804462e6	2023.1435913135203	-16.286826228006372
3.9384049460804462e6	2023.091344831144	-16.28756236136681
4.346404946080446e6	2023.0390996980022	-16.28829849472725
4.754404946080446e6	2022.9868559140616	-16.289034628087695
5.162404946080446e6	2022.9346134792859	-16.289770761448136
5.570404946080446e6	2022.8823723936398	-16.290506894808576
5.978404946080446e6	2022.830132657087	-16.29124302816902
6.386404946080446e6	2022.7778942695963	-16.291979161529458
6.794404946080446e6	2022.725657231131	-16.292715294889902
7.202404946080446e6	2022.6734215416561	-16.29345142825034
7.610404946080446e6	2022.621187201135	-16.29418756161078
8.018404946080446e6	2022.5689542095367	-16.294923694971224
8.426404946080446e6	2022.5167225668242	-16.295659828331665
8.834404946080446e6	2022.464492272963	-16.296395961692106
9.242404946080446e6	2022.4122633279183	-16.297132095052547
9.650404946080446e6	2022.3600357316532	-16.297868228412987
1.0058404946080446e7	2022.3078094841364	-16.298604361773428
1.0466404946080446e7	2022.2555845853317	-16.29934049513387
1.0874404946080446e7	2022.2033610352037	-16.30007662849431
1.1282404946080446e7	2022.1511388337146	-16.300812761854754
1.1690404946080446e7	2022.0989179808362	-16.301548895215195
1.2098404946080446e7	2022.0466984765305	-16.302285028575636
1.2506404946080446e7	2021.9944803207625	-16.303021161936076
1.2914404946080446e7	2021.9422635134954	-16.303757295296517
1.3322404946080446e7	2021.8900480546984	-16.304493428656958
1.3730404946080446e7	2021.8378339443345	-16.3052295620174
1.4138404946080446e7	2021.785621182369	-16.305965695377843
1.4546404946080446e7	2021.7334097687653	-16.30670182873828
1.4954404946080446e7	2021.6811997034922	-16.30743796209872
1.5362404946080446e7	2021.628990986513	-16.308174095459165
1.5770404946080446e7	2021.576783617793	-16.308910228819606
1.6178404946080446e7	2021.5245775972971	-16.309646362180047
1.6586404946080446e7	2021.472372924989	-16.310382495540487
1.6994404946080446e7	2021.4201696008374	-16.31111862890093
1.7402404946080446e7	2021.3679676248057	-16.31185476226137
1.7810404946080446e7	2021.315766996859	-16.31259089562181
1.8218404946080446e7	2021.2635677169608	-16.31332702898225
1.8626404946080446e7	2021.211369785078	-16.314063162342695
1.9034404946080446e7	2021.1591732011775	-16.314799295703132
1.9442404946080446e7	2021.106977965223	-16.315535429063576
1.9850404946080446e7	2021.0547840771776	-16.316271562424017
2.0258404946080446e7	2021.0025915370102	-16.317007695784458
2.0666404946080446e7	2020.950400344684	-16.3177438291449
2.1074404946080446e7	2020.8982105001644	-16.31847996250534
2.1482404946080446e7	2020.8460220034167	-16.31921609586578
2.1890404946080446e7	2020.7938348544042	-16.31995222922622
2.2298404946080446e7	2020.7416490530954	-16.32068836258666
2.2706404946080446e7	2020.6894645994541	-16.321424495947106
2.3114404946080446e7	2020.6372814934452	-16.322160629307547
2.3522404946080446e7	2020.5850997350324	-16.322896762667988
2.3930404946080446e7	2020.5329193241844	-16.32363289602843
2.4338404946080446e7	2020.4807402608644	-16.32436902938887
2.4746404946080446e7	2020.4285625450377	-16.32510516274931
2.5154404946080446e7	2020.376386176668	-16.32584129610975
2.5562404946080446e7	2020.3242111557217	-16.32657742947019
2.5970404946080446e7	2020.2720374821663	-16.327313562830636
2.6378404946080446e7	2020.219865155965	-16.328049696191073
2.6786404946080446e7	2020.1676941770813	-16.328785829551517
2.7194404946080446e7	2020.115524545484	-16.329521962911958
2.7602404946080446e7	2020.0633562611365	-16.3302580962724
2.8010404946080446e7	2020.011189324004	-16.33099422963284
2.8418404946080446e7	2019.9590237340515	-16.33173036299328
2.8826404946080446e7	2019.9068594912426	-16.33246649635372
2.9234404946080446e7	2019.8546965955463	-16.33320262971416
2.9642404946080446e7	2019.8025350469256	-16.333938763074602
3.0050404946080446e7	2019.7503748453462	-16.334674896435047
3.0458404946080446e7	2019.6982159907711	-16.335411029795488
3.0866404946080446e7	2019.6460584831693	-16.33614716315593
3.1274404946080446e7	2019.5939023225042	-16.33688329651637
3.1682404946080446e7	2019.5417475087409	-16.33761942987681
3.2090404946080446e7	2019.4895940418428	-16.33835556323725
3.2498404946080446e7	2019.4374419217772	-16.33909169659769
3.2906404946080446e7	2019.3852911485128	-16.339827829958132
3.3314404946080446e7	2019.3331417220074	-16.340563963318573
3.3722404946080446e7	2019.2809936422318	-16.341300096679014
3.4130404946080446e7	2019.2288469091477	-16.342036230039454
3.4538404946080446e7	2019.1767015227238	-16.3427723633999
3.4946404946080446e7	2019.1245574829236	-16.34350849676034
3.5354404946080446e7	2019.0724147897122	-16.34424463012078
3.5762404946080446e7	2019.0202734430532	-16.34498076348122
3.6170404946080446e7	2018.9681334429151	-16.34571689684166
3.6578404946080446e7	2018.9159947892617	-16.346453030202102
3.6986404946080446e7	2018.8638574820582	-16.347189163562543
3.7394404946080446e7	2018.8117215212678	-16.347925296922988
3.7802404946080446e7	2018.7595869068593	-16.34866143028343
3.8210404946080446e7	2018.7074536387966	-16.34939756364387
3.8618404946080446e7	2018.6553217170442	-16.35013369700431
3.9026404946080446e7	2018.6031911415662	-16.35086983036475
3.9434404946080446e7	2018.5510619123295	-16.35160596372519
3.9842404946080446e7	2018.4989340293025	-16.352342097085632
4.0250404946080446e7	2018.4468074924437	-16.353078230446073
4.0658404946080446e7	2018.3946823017236	-16.353814363806514
4.1066404946080446e7	2018.3425584571037	-16.354550497166954
4.1474404946080446e7	2018.290435958553	-16.355286630527395
4.1882404946080446e7	2018.2383148060349	-16.35602276388784
4.2290404946080446e7	2018.1861949995146	-16.35675889724828
4.2698404946080446e7	2018.1340765389555	-16.35749503060872
4.3106404946080446e7	2018.0819594243267	-16.35823116396916
4.3514404946080446e7	2018.0298436555913	-16.358967297329603
4.3922404946080446e7	2017.9777292327146	-16.359703430690043
4.4330404946080446e7	2017.9256161556602	-16.360439564050484
4.4738404946080446e7	2017.873504424397	-16.36117569741093
4.5146404946080446e7	2017.8213940388885	-16.361911830771366
4.5554404946080446e7	2017.7692849990995	-16.362647964131806
4.5962404946080446e7	2017.7171773049936	-16.36338409749225
4.6370404946080446e7	2017.6650709565383	-16.36412023085269
4.6778404946080446e7	2017.6129659537019	-16.364856364213132
4.7186404946080446e7	2017.5608622964428	-16.365592497573573
4.7594404946080446e7	2017.5087599847313	-16.366328630934014
4.8002404946080446e7	2017.4566590185295	-16.367064764294454
4.8410404946080446e7	2017.404559397806	-16.367800897654895
4.8818404946080446e7	2017.3524611225241	-16.368537031015336
4.9226404946080446e7	2017.3003641926496	-16.36927316437578
4.9634404946080446e7	2017.2482686081453	-16.37000929773622
5.0042404946080446e7	2017.1961743689803	-16.370745431096662
5.0450404946080446e7	2017.1440814751184	-16.371481564457103
5.0858404946080446e7	2017.0919899265243	-16.372217697817543
5.1266404946080446e7	2017.0398997231616	-16.372953831177984
5.1674404946080446e7	2016.9878108649996	-16.373689964538425
5.2082404946080446e7	2016.9357233520013	-16.37442609789887
5.2490404946080446e7	2016.883637184132	-16.375162231259306
5.2898404946080446e7	2016.8315523613574	-16.375898364619747
5.3306404946080446e7	2016.7794688836386	-16.37663449798019
5.3714404946080446e7	2016.7273867509502	-16.377370631340632
5.4122404946080446e7	2016.6753059632483	-16.378106764701073
5.4530404946080446e7	2016.6232265205053	-16.378842898061514
5.4938404946080446e7	2016.5711484226779	-16.379579031421954
5.5346404946080446e7	2016.5190716697398	-16.380315164782395
5.5754404946080446e7	2016.466996261653	-16.381051298142836
5.6162404946080446e7	2016.4149221983828	-16.381787431503277
5.6570404946080446e7	2016.3628494798925	-16.38252356486372
5.6978404946080446e7	2016.310778106151	-16.383259698224162
5.7386404946080446e7	2016.2587080771218	-16.3839958315846
5.7794404946080446e7	2016.2066393927703	-16.384731964945043
5.8202404946080446e7	2016.1545720530598	-16.385468098305484
5.8610404946080446e7	2016.1025060579593	-16.386204231665925
5.9018404946080446e7	2016.0504414074321	-16.386940365026366
5.9426404946080446e7	2015.9983781014437	-16.387676498386806
5.9834404946080446e7	2015.9463161399592	-16.388412631747247
6.0242404946080446e7	2015.8942555229405	-16.38914876510769
6.0650404946080446e7	2015.8421962503617	-16.389884898468132
6.1058404946080446e7	2015.790138322179	-16.390621031828573
6.1466404946080446e7	2015.738081738365	-16.391357165189014
6.1874404946080446e7	2015.686026498878	-16.392093298549455
6.2282404946080446e7	2015.6339726036863	-16.392829431909895
6.2690404946080446e7	2015.5819200527594	-16.393565565270336
6.3098404946080446e7	2015.529868846055	-16.394301698630777
6.3506404946080446e7	2015.4778189835422	-16.395037831991218
6.3914404946080446e7	2015.425770465188	-16.395773965351662
6.4322404946080446e7	2015.373723290956	-16.3965100987121
6.4730404946080446e7	2015.321677460811	-16.39724623207254
6.5138404946080446e7	2015.2696329747191	-16.397982365432984
6.5546404946080446e7	2015.2175898326432	-16.398718498793425
6.5954404946080446e7	2015.1655480345523	-16.399454632153866
6.6362404946080446e7	2015.11350758041	-16.400190765514306
6.6770404946080446e7	2015.0614684701798	-16.400926898874747
6.717840494608045e7	2015.0094307038287	-16.401663032235188
6.758640494608045e7	2014.9573942813254	-16.40239916559563
6.799440494608045e7	2014.9053592026285	-16.403135298956073
6.840240494608045e7	2014.8533254677102	-16.403871432316514
6.881040494608045e7	2014.8012930765285	-16.404607565676955
6.921840494608045e7	2014.7492620290525	-16.405343699037395
6.962640494608045e7	2014.697232325251	-16.406079832397836
7.003440494608045e7	2014.6452039650821	-16.406815965758277
7.044240494608045e7	2014.5931769485146	-16.407552099118718
7.085040494608045e7	2014.5411512755159	-16.40828823247916
7.125840494608045e7	2014.4891269460493	-16.4090243658396
7.166640494608045e7	2014.43710396008	-16.40976049920004
7.207440494608045e7	2014.3850823175735	-16.41049663256048
7.248240494608045e7	2014.3330620184934	-16.411232765920925
7.289040494608045e7	2014.2810430628083	-16.411968899281366
7.329840494608045e7	2014.229025450482	-16.412705032641806
7.370640494608045e7	2014.1770091814776	-16.413441166002247
7.411440494608045e7	2014.1249942557627	-16.414177299362688
7.452240494608045e7	2014.072980673306	-16.41491343272313
7.493040494608045e7	2014.0209684340653	-16.41564956608357
7.533840494608045e7	2013.9689575380137	-16.416385699444014
7.574640494608045e7	2013.916947985109	-16.417121832804455
7.615440494608045e7	2013.8649397753197	-16.417857966164895
7.656240494608045e7	2013.8129329086157	-16.418594099525336
7.697040494608045e7	2013.7609273849544	-16.419330232885777
7.737840494608045e7	2013.7089232043047	-16.420066366246218
7.778640494608045e7	2013.656920366634	-16.42080249960666
7.819440494608045e7	2013.6049188719057	-16.4215386329671
7.860240494608045e7	2013.5529187200852	-16.42227476632754
7.901040494608045e7	2013.5009199111378	-16.42301089968798
7.941840494608045e7	2013.448922445027	-16.42374703304842
7.982640494608045e7	2013.3969263217216	-16.424483166408866
8.023440494608045e7	2013.3449315411851	-16.425219299769307
8.064240494608045e7	2013.292938103383	-16.425955433129747
8.105040494608045e7	2013.2409460082772	-16.426691566490188
8.145840494608045e7	2013.1889552558416	-16.42742769985063
8.186640494608045e7	2013.1369658460328	-16.42816383321107
8.227440494608045e7	2013.084977778823	-16.42889996657151
8.268240494608045e7	2013.032991054171	-16.429636099931955
8.309040494608045e7	2012.981005672045	-16.430372233292395
8.349840494608045e7	2012.9290216324143	-16.431108366652836
8.390640494608045e7	2012.8770389352371	-16.431844500013277
8.431440494608045e7	2012.8250575804839	-16.432580633373718
8.472240494608045e7	2012.7730775681164	-16.43331676673416
8.513040494608045e7	2012.721098898104	-16.4340529000946
8.553840494608045e7	2012.6691215704095	-16.43478903345504
8.594640494608045e7	2012.617145584999	-16.43552516681548
8.635440494608045e7	2012.5651709418355	-16.43626130017592
8.676240494608045e7	2012.513197640888	-16.436997433536362
8.717040494608045e7	2012.4612256821204	-16.437733566896807
8.757840494608045e7	2012.4092550654975	-16.438469700257247
8.798640494608045e7	2012.3572857909815	-16.439205833617685
8.839440494608045e7	2012.3053178585465	-16.43994196697813
8.880240494608045e7	2012.253351268149	-16.44067810033857
8.921040494608045e7	2012.2013860197615	-16.44141423369901
8.961840494608045e7	2012.1494221133419	-16.44215036705945
9.002640494608045e7	2012.0974595488594	-16.442886500419895
9.043440494608045e7	2012.045498326283	-16.443622633780333
9.084240494608045e7	2011.9935384455705	-16.444358767140773
9.125040494608045e7	2011.9415799066949	-16.445094900501218
9.165840494608045e7	2011.8896227096122	-16.44583103386166
9.206640494608045e7	2011.837666854297	-16.4465671672221
9.247440494608045e7	2011.785712340711	-16.44730330058254
9.288240494608045e7	2011.7337591688192	-16.44803943394298
9.329040494608045e7	2011.6818073385855	-16.44877556730342
9.369840494608045e7	2011.6298568499788	-16.449511700663862
9.410640494608045e7	2011.5779077029626	-16.450247834024303
9.451440494608045e7	2011.5259598975024	-16.450983967384744
9.492240494608045e7	2011.4740134335616	-16.451720100745188
9.533040494608045e7	2011.4220683111093	-16.452456234105625
9.573840494608045e7	2011.370124530107	-16.45319236746607
9.614640494608045e7	2011.3181820905256	-16.45392850082651
9.655440494608045e7	2011.2662409923234	-16.45466463418695
9.696240494608045e7	2011.214301235469	-16.455400767547392
9.737040494608045e7	2011.1623628199318	-16.456136900907833
9.777840494608045e7	2011.1104257456698	-16.456873034268273
9.818640494608045e7	2011.0584900126553	-16.457609167628714
9.859440494608045e7	2011.006555620847	-16.45834530098916
9.900240494608045e7	2010.9546225702131	-16.4590814343496
9.941040494608045e7	2010.9026908607216	-16.45981756771004
9.981840494608045e7	2010.8507604923354	-16.46055370107048
1.0022640494608045e8	2010.7988314650186	-16.46128983443092
1.0063440494608045e8	2010.7469037787396	-16.462025967791362
1.0104240494608045e8	2010.6949774334626	-16.462762101151803
1.0145040494608045e8	2010.6430524291525	-16.463498234512244
1.0185840494608045e8	2010.591128765773	-16.464234367872685
1.0226640494608045e8	2010.5392064432929	-16.464970501233125
1.0267440494608045e8	2010.4872854616744	-16.465706634593566
1.0308240494608045e8	2010.435365820888	-16.46644276795401
1.0349040494608045e8	2010.3834475208919	-16.46717890131445
1.0389840494608045e8	2010.331530561655	-16.467915034674892
1.0430640494608045e8	2010.2796149431465	-16.468651168035333
1.0471440494608045e8	2010.2277006653244	-16.469387301395773
1.0512240494608045e8	2010.1757877281611	-16.470123434756214
1.0553040494608045e8	2010.1238761316151	-16.470859568116655
1.0593840494608045e8	2010.0719658756555	-16.4715957014771
1.0634640494608045e8	2010.020056960249	-16.47233183483754
1.0675440494608045e8	2009.9681493853595	-16.47306796819798
1.0716240494608045e8	2009.9162431509505	-16.47380410155842
1.0757040494608045e8	2009.864338256991	-16.474540234918862
1.0797840494608045e8	2009.8124347034445	-16.475276368279303
1.0838640494608045e8	2009.7605324902765	-16.476012501639744
1.0879440494608045e8	2009.7086316174525	-16.476748635000185
1.0920240494608045e8	2009.6567320849358	-16.477484768360625
1.0961040494608045e8	2009.6048338926937	-16.478220901721066
1.1001840494608045e8	2009.5529370406953	-16.478957035081507
1.1042640494608045e8	2009.5010415288987	-16.479693168441948
1.1083440494608045e8	2009.4491473572746	-16.480429301802392
1.1124240494608045e8	2009.3972545257866	-16.481165435162833
1.1165040494608045e8	2009.3453630343986	-16.48190156852327
1.1205840494608045e8	2009.2934728830792	-16.482637701883714
1.1246640494608045e8	2009.2415840717922	-16.483373835244155
1.1287440494608045e8	2009.1896966005013	-16.4841099686046
1.1328240494608045e8	2009.137810469175	-16.48484610196504
1.1369040494608045e8	2009.0859256777776	-16.48558223532548
1.1409840494608045e8	2009.034042226272	-16.48631836868592
1.1450640494608045e8	2008.982160114628	-16.487054502046362
1.1491440494608045e8	2008.9302793428083	-16.487790635406803
1.1532240494608045e8	2008.8783999107789	-16.488526768767244
1.1573040494608045e8	2008.8265218185052	-16.489262902127685
1.1613840494608045e8	2008.7746450659504	-16.489999035488125
1.1654640494608045e8	2008.7227696530838	-16.490735168848566
1.1695440494608045e8	2008.670895579869	-16.491471302209007
1.1736240494608045e8	2008.6190228462694	-16.492207435569448
1.1777040494608045e8	2008.5671514522562	-16.492943568929892
1.1817840494608045e8	2008.5152813977872	-16.493679702290333
1.1858640494608045e8	2008.4634126828316	-16.49441583565077
1.1899440494608045e8	2008.4115453073584	-16.495151969011214
1.1940240494608045e8	2008.3596792713258	-16.495888102371655
1.1981040494608045e8	2008.3078145747027	-16.496624235732096
1.2021840494608045e8	2008.2559512174582	-16.49736036909254
1.2062640494608045e8	2008.2040891995507	-16.498096502452977
1.2103440494608045e8	2008.152228520949	-16.498832635813418
1.2144240494608045e8	2008.100369181622	-16.499568769173862
1.2185040494608045e8	2008.048511181528	-16.500304902534303
1.2225840494608045e8	2007.9966545206362	-16.50104103589474
1.2266640494608045e8	2007.9447991989155	-16.501777169255185
1.2307440494608045e8	2007.892945216324	-16.502513302615625
1.2348240494608045e8	2007.841092572831	-16.503249435976066
1.2389040494608045e8	2007.7892412684052	-16.503985569336507
1.2429840494608045e8	2007.737391303005	-16.504721702696948
1.2470640494608045e8	2007.6855426766012	-16.50545783605739
1.2511440494608045e8	2007.6336953891573	-16.506193969417833
1.2552240494608045e8	2007.5818494406371	-16.506930102778274
1.2593040494608045e8	2007.5300048310078	-16.507666236138714
1.2633840494608045e8	2007.4781615602383	-16.508402369499155
1.2674640494608045e8	2007.426319628287	-16.509138502859596
1.2715440494608045e8	2007.3744790351245	-16.509874636220037
1.2756240494608045e8	2007.3226397807146	-16.51061076958048
1.2797040494608045e8	2007.2708018650208	-16.511346902940918
1.2837840494608045e8	2007.218965288014	-16.51208303630136
1.2878640494608045e8	2007.1671300496525	-16.512819169661803
1.2919440494608045e8	2007.1152961499072	-16.513555303022244
1.2960240494608045e8	2007.0634635887413	-16.514291436382685
1.3001040494608045e8	2007.0116323661207	-16.515027569743125
1.3041840494608045e8	2006.9598024820089	-16.515763703103566
1.3082640494608045e8	2006.907973936375	-16.516499836464007
1.3123440494608045e8	2006.8561467291822	-16.517235969824448
1.3164240494608045e8	2006.8043208603965	-16.51797210318489
1.3205040494608045e8	2006.752496329981	-16.51870823654533
1.3245840494608045e8	2006.7006731379036	-16.51944436990577
1.3286640494608045e8	2006.6488512841293	-16.520180503266214
1.3327440494608045e8	2006.597030768627	-16.520916636626655
1.3368240494608045e8	2006.5452115913572	-16.521652769987096
1.3409040494608045e8	2006.4933937522849	-16.522388903347537
1.3449840494608045e8	2006.4415772513794	-16.523125036707977
1.3490640494608045e8	2006.3897620886044	-16.52386117006842
1.3531440494608045e8	2006.3379482639234	-16.52459730342886
1.3572240494608045e8	2006.2861357773054	-16.5253334367893
1.3613040494608045e8	2006.2343246287157	-16.526069570149744
1.3653840494608045e8	2006.182514818113	-16.52680570351018
1.3694640494608045e8	2006.1307063454715	-16.527541836870626
1.3735440494608045e8	2006.0788992107548	-16.528277970231066
1.3776240494608045e8	2006.027093413923	-16.529014103591507
1.3817040494608045e8	2005.9752889549454	-16.529750236951948
1.3857840494608045e8	2005.9234858337904	-16.53048637031239
1.3898640494608045e8	2005.871684050417	-16.53122250367283
1.3939440494608045e8	2005.8198836047955	-16.53195863703327
1.3980240494608045e8	2005.7680844968897	-16.53269477039371
1.4021040494608045e8	2005.7162867266618	-16.53343090375415
1.4061840494608045e8	2005.6644902940839	-16.534167037114596
1.4102640494608045e8	2005.61269519912	-16.534903170475037
1.4143440494608045e8	2005.5609014417303	-16.535639303835477
1.4184240494608045e8	2005.5091090218834	-16.536375437195918
1.4225040494608045e8	2005.4573179395486	-16.53711157055636
1.4265840494608045e8	2005.4055281946842	-16.5378477039168
1.4306640494608045e8	2005.353739787261	-16.53858383727724
1.4347440494608045e8	2005.3019527172428	-16.539319970637685
1.4388240494608045e8	2005.250166984593	-16.540056103998122
1.4429040494608045e8	2005.1983825892808	-16.540792237358563
1.4469840494608045e8	2005.1465995312699	-16.541528370719007
1.4510640494608045e8	2005.094817810524	-16.542264504079448
1.4551440494608045e8	2005.0430374270138	-16.54300063743989
1.4592240494608045e8	2004.991258380698	-16.54373677080033
1.4633040494608045e8	2004.939480671545	-16.54447290416077
1.4673840494608045e8	2004.8877042995243	-16.54520903752121
1.4714640494608045e8	2004.835929264594	-16.54594517088165
1.4755440494608045e8	2004.7841555667233	-16.546681304242092
1.4796240494608045e8	2004.7323832058794	-16.547417437602533
1.4837040494608045e8	2004.6806121820262	-16.548153570962974
1.4877840494608045e8	2004.628842495127	-16.548889704323418
1.4918640494608045e8	2004.5770741451527	-16.54962583768386
1.4959440494608045e8	2004.5253071320617	-16.5503619710443
1.5000240494608045e8	2004.4735414558234	-16.55109810440474
1.5041040494608045e8	2004.4217771164062	-16.55183423776518
1.5081840494608045e8	2004.370014113769	-16.552570371125626
1.5122640494608045e8	2004.3182524478805	-16.553306504486063
1.5163440494608045e8	2004.26649211871	-16.554042637846504
1.5204240494608045e8	2004.2147331262154	-16.554778771206948
1.5245040494608045e8	2004.162975470368	-16.55551490456739
1.5285840494608045e8	2004.1112191511315	-16.55625103792783
1.5326640494608045e8	2004.059464168471	-16.55698717128827
1.5367440494608045e8	2004.0077105223525	-16.55772330464871
1.5408240494608045e8	2003.9559582127392	-16.55845943800915
1.5449040494608045e8	2003.9042072395987	-16.559195571369592
1.5489840494608045e8	2003.8524576028963	-16.559931704730033
1.5530640494608045e8	2003.800709302601	-16.560667838090477
1.5571440494608045e8	2003.7489623386714	-16.561403971450915
1.5612240494608045e8	2003.6972167110782	-16.562140104811355
1.5653040494608045e8	2003.645472419785	-16.5628762381718
1.5693840494608045e8	2003.5937294647576	-16.56361237153224
1.5734640494608045e8	2003.5419878459593	-16.56434850489268
1.5775440494608045e8	2003.4902475633614	-16.565084638253122
1.5816240494608045e8	2003.4385086169218	-16.565820771613566
1.5857040494608045e8	2003.3867710066118	-16.566556904974004
1.5897840494608045e8	2003.3350347323965	-16.567293038334448
1.5938640494608045e8	2003.2832997942362	-16.56802917169489
1.5979440494608045e8	2003.2315661921	-16.568765305055326
1.6020240494608045e8	2003.179833925957	-16.56950143841577
1.6061040494608045e8	2003.1281029957654	-16.57023757177621
1.6101840494608045e8	2003.0763734014943	-16.57097370513665
1.6142640494608045e8	2003.0246451431112	-16.571709838497092
1.6183440494608045e8	2002.9729182205779	-16.572445971857533
1.6224240494608045e8	2002.9211926338633	-16.573182105217974
1.6265040494608045e8	2002.8694683829315	-16.57391823857842
1.6305840494608045e8	2002.8177454677475	-16.574654371938855
1.6346640494608045e8	2002.7660238882754	-16.5753905052993
1.6387440494608045e8	2002.714303644486	-16.57612663865974
1.6428240494608045e8	2002.6625847363377	-16.57686277202018
1.6469040494608045e8	2002.6108671637994	-16.577598905380622
1.6509840494608045e8	2002.5591509268404	-16.578335038741063
1.6550640494608045e8	2002.5074360254189	-16.579071172101504
1.6591440494608045e8	2002.4557224595058	-16.579807305461944
1.6632240494608045e8	2002.4040102290649	-16.58054343882239
1.6673040494608045e8	2002.3522993340596	-16.58127957218283
1.6713840494608045e8	2002.3005897744595	-16.58201570554327
1.6754640494608045e8	2002.2488815502281	-16.58275183890371
1.6795440494608045e8	2002.197174661329	-16.58348797226415
1.6836240494608045e8	2002.1454691077333	-16.584224105624592
1.6877040494608045e8	2002.0937648893992	-16.584960238985033
1.6917840494608045e8	2002.0420620062957	-16.585696372345474
1.6958640494608045e8	2001.9903604583906	-16.586432505705915
1.6999440494608045e8	2001.938660245647	-16.58716863906636
1.7040240494608045e8	2001.886961368029	-16.587904772426796
1.7081040494608045e8	2001.8352638255055	-16.588640905787237
1.7121840494608045e8	2001.7835676180405	-16.58937703914768
1.7162640494608045e8	2001.7318727455995	-16.590113172508122
1.7203440494608045e8	2001.680179208146	-16.590849305868563
1.7244240494608045e8	2001.628487005649	-16.591585439229004
1.7285040494608045e8	2001.5767961380727	-16.592321572589444
1.7325840494608045e8	2001.5251066053822	-16.593057705949885
1.7366640494608045e8	2001.4734184075417	-16.593793839310326
1.7407440494608045e8	2001.4217315445196	-16.59452997267077
1.7448240494608045e8	2001.3700460162804	-16.59526610603121
1.7489040494608045e8	2001.3183618227872	-16.596002239391648
1.7529840494608045e8	2001.2666789640114	-16.596738372752093
1.7570640494608045e8	2001.2149974399094	-16.597474506112533
1.7611440494608045e8	2001.1633172504555	-16.598210639472974
1.7652240494608045e8	2001.111638395612	-16.598946772833415
1.7693040494608045e8	2001.0599608753441	-16.599682906193856
1.7733840494608045e8	2001.008284689616	-16.600419039554296
1.7774640494608045e8	2000.9566098383962	-16.601155172914737
1.7815440494608045e8	2000.9049363216488	-16.601891306275178
1.7856240494608045e8	2000.8532641393376	-16.60262743963562
1.7897040494608045e8	2000.8015932914316	-16.60336357299606
1.7937840494608045e8	2000.7499237778945	-16.604099706356504
1.7978640494608045e8	2000.6982555986904	-16.604835839716944
1.8019440494608045e8	2000.646588753788	-16.60557197307738
1.8060240494608045e8	2000.594923243151	-16.606308106437826
1.8101040494608045e8	2000.5432590667451	-16.607044239798267
1.8141840494608045e8	2000.4915962245361	-16.607780373158707
1.8182640494608045e8	2000.4399347164895	-16.608516506519152
1.8223440494608045e8	2000.3882745425685	-16.60925263987959
1.8264240494608045e8	2000.3366157027428	-16.609988773240033
1.8305040494608045e8	2000.2849581969742	-16.610724906600474
1.8345840494608045e8	2000.2333020252302	-16.611461039960915
1.8386640494608045e8	2000.1816471874777	-16.612197173321356
1.8427440494608045e8	2000.1299936836808	-16.612933306681796
1.8468240494608045e8	2000.078341513805	-16.613669440042237
1.8509040494608045e8	2000.026690677814	-16.614405573402678
1.8549840494608045e8	1999.9750411756788	-16.61514170676312
1.8590640494608045e8	1999.9233930073578	-16.61587784012356
1.8631440494608045e8	1999.871746172822	-16.616613973484
1.8672240494608045e8	1999.8201006720346	-16.617350106844444
1.8713040494608045e8	1999.768456504962	-16.618086240204885
1.8753840494608045e8	1999.7168136715675	-16.618822373565322
1.8794640494608045e8	1999.665172171822	-16.619558506925767
1.8835440494608045e8	1999.613532005684	-16.620294640286208
1.8876240494608045e8	1999.5618931731228	-16.62103077364665
1.8917040494608045e8	1999.5102556741072	-16.621766907007093
1.8957840494608045e8	1999.4586195085958	-16.62250304036753
1.8998640494608045e8	1999.4069846765578	-16.623239173727974
1.9039440494608045e8	1999.3553511779605	-16.623975307088415
1.9080240494608045e8	1999.3037190127675	-16.624711440448856
1.9121040494608045e8	1999.252088180943	-16.625447573809296
1.9161840494608045e8	1999.2004586824555	-16.626183707169737
1.9202640494608045e8	1999.1488305172695	-16.626919840530178
1.9243440494608045e8	1999.0972036853482	-16.62765597389062
1.9284240494608045e8	1999.0455781866629	-16.62839210725106
1.9325040494608045e8	1998.993954021172	-16.6291282406115
1.9365840494608045e8	1998.942331188846	-16.62986437397194
1.9406640494608045e8	1998.8907096896492	-16.630600507332385
1.9447440494608045e8	1998.8390895235452	-16.631336640692826
1.9488240494608045e8	1998.7874706905031	-16.632072774053267
1.9529040494608045e8	1998.7358531904868	-16.632808907413708
1.9569840494608045e8	1998.6842370234615	-16.63354504077415
1.9610640494608045e8	1998.6326221893917	-16.63428117413459
1.9651440494608045e8	1998.581008688246	-16.635017307495033
1.9692240494608045e8	1998.529396519988	-16.63575344085547
1.9733040494608045e8	1998.4777856845803	-16.636489574215915
1.9773840494608045e8	1998.4261761819973	-16.637225707576356
1.9814640494608045e8	1998.3745680121954	-16.637961840936796
1.9855440494608045e8	1998.3229611751456	-16.638697974297237
1.9896240494608045e8	1998.2713556708118	-16.639434107657678
1.9937040494608045e8	1998.2197514991592	-16.64017024101812
1.9977840494608045e8	1998.1681486601524	-16.64090637437856
2.0018640494608045e8	1998.1165471537615	-16.641642507739
2.0059440494608045e8	1998.0649469799455	-16.642378641099445
2.0100240494608045e8	1998.013348138675	-16.64311477445988
2.0141040494608045e8	1997.961750629914	-16.643850907820326
2.0181840494608045e8	1997.9101544536263	-16.644587041180767
2.0222640494608045e8	1997.858559609781	-16.645323174541204
2.0263440494608045e8	1997.806966098342	-16.64605930790165
2.0304240494608045e8	1997.7553739192747	-16.64679544126209
2.0345040494608045e8	1997.703783072543	-16.64753157462253
2.0385840494608045e8	1997.652193558118	-16.648267707982974
2.0426640494608045e8	1997.6006053759559	-16.64900384134341
2.0467440494608045e8	1997.549018526032	-16.649739974703856
2.0508240494608045e8	1997.4974330083076	-16.650476108064296
2.0549040494608045e8	1997.4458488227467	-16.651212241424737
2.0589840494608045e8	1997.3942659693187	-16.651948374785178
2.0630640494608045e8	1997.3426844479873	-16.65268450814562
2.0671440494608045e8	1997.2911042587182	-16.65342064150606
2.0712240494608045e8	1997.2395254014748	-16.6541567748665
2.0753040494608045e8	1997.1879478762266	-16.65489290822694
2.0793840494608045e8	1997.1363716829376	-16.655629041587385
2.0834640494608045e8	1997.0847968215712	-16.656365174947823
2.0875440494608045e8	1997.0332232920969	-16.657101308308263
2.0916240494608045e8	1996.9816510944784	-16.657837441668708
2.0957040494608045e8	1996.9300802286812	-16.65857357502915
2.0997840494608045e8	1996.878510694669	-16.65930970838959
2.1038640494608045e8	1996.8269424924133	-16.66004584175003
2.1079440494608045e8	1996.7753756218722	-16.66078197511047
2.1120240494608045e8	1996.7238100830166	-16.66151810847091
2.1161040494608045e8	1996.6722458758086	-16.662254241831352
2.1201840494608045e8	1996.6206830002159	-16.662990375191796
2.1242640494608045e8	1996.5691214562055	-16.663726508552234
2.1283440494608045e8	1996.5175612437413	-16.664462641912678
2.1324240494608045e8	1996.466002362789	-16.66519877527312
2.1365040494608045e8	1996.4144448133125	-16.66593490863356
2.1405840494608045e8	1996.3628885952826	-16.666671041994
2.1446640494608045e8	1996.311333708658	-16.66740717535444
2.1487440494608045e8	1996.2597801534075	-16.668143308714882
2.1528240494608045e8	1996.2082279295007	-16.668879442075326
2.1569040494608045e8	1996.1566770368959	-16.669615575435763
2.1609840494608045e8	1996.1051274755641	-16.670351708796204
2.1650640494608045e8	1996.053579245469	-16.67108784215665
2.1691440494608045e8	1996.0020323465765	-16.67182397551709
2.1732240494608045e8	1995.95048677885	-16.67256010887753
2.1773040494608045e8	1995.8989425422612	-16.67329624223797
2.1813840494608045e8	1995.847399636768	-16.67403237559841
2.1854640494608045e8	1995.7958580623394	-16.674768508958852
2.1895440494608045e8	1995.7443178189435	-16.675504642319293
2.1936240494608045e8	1995.692778906542	-16.676240775679734
2.1977040494608045e8	1995.641241325104	-16.676976909040174
2.2017840494608045e8	1995.5897050745934	-16.67771304240062
2.2058640494608045e8	1995.5381701549761	-16.678449175761056
2.2099440494608045e8	1995.4866365662156	-16.679185309121497
2.2140240494608045e8	1995.435104308281	-16.67992144248194
2.2181040494608045e8	1995.3835733811368	-16.680657575842382
2.2221840494608045e8	1995.332043784746	-16.681393709202823
2.2262640494608045e8	1995.2805155190786	-16.682129842563263
2.2303440494608045e8	1995.2289885840978	-16.682865975923704
2.2344240494608045e8	1995.1774629797696	-16.68360210928415
2.2385040494608045e8	1995.125938706058	-16.684338242644586
2.2425840494608045e8	1995.0744157629333	-16.68507437600503
2.2466640494608045e8	1995.0228941503547	-16.68581050936547
2.2507440494608045e8	1994.9713738682913	-16.68654664272591
2.2548240494608045e8	1994.919854916712	-16.687282776086352
2.2589040494608045e8	1994.8683372955736	-16.688018909446793
2.2629840494608045e8	1994.816821004851	-16.688755042807234
2.2670640494608045e8	1994.765306044506	-16.689491176167678
2.2711440494608045e8	1994.713792414504	-16.690227309528115
2.2752240494608045e8	1992.8428062943794	-16.719256737041004
2.2793040494608045e8	1990.3093245058303	-16.758631577852192
2.2833840494608045e8	1987.779063508178	-16.798006418663384
2.2874640494608045e8	1985.2520192068657	-16.837381259474576
2.2915440494608045e8	1982.7281875125352	-16.876756100285768
2.2956240494608045e8	1980.2075643410335	-16.91613094109696
2.2997040494608045e8	1977.6901456133933	-16.95550578190815
2.3037840494608045e8	1975.1759272558393	-16.994880622719343
2.3078640494608045e8	1972.6649051997688	-17.03425546353053
2.3119440494608045e8	1970.1570753817596	-17.073630304341727
2.3160240494608045e8	1965.6058235380608	-17.14950101426082
2.3201040494608045e8	1956.277258169335	-17.311096857585433
2.3241840494608045e8	1946.9929652232859	-17.472692700910045
2.3282640494608045e8	1938.362322569299	-17.637570823064372
2.3323440494608045e8	1930.0061611605586	-17.803726255218383
2.3364240494608045e8	1921.881452727756	-17.970371078011578
2.3405040494608045e8	1914.7396816879711	-18.13940102808719
2.3445840494608045e8	1907.6244496907054	-18.308430978162804
2.3486640494608045e8	1901.2145553946323	-18.479157952706526
2.3527440494608045e8	1895.2479150515064	-18.6509423283607
2.3568240494608045e8	1889.3000000000002	-18.822726704014872
