-4.911463437154279e8	4503.9683929824705	-12.608379747540704	4.286388118734854
-4.745463437154279e8	4461.233887900471	-12.650777611617055	4.159147148528912
-4.579463437154279e8	4418.904855895834	-12.693175475693408	4.013322615448011
-4.413463437154279e8	4377.323724777371	-12.736097323742307	3.858438599733888
-4.247463437154279e8	4337.206664364424	-12.780657686996797	3.732639935417281
-4.081463437154279e8	4297.457266623304	-12.825218050251289	3.588707415496322
-3.915463437154279e8	4258.104905120244	-12.869835260224718	3.4224375677001833
-3.749463437154279e8	4220.208490943872	-12.91637189854642	3.2989770516305654
-3.583463437154279e8	4182.649348450424	-12.96290853686812	3.158098354886874
-3.417463437154279e8	4145.424475978907	-13.009445175189818	2.994066534609676
-3.251463437154279e8	4109.205403265357	-13.057647234055176	2.8615069690887975
-3.085463437154279e8	4073.4593367826565	-13.106239212788108	2.725361120546777
-2.919463437154279e8	4038.024226103723	-13.154831191521035	2.5677138325871107
-2.753463437154279e8	4003.133428246546	-13.2046403000673	2.4224122558422234
-2.5874634371542788e8	3968.741825695828	-13.255477673166677	2.2926539863017936
-2.4214634371542788e8	3934.645687272701	-13.306315046266054	2.143512093264902
-2.2554634371542788e8	3900.3842962428103	-13.358165880839136	1.9781991328134239
-2.0894634371542788e8	3864.350525567129	-13.414638748126482	1.834085337977138
-1.9234634371542788e8	3828.561085784327	-13.471971369051905	1.688530400632132
-1.7574634371542788e8	3793.037226361404	-13.529949510780611	1.5380609429808578
-1.5914634371542788e8	3757.6387987464564	-13.589478477897291	1.399768978395748
-1.4254634371542788e8	3722.490630741115	-13.649486252540921	1.2522820324369472
-1.2594634371542788e8	3687.489112848943	-13.710521604429477	1.1112170507751353
-1.0934634371542788e8	3652.536143375019	-13.772517717317214	0.968321322259441
-9.274634371542788e7	3617.6911736744555	-13.835285919318924	0.8214401073925743
-7.614634371542788e7	3582.8097708826635	-13.89950369265553	0.6820910838338933
-5.9546343715427876e7	3548.147300544415	-13.964174770006526	0.5309220518938891
-4.2946343715427876e7	3513.3436092169427	-14.03060265921032	0.39144688715011816
-2.6346343715427876e7	3478.7486314163257	-14.097740930834597	0.24132094945521604
-9.746343715427876e6	3444.216189754673	-14.166383194150644	0.09430965358287227
6.8536562845721245e6	3409.8253857077557	-14.236369559356183	-0.05526063545810553
2.3453656284572124e7	3375.630014652234	-14.307354619207771	-0.2113954386518267
4.0053656284572124e7	3341.6816304779586	-14.380544974349611	-0.36042240877709825
5.6653656284572124e7	3308.040602842826	-14.454531071011964	-0.5223814049319324
7.325365628457212e7	3274.6374156461543	-14.53091259871213	-0.6758609325438952
8.985365628457212e7	3241.541585012377	-14.608636600775498	-0.837451017662787
1.0645365628457212e8	3208.746129567127	-14.68790618930049	-1.0032874340701357
1.2305365628457212e8	3176.198977410877	-14.769644128336056	-1.1638168124803387
1.3965365628457212e8	3143.9468885451015	-14.852555959747914	-1.336127079914178
1.5625365628457212e8	3111.9598436418955	-14.937811137105754	-1.5038951136622334
1.7285365628457212e8	3080.1635548445006	-15.025005040122178	-1.674833069433582
1.8945365628457212e8	3048.6033719708307	-15.113559204103291	-1.856244463359789
2.0605365628457212e8	3017.234047050651	-15.204745216084426	-2.0287709663218623
2.2265365628457212e8	2985.9673510378234	-15.297649527696032	-2.208613265493534
2.3925365628457212e8	2954.836796336063	-15.39208222763408	-2.398314662414682
2.5585365628457212e8	2923.730415386548	-15.489537037272878	-2.578532167585835
2.724536562845721e8	2892.734099027465	-15.58871787170917	-2.7660574825862443
2.890536562845721e8	2861.866220345225	-15.689505399358664	-2.9629345667740266
3.056536562845721e8	2830.9938084484925	-15.793003654261478	-3.153345546698023
3.222536562845721e8	2800.0534779163595	-15.899054140785303	-3.347207622367574
3.388536562845721e8	2769.173542725548	-16.007125440548805	-3.5498456766004005
3.554536562845721e8	2738.3682278287674	-16.117523205040193	-3.7538883387420574
3.720536562845721e8	2707.504132447791	-16.230888741061506	-3.952040320476849
3.886536562845721e8	2676.714983100157	-16.346301980042643	-4.158565732310467
4.052536562845721e8	2645.9973131862253	-16.463898422059938	-4.372259843407455
4.218536562845721e8	2615.249979805732	-16.584833445482584	-4.580946217339321
4.384536562845721e8	2584.385865430185	-16.708892604429813	-4.789129387217788
4.550536562845721e8	2553.59434832266	-16.835595767996367	-5.003336388397422
4.716536562845721e8	2522.865969738135	-16.96517608111122	-5.2219872877518245
4.882536562845721e8	2492.036434739081	-17.09838954585702	-5.440240035435101
5.048536562845721e8	2461.3890764204134	-17.234644061910537	-5.65043593166813
5.214536562845721e8	2430.8552111404774	-17.373883802571733	-5.863808921445368
5.380536562845721e8	2400.3507032613766	-17.516636352440525	-6.078903998078943
5.546536562845721e8	2369.8731733605227	-17.66309767706859	-6.294080645513705
5.712536562845721e8	2339.5374882183414	-17.812985492500605	-6.508142095792997
5.878536562845721e8	2309.5182236781434	-17.965963842814798	-6.720407139006437
6.044536562845721e8	2279.5793141095032	-18.123482209883253	-6.925363118983474
6.210536562845721e8	2249.762299794992	-18.285306304293073	-7.1280541127409816
6.376536562845721e8	2220.344128038663	-18.450364243622136	-7.328689457925456
6.542536562845721e8	2192.4571306886387	-18.620495283185196	-7.527309304340053
6.708536562845721e8	2167.175761763611	-18.79680101250335	-7.723897523240618
6.874536562845721e8	2143.41785890134	-18.977359294439335	-7.9183860624819316
7.040536562845721e8	2120.7071806889967	-19.161342253951705	-8.11103216354158
7.206536562845721e8	2099.0243604878733	-19.342992196512515	-8.289764981498637
7.372536562845721e8	2077.83740180369	-19.52235167849088	-8.478310275261347
7.538536562845721e8	2057.208391635049	-19.705216122421486	-8.66819963313156
7.704536562845721e8	2037.0894571039569	-19.891220737706806	-8.856575822425423
7.870536562845721e8	2017.3543840454442	-20.080167152280126	-9.050166432325854
8.036536562845721e8	1997.999716905271	-20.27211738103899	-9.242337469533037
8.202536562845721e8	1979.082008142033	-20.466563199351555	-9.440284361140558
8.368536562845721e8	1960.5817707127705	-20.663398660073923	-9.640210726835356
8.534536562845721e8	1942.5739599992328	-20.8628910403111	-9.844368488096784
8.700536562845721e8	1924.9801174593042	-21.06446940627335	-10.05657622117867
8.866536562845721e8	1907.9430375793468	-21.269122007605716	-10.270090979544362
9.032536562845721e8	1891.2830916241776	-21.475540875396515	-10.50154631021468
9.198536562845721e8	1875.5073649263582	-21.684995878479395	-10.729946128760645
9.364536562845721e8	1860.135080476184	-21.89557724732722	-10.991791877399038
9.530536562845721e8	1845.8491398458525	-22.109916745312432	-11.24613801290259
9.696536562845721e8	1831.8712821473762	-22.325038271770893	-11.560244300240244
9.862536562845721e8	1819.3558001535953	-22.542882982611786	-11.866124457204132
1.0028536562845721e9	1807.038193769555	-22.760954730401046	-12.290581898876603
1.0194536562845721e9	1796.6287812008807	-22.985137190208007	-12.735134794118121
1.0360536562845721e9	1786.3	-23.209389226662307	-13.548814246179376
