-3.863869343743962e7	4213.139123534347	-10.745870779933423	3.980348126745337
-3.701869343743962e7	4179.881402573966	-10.804877586596449	3.844189365652195
-3.539869343743962e7	4146.886211753467	-10.863884393259475	3.686524755161123
-3.377869343743962e7	4114.069927724119	-10.923380644097945	3.514799275490991
-3.215869343743962e7	4081.2030424693467	-10.984754118203842	3.377576869646837
-3.053869343743962e7	4048.598727410341	-11.04612759230974	3.2184835505478153
-2.891869343743962e7	4016.133329806852	-11.108064823032421	3.045568199733011
-2.729869343743962e7	3983.489096169501	-11.172055492562205	2.9067262021035685
-2.567869343743962e7	3951.1102038199656	-11.236046162091988	2.7454505582119806
-2.405869343743962e7	3918.864256829444	-11.300631210677965	2.571864250994137
-2.243869343743962e7	3886.480824156783	-11.367059908443846	2.4305247543806137
-2.081869343743962e7	3854.364991136206	-11.433488606209725	2.2658675178431102
-1.919869343743962e7	3822.3134378819977	-11.500686891176203	2.090705633863321
-1.757869343743962e7	3790.0151422115678	-11.569865982967935	1.9453450795658997
-1.595869343743962e7	3757.989765002737	-11.639045074759668	1.775201318956275
-1.433869343743962e7	3725.3613412206037	-11.710436074690111	1.5908973794666406
-1.271869343743962e7	3691.3114192529424	-11.786182543054613	1.4144498987771577
-1.109869343743962e7	3656.929459900679	-11.863635407035344	1.2455411550013757
-9.47869343743962e6	3622.661147588689	-11.94199009124224	1.0709621134116099
-7.8586934374396205e6	3588.3899368375246	-12.021400973881512	0.8910348910611207
-6.2386934374396205e6	3553.810145469632	-12.10237056572229	0.7102994041998447
-4.6186934374396205e6	3519.2151945089367	-12.184479834592736	0.5337111400306778
-2.9986934374396205e6	3484.6090850950923	-12.267620133497683	0.351389112508142
-1.3786934374396205e6	3449.9269152202305	-12.35191453801385	0.163724681019677
241306.5625603795	3415.045818389514	-12.437609518278292	-0.02669048776429076
1.8613065625603795e6	3379.9973961425244	-12.525028864024652	-0.2119493783237176
3.4813065625603795e6	3344.8982055467695	-12.613811442120863	-0.40279827357287923
5.1013065625603795e6	3309.7205793346907	-12.704017543644671	-0.5987624482397887
6.7213065625603795e6	3274.4735756849855	-12.795709628134048	-0.7994735375806057
8.3413065625603795e6	3239.258210975642	-12.88920734612712	-0.9994501149903015
9.96130656256038e6	3203.938739451972	-12.984691713234072	-1.1985859424740217
1.158130656256038e7	3168.716893680687	-13.081905855033503	-1.4027108807819146
1.320130656256038e7	3133.565574068183	-13.180893014131518	-1.6115197674237889
1.482130656256038e7	3098.446539928217	-13.281717466724626	-1.8248149199966612
1.644130656256038e7	3063.3612289712096	-13.384474880754384	-2.0424626558403234
1.806130656256038e7	3028.292187097404	-13.489572005219975	-2.2566332130765754
1.968130656256038e7	2993.201302997533	-13.596847382492427	-2.473614174335288
2.130130656256038e7	2958.12088095203	-13.706179598400503	-2.695138304392845
2.292130656256038e7	2923.143847504567	-13.817310297628165	-2.921114320037013
2.454130656256038e7	2888.1784657185185	-13.930511590533676	-3.151809770730778
2.616130656256038e7	2853.024562912004	-14.046412476014813	-3.386812508990015
2.778130656256038e7	2817.8076106687263	-14.164689355037101	-3.6259659039553016
2.940130656256038e7	2782.6302451637857	-14.28518678412647	-3.860851655412401
3.102130656256038e7	2747.233600019491	-14.408199226713858	-4.099497837154917
3.264130656256038e7	2711.7411338815277	-14.533780145935243	-4.342644245840779
3.426130656256038e7	2676.0859957523508	-14.661957350870226	-4.5899215368338036
3.588130656256038e7	2640.335096118068	-14.792448766046803	-4.8408834556322775
3.750130656256038e7	2604.4908640759545	-14.925396970886117	-5.095445868169573
3.912130656256038e7	2568.3593110828974	-15.061590759623659	-5.352584239738993
4.074130656256038e7	2532.072378938248	-15.200474262653628	-5.611276008703822
4.236130656256038e7	2495.484269214004	-15.342455252696993	-5.864950988805487
4.398130656256038e7	2458.512518308821	-15.488205050134358	-6.115225222750306
4.560130656256038e7	2421.373516262166	-15.63634604061024	-6.3631132721230586
4.722130656256038e7	2383.8437771470008	-15.788167886889081	-6.607290680090977
4.884130656256038e7	2348.9237038793804	-15.945173634789622	-6.846203521982868
5.046130656256038e7	2318.7283671389227	-16.10825875207528	-7.080224638127324
5.208130656256038e7	2291.7110268063207	-16.27701632843332	-7.31001378994426
5.370130656256038e7	2265.8822447172747	-16.449406088579583	-7.535294066838998
5.532130656256038e7	2241.2044064681686	-16.624163055234103	-7.756529939536794
5.694130656256038e7	2217.319857325595	-16.80244278774007	-7.97368364561118
5.856130656256038e7	2194.13807924361	-16.983796323679645	-8.186708473688343
6.018130656256038e7	2171.879319098195	-17.167782981934586	-8.39583190506022
6.180130656256038e7	2150.715188398396	-17.352756772248256	-8.59654267172024
6.342130656256038e7	2130.5377591807683	-17.53105052121178	-8.780211755065444
6.504130656256038e7	2110.6152762033053	-17.709855419735547	-8.997758007283464
6.666130656256038e7	2091.5536226445265	-17.893961116073292	-9.17722039247306
6.828130656256038e7	2072.6670012606437	-18.07810395772349	-9.39550649053834
6.990130656256038e7	2054.3431029560193	-18.267350269877095	-9.574315157019063
7.152130656256038e7	2036.1812013681247	-18.456596582030706	-9.79221240329029
7.314130656256038e7	2018.768658229258	-18.649577518799994	-9.976235546496286
7.476130656256038e7	2001.52441273762	-18.842682505094977	-10.198172449678761
7.638130656256038e7	1984.976641084514	-19.040217908247165	-10.389384517837971
7.800130656256038e7	1968.5931581910422	-19.237976808809158	-10.62026929771893
7.962130656256038e7	1952.9449879718336	-19.440313021688315	-10.821248256169872
8.124130656256038e7	1937.4436700846798	-19.642821948224082	-11.068450412431474
8.286130656256038e7	1922.9560344966822	-19.848466384736874	-11.283928988947387
8.448130656256038e7	1908.6139131015566	-20.054218921032433	-11.55566484935114
8.610130656256038e7	1895.5162806575813	-20.26324966064734	-11.799741587381408
8.772130656256038e7	1882.5774214035496	-20.472439806558334	-12.116844275743164
8.934130656256038e7	1870.9418222315205	-20.68445948773767	-12.416098160348831
9.096130656256038e7	1859.4693891037407	-20.896770487692677	-12.83558710345804
9.258130656256038e7	1849.658814217362	-21.114191451753285	-13.273819377733329
9.420130656256038e7	1839.8999999999994	-21.33161241581389	-14.072249038287586
