-1.3844797034931827e8	4092.6421424912755	-9.765064369196928	6.46654691843119
-1.3698797034931827e8	4059.224645588591	-9.826648567589421	6.358435154958725
-1.3552797034931827e8	4026.0800113160585	-9.888232765981913	6.237202380828354
-1.3406797034931828e8	3990.91318835622	-9.95519926226439	6.1194583609854165
-1.3260797034931828e8	3955.723910479718	-10.02294662153168	5.989293677631996
-1.3114797034931828e8	3922.2367902694577	-10.08823322306011	5.8555653473911775
-1.2968797034931828e8	3892.8964088507846	-10.146636165607937	5.751520167790817
-1.2822797034931828e8	3863.775508821889	-10.205039108155766	5.635378872967833
-1.2676797034931828e8	3838.235071909331	-10.2566749778261	5.5263440845105425
-1.2530797034931828e8	3827.9718161547294	-10.277777760766776	5.510924845761078
-1.2384797034931828e8	3817.736003851795	-10.298880543707456	5.495264125771836
-1.2238797034931828e8	3807.527561618067	-10.319983326648135	5.479354240348472
-1.2092797034931828e8	3797.346416267284	-10.341086109588812	5.463187132579453
-1.1946797034931828e8	3787.192494808903	-10.362188892529492	5.4467543483348155
-1.1800797034931828e8	3777.065724447553	-10.383291675470169	5.4300470097179385
-1.1654797034931828e8	3766.9660325824943	-10.404394458410847	5.4130557862616335
-1.1508797034931828e8	3756.8933468071455	-10.425497241351527	5.395770863634562
-1.1362797034931828e8	3736.314959209384	-10.469144089145825	5.383974187336872
-1.1216797034931828e8	3705.5395138785993	-10.535041672554108	5.377788953862091
-1.1070797034931828e8	3675.0175611054947	-10.60093925596239	5.371565225048022
-1.0924797034931828e8	3640.7759499361387	-10.67582049424819	5.366227538709994
-1.0778797034931828e8	3607.9423687757812	-10.748520965903461	5.3622432016551524
-1.0632797034931828e8	3578.125753570614	-10.815261546955615	5.35925278000113
-1.0486797034931828e8	3543.4442148269804	-10.893714042062383	5.356676239203179
-1.0340797034931828e8	3516.2812123373774	-10.95573386858484	5.354994187497837
-1.0194797034931828e8	3492.423204833391	-11.0106257201559	5.35343903303547
-1.0048797034931828e8	3475.048967190498	-11.050888870755543	5.3517388544422335
-9.902797034931828e7	3457.7611635551475	-11.091152021355182	5.350035780318128
-9.756797034931828e7	3444.88050013692	-11.12129126405565	5.348826182158582
-9.610797034931828e7	3432.9781627546686	-11.149244340953205	5.347722405645769
-9.464797034931828e7	3421.116948899098	-11.177197417850758	5.346617409464
-9.318797034931828e7	3407.242795143793	-11.209986016932257	5.345531979144186
-9.172797034931828e7	3389.7275438971974	-11.251522119312542	5.344483015265151
-9.026797034931828e7	3372.3554548907173	-11.292931907007235	5.343436707777728
-8.880797034931828e7	3359.6698968775563	-11.323361248108515	5.34271626184155
-8.734797034931828e7	3347.03205725715	-11.353790589209796	5.341995296488791
-8.588797034931828e7	3334.441756530496	-11.38421993031108	5.341273810969947
-8.442797034931828e7	3315.5085343674973	-11.430231398195644	5.340596513780008
-8.296797034931828e7	3294.992745719743	-11.480392541872781	5.339930671801005
-8.150797034931828e7	3278.270750172414	-11.521556356440232	5.339412860435972
-8.004797034931828e7	3262.4121001470467	-11.560801571280486	5.338926455160388
-7.858797034931828e7	3243.8144285567028	-11.607076178387466	5.338454730100875
-7.712797034931828e7	3218.6866370566017	-11.670037058650786	5.338018207814892
-7.566797034931828e7	3198.2751994034	-11.721658904378847	5.337682502485234
-7.420797034931828e7	3179.843122443415	-11.768616774062359	5.337388241892917
-7.274797034931828e7	3160.0655384645897	-11.819354975706204	5.337098027692509
-7.128797034931828e7	3139.286201379	-11.873041610427649	5.336810953665719
-6.982797034931828e7	3112.474474806594	-11.943110551277975	5.335857712834463
-6.836797034931828e7	3079.7274854889074	-12.02966788018777	5.334181372152028
-6.690797034931828e7	3042.942537525329	-12.12812868729376	5.332063801184793
-6.544797034931828e7	3008.157362097838	-12.222542048666385	5.330575044813668
-6.398797034931828e7	2970.480902658436	-12.326375328990254	5.32950964518683
-6.252797034931828e7	2936.0739331480395	-12.422516444928219	5.328752542789288
-6.106797034931828e7	2906.902337166062	-12.50463795914859	5.327891616045556
-5.960797034931828e7	2895.661093586961	-12.536509126964328	5.325219590042674
-5.814797034931828e7	2891.4281479073456	-12.548548099535576	5.321823092452835
-5.668797034931828e7	2887.201390047554	-12.560587072106827	5.3184150193397155
-5.522797034931828e7	2882.980810962091	-12.572626044678078	5.314995291532884
-5.376797034931828e7	2878.7664016186754	-12.584665017249328	5.311563829046896
-5.230797034931828e7	2874.5581529982337	-12.596703989820579	5.3081205510700675
-5.084797034931828e7	2870.356056094875	-12.60874296239183	5.304665375953057
-4.938797034931828e7	2866.1601019158743	-12.62078193496308	5.301198221197248
-4.792797034931828e7	2861.9702814816496	-12.632820907534331	5.29771900344293
-4.646797034931828e7	2856.4312380632787	-12.64873936630247	5.293091980743022
-4.500797034931828e7	2848.750829195016	-12.670833598550127	5.286624481447045
-4.354797034931828e7	2841.0910715084096	-12.692927830797782	5.280114881168138
-4.208797034931828e7	2833.451909476297	-12.715022063045438	5.273562628189813
-4.062797034931828e7	2825.833287720816	-12.737116295293095	5.266967159878976
-3.916797034931828e7	2812.6812169995446	-12.775298559756141	5.260725265505261
-3.770797034931828e7	2778.012783962621	-12.876552462061763	5.2563445054170606
-3.624797034931828e7	2760.343043607088	-12.928348690925468	5.254663175421272
-3.478797034931828e7	2742.785692843866	-12.980144919789172	5.252979013793353
-3.332797034931828e7	2725.0063472380602	-13.032546797504397	5.2512904790863555
-3.186797034931828e7	2707.2312911219115	-13.08515141140392	5.249598574749107
-3.040797034931828e7	2683.284737689238	-13.15625134509887	5.24477193314182
-2.894797034931828e7	2652.5165767594312	-13.248160662906201	5.232377429813589
-2.748797034931828e7	2644.505522152562	-13.271888259576961	5.198721981849322
-2.602797034931828e7	2636.51866230341	-13.295615856247721	5.163894277392449
-2.456797034931828e7	2628.555924139658	-13.319343452918481	5.1278096982555095
-2.310797034931828e7	2620.6172348096893	-13.343071049589241	5.090374119958475
-2.164797034931828e7	2612.7025216818956	-13.366798646260001	5.0514824321850975
-2.018797034931828e7	2590.221439621597	-13.433721233625175	4.896933213501301
-1.872797034931828e7	2554.9802603085095	-13.539094201123213	4.625108430954066
-1.726797034931828e7	2521.5486239304696	-13.638957121504752	4.482693358287238
-1.580797034931828e7	2481.4668026865525	-13.757325092389934	4.335290593242778
-1.434797034931828e7	2441.3817427712174	-13.890012751097014	4.1054244792132195
-1.288797034931828e7	2407.1474773170135	-14.032760327858457	3.752327260989666
-1.142797034931828e7	2379.64455511747	-14.180358924459927	3.274262184373571
-9.96797034931828e6	2355.023244948574	-14.323760963870587	2.679914574955757
-8.50797034931828e6	2344.59825815763	-14.3896386233741	2.4857196261173984
-7.047970349318281e6	2334.219419679589	-14.45551628287762	2.2444973949772513
-5.587970349318281e6	2322.111300438331	-14.53476677907066	1.938772813967901
-4.127970349318281e6	2306.498171179008	-14.641065141849204	1.5355822225476528
-2.667970349318281e6	2296.819734194523	-14.708804076930397	1.183075763233833
-1.2079703493182808e6	2291.0419250360274	-14.750958296872192	0.9161125120457763
252029.65068171918	2285.278650356742	-14.79311251681399	0.5508400699121916
1.7120296506817192e6	2279.5298735941697	-14.835266736755784	-0.030598519708031804
3.172029650681719e6	2272.8170740214323	-14.885364426058974	-1.1504982895271405
4.632029650681719e6	2261.5413801514437	-14.972820492621024	-1.6751073894403365
6.092029650681719e6	2250.412702179498	-15.059597054420756	-2.813739071269289
7.552029650681719e6	2244.941841170884	-15.104416611877738	-3.0168822637736
9.01202965068172e6	2239.4842800872793	-15.14923616933472	-3.2720944381241885
1.047202965068172e7	2234.039986595925	-15.194055726791703	-3.615621132916792
1.193202965068172e7	2228.6089284426735	-15.238875284248685	-4.143103308820415
1.339202965068172e7	2212.910195061399	-15.374851237629734	-4.83071684010244
1.485202965068172e7	2204.696651551555	-15.44685447115447	-5.287900580474176
1.631202965068172e7	2203.8459258842354	-15.454643703404047	-5.325930364322339
1.777202965068172e7	2202.9955284861862	-15.46243293565362	-5.3654637839458355
1.923202965068172e7	2202.145459230738	-15.470222167903195	-5.406624654193297
2.069202965068172e7	2201.2957179912714	-15.47801140015277	-5.449552742090186
2.215202965068172e7	2200.4463046412134	-15.485800632402345	-5.49440663063678
2.361202965068172e7	2199.5972190540447	-15.49358986465192	-5.5413672555782085
2.507202965068172e7	2198.7484611032887	-15.501379096901495	-5.590642314317995
2.653202965068172e7	2197.900030662515	-15.50916832915107	-5.642471818501661
2.799202965068172e7	2197.0519276053587	-15.516957561400645	-5.697135165844545
2.945202965068172e7	2196.2041518054875	-15.52474679365022	-5.7549602590440525
3.091202965068172e7	2195.3567031366197	-15.532536025899795	-5.816335426794225
3.237202965068172e7	2194.5095814725278	-15.54032525814937	-5.881725248204063
3.383202965068172e7	2193.662786687031	-15.548114490398945	-5.951691922518762
3.529202965068172e7	2192.8163186539955	-15.55590372264852	-6.026924692937482
3.675202965068172e7	2191.9701772473386	-15.563692954898094	-6.108281266290424
3.821202965068172e7	2191.1243623410246	-15.57148218714767	-6.196847622481778
3.967202965068172e7	2190.2788738090685	-15.579271419397243	-6.294026974671422
4.113202965068172e7	2189.4337115255294	-15.58706065164682	-6.401676789236193
4.259202965068172e7	2188.588875364519	-15.594849883896394	-6.522328838268968
4.405202965068172e7	2187.744365200199	-15.60263911614597	-6.659561098722557
4.551202965068172e7	2186.9001809067727	-15.610428348395544	-6.818667671386776
4.697202965068172e7	2186.0563223584986	-15.618217580645117	-7.007969001243165
4.843202965068172e7	2185.2127894296814	-15.626006812894692	-7.241674415860152
4.989202965068172e7	2184.369581994673	-15.633796045144267	-7.547211336099159
5.135202965068172e7	2172.8178614522803	-15.755036594582197	-7.818527327629423
5.281202965068172e7	2157.532313854367	-15.909118458178199	-8.015876671226168
5.427202965068172e7	2143.2988629118386	-16.04689289177709	-8.19168318195253
5.573202965068172e7	2129.159311432336	-16.18466732537598	-8.405133065295093
5.719202965068172e7	2114.216362860117	-16.344898237113192	-8.583167687073399
5.865202965068172e7	2099.017683858108	-16.514226684244964	-8.755894097747404
6.011202965068172e7	2084.1422518127515	-16.684920785340463	-8.937960306642728
6.157202965068172e7	2069.7444068129976	-16.858006655240963	-9.104352981082899
6.303202965068172e7	2055.4776225838714	-17.031216552738965	-9.300823992990283
6.449202965068172e7	2041.9617002535529	-17.207005184164636	-9.463035725339438
6.595202965068172e7	2028.5346527202335	-17.382793815590308	-9.656753050349522
6.741202965068172e7	2015.6692286109278	-17.561182464145823	-9.834768864904127
6.887202965068172e7	2003.047995111764	-17.740469806268756	-10.025823538255727
7.033202965068172e7	1990.8610886139304	-17.920917827975746	-10.2234475555785
7.179202965068172e7	1979.1583854250632	-18.10271335001728	-10.41504641474511
7.325202965068172e7	1967.698184329987	-18.285072632185855	-10.636202021418125
7.471202965068172e7	1957.053166968619	-18.469875718121504	-10.832734179370304
7.617202965068172e7	1946.4657379079026	-18.654678804057152	-11.077579599559632
7.763202965068172e7	1936.9579382185118	-18.84140272348465	-11.293344915044825
7.909202965068172e7	1927.587495129773	-19.028298245220256	-11.556753220030304
8.055202965068172e7	1919.122547995158	-19.21687193417198	-11.827622618427831
8.201202965068172e7	1911.1823438645938	-19.406400723119376	-12.133186639841428
8.347202965068172e7	1903.7111850645251	-19.597115144052907	-12.511395702545558
8.493202965068172e7	1897.0940923856376	-19.79007969652672	-12.929940332039418
8.639202965068172e7	1890.4999999999993	-19.983044249000535	-13.663384954540879
