-2.8575098273704946e6	4310.201568503958	-6.796389683718337
-2.8269098273704946e6	4275.872233798649	-6.8432561917238655
-2.7963098273704946e6	4241.816320928163	-6.890122699729394
-2.7657098273704946e6	4208.031652177712	-6.936989207734924
-2.7351098273704946e6	4172.683569706186	-6.986635882577932
-2.7045098273704946e6	4137.592034042557	-7.036344356094484
-2.6739098273704946e6	4102.795612028133	-7.086052829611037
-2.6433098273704946e6	4067.5242549300383	-7.13709967901098
-2.6127098273704946e6	4032.519384553491	-7.188211148692036
-2.5821098273704946e6	3997.815763997051	-7.239322618373092
-2.5515098273704946e6	3962.8174238417755	-7.291176836112154
-2.5209098273704946e6	3928.107656789082	-7.34305355230981
-2.4903098273704946e6	3893.6821215895147	-7.394959434014035
-2.4597098273704946e6	3857.890560194836	-7.449345881875386
-2.4291098273704946e6	3822.428002511064	-7.503732329736737
-2.3985098273704946e6	3786.954038416622	-7.558580091773416
-2.3679098273704946e6	3750.34619526311	-7.615447594522348
-2.3373098273704946e6	3714.0288814384257	-7.672286545778022
-2.3067098273704946e6	3678.02085786711	-7.728985013160965
-2.2761098273704946e6	3642.6684644734373	-7.784941553923306
-2.2455098273704946e6	3609.452713767122	-7.837639040233946
-2.2149098273704946e6	3585.7215200307674	-7.875474282160436
-2.1843098273704946e6	3565.5973227115487	-7.907696441840218
-2.1537098273704946e6	3546.9962799600285	-7.937551555194895
-2.1231098273704946e6	3530.5875663422185	-7.963873020922825
-2.0925098273704948e6	3514.2547608622694	-7.990194486650753
-2.0619098273704948e6	3493.4625150258125	-8.023721069099663
-2.0313098273704948e6	3469.434486033622	-8.062621894610253
-2.0007098273704948e6	3438.5360585870444	-8.112819770187173
-1.9701098273704948e6	3402.8841917182754	-8.17090357081206
-1.9395098273704948e6	3364.571767507058	-8.233344939239046
-1.9089098273704948e6	3326.3647404126004	-8.295813515894634
-1.8783098273704948e6	3287.067238172157	-8.360232410939508
-1.8477098273704948e6	3246.68560340402	-8.426398739864542
-1.8171098273704948e6	3206.7936405294104	-8.491722024182135
-1.7865098273704948e6	3167.065524338594	-8.55703986128097
-1.7559098273704948e6	3129.5632232587177	-8.618646482485836
-1.7253098273704948e6	3093.5105415417124	-8.677707303522947
-1.6947098273704948e6	3056.592388894479	-8.738069390617692
-1.6641098273704948e6	3015.246002271422	-8.80552993895396
-1.6335098273704948e6	2971.785476328688	-8.875917236250437
-1.6029098273704948e6	2932.32166172095	-8.939598867001571
-1.5723098273704948e6	2896.9112497505957	-8.99659018539488
-1.5417098273704948e6	2864.5668245289103	-9.048309102000061
-1.5111098273704948e6	2832.1297585647744	-9.100036931810882
-1.4805098273704948e6	2790.646240883027	-9.165801057459118
-1.4499098273704948e6	2744.723316066569	-9.237649892460405
-1.4193098273704948e6	2695.445259432137	-9.313998638601735
-1.3887098273704948e6	2644.640096104184	-9.392757317347762
-1.3581098273704948e6	2592.1461384507784	-9.472886330601284
-1.3275098273704948e6	2538.365303522041	-9.554184059720981
-1.2969098273704948e6	2483.4743583514264	-9.636782760814103
-1.2663098273704948e6	2426.9370297373557	-9.721015529217182
-1.2357098273704948e6	2368.201315648126	-9.807035332434822
-1.2051098273704948e6	2308.3620033332054	-9.894688152096503
-1.1745098273704948e6	2250.664247377486	-9.985257371628405
-1.1439098273704948e6	2199.6330678648706	-10.081129755186318
-1.1133098273704948e6	2171.8978987426945	-10.189076769833106
-1.0827098273704948e6	2149.6704989444634	-10.300591363079322
-1.0521098273704948e6	2131.1600335621874	-10.414708690776266
-1.0215098273704948e6	2116.1671964743696	-10.53112640789603
-990909.8273704948	2104.298437013181	-10.649632071451883
-960309.8273704948	2094.1368416141177	-10.769327473931058
-929709.8273704948	2085.414570447152	-10.890041998018535
-899109.8273704948	2078.092512203118	-11.011748611087217
-868509.8273704948	2071.779326510872	-11.134501030123847
-837909.8273704948	2065.983850275773	-11.257995393336858
-807309.8273704948	2060.775877591849	-11.382100951092914
-776709.8273704948	2058.0181700741396	-11.506062516344699
-746109.8273704948	2053.2466670489503	-11.620742762049126
-715509.8273704948	2047.4809667024945	-11.730784208473704
-684909.8273704948	2041.7314569584726	-11.84082565489828
-654309.8273704948	2036.5341883514861	-11.951299595489715
-623709.8273704948	2031.9494258535544	-12.062258099389098
-593109.8273704948	2027.374984835756	-12.17321660328848
-562509.8273704948	2022.6933629176367	-12.284495718583592
-531909.8273704948	2017.5994764850193	-12.396932272742088
-501309.82737049484	2012.5184183334734	-12.509368826900584
-470709.82737049484	2007.4501561566744	-12.621805381059083
-440109.82737049484	2002.2215712677244	-12.73311817721326
-409509.82737049484	1996.997629375232	-12.844372546550789
-378909.82737049484	1991.7873171275737	-12.955626915888317
-348309.82737049484	1986.483670410132	-13.067640603013063
-317709.82737049484	1981.1226534932455	-13.180163348999809
-287109.82737049484	1975.77610460487	-13.292686094986557
-256509.82737049484	1970.464283800742	-13.405205894639105
-225909.82737049484	1965.2323552853	-13.51771614556392
-195309.82737049484	1960.0143184583358	-13.630226396488737
-164709.82737049484	1954.8101364349802	-13.742736647413553
-134109.82737049484	1949.69225930459	-13.857259528659142
-103509.82737049484	1944.6031342517072	-13.972209801919544
-72909.82737049484	1939.527292933055	-14.087160075179945
-42309.82737049484	1934.6280355822132	-14.201553829924809
-11709.827370494837	1929.9469747671121	-14.315244597851875
18890.172629505163	1925.2772403310078	-14.428935365778942
49490.17262950516	1920.618804868396	-14.54262613370601
80090.17262950516	1916.52246937728	-14.658881980523166
110690.17262950516	1912.4492758755312	-14.775205042644611
141290.17262950516	1908.3847391495683	-14.89152810476606
171890.17262950516	1904.55549202401	-15.007964760041567
202490.17262950516	1900.9300979856305	-15.124499918383854
233090.17262950516	1897.311605023116	-15.24103507672614
263690.17262950516	1893.7000000000005	-15.357570235068426
