-2.766081232208151e8	4001.152722968394	-8.471938346690955
-2.736081232208151e8	3971.843000238237	-8.519827157590829
-2.706081232208151e8	3942.490388361924	-8.56824336433864
-2.676081232208151e8	3913.05434962414	-8.617279127200774
-2.646081232208151e8	3883.7149690041874	-8.666515565146431
-2.616081232208151e8	3854.1305957936393	-8.716515643042163
-2.586081232208151e8	3824.771582874796	-8.766515720937894
-2.556081232208151e8	3794.969087797034	-8.817762153652033
-2.526081232208151e8	3765.3949067951594	-8.869015941674533
-2.496081232208151e8	3735.476998046274	-8.921210624883939
-2.466081232208151e8	3705.6718839983982	-8.973611659750178
-2.436081232208151e8	3675.5944571079476	-9.026993968982811
-2.406081232208151e8	3645.803814640699	-9.080318077101506
-2.376081232208151e8	3616.1066643853196	-9.133841114364504
-2.346081232208151e8	3588.128543478228	-9.184553844221877
-2.316081232208151e8	3563.0518665419213	-9.230239667529904
-2.286081232208151e8	3540.428195616831	-9.271645435356982
-2.256081232208151e8	3517.960043720955	-9.313066646618863
-2.226081232208151e8	3493.9961715646305	-9.357511137855258
-2.196081232208151e8	3464.3203154835865	-9.412826822967203
-2.166081232208151e8	3434.3875436926237	-9.469063367670616
-2.136081232208151e8	3403.843628548853	-9.526757039005545
-2.106081232208151e8	3372.2121494469766	-9.586827972003642
-2.076081232208151e8	3340.1301705072938	-9.64820475348289
-2.046081232208151e8	3307.9330868493876	-9.710245386416993
-2.016081232208151e8	3275.6052805021463	-9.772919160608456
-1.986081232208151e8	3242.972854288513	-9.836543906929444
-1.956081232208151e8	3210.4551221411975	-9.900283055569293
-1.926081232208151e8	3178.156795786666	-9.964016874172485
-1.896081232208151e8	3146.1095771732894	-10.027641766959345
-1.866081232208151e8	3116.7318832913415	-10.086239090048384
-1.836081232208151e8	3088.449692138689	-10.143061191984858
-1.806081232208151e8	3062.82378580362	-10.194547557360202
-1.776081232208151e8	3037.845921741215	-10.245058104878067
-1.746081232208151e8	3010.4265361298058	-10.30072673150309
-1.716081232208151e8	2981.0861772617395	-10.360665709636303
-1.686081232208151e8	2949.00187679058	-10.426401157909973
-1.656081232208151e8	2913.9549780275092	-10.498540701063826
-1.626081232208151e8	2889.600428810877	-10.548588363621777
-1.596081232208151e8	2870.8043090040696	-10.58705809442925
-1.566081232208151e8	2852.1304532017484	-10.625527825236722
-1.536081232208151e8	2833.6566827219285	-10.663712617360696
-1.506081232208151e8	2815.976319173055	-10.69943987658775
-1.476081232208151e8	2798.406270771788	-10.735167135814802
-1.446081232208151e8	2780.9458492160006	-10.770894395041857
-1.416081232208151e8	2760.815156197243	-10.811841915414032
-1.386081232208151e8	2727.740161844879	-10.877627827223577
-1.356081232208151e8	2695.027051455507	-10.943464988602251
-1.3260812322081509e8	2654.7952690678217	-11.021262987398142
-1.2960812322081509e8	2614.5530667606063	-11.099496250639202
-1.2660812322081509e8	2571.663094854826	-11.180087751771769
-1.2360812322081509e8	2528.0202424919953	-11.261455409333642
-1.2060812322081509e8	2482.6560203128197	-11.344158786775758
-1.1760812322081509e8	2435.3292400613027	-11.428279302664123
-1.1460812322081509e8	2387.2944183828863	-11.513238389376188
-1.1160812322081509e8	2336.1986070263215	-11.60021641547937
-1.0860812322081509e8	2284.3746201841973	-11.68818963824739
-1.0560812322081509e8	2230.450392656727	-11.77799441128495
-1.0260812322081509e8	2174.034720001862	-11.869835098228478
-9.960812322081509e7	2116.3704195495325	-11.963152031378616
-9.660812322081509e7	2056.721170705363	-12.058454758941368
-9.360812322081509e7	1993.7612854769475	-12.156215713553493
-9.060812322081509e7	1929.427393486174	-12.255616334840678
-8.760812322081509e7	1863.6419443531922	-12.358414140995592
-8.460812322081509e7	1810.2836276870132	-12.471370505891334
-8.160812322081509e7	1786.2515273176277	-12.59903768863789
-7.860812322081509e7	1767.757098717291	-12.728366299884586
-7.560812322081509e7	1752.844532976413	-12.859127261745364
-7.260812322081509e7	1740.8622326885425	-12.995047981192027
-6.960812322081509e7	1730.6572634628415	-13.138872128645053
-6.660812322081509e7	1722.872046439205	-13.279480389379293
-6.360812322081509e7	1717.039330323033	-13.42253170038587
-6.060812322081509e7	1712.6979477166758	-13.556591994417639
-5.760812322081509e7	1708.7546568356975	-13.687140136839085
-5.460812322081509e7	1705.38027090484	-13.820779124391278
-5.160812322081509e7	1703.0464775608975	-13.960135138528653
-4.860812322081509e7	1700.7804455105131	-14.099394421428498
-4.560812322081509e7	1699.2688151350078	-14.237526792375721
-4.260812322081509e7	1697.7585282758869	-14.375659163322943
-3.960812322081509e7	1696.5261463417783	-14.516497262658444
-3.660812322081509e7	1695.3807583228715	-14.658178229911366
-3.360812322081509e7	1694.2776860942608	-14.799991173417304
-3.0608123220815092e7	1693.2180781059267	-14.941940003346316
-2.7608123220815092e7	1692.1482662664225	-15.083818166940768
-2.4608123220815092e7	1691.0422587817068	-15.225456395415545
-2.1608123220815092e7	1689.9369741961473	-15.367094623890322
-1.8608123220815092e7	1688.5522684073196	-15.510066739071613
-1.5608123220815094e7	1687.1590068479927	-15.653085036179613
-1.2608123220815094e7	1685.6066264403003	-15.794475862717562
-9.608123220815094e6	1684.000058440244	-15.935301372145748
-6.608123220815094e6	1682.2381074963823	-16.07545476375936
-3.608123220815094e6	1680.3222968257862	-16.21494046384187
-608123.2208150942	1678.307352827745	-16.35443764052694
2.391876779184906e6	1676.0020932050757	-16.493968020497178
5.391876779184906e6	1673.7000000000007	-16.633498400467424
