-3.340173234949956e8	4150.365798685644	-11.635489892783507	3.388445110174026
-3.168173234949956e8	4116.46282022293	-11.693544810354242	3.23012695115891
-2.996173234949956e8	4082.836784083951	-11.751599727924978	3.0419415905344747
-2.824173234949956e8	4049.22305836966	-11.811741214427869	2.894115360713923
-2.652173234949956e8	4015.8610504673925	-11.872083352684555	2.7297736930942227
-2.480173234949956e8	3982.7573727368044	-11.932577964714964	2.538468015348709
-2.308173234949956e8	3949.7000687467025	-11.995177647556178	2.3926868245496613
-2.136173234949956e8	3916.917143847479	-12.057777330397391	2.2219661043955026
-1.964173234949956e8	3884.297331172036	-12.120974511706468	2.0356336285538337
-1.792173234949956e8	3851.5898730095487	-12.186158102931525	1.8846874548173256
-1.620173234949956e8	3819.157825745937	-12.251341694156583	1.706835024581208
-1.448173234949956e8	3786.7836721369476	-12.317607305569346	1.5265246801550272
-1.276173234949956e8	3754.3708783266775	-12.385460600847647	1.3693227559659527
-1.104173234949956e8	3722.23552027549	-12.453313896125948	1.182713755401816
-9.32173234949956e7	3688.749056354881	-12.525233610945413	0.9949669536869417
-7.60173234949956e7	3654.3288468808537	-12.600395582311965	0.8116928991833918
-5.8817323494995594e7	3619.97655750771	-12.676538298743207	0.6269611890896045
-4.1617323494995594e7	3585.4615251971986	-12.754293345479265	0.4496699191100274
-2.4417323494995594e7	3550.869467870704	-12.833156346875551	0.26814944896992704
-7.217323494995594e6	3516.141210182585	-12.913262522452955	0.08275441195244608
9.982676505004406e6	3481.2387929754177	-12.994722266588916	-0.10603049206481321
2.7182676505004406e7	3446.3316804877622	-13.077292020516651	-0.2885651654870427
4.4382676505004406e7	3411.107984467165	-13.161326889051484	-0.4733116047477463
6.1582676505004406e7	3375.74858869706	-13.246733717501826	-0.6621452081862377
7.87826765050044e7	3340.307441309106	-13.333539857153557	-0.8546951249407017
9.59826765050044e7	3304.737977351166	-13.421864862017564	-1.04907012389519
1.131826765050044e8	3269.0426128430927	-13.512304539146585	-1.2377532956701385
1.303826765050044e8	3233.319521121847	-13.60445180147746	-1.4303677400294335
1.475826765050044e8	3197.6684700497644	-13.698455643753837	-1.6264837016354259
1.647826765050044e8	3162.128357446975	-13.794421346086269	-1.8256816092049102
1.819826765050044e8	3126.673981889592	-13.892394669062472	-2.0276132378247436
1.991826765050044e8	3091.330040378449	-13.992727928088165	-2.2272037188542955
2.163826765050044e8	3056.1795726130686	-14.095269847238018	-2.4263990371094755
2.335826765050044e8	3020.9533879608553	-14.20044482600645	-2.6286172338870917
2.507826765050044e8	2985.837593684609	-14.307800212928225	-2.833197997501052
2.679826765050044e8	2950.913385641621	-14.417117733072121	-3.0400866425017155
2.851826765050044e8	2916.0216062971544	-14.528860482612828	-3.2491937127712016
3.023826765050044e8	2880.962544689082	-14.643676851172188	-3.4597968581808285
3.195826765050044e8	2846.0673762339757	-14.760489423459132	-3.671896945667322
3.367826765050044e8	2811.2267531187713	-14.879729624842248	-3.880417086788368
3.539826765050044e8	2776.301024374595	-15.001999157042091	-4.089174462588539
3.711826765050044e8	2741.2363559957785	-15.127441672399112	-4.298799388554165
3.883826765050044e8	2706.264836551538	-15.25537168839567	-4.5086515149534705
4.055826765050044e8	2671.3661033556687	-15.385951034117113	-4.718679551078719
4.227826765050044e8	2636.4392064834083	-15.519514167694695	-4.928546422162211
4.399826765050044e8	2601.4131796455963	-15.65633402672654	-5.1379211059389025
4.571826765050044e8	2566.279872453159	-15.796691193431617	-5.346217776966748
4.743826765050044e8	2531.228555918547	-15.940141152495949	-5.553179732763957
4.915826765050044e8	2496.2410438242946	-16.08654879351474	-5.75658163730181
5.087826765050044e8	2461.011909710325	-16.23764420891481	-5.955560951244372
5.259826765050044e8	2425.7638430363313	-16.392202426780727	-6.153385086397781
5.431826765050044e8	2390.6348596135776	-16.550161073776245	-6.350123634135675
5.603826765050044e8	2355.524475460265	-16.712101257692794	-6.546069439773912
5.775826765050044e8	2320.3929451911827	-16.877770906396165	-6.74129076455625
5.947826765050044e8	2288.744462844372	-17.04993082049303	-6.936127401525033
6.119826765050044e8	2261.9815936558844	-17.229526296891137	-7.130531372884506
6.291826765050044e8	2237.7710617695775	-17.41370102723165	-7.324334590202397
6.463826765050044e8	2214.73378300016	-17.60057265600068	-7.51770792427258
6.635826765050044e8	2192.671738027535	-17.790271077614296	-7.710875732962208
6.807826765050044e8	2171.9341373999328	-17.983686057350425	-7.903715943491541
6.979826765050044e8	2152.5979404714576	-18.17714891898585	-8.090083033518912
7.151826765050044e8	2132.8437020620195	-18.3641909954246	-8.27031904757933
7.323826765050044e8	2113.6137026255506	-18.55257202940178	-8.474326351926239
7.495826765050044e8	2095.8626597270763	-18.74609461110486	-8.65500433038975
7.667826765050044e8	2078.3732021350797	-18.94007459784321	-8.864911309316572
7.839826765050044e8	2061.72039387771	-19.136885835698017	-9.04789517647656
8.011826765050044e8	2045.258715837774	-19.33411088431293	-9.264859951737503
8.183826765050044e8	2029.4998275637245	-19.535465818024463	-9.452356914857356
8.355826765050044e8	2013.9192910920656	-19.737091521378396	-9.677354336136093
8.527826765050044e8	1999.1757374626675	-19.942155008015384	-9.872003666218138
8.699826765050044e8	1984.6068007039355	-20.147422995502957	-10.107642527174646
8.871826765050044e8	1970.9890052250485	-20.35530076956992	-10.313127326380476
9.043826765050044e8	1957.545891148455	-20.563436892568074	-10.564801765029435
9.215826765050044e8	1945.164664031486	-20.7746786614088	-10.787087674951715
9.387826765050044e8	1932.9704382664706	-20.986197270836076	-11.064238132251324
9.559826765050044e8	1922.0212042249061	-21.20070997986048	-11.314433488695256
9.731826765050044e8	1911.278858266245	-21.415347860395755	-11.637194908602932
9.903826765050044e8	1902.0724920692462	-21.631267643505247	-11.940757165470867
1.0075826765050044e9	1893.0044352586879	-21.847523576298816	-12.366600004946617
1.0247826765050044e9	1885.3366882563014	-22.06865576235125	-12.805966897350707
1.0419826765050044e9	1877.7000000000003	-22.28978794840368	-13.608314175099988
