-1.051427538004978e7	4151.668463853943	-9.625531570176719	4.040584103129093
-1.001827538004978e7	4114.821977984737	-9.691656052837596	3.867423045223554
-9.52227538004978e6	4078.187812557495	-9.758365344584735	3.685055568359877
-9.02627538004978e6	4041.6485009404983	-9.826264625095607	3.5278497051731406
-8.53027538004978e6	4005.4365703453836	-9.89416390560648	3.3412351493671384
-8.03427538004978e6	3969.0047260724796	-9.963939257699577	3.172193092669378
-7.53827538004978e6	3932.6498712360117	-10.03459943415029	3.0020590114041754
-7.04227538004978e6	3896.55235498941	-10.10547582476454	2.8035692498951468
-6.54627538004978e6	3859.9564428210574	-10.178745574911073	2.64547660181976
-6.05027538004978e6	3823.7042346929557	-10.252015325057608	2.4576100526979516
-5.55427538004978e6	3787.332662031057	-10.326744111635929	2.2734790516269694
-5.05827538004978e6	3750.9039460757576	-10.40276437841329	2.0976893900916536
-4.56227538004978e6	3714.7534436857914	-10.478951979005984	1.8857891197505892
-4.06627538004978e6	3676.088358232454	-10.561844221267563	1.6934433443256431
-3.57027538004978e6	3637.3673274480366	-10.646064126555359	1.498780501695664
-3.07427538004978e6	3598.58828207548	-10.731502151139575	1.3008584380536168
-2.57827538004978e6	3559.7073105368113	-10.818257458984139	1.0996533162645215
-2.08227538004978e6	3520.7370753497485	-10.9064249901395	0.8951763911558857
-1.58627538004978e6	3481.678133345703	-10.995985403274643	0.6874249022771732
-1.09027538004978e6	3442.4569245083394	-11.086939352983798	0.47633240738836097
-594275.38004978	3403.048947785232	-11.17956652741239	0.26197393175307926
-98275.38004978001	3363.625350562654	-11.273504395790866	0.044226666537901284
397724.61995022	3323.8748229950397	-11.36934305501491	-0.17491718905505899
893724.61995022	3284.059222014154	-11.466871835734743	-0.39626438940647346
1.38972461995022e6	3244.090161237045	-11.566100056750761	-0.6214357845135249
1.88572461995022e6	3204.097294279372	-11.667093786233748	-0.8504291349811249
2.38172461995022e6	3163.9455504390253	-11.77013808220467	-1.0833930594245686
2.87772461995022e6	3123.734136503089	-11.87509910465444	-1.3202622063359475
3.37372461995022e6	3083.4026031188537	-11.981865866167329	-1.5612064310192992
3.86972461995022e6	3042.874510796553	-12.09071920285747	-1.8064045121652261
4.36572461995022e6	3002.1756825694174	-12.20176821530645	-2.055929636579297
4.86172461995022e6	2961.259895263607	-12.314973611399946	-2.3098122974554824
5.35772461995022e6	2920.143173678792	-12.430329122521904	-2.56809842715998
5.85372461995022e6	2878.7228372839863	-12.547781865942515	-2.8308023942921707
6.34972461995022e6	2836.942139302073	-12.667597646540111	-3.097901392847267
6.84572461995022e6	2794.7929289733597	-12.78980162084872	-3.369058646476248
7.34172461995022e6	2752.1090675254923	-12.914368294635832	-3.643910145046903
7.83772461995022e6	2708.8892091844277	-13.041377840833682	-3.92177052128946
8.33372461995022e6	2665.1233108112738	-13.1707936634524	-4.201712360423891
8.82972461995022e6	2620.6147816957887	-13.302703469223697	-4.482395506905342
9.32572461995022e6	2575.255969086232	-13.437246039944824	-4.761778215557852
9.82172461995022e6	2528.991785271228	-13.574445003284684	-5.037123229002196
1.031772461995022e7	2483.6479441837455	-13.715519625752982	-5.305722669578812
1.081372461995022e7	2444.232548559774	-13.863271536858631	-5.56712617379262
1.130972461995022e7	2411.864747573155	-14.017283116758925	-5.8237038986121865
1.180572461995022e7	2381.3637545079323	-14.17582378709212	-6.0746250841166916
1.230172461995022e7	2351.888708320811	-14.340390644280838	-6.317083700469513
1.279772461995022e7	2324.421997789942	-14.504603667560495	-6.55466851371337
1.329372461995022e7	2297.7838815102014	-14.673177881464678	-6.789001788662644
1.378972461995022e7	2272.1811773357813	-14.844206617464625	-7.018913908752644
1.428572461995022e7	2247.6353064389014	-15.016834379095629	-7.244553186816523
1.478172461995022e7	2223.8358765710163	-15.19304889053042	-7.466476713217775
1.527772461995022e7	2200.772395737473	-15.371866720703391	-7.683919783589908
1.577372461995022e7	2178.3332287964467	-15.553792887306784	-7.897423229788381
1.626972461995022e7	2156.813535568556	-15.738697469975815	-8.10669507326004
1.676572461995022e7	2136.3578142466276	-15.920494812320285	-8.300791771267113
1.726172461995022e7	2116.4073736266528	-16.098301212018345	-8.49417535597829
1.775772461995022e7	2096.9732335197086	-16.277607013542287	-8.701781152692817
1.825372461995022e7	2078.33029107024	-16.459722121864722	-8.88939041368992
1.874972461995022e7	2059.964426998957	-16.64279908355558	-9.099665663745617
1.924572461995022e7	2042.1075115477947	-16.82889723146323	-9.285028924484774
1.974172461995022e7	2024.4624006295026	-17.016002733602654	-9.499258731028918
2.023772461995022e7	2007.2576447220993	-17.20823900778793	-9.6863611302239
2.073372461995022e7	1990.282724298562	-17.401050467185858	-9.905665943556276
2.122972461995022e7	1973.9809779894154	-17.597535368586076	-10.09804780300602
2.172572461995022e7	1957.9201105853797	-17.794382710168314	-10.32560339504348
2.222172461995022e7	1942.705477893712	-17.99366510625038	-10.527581932953785
2.271772461995022e7	1927.7320214193294	-18.19335657428998	-10.769703658694292
2.321372461995022e7	1913.7228602037026	-18.39589371384404	-10.988007654513437
2.370972461995022e7	1899.9646068571851	-18.598905920659753	-11.255386692753698
2.420572461995022e7	1887.3758122148565	-18.805352709849537	-11.501588093976647
2.470172461995022e7	1875.034212572176	-19.012106847582412	-11.8147675900613
2.519772461995022e7	1864.0302520097437	-19.22123430735579	-12.114840422909108
2.569372461995022e7	1853.2322190665757	-19.43079163641222	-12.530709551183849
2.618972461995022e7	1844.04332887415	-19.6450776861881	-12.966988281589597
2.668572461995022e7	1834.8999999999996	-19.859363735963978	-13.758718803384543
