-5.63043911449848e7	4433.932866672569	-11.527759220722885	5.054333659658161
-5.44643911449848e7	4395.135567941962	-11.582443051599535	4.917895507994652
-5.26243911449848e7	4356.67774895407	-11.637126882476187	4.759855959296964
-5.07843911449848e7	4318.570169688704	-11.692772375611437	4.601253633589128
-4.89443911449848e7	4280.816031219654	-11.749839210545241	4.462734249772359
-4.71043911449848e7	4243.391949902749	-11.806906045479048	4.301893975177055
-4.52643911449848e7	4206.284721483999	-11.865234198125583	4.147881832492853
-4.34243911449848e7	4169.492290482278	-11.924757814069316	4.007018129313021
-4.15843911449848e7	4133.021683386595	-11.984281430013052	3.843006647500076
-3.97443911449848e7	4096.762456955231	-12.045421294288982	3.6934498078325055
-3.79043911449848e7	4060.7571171141235	-12.107534066898221	3.549770836952653
-3.60643911449848e7	4025.068218489893	-12.169646839507463	3.3819278579392313
-3.42243911449848e7	3989.424047574382	-12.233759057488166	3.2352666129388687
-3.2384391144984797e7	3953.991411649506	-12.298652286368736	3.087923108605984
-3.0544391144984797e7	3918.8734757097877	-12.363545515249307	2.9150544152064617
-2.8704391144984797e7	3881.9966370429447	-12.433463738822809	2.7533771591721736
-2.6864391144984797e7	3844.7960696021582	-12.505322747067856	2.5904970437026664
-2.5024391144984797e7	3807.78097186754	-12.5780608459514	2.423004193405691
-2.3184391144984797e7	3770.708652087488	-12.652460249088543	2.2641841362324477
-2.1344391144984797e7	3733.6111953010004	-12.728048351112092	2.099266200699572
-1.9504391144984797e7	3696.558037347306	-12.804685273209213	1.9284653767685933
-1.7664391144984797e7	3659.637060510928	-12.882313484467097	1.7604385903190787
-1.5824391144984797e7	3622.468808533508	-12.961732988975172	1.5916900892003438
-1.3984391144984797e7	3585.37192819659	-13.042230941073477	1.4160605656153336
-1.2144391144984797e7	3548.4511265431242	-13.123669879888107	1.236064282692254
-1.0304391144984797e7	3511.2272725602797	-13.20723490982465	1.0622919293171482
-8.464391144984797e6	3474.1180215961167	-13.292056334822924	0.8807938762297639
-6.624391144984797e6	3437.141781181955	-13.378194898470317	0.6920364701433255
-4.784391144984797e6	3400.203369739624	-13.466374623821874	0.5061952949744772
-2.9443911449847966e6	3363.324578158709	-13.556494880684063	0.31903840686802354
-1.1043911449847966e6	3326.6752105923365	-13.648269535913034	0.12457881784042564
735608.8550152034	3290.29462506833	-13.741779499902353	-0.07649111182522286
2.5756088550152034e6	3254.028554967453	-13.837718846033507	-0.2733167736540128
4.415608855015203e6	3218.054494283204	-13.935822995742509	-0.4730138817805318
6.255608855015203e6	3182.2711616735755	-14.035949031665442	-0.6794975606409126
8.095608855015203e6	3146.68371093636	-14.13813327162395	-0.8921846033363118
9.935608855015203e6	3111.431912173737	-14.24242215572779	-1.1081647484288675
1.1775608855015203e7	3076.259570419008	-14.349495465529856	-1.319837282736028
1.3615608855015203e7	3041.269417951798	-14.458757864940484	-1.5380575378859687
1.5455608855015203e7	3006.4061164352656	-14.570401832266239	-1.7624287687513887
1.7295608855015203e7	2971.6873816495577	-14.684438277419034	-1.9925414829331354
1.9135608855015203e7	2937.204036730477	-14.800662264553416	-2.228412679571165
2.0975608855015203e7	2902.855964656114	-14.919520213455364	-2.4632740982473393
2.2815608855015203e7	2868.4519866467504	-15.041540132050212	-2.6998314437498925
2.4655608855015203e7	2834.317006058478	-15.165760283288304	-2.9423626795509192
2.6495608855015203e7	2800.2259207561033	-15.292797852059717	-3.1911218523678193
2.8335608855015203e7	2766.2069706505895	-15.42262327292013	-3.445530096523886
3.0175608855015203e7	2732.382553354924	-15.55491717929465	-3.7056343310587323
3.2015608855015203e7	2698.6065393659214	-15.690159182632108	-3.9711925503611614
3.38556088550152e7	2664.959758032392	-15.828464445708923	-4.241075369177726
3.56956088550152e7	2631.2931794321	-15.970388873887003	-4.507313860011074
3.75356088550152e7	2597.920656789966	-16.11482367661174	-4.7778806660683335
3.93756088550152e7	2564.5564979323603	-16.263151108542765	-5.052469897673057
4.12156088550152e7	2531.4084188758097	-16.414569716923253	-5.329244032435403
4.30556088550152e7	2498.4899283662194	-16.568891165704965	-5.607129664297573
4.48956088550152e7	2465.731753679098	-16.726668543414775	-5.884865623613189
4.67356088550152e7	2433.1055229471194	-16.888456829693745	-6.160550764639416
4.85756088550152e7	2403.01179471726	-17.055943669340923	-6.432627202379851
5.04156088550152e7	2377.7055614492147	-17.230369253266915	-6.701790548692611
5.22556088550152e7	2353.89471947368	-17.409037566746782	-6.96819310027006
5.40956088550152e7	2331.2173819822506	-17.590735263731474	-7.231585194069868
5.59356088550152e7	2309.5687966968267	-17.775234321596265	-7.491578053753962
5.77756088550152e7	2288.77574261683	-17.96255707275073	-7.7478737197000305
5.96156088550152e7	2269.1873644212396	-18.151771741599024	-7.995689664928424
6.14556088550152e7	2251.2710727814147	-18.32983701084449	-8.206964504075787
6.32956088550152e7	2233.4962386127304	-18.50790228008995	-8.475173158924642
6.51356088550152e7	2216.7549678402997	-18.69104661825719	-8.68627889401795
6.69756088550152e7	2200.2092541962206	-18.87459232473377	-8.939358422632314
6.88156088550152e7	2184.3626600394505	-19.060942576816352	-9.161386401901478
7.06556088550152e7	2168.802174910493	-19.24813666678951	-9.403733252530953
7.24956088550152e7	2153.762996298073	-19.438058580005446	-9.634503310922732
7.43356088550152e7	2139.0657396743227	-19.629570551233485	-9.86962758277694
7.61756088550152e7	2124.8108448818098	-19.823022435161885	-10.107682979333278
7.80156088550152e7	2110.960090244223	-20.018239009115174	-10.340054490292932
7.98556088550152e7	2097.4367374074127	-20.214851577847853	-10.586667709430294
8.16956088550152e7	2084.3037510895874	-20.413263646356523	-10.820747154546774
8.35356088550152e7	2071.493376706534	-20.612754156140458	-11.07991216880059
8.53756088550152e7	2059.1783960422003	-20.814125225626206	-11.322957119400787
8.72156088550152e7	2047.1583311952977	-21.016002746048038	-11.604119056607539
8.90556088550152e7	2035.723112634195	-21.219062674479193	-11.867808900705429
9.08956088550152e7	2024.5605099006118	-21.422766518505792	-12.192535578279863
9.27356088550152e7	2014.1760571486575	-21.6286936492553	-12.502937807933037
9.45756088550152e7	2004.0285091272578	-21.83511588752454	-12.926453304003696
9.64156088550152e7	1995.044115296113	-22.04455044109683	-13.362505298706642
9.82556088550152e7	1986.0999999999997	-22.25398499466912	-14.153462035543255
