-3.186813390008945e6	4275.384618647876	-8.928275924417882
-3.039813390008945e6	4238.320490611066	-8.989842637480216
-2.892813390008945e6	4201.479069329555	-9.051721209742675
-2.745813390008945e6	4164.357132183054	-9.115516546046857
-2.598813390008945e6	4127.563183869723	-9.179311882351039
-2.451813390008945e6	4090.8424804372376	-9.24400002776611
-2.304813390008945e6	4054.1009912053682	-9.30993112385437
-2.157813390008945e6	4017.6894919541455	-9.37586221994263
-2.010813390008945e6	3980.849625434452	-9.443747202633798
-1.863813390008945e6	3944.0967079762177	-9.512287119380261
-1.716813390008945e6	3907.5517521406564	-9.581177730765368
-1.569813390008945e6	3870.5878775055244	-9.652109941872903
-1.422813390008945e6	3833.973666320727	-9.723042152980437
-1.275813390008945e6	3796.0437317195638	-9.797726108509249
-1.128813390008945e6	3757.096531065044	-9.875538835661532
-981813.390008945	3718.0313832432585	-9.954555038696657
-834813.390008945	3678.9416566317063	-10.034806897344508
-687813.390008945	3639.7468636496405	-10.116181358207852
-540813.390008945	3600.4484695215847	-10.198912354722982
-393813.390008945	3561.0218156719006	-10.28293202931162
-246813.39000894502	3521.5320227254374	-10.368233419191865
-99813.39000894502	3481.948179499632	-10.454875867546928
47186.60999105498	3442.248762530102	-10.542889521189668
194186.60999105498	3402.4403709421695	-10.63232318679244
341186.609991055	3362.499213404286	-10.72325770831518
488186.609991055	3322.4320900201187	-10.815717400653266
635186.609991055	3282.328312615168	-10.909743816478604
782186.609991055	3241.99619814192	-11.005456381997883
929186.609991055	3201.5667700809618	-11.10280958473882
1.076186609991055e6	3160.9484760438318	-11.201887256850165
1.223186609991055e6	3120.1317519373993	-11.302646443941374
1.370186609991055e6	3079.084975930985	-11.405392639065878
1.517186609991055e6	3037.930619732968	-11.509683265436458
1.664186609991055e6	2996.221489961792	-11.61641004531499
1.811186609991055e6	2954.4261206709643	-11.724426034762423
1.958186609991055e6	2912.079899385346	-11.834707310159398
2.105186609991055e6	2869.294605732671	-11.946802724046876
2.252186609991055e6	2826.2518715565775	-12.060424775054132
2.399186609991055e6	2782.4032437399505	-12.176545682912604
2.546186609991055e6	2737.6676567730105	-12.295014321451518
2.693186609991055e6	2692.313147458223	-12.415046136794953
2.840186609991055e6	2645.9851682107806	-12.537551481781641
2.987186609991055e6	2602.4065447286207	-12.664168340645443
3.134186609991055e6	2565.059595542457	-12.79785765997874
3.281186609991055e6	2534.4834612765203	-12.937585686874149
3.428186609991055e6	2507.3996860987136	-13.072860882300665
3.575186609991055e6	2480.935084936302	-13.216930368657728
3.722186609991055e6	2455.6404887361855	-13.363691718497932
3.869186609991055e6	2431.4082890155023	-13.512853593611112
4.016186609991055e6	2408.1305611932994	-13.664229667167387
4.163186609991055e6	2385.7443237351445	-13.817648777755192
4.310186609991055e6	2364.2393395643608	-13.972907210106616
4.457186609991055e6	2343.56224949809	-14.130153866262296
4.604186609991055e6	2323.7670991216187	-14.288986750678891
4.751186609991055e6	2304.542860888411	-14.449862670320085
4.898186609991055e6	2285.8507832492332	-14.61286356117715
5.045186609991055e6	2268.0077710062073	-14.777673882459489
5.192186609991055e6	2251.2932965606587	-14.941877477027086
5.339186609991055e6	2235.175421693547	-15.098380776964035
5.486186609991055e6	2219.172940893762	-15.254884076900986
5.633186609991055e6	2204.0242273022254	-15.413997432603669
5.780186609991055e6	2189.312290842966	-15.574295685243047
5.927186609991055e6	2174.811463202756	-15.735568323084511
6.074186609991055e6	2160.8052058060584	-15.900302768831867
6.221186609991055e6	2146.8891517440284	-16.065037214579224
6.368186609991055e6	2133.614430818918	-16.232028465705376
6.515186609991055e6	2120.5661839571376	-16.399613944098665
6.662186609991055e6	2107.852420737486	-16.568473889730043
6.809186609991055e6	2095.6302209562496	-16.739424419948506
6.956186609991055e6	2083.4788905423475	-16.910374950166965
7.103186609991055e6	2072.164596271167	-17.08446584890635
7.250186609991055e6	2060.9231722952263	-17.258603811397794
7.397186609991055e6	2050.370346414456	-17.43436435858925
7.544186609991055e6	2040.2792685278998	-17.611184132729353
7.691186609991055e6	2030.4978297374082	-17.78867829502715
7.838186609991055e6	2021.651083128777	-17.968485888721823
7.985186609991055e6	2012.8428812181066	-18.1482934824165
8.132186609991055e6	2005.2014985690316	-18.329493145566325
8.279186609991055e6	1997.7920106834727	-18.51094396291017
8.426186609991055e6	1990.9741046310662	-18.694174941559336
8.573186609991055e6	1984.877718713161	-18.87961587485134
8.720186609991055e6	1978.8000000000006	-19.065056808143336
