-1.3246694996161145e8	5042.994025519323	-12.700250413180727
-1.2576694996161145e8	4958.181132831252	-12.741983779460664
-1.1906694996161145e8	4874.794620331173	-12.783717145740598
-1.1236694996161145e8	4796.917867925173	-12.828886414666925
-1.0566694996161145e8	4720.945700614093	-12.874616873960985
-9.896694996161145e7	4647.713506082277	-12.92121988768726
-9.226694996161145e7	4579.406165482428	-12.970006821745029
-8.556694996161145e7	4512.102736327146	-13.018793755802799
-7.886694996161145e7	4448.517518488435	-13.070256381580155
-7.216694996161145e7	4386.569640549742	-13.122455900250426
-6.546694996161145e7	4326.7047923635355	-13.175476103899928
-5.876694996161145e7	4270.056708886156	-13.23013175950095
-5.206694996161145e7	4214.150299619436	-13.284787415101972
-4.536694996161145e7	4156.795524364759	-13.344628040680153
-3.866694996161145e7	4100.458803162893	-13.40647117838797
-3.196694996161145e7	4045.56693343307	-13.46962378559519
-2.526694996161145e7	3991.961042186972	-13.534077918756768
-1.856694996161145e7	3939.4491243415364	-13.599853482479139
-1.186694996161145e7	3887.92821098542	-13.667313624976492
-5.16694996161145e6	3837.279054747517	-13.736204506159892
1.5330500383885503e6	3787.4082565415397	-13.806481525674908
8.23305003838855e6	3738.247702624144	-13.878153379870275
1.493305003838855e7	3690.0218750457993	-13.952367077119504
2.163305003838855e7	3642.716800649911	-14.028238030801225
2.833305003838855e7	3596.303427904006	-14.105713289999905
3.503305003838855e7	3550.9732047439998	-14.186367430659896
4.173305003838855e7	3506.6937410697474	-14.269147183268934
4.843305003838855e7	3463.368724102006	-14.353800499645368
5.513305003838855e7	3421.186520276626	-14.441794230098258
6.183305003838855e7	3379.919597348988	-14.532136446948503
6.853305003838855e7	3339.4760850031157	-14.624516359635368
7.523305003838855e7	3299.9501580742235	-14.720016382360662
8.193305003838855e7	3261.129822485815	-14.81821458968837
8.863305003838855e7	3222.908698035175	-14.918603796482802
9.533305003838855e7	3185.2538918092437	-15.021445819879766
1.0203305003838855e8	3148.2258734454304	-15.127644606405157
1.0873305003838855e8	3111.660600684077	-15.236119147588084
1.1543305003838855e8	3075.526785789886	-15.346964712451598
1.2213305003838855e8	3039.790069157606	-15.460344072892541
1.2883305003838855e8	3004.3456099359823	-15.577353021235256
1.3553305003838855e8	2969.300235391147	-15.696713027186735
1.4223305003838855e8	2934.64871946938	-15.818502726494527
1.4893305003838855e8	2900.3134138848463	-15.942970833407761
1.5563305003838855e8	2866.032583909077	-16.07102526855002
1.6233305003838855e8	2832.0571437299195	-16.202595318846733
1.6903305003838855e8	2798.367314352238	-16.337120803019108
1.7573305003838855e8	2765.1859586390397	-16.473770513374475
1.8243305003838855e8	2732.3468254992617	-16.61328081930214
1.8913305003838855e8	2699.521093551738	-16.757219812444838
1.9583305003838855e8	2667.0034228106247	-16.90447475582766
2.0253305003838855e8	2634.8636998923066	-17.055687195044804
2.0923305003838855e8	2603.0583884785865	-17.210331431351484
2.1593305003838855e8	2571.648087052281	-17.36852286026294
2.2263305003838855e8	2540.669945645069	-17.53028016311982
2.2933305003838855e8	2510.0321417820865	-17.695721996850263
2.3603305003838855e8	2481.5885324402775	-17.8656847065646
2.4273305003838855e8	2455.976399392371	-18.041718664282516
2.4943305003838855e8	2431.479624625942	-18.22328386630327
2.5613305003838855e8	2408.06306675346	-18.407462450247625
2.6283305003838855e8	2385.583291401391	-18.59528576136769
2.6953305003838855e8	2364.1293580327815	-18.78528524380587
2.7623305003838855e8	2343.544201725691	-18.97904464827018
2.8293305003838855e8	2324.3256621348687	-19.17235073014052
2.8963305003838855e8	2306.311283553924	-19.35727160459028
2.9633305003838855e8	2288.482451897983	-19.542481337018174
3.0303305003838855e8	2271.809129714379	-19.734139892881583
3.0973305003838855e8	2255.257285269183	-19.92579844874499
3.1643305003838855e8	2239.9082151026673	-20.119135175895266
3.2313305003838855e8	2224.722572884258	-20.31256394279023
3.2983305003838855e8	2210.357252770728	-20.50969211861594
3.3653305003838855e8	2196.2010473826517	-20.707424117163235
3.4323305003838855e8	2182.9525689711477	-20.906988306046365
3.4993305003838855e8	2169.976460540656	-21.10698656308856
3.5663305003838855e8	2157.8358148335005	-21.309515033653447
3.6333305003838855e8	2145.9789213806475	-21.512767514336637
3.7003305003838855e8	2135.1100317184787	-21.71686264805998
3.7673305003838855e8	2124.5525777617227	-21.921193014709903
3.8343305003838855e8	2115.152981843644	-22.127097039804895
3.9013305003838855e8	2106.0616976377783	-22.333382253511072
3.9683305003838855e8	2098.5805200891627	-22.53978154882706
4.0353305003838855e8	2091.379011584333	-22.74619928027883
4.1023305003838855e8	2086.647021604427	-22.95561798172416
4.1693305003838855e8	2082.0999999999995	-23.165250937821806
