-1.2800116945688546e7	5283.604724379038	-12.471000015729398	3.6071811845149355
-1.2200116945688546e7	5197.842739489777	-12.508857423135074	3.469667004876335
-1.1600116945688546e7	5113.472819002734	-12.54671483054075	3.310181146459835
-1.1000116945688546e7	5031.943735881544	-12.585359410710947	3.1407854335776975
-1.0400116945688546e7	4955.004889357536	-12.625791966714171	2.9915593313227546
-9.800116945688546e6	4879.242444322734	-12.666224522717396	2.8160916930836715
-9.200116945688546e6	4807.345966462411	-12.708299879140714	2.6483997871088585
-8.600116945688546e6	4738.591759569252	-12.751657264932444	2.488183528561622
-8.000116945688546e6	4670.820868834006	-12.79501465072418	2.2973078733365244
-7.400116945688546e6	4607.53809674109	-12.84066921247123	2.138490854792321
-6.800116945688546e6	4545.892460925355	-12.88683955683741	1.9695727284960656
-6.200116945688546e6	4485.186232727957	-12.933103794823596	1.7689849710377321
-5.600116945688546e6	4428.722910744932	-12.982216235105751	1.6206469982027274
-5.000116945688546e6	4372.970396867518	-13.031328675387908	1.4464068826730816
-4.400116945688546e6	4317.476537153069	-13.0815429462074	1.24775296991762
-3.8001169456885457e6	4260.674825978076	-13.136825093022043	1.070209469958743
-3.2001169456885457e6	4205.727679455722	-13.193437481745	0.8986257236822605
-2.6001169456885457e6	4152.130140351562	-13.251133034569765	0.7244988364366406
-2.0001169456885457e6	4099.745451082506	-13.309888370874631	0.5479670906172899
-1.4001169456885457e6	4048.724412833569	-13.370357637830184	0.38748742713976164
-800116.9456885457	3998.616440392894	-13.431889553771917	0.22299701959692392
-200116.9456885457	3949.3737101292186	-13.494378654602402	0.05396758451893411
399883.0543114543	3901.1688373150428	-13.558764500687495	-0.09934845589850572
999883.0543114543	3853.6157770638433	-13.624270350799247	-0.25839334464194275
1.5998830543114543e6	3806.7087551523114	-13.690962817745401	-0.41999894599993043
2.1998830543114543e6	3760.8102841100326	-13.759865346798136	-0.571121316173425
2.7998830543114543e6	3715.6229954782675	-13.829755005186092	-0.7328118444811192
3.3998830543114543e6	3671.2961950211925	-13.901862408271484	-0.8880522131128918
3.9998830543114543e6	3627.8793667810787	-13.975751467595408	-1.0468326331253826
4.599883054311454e6	3585.2681492987663	-14.051022394777362	-1.2127440671883813
5.199883054311454e6	3543.660973614017	-14.129210465727056	-1.3700298029880258
5.799883054311454e6	3502.7036301953353	-14.208444315302714	-1.541628535005353
6.399883054311454e6	3462.643598762425	-14.290500819611879	-1.7055795652585821
6.999883054311454e6	3423.2729174651054	-14.374304600628232	-1.8774185410421913
7.599883054311454e6	3384.578131049647	-14.45985314044867	-2.0558866882259608
8.199883054311454e6	3346.601978296172	-14.548322325290766	-2.227322291944952
8.799883054311454e6	3309.1333075369125	-14.638093978552075	-2.412981844315148
9.399883054311454e6	3272.1889043763217	-14.73045286469524	-2.5943635065581834
9.999883054311454e6	3235.661283392502	-14.825104165469766	-2.779039565243105
1.0599883054311454e7	3199.547271812593	-14.921369034973617	-2.975864884860437
1.1199883054311454e7	3163.8634711177083	-15.020695717773783	-3.1643906937054287
1.1799883054311454e7	3128.490129919319	-15.122160544849006	-3.3599907480936646
1.2399883054311454e7	3093.4408039987684	-15.225467336630091	-3.566360691413146
1.2999883054311454e7	3058.68927162673	-15.331555503232416	-3.7675579500167258
1.3599883054311454e7	3024.2040745649815	-15.440268859978083	-3.97206741848845
1.4199883054311454e7	2989.973920678193	-15.551126416824072	-4.186587878455925
1.4799883054311454e7	2955.9574154883644	-15.664309232385053	-4.407824948872401
1.5399883054311454e7	2922.273939361311	-15.78046915186479	-4.619970908039512
1.5999883054311454e7	2888.721532226486	-15.899410065674658	-4.842200087199105
1.6599883054311454e7	2855.401605972495	-16.02089685768087	-5.072809242143057
1.7199883054311454e7	2822.441257701071	-16.144535820926496	-5.311287019007407
1.7799883054311454e7	2789.3875537001445	-16.27264356457823	-5.542001825239699
1.8399883054311454e7	2756.6932090365417	-16.403129246860956	-5.778916124503156
1.8999883054311454e7	2724.1645365209447	-16.537039567353823	-6.0234795595603865
1.9599883054311454e7	2691.966102382048	-16.67376016725358	-6.273968680204088
2.0199883054311454e7	2660.3713035748556	-16.811976900939026	-6.530891366263493
2.0799883054311454e7	2628.8385416138535	-16.95503579950378	-6.788788011055916
2.1399883054311454e7	2597.249191111795	-17.10339590448769	-7.043569123354767
2.1999883054311454e7	2566.4249912958126	-17.253380410909763	-7.301890445236658
2.2599883054311454e7	2536.162619668729	-17.40608937467768	-7.563679234566487
2.3199883054311454e7	2506.066845473306	-17.563606529410023	-7.827828979370535
2.3799883054311454e7	2476.58527982161	-17.725192010732645	-8.091558155325426
2.4399883054311454e7	2449.4905614286386	-17.891257594433757	-8.354907541360252
2.4999883054311454e7	2425.5800149275074	-18.064530506775156	-8.617092588569221
2.5599883054311454e7	2402.8474799931205	-18.24183127819851	-8.877299921412279
2.6199883054311454e7	2381.342861508744	-18.420859680547316	-9.135447071084931
2.6799883054311454e7	2360.8728393226384	-18.602322287688356	-9.391958227529527
2.7399883054311454e7	2340.804036904611	-18.790045565609365	-9.644385260870326
2.7999883054311454e7	2322.055296927632	-18.975463525630705	-9.890982194061579
2.8599883054311454e7	2305.482584930896	-19.152430686422317	-10.098303086153303
2.9199883054311454e7	2289.028153830954	-19.32939784721393	-10.36015800519204
2.9799883054311454e7	2273.3979715934843	-19.50942211712929	-10.573664717238431
3.0399883054311454e7	2257.9736794424075	-19.689878157311277	-10.821213668963482
3.0999883054311454e7	2243.1588795728503	-19.872700524668907	-11.046652820051008
3.1599883054311454e7	2228.6540508325534	-20.056526622677655	-11.283469629178452
3.2199883054311454e7	2214.537670329414	-20.242063018917015	-11.51809136179942
3.2799883054311454e7	2200.7474500864714	-20.42898217584581	-11.747576788073836
3.3399883054311454e7	2187.2251117287374	-20.617096908579885	-11.990184695804
3.3999883054311454e7	2174.027496225916	-20.806808555530477	-12.216034322252348
3.4599883054311454e7	2160.984040516753	-20.996806393894452	-12.467141666948342
3.5199883054311454e7	2148.1708028602466	-21.18739127976849	-12.693852470649666
3.5799883054311454e7	2135.4180444630756	-21.378490457802304	-12.958546985393696
3.6399883054311454e7	2122.690411480786	-21.571278558859905	-13.193368898713244
3.6999883054311454e7	2109.999023732486	-21.764132862369618	-13.479850109834288
3.7599883054311454e7	2097.1818255269477	-21.957326270862794	-13.735287877866924
3.8199883054311454e7	2084.4068029711166	-22.150745456594613	-14.065031399157558
3.8799883054311454e7	2071.386796284785	-22.34621984405929	-14.369277263792183
3.9399883054311454e7	2058.4706874710396	-22.541908893019315	-14.7975746980178
3.9999883054311454e7	2045.9975537720234	-22.741066368496167	-15.237036154118934
4.0599883054311454e7	2033.6000000000006	-22.94022384397302	-16.039710837151137
