-1.0186590214148345e6	4612.605491387077	-10.637187208117432	3.1037112357761214
-964659.0214148345	4572.2927245752935	-10.69258347894357	2.9558610860482157
-910659.0214148345	4532.332279064574	-10.747979749769708	2.7822941085810857
-856659.0214148345	4492.473179738727	-10.805346656347167	2.632111833818609
-802659.0214148345	4452.865369479854	-10.863509555860238	2.482992123511454
-748659.0214148345	4413.606760778951	-10.921672455373312	2.307671671236073
-694659.0214148345	4374.757569975504	-10.981258480308176	2.156815322058916
-640659.0214148345	4336.27435192386	-11.04138928578794	2.0061542434039064
-586659.0214148345	4298.129657332756	-11.101520091267707	1.8286977603498071
-532659.0214148345	4259.964942724142	-11.16376842266049	1.6765464197863909
-478659.02141483454	4222.01071434889	-11.226788274457444	1.5235841769307674
-424659.02141483454	4184.394639801411	-11.2898081262544	1.3429240626606178
-370659.02141483454	4146.7854615626175	-11.354936749724581	1.190641892640921
-316659.02141483454	4109.417292326955	-11.420694358117434	1.0342496987394447
-262659.02141483454	4072.385861050121	-11.486451966510284	0.848781557233145
-208659.02141483454	4033.2478765799033	-11.557696105529859	0.6772720890536107
-154659.02141483454	3993.778993285226	-11.630919001756865	0.5042048687531104
-100659.02141483454	3954.4916032547785	-11.705148128599914	0.3262841080407247
-46659.02141483454	3915.20851396234	-11.781082059781172	0.15712178634892235
7340.97858516546	3876.0948463319132	-11.85809589850891	-0.016538991517261604
61340.97858516546	3837.116454384965	-11.936177271402293	-0.1960458215926677
115340.97858516546	3798.144454283067	-12.015635364123513	-0.3760379313917695
169340.97858516546	3759.175208094514	-12.096706973130887	-0.5517733062429259
223340.97858516546	3720.3336407434936	-12.178929578354023	-0.7343566387831627
277340.97858516546	3681.611933494475	-12.262334243000716	-0.923561685238687
331340.97858516546	3642.8175969248605	-12.347580389030439	-1.1075125994957782
385340.97858516546	3604.1628695211175	-12.4343675196066	-1.2943229372902565
439340.97858516546	3565.6272301185622	-12.522538512884942	-1.4883937027758072
493340.97858516546	3527.168184930525	-12.612157837195644	-1.6892606940503785
547340.9785851655	3488.840622672502	-12.70408574413916	-1.8810670411822228
601340.9785851655	3450.664095551057	-12.797668682216337	-2.079986182769979
655340.9785851655	3412.6329186679804	-12.892913734508733	-2.2859140754659513
709340.9785851655	3374.7421603122166	-12.989859844800613	-2.4982710069823493
763340.9785851655	3337.0158847505454	-13.089233815863775	-2.703474009665706
817340.9785851655	3299.4325751343135	-13.190650426623492	-2.9139928474964143
871340.9785851655	3262.019116584409	-13.294008071754217	-3.1311344210531873
925340.9785851655	3224.791669604915	-13.399343542475854	-3.3544408541405457
979340.9785851655	3187.764497829263	-13.506830857932474	-3.581739885695541
1.0333409785851655e6	3150.678006510386	-13.616948885370396	-3.80331148956001
1.0873409785851655e6	3113.7359692129116	-13.729309487935573	-4.031427272794257
1.1413409785851655e6	3076.9672603947665	-13.843991832227985	-4.26558542246523
1.1953409785851655e6	3040.3211282128354	-13.961020066336086	-4.505411852276809
1.2493409785851655e6	3003.7486105456333	-14.08038271577407	-4.750700532055142
1.3033409785851655e6	2967.3947339899078	-14.20212499331388	-5.000622667938242
1.3573409785851655e6	2931.0279727566863	-14.327144113655887	-5.246102883201184
1.4113409785851655e6	2894.758237287944	-14.454697336862445	-5.4973339173708045
1.4653409785851655e6	2858.631757670563	-14.584942326769585	-5.754228839188432
1.5193409785851655e6	2822.7627011428726	-14.717446838280017	-6.016469972498214
1.5733409785851655e6	2786.7967454483432	-14.853689402809216	-6.284407506944824
1.6273409785851655e6	2750.8648469496015	-14.99351035567738	-6.555761272936206
1.6813409785851655e6	2715.578800658796	-15.134528009089738	-6.832066599022022
1.7353409785851655e6	2679.8483678558973	-15.281070958284321	-7.110589011438349
1.7893409785851655e6	2645.134534621	-15.427553141656183	-7.392532774054215
1.8433409785851655e6	2609.6761606065206	-15.581349274147824	-7.67243309097242
1.8973409785851655e6	2575.1043796221065	-15.734831394699718	-7.948096114412855
1.9513409785851655e6	2540.373240807443	-15.893306536973274	-8.222667689889732
2.0053409785851655e6	2510.9302051124223	-16.059157497285682	-8.494537171687385
2.0593409785851655e6	2485.096136957073	-16.232592945299942	-8.764692553543284
2.1133409785851655e6	2461.5749748631283	-16.407421092351463	-9.03208669020232
2.1673409785851655e6	2439.3095338384965	-16.585727373203184	-9.298577056530172
2.2213409785851655e6	2418.104115166141	-16.766975320818826	-9.562810735412704
2.2753409785851655e6	2397.7862312128327	-16.951911029129967	-9.824719596434544
2.3293409785851655e6	2378.4330504410436	-17.13772483501252	-10.0826508902753
2.3833409785851655e6	2360.826081625441	-17.318391226354038	-10.317410260866577
2.4373409785851655e6	2344.3670259606333	-17.495357488724867	-10.553741101171315
2.4913409785851655e6	2328.365113500342	-17.672500762926777	-10.813027086066617
2.5453409785851655e6	2313.1267598446047	-17.849984567626723	-11.037139145184144
2.5993409785851655e6	2298.0651047281876	-18.0281727285686	-11.308142668099409
2.6533409785851655e6	2283.5988742928607	-18.21094151611608	-11.523051560198052
2.7073409785851655e6	2269.223708215363	-18.39371030366356	-11.797158119524482
2.7613409785851655e6	2255.5300587312754	-18.57808977112029	-12.008810597655406
2.8153409785851655e6	2241.9369472309954	-18.76251831942183	-12.271509407927924
2.8693409785851655e6	2228.685711546695	-18.9495861819322	-12.497797627845184
2.9233409785851655e6	2215.5723624795837	-19.13726234148103	-12.75351222348625
2.9773409785851655e6	2202.6964025609823	-19.325779894087237	-12.99293407141256
3.0313409785851655e6	2189.970040868097	-19.514692338722167	-13.246182772346703
3.0853409785851655e6	2177.3414388797128	-19.704427737646956	-13.502598593000695
3.1393409785851655e6	2164.805166707131	-19.894829443895727	-13.760584836476163
3.1933409785851655e6	2152.2683074576603	-20.085928049728803	-14.042338178888746
3.2473409785851655e6	2139.7084136817275	-20.277947980289227	-14.316740293998441
3.3013409785851655e6	2127.16314787773	-20.47088184739091	-14.643089261250465
3.3553409785851655e6	2114.5623597311856	-20.665838451955192	-14.959853866768007
3.4093409785851655e6	2102.2262702299076	-20.861010072582598	-15.382540851572571
3.4633409785851655e6	2090.7317101170706	-21.057057236238464	-15.816855043736778
3.5173409785851655e6	2079.3	-21.253104399894333	-16.60190673370855
