-1.4464515671249163e8	4801.456694777574	-12.345093653646527	3.9955387162598717
-1.3804515671249163e8	4738.3138093977	-12.393058571713043	3.842152035585894
-1.3144515671249163e8	4676.001302010921	-12.441023489779559	3.660899097947382
-1.2484515671249163e8	4616.463644370933	-12.491177923326756	3.497374958204968
-1.1824515671249163e8	4558.453338595679	-12.54220459829977	3.3287213606024775
-1.1164515671249163e8	4501.4526004152585	-12.593484307152696	3.1339340089925605
-1.0504515671249163e8	4447.506529336168	-12.646901872257843	2.9760286959808835
-9.844515671249163e7	4394.2069559197735	-12.700319437362992	2.7884268560873213
-9.184515671249163e7	4342.422537068441	-12.755171905880207	2.6057666019572685
-8.524515671249163e7	4291.997881812767	-12.811265901261333	2.4320320695890176
-7.864515671249163e7	4242.158762818474	-12.867359896642457	2.2216323613134947
-7.204515671249163e7	4194.203157097119	-12.92603025110994	2.0602906322493597
-6.544515671249163e7	4146.804383827585	-12.984729992669573	1.8691968954056084
-5.884515671249163e7	4098.731344701584	-13.046068482284277	1.664090149884384
-5.224515671249163e7	4049.630644237294	-13.111347511218284	1.4692991523250298
-4.564515671249163e7	4001.3480506321825	-13.177827427044464	1.2752461644254036
-3.904515671249163e7	3953.763328823209	-13.245911161002066	1.0905569681314804
-3.244515671249163e7	3906.8056376657246	-13.315283993010883	0.9052259090781554
-2.584515671249163e7	3860.4165933817017	-13.385925682881266	0.7188604519402776
-1.924515671249163e7	3814.536859607213	-13.457811284509672	0.5308817847544377
-1.2645156712491632e7	3769.0092513117115	-13.531385260470184	0.35081276815544804
-6.0451567124916315e6	3723.8624837755438	-13.60660304361947	0.17297977707797682
554843.2875083685	3679.1594791783214	-13.683256424291367	-0.008901061085763896
7.1548432875083685e6	3634.9194173158353	-13.761348050716151	-0.195336562223808
1.3754843287508368e7	3591.2101720322307	-13.842072731757371	-0.3694806298195785
2.035484328750837e7	3548.109536473765	-13.924590835786196	-0.5502286330481311
2.695484328750837e7	3505.6281582263296	-14.008894178331413	-0.7376675314786321
3.355484328750837e7	3463.864110123077	-14.095791209783652	-0.9212907432383647
4.015484328750837e7	3422.846038762493	-14.185264901024983	-1.1049942265541506
4.675484328750837e7	3382.512337666266	-14.27676680774478	-1.296454578556603
5.335484328750837e7	3342.867140230906	-14.370434543761641	-1.493973698249616
5.995484328750837e7	3303.907984097532	-14.46730582612919	-1.681975014661552
6.655484328750837e7	3265.4860259781613	-14.56640895247125	-1.8779683671731062
7.315484328750837e7	3227.5845980000677	-14.667772475190867	-2.080896716576032
7.975484328750837e7	3190.1889129947754	-14.771550590638258	-2.2873941669626454
8.635484328750837e7	3153.3042852930953	-14.87846970969132	-2.487388501291507
9.295484328750837e7	3116.7868614902004	-14.987743547350297	-2.694312712053079
9.955484328750837e7	3080.614797799012	-15.099447165354587	-2.907408338504198
1.0615484328750837e8	3044.7717940778725	-15.213641040093858	-3.1260886143706896
1.1275484328750837e8	3009.2045827180473	-15.33081743149726	-3.3420346818768523
1.1935484328750837e8	2973.9768159482473	-15.450781354133088	-3.558528500705701
1.2595484328750837e8	2939.100174557936	-15.573012792335366	-3.780869069486179
1.3255484328750837e8	2904.3832839439033	-15.698244871935243	-4.008936881822357
1.3915484328750837e8	2869.767204463475	-15.826889717847191	-4.241532502073203
1.4575484328750837e8	2835.694664002274	-15.957476570638445	-4.4781031230903
1.5235484328750837e8	2801.369043765083	-16.09363136339553	-4.708437692502311
1.5895484328750837e8	2767.8219943346103	-16.230430208173907	-4.942598571990969
1.6555484328750837e8	2734.4080309159513	-16.371097991917992	-5.181890341486395
1.7215484328750837e8	2701.0442873674383	-16.516037595815824	-5.424632422733122
1.7875484328750837e8	2668.034845624779	-16.664028573897497	-5.66998361324353
1.8535484328750837e8	2635.617262620352	-16.814337280031147	-5.918144988935442
1.9195484328750837e8	2603.4426257871496	-16.968366439357776	-6.16831937824427
1.9855484328750837e8	2571.5878607548457	-17.126439695055723	-6.4161592474403815
2.0515484328750837e8	2540.070644075284	-17.28860884744719	-6.661702674618387
2.1175484328750837e8	2508.8223666382305	-17.45470402601442	-6.907927118329371
2.1835484328750837e8	2480.242581505896	-17.62738568195125	-7.153842758243699
2.2495484328750837e8	2454.5576573397525	-17.804795019581142	-7.398470676804006
2.3155484328750837e8	2430.42911732509	-17.98651760798432	-7.6420027711448615
2.3815484328750837e8	2407.3549510393154	-18.171064313615393	-7.883529329115322
2.4475484328750837e8	2385.1878357812016	-18.35883559592198	-8.123147527569257
2.5135484328750837e8	2363.7716567072903	-18.55093551313761	-8.360044554315204
2.5795484328750837e8	2343.7381199998927	-18.74483342063201	-8.593307676842082
2.6455484328750837e8	2325.074820410979	-18.934540686152186	-8.809957204831084
2.7115484328750837e8	2306.8649384793407	-19.11984992939938	-9.023707682273846
2.7775484328750837e8	2289.260771163843	-19.306471434021283	-9.259442901570322
2.8435484328750837e8	2272.8097688976436	-19.496001206621838	-9.465774818206802
2.9095484328750837e8	2256.6578079623478	-19.686136051915398	-9.706336921734607
2.9755484328750837e8	2241.4415017954498	-19.87903676420452	-9.908125153846608
3.0415484328750837e8	2226.3934346147703	-20.072254732235454	-10.153752420644924
3.1075484328750837e8	2212.297501342088	-20.269613422840216	-10.354160629348076
3.1735484328750837e8	2198.291538047446	-20.46697374582518	-10.604995729915332
3.2395484328750837e8	2185.4681120218474	-20.66681342880144	-10.807548410342322
3.3055484328750837e8	2172.7194896572682	-20.8666531117777	-11.061827418237286
3.3715484328750837e8	2161.15765439401	-21.069875710079607	-11.276212632281457
3.4375484328750837e8	2149.714055821887	-21.273271647497136	-11.541440205532984
3.5035484328750837e8	2139.67085700385	-21.47803256425022	-11.771469545671982
3.5695484328750837e8	2129.7636240595616	-21.682884594818823	-12.059663008037942
3.6355484328750837e8	2121.651556263707	-21.88843694515917	-12.316285810822201
3.7015484328750837e8	2113.675825206328	-22.094031650166492	-12.650556780717766
3.7675484328750837e8	2107.8814903362854	-22.300181090754233	-12.960017583491187
3.8335484328750837e8	2102.192313224309	-22.506355332735264	-13.399852503899485
3.8995484328750837e8	2099.9950082516757	-22.71392312367574	-13.844823564636613
3.9655484328750837e8	2097.8000000000006	-22.921490914616214	-14.666816076406159
