-3.0820555687309384e7	4380.521103203671	-8.921959233024133	11.08285446027266
-3.0403555687309384e7	4346.391027446116	-8.975774762414067	11.082278111979035
-2.9986555687309384e7	4312.526870295899	-9.029590291804002	11.081701431316485
-2.9569555687309384e7	4278.448799235723	-9.085179843558478	11.081262019183935
-2.9152555687309384e7	4244.633941886434	-9.140792134090011	11.080824178259514
-2.8735555687309384e7	4211.023302562178	-9.196609729904676	11.080395802808173
-2.8318555687309384e7	4177.06999265626	-9.254426098180996	11.080061298544374
-2.7901555687309384e7	4143.390446909487	-9.312242466457315	11.07972668235003
-2.7484555687309384e7	4109.844160566903	-9.37060999205022	11.07941165443945
-2.7067555687309384e7	4076.1825466320124	-9.430532236861072	11.079152113777086
-2.6650555687309384e7	4042.7966376164477	-9.490454481671925	11.07889250573588
-2.6233555687309384e7	4009.4028964827876	-9.551406685194642	11.07866023743106
-2.5816555687309384e7	3975.9884525651387	-9.613453841306447	11.07845705774508
-2.5399555687309384e7	3942.8524852913074	-9.67550099741825	11.078253836768726
-2.4982555687309384e7	3908.7465033145563	-9.740460772749717	11.078075379706476
-2.4565555687309384e7	3874.4947491388525	-9.80666085292244	11.077901066723143
-2.4148555687309384e7	3840.4152016554626	-9.873452561319732	11.077722281545078
-2.3731555687309384e7	3806.321756830696	-9.941266305297065	11.077541952255759
-2.3314555687309384e7	3772.024775034476	-10.010426599097002	11.077385988971278
-2.2897555687309384e7	3737.630870612837	-10.080657546427913	11.077240642579955
-2.2480555687309384e7	3703.416865335784	-10.151413983986163	11.077107670930985
-2.2063555687309384e7	3669.544937648786	-10.222365436436883	11.076987231965592
-2.1646555687309384e7	3635.544600128257	-10.294538212011533	11.076867930606998
-2.1229555687309384e7	3601.5262972686733	-10.367733172562442	11.076749694032518
-2.0812555687309384e7	3573.554844816389	-10.428544343541855	11.076603176749366
-2.0395555687309384e7	3548.336496909973	-10.483835220828986	11.076432049539742
-1.9978555687309384e7	3519.151550879486	-10.548571868830306	11.075962351951961
-1.9561555687309384e7	3488.7026059190503	-10.616980888486648	11.075139663482844
-1.9144555687309384e7	3460.7702093354183	-10.680427973345251	11.073640891529294
-1.8727555687309384e7	3439.1408670776636	-10.729952665973467	11.07121387595335
-1.8310555687309384e7	3415.69382750199	-10.784107139535006	11.065315806902921
-1.7893555687309384e7	3390.327301631486	-10.843227987222912	11.055630035315435
-1.7476555687309384e7	3356.525727493307	-10.923100054360615	11.034358078838988
-1.7059555687309384e7	3321.8777036931356	-11.005911782126496	11.00803453022135
-1.6642555687309384e7	3286.951726693369	-11.090436949664497	10.977832058529117
-1.6225555687309384e7	3251.943167693029	-11.176442968564494	10.945072851506646
-1.5808555687309384e7	3216.837219840501	-11.263787315964784	10.910280623611325
-1.5391555687309384e7	3181.6025695222907	-11.352433859666096	10.873970735010767
-1.4974555687309384e7	3146.431216482077	-11.442028978682115	10.836027325089061
-1.4557555687309384e7	3111.2050840473075	-11.532785451995274	10.793941777062786
-1.4140555687309384e7	3075.93671046549	-11.624783203626428	10.745259035296938
-1.3723555687309384e7	3041.433435930005	-11.715744877527808	10.683344222207499
-1.3306555687309384e7	3006.0600442962736	-11.809738414076941	10.590344699988538
-1.2889555687309384e7	2971.3675657112144	-11.902969209159547	10.446869935839747
-1.2472555687309384e7	2936.0509053019223	-11.998852948150342	10.192668032095796
-1.2055555687309384e7	2899.6028861180253	-12.098297331749723	9.72051398316662
-1.1638555687309384e7	2866.0562624273884	-12.190700756531145	9.096058597355354
-1.1221555687309384e7	2831.080112872654	-12.287736550248797	8.359003470082367
-1.0804555687309384e7	2802.9503958076016	-12.365976393896503	7.71940304480971
-1.0387555687309384e7	2775.097123611705	-12.443786474808118	7.011554746704343
-9.970555687309384e6	2745.9806634792235	-12.525475370667449	6.409394865355122
-9.553555687309384e6	2714.693850494428	-12.613125280968385	6.015207195519085
-9.136555687309384e6	2679.410125256714	-12.71212123331771	5.685666487687639
-8.719555687309384e6	2641.5598263838874	-12.818140278049086	5.4089223219282925
-8.302555687309384e6	2601.4987769910185	-12.92986499347252	5.155414730563075
-7.885555687309384e6	2560.066600892859	-13.044474370259643	4.903611004006454
-7.468555687309384e6	2520.5893225177842	-13.161192913259004	4.6394892115111475
-7.051555687309384e6	2488.670983086548	-13.285898152430233	4.360875529139247
-6.634555687309384e6	2467.724502896607	-13.418196993574258	4.089250173937159
-6.217555687309384e6	2448.3067044825975	-13.55153846976668	3.804143326804599
-5.800555687309384e6	2430.1940718845776	-13.685642827097622	3.5011569276012917
-5.383555687309384e6	2413.390865487809	-13.820378153116454	3.1739987721725123
-4.966555687309384e6	2398.698402247857	-13.955955996234458	2.8342316110215315
-4.549555687309384e6	2384.849885988109	-14.082208352531183	2.533455828983906
-4.1325556873093843e6	2371.243227374766	-14.206448356175535	2.164308264934983
-3.7155556873093843e6	2357.7142009678387	-14.330688359819886	1.5728128600929387
-3.2985556873093843e6	2354.1774601519637	-14.365750440673613	1.3976526945706742
-2.8815556873093843e6	2352.4915213331733	-14.384230440297442	1.3481266695405685
-2.4645556873093843e6	2350.8067898956206	-14.402710439921272	1.296019424768067
-2.0475556873093843e6	2349.123264974642	-14.4211904395451	1.2410470364771893
-1.6305556873093843e6	2347.4409457061984	-14.439670439168932	1.182875994846846
-1.2135556873093843e6	2345.7598312268638	-14.45815043879276	1.121110939728591
-796555.6873093843	2344.0799206738275	-14.47663043841659	1.055278353294006
-379555.68730938435	2342.401213184902	-14.495110438040419	0.9848044965915694
37444.312690615654	2340.7237078985163	-14.513590437664249	0.9089849654610727
454444.31269061565	2339.0474039537153	-14.532070437288077	0.8269417294462813
871444.3126906157	2337.372300490163	-14.550550436911907	0.7375609203380689
1.2884443126906157e6	2335.698396648132	-14.569030436535735	0.639399991277051
1.7054443126906157e6	2334.0256915685213	-14.587510436159565	0.5305441539189171
2.1224443126906157e6	2332.3541843928388	-14.605990435783395	0.4083747152216212
2.5394443126906157e6	2330.6838742632076	-14.624470435407225	0.2691752412603411
2.9564443126906157e6	2329.014760322368	-14.642950435031054	0.10741679522393813
3.3734443126906157e6	2327.3468417136664	-14.661430434654882	-0.08565381652667772
3.7904443126906157e6	2325.6801175810742	-14.679910434278712	-0.3251407466505418
4.207444312690616e6	2324.0145870691686	-14.698390433902542	-0.640669741193949
4.624444312690616e6	2322.3502493231404	-14.716870433526372	-1.1042689027556924
5.041444312690616e6	2320.6996429406086	-14.735211576095784	-1.9842645719114016
5.458444312690616e6	2320.6536130604127	-14.735790807348158	-1.9857231170795406
5.875444312690616e6	2320.6075840931953	-14.736370038600528	-1.98718379270944
6.292444312690616e6	2320.5615560389388	-14.7369492698529	-1.9886466050340335
6.709444312690616e6	2320.515528897623	-14.737528501105272	-1.9901115603136477
7.126444312690616e6	2320.469502669234	-14.738107732357644	-1.9915786648361629
7.543444312690616e6	2320.4234773537514	-14.738686963610014	-1.9930479249171749
7.960444312690616e6	2320.377452951157	-14.739266194862388	-1.9945193469001583
8.377444312690616e6	2320.331429461431	-14.739845426114758	-1.9959929371566307
8.794444312690616e6	2320.2854068845595	-14.740424657367132	-1.9974687020863187
9.211444312690616e6	2320.2393852205196	-14.741003888619503	-1.9989466481173233
9.628444312690616e6	2320.1933644693	-14.741583119871875	-2.00042678170629
1.0045444312690616e7	2320.1473446308737	-14.742162351124247	-2.001909109338576
1.0462444312690616e7	2320.1013257052296	-14.742741582376619	-2.0033936375284225
1.0879444312690616e7	2320.055307692345	-14.743320813628989	-2.004880372819125
1.1296444312690616e7	2320.0092905922083	-14.743900044881363	-2.0063693217832066
1.1713444312690616e7	2319.9632744047926	-14.744479276133733	-2.0078604910225932
1.2130444312690616e7	2319.9172591300867	-14.745058507386107	-2.0093538871687886
1.2547444312690616e7	2319.8712447680678	-14.745637738638477	-2.0108495168830514
1.2964444312690616e7	2319.8252313187218	-14.746216969890849	-2.0123473868565727
1.3381444312690616e7	2319.779218782029	-14.746796201143221	-2.013847503810657
1.3798444312690616e7	2319.7332071579713	-14.747375432395593	-2.015349874496902
1.4215444312690616e7	2319.687196446528	-14.747954663647963	-2.0168545056973826
1.4632444312690616e7	2319.641186647686	-14.748533894900337	-2.018361404224832
1.5049444312690616e7	2319.595177761424	-14.749113126152707	-2.0198705769228282
1.5466444312690616e7	2319.549169787725	-14.749692357405081	-2.0213820306659813
1.5883444312690616e7	2319.5031627265703	-14.750271588657451	-2.022895772360121
1.6300444312690616e7	2319.45715657794	-14.750850819909823	-2.024411808942484
1.6717444312690616e7	2319.4111513418197	-14.751430051162195	-2.025930147381907
1.7134444312690616e7	2319.36514701819	-14.752009282414567	-2.0274507946790177
1.7551444312690616e7	2319.319143607032	-14.752588513666938	-2.0289737578664306
1.7968444312690616e7	2319.2731411083255	-14.753167744919311	-2.0304990440089385
1.8385444312690616e7	2319.2271395220573	-14.753746976171682	-2.032026660203712
1.8802444312690616e7	2319.1811388482047	-14.754326207424056	-2.0335566135804957
1.9219444312690616e7	2319.1351390867558	-14.754905438676426	-2.0350889113018105
1.9636444312690616e7	2319.0891402376847	-14.755484669928798	-2.0366235605631524
2.0053444312690616e7	2319.0431423009786	-14.75606390118117	-2.038160568593196
2.0470444312690616e7	2318.9971452766163	-14.756643132433542	-2.0396999426539986
2.0887444312690616e7	2318.9511491645826	-14.757222363685912	-2.0412416900412067
2.1304444312690616e7	2318.9051539648585	-14.757801594938286	-2.0427858180842633
2.1721444312690616e7	2318.8591596774254	-14.758380826190656	-2.044332334146616
2.2138444312690616e7	2318.813166302263	-14.75896005744303	-2.0458812456259285
2.2555444312690616e7	2318.767173839358	-14.7595392886954	-2.0474325599542937
2.2972444312690616e7	2318.7211822886893	-14.760118519947772	-2.0489862845984455
2.3389444312690616e7	2318.67519165024	-14.760697751200144	-2.0505424270599772
2.3806444312690616e7	2318.6292019239904	-14.761276982452516	-2.052100994875556
2.4223444312690616e7	2318.583213109922	-14.761856213704887	-2.053661995617144
2.4640444312690616e7	2318.537225208019	-14.76243544495726	-2.0552254368922176
2.5057444312690616e7	2318.4912382182633	-14.763014676209632	-2.0567913263439923
2.5474444312690616e7	2318.4452521406356	-14.763593907462004	-2.058359671651643
2.5891444312690616e7	2318.399266975116	-14.764173138714376	-2.0599304805305345
2.6308444312690616e7	2318.35328272169	-14.764752369966747	-2.061503760732445
2.6725444312690616e7	2318.307299380336	-14.76533160121912	-2.0630795200457985
2.7142444312690616e7	2318.2613169510428	-14.76591083247149	-2.0646577662958947
2.7559444312690616e7	2318.2153354337825	-14.766490063723861	-2.0662385073451426
2.7976444312690616e7	2318.169354828544	-14.767069294976235	-2.0678217510932964
2.8393444312690616e7	2318.123375135305	-14.767648526228605	-2.0694075054776904
2.8810444312690616e7	2318.077396354054	-14.768227757480979	-2.07099577847348
2.9227444312690616e7	2318.031418484764	-14.768806988733349	-2.07258657809388
2.9644444312690616e7	2317.9854415274235	-14.769386219985721	-2.07417991239041
3.0061444312690616e7	2317.93946548201	-14.769965451238093	-2.0757757894531355
3.0478444312690616e7	2317.8934903485097	-14.770544682490465	-2.0773742174109175
3.0895444312690616e7	2317.8475161269025	-14.771123913742837	-2.07897520443166
3.1312444312690616e7	2317.8015428171702	-14.77170314499521	-2.0805787587225573
3.1729444312690616e7	2317.755570419295	-14.772282376247581	-2.082184888530353
3.2146444312690616e7	2317.7095989332565	-14.772861607499953	-2.083793602141588
3.2563444312690616e7	2317.6636283590424	-14.773440838752325	-2.0854049078828614
3.2980444312690616e7	2317.617658696627	-14.774020070004696	-2.0870188141210853
3.3397444312690616e7	2317.5716899459985	-14.77459930125707	-2.0886353292637496
3.3814444312690616e7	2317.5257221071342	-14.77517853250944	-2.0902544617591814
3.4231444312690616e7	2317.4797551800207	-14.77575776376181	-2.0918762200968124
3.4648444312690616e7	2317.433789164637	-14.776336995014184	-2.093500612807443
3.5065444312690616e7	2317.3878240609656	-14.776916226266554	-2.095127648463516
3.5482444312690616e7	2317.3418598689864	-14.777495457518928	-2.096757335679383
3.5899444312690616e7	2317.295896588685	-14.778074688771298	-2.0983896831115825
3.6316444312690616e7	2317.24993422004	-14.77865392002367	-2.1000246994591114
3.6733444312690616e7	2317.2039727630386	-14.779233151276042	-2.101662393463708
3.7150444312690616e7	2317.158012217655	-14.779812382528414	-2.103302773910128
3.7567444312690616e7	2317.112052583877	-14.780391613780786	-2.104945849626431
3.7984444312690616e7	2317.066093861683	-14.780970845033158	-2.106591629484261
3.8401444312690616e7	2317.02013605106	-14.78155007628553	-2.1082401223991405
3.8818444312690616e7	2316.9741791519828	-14.782129307537902	-2.109891337330753
3.9235444312690616e7	2316.928223164439	-14.782708538790274	-2.1115452832832395
3.9652444312690616e7	2316.882268088408	-14.783287770042644	-2.113201969305493
4.0069444312690616e7	2316.836313923871	-14.783867001295018	-2.1148614044914535
4.0486444312690616e7	2316.790360670815	-14.784446232547388	-2.1165235979804096
4.0903444312690616e7	2316.744408329214	-14.78502546379976	-2.118188558957299
4.1320444312690616e7	2316.6984568990533	-14.785604695052132	-2.119856296653014
4.1737444312690616e7	2316.6525063803183	-14.786183926304505	-2.1215268203447084
4.2154444312690616e7	2316.606556772988	-14.786763157556877	-2.123200139356106
4.2571444312690616e7	2316.5606080770444	-14.787342388809249	-2.124876263057814
4.2988444312690616e7	2316.514660292469	-14.787921620061619	-2.12655520086764
4.3405444312690616e7	2316.468713419243	-14.78850085131399	-2.1282369622509028
4.3822444312690616e7	2316.4227674573513	-14.789080082566363	-2.1299215567207606
4.4239444312690616e7	2316.376822406774	-14.789659313818735	-2.1316089938385288
4.4656444312690616e7	2316.330878267493	-14.790238545071107	-2.133299283214007
4.5073444312690616e7	2316.284935039488	-14.790817776323479	-2.134992434505807
4.5490444312690616e7	2316.2389927227455	-14.791397007575851	-2.1366884574216853
4.5907444312690616e7	2316.1930513172433	-14.791976238828223	-2.138387361718875
4.6324444312690616e7	2316.1471108229694	-14.792555470080593	-2.140089157204425
4.6741444312690616e7	2316.1011712398968	-14.793134701332967	-2.141793853735537
4.7158444312690616e7	2316.0552325680146	-14.793713932585337	-2.143501461219911
4.7575444312690616e7	2316.009294807302	-14.79429316383771	-2.1452119896160866
4.7992444312690616e7	2315.9633579577417	-14.794872395090081	-2.146925448933797
4.8409444312690616e7	2315.9174220193145	-14.795451626342453	-2.1486418492343162
4.8826444312690616e7	2315.8714869920013	-14.796030857594825	-2.1503612006308144
4.9243444312690616e7	2315.8255528757854	-14.796610088847197	-2.152083513288717
4.9660444312690616e7	2315.7796196706513	-14.797189320099568	-2.153808797426064
5.0077444312690616e7	2315.7336873765785	-14.797768551351941	-2.155537063313873
5.0494444312690616e7	2315.6877559935488	-14.798347782604312	-2.1572683212765082
5.0911444312690616e7	2315.641825521545	-14.798927013856684	-2.159002581692048
5.1328444312690616e7	2315.595895960546	-14.799506245109056	-2.1607398549926606
5.1745444312690616e7	2315.549967310538	-14.800085476361428	-2.1624801516649788
5.2162444312690616e7	2315.5040395715014	-14.8006647076138	-2.1642234822504807
5.2579444312690616e7	2315.4581127434176	-14.801243938866172	-2.1659698573458726
5.2996444312690616e7	2315.412186826267	-14.801823170118542	-2.167719287603475
5.3413444312690616e7	2315.3662618200347	-14.802402401370916	-2.1694717837316144
5.3830444312690616e7	2315.320337724702	-14.802981632623286	-2.171227356495013
5.4247444312690616e7	2315.2744145402494	-14.803560863875658	-2.172986016715188
5.4664444312690616e7	2315.2284922666577	-14.80414009512803	-2.174747775270853
5.5081444312690616e7	2315.1825709039126	-14.804719326380402	-2.176512643098318
5.5498444312690616e7	2315.136650451992	-14.805298557632774	-2.1782806311918996
5.5915444312690616e7	2315.090730910884	-14.805877788885146	-2.180051750604332
5.6332444312690616e7	2315.044812280564	-14.806457020137517	-2.1818260124471807
5.6749444312690616e7	2314.998894561015	-14.80703625138989	-2.1836034278912586
5.7166444312690616e7	2314.95297775222	-14.80761548264226	-2.1853840081670532
5.7583444312690616e7	2314.907061854163	-14.808194713894633	-2.1871677645651473
5.8000444312690616e7	2314.8611468668246	-14.808773945147005	-2.1889547084366523
5.8417444312690616e7	2314.8152327901857	-14.809353176399377	-2.1907448511936387
5.8834444312690616e7	2314.7693196242294	-14.809932407651749	-2.1925382043095754
5.9251444312690616e7	2314.7234073689347	-14.81051163890412	-2.194334779319769
5.9668444312690616e7	2314.67749602429	-14.811090870156491	-2.1961345878218124
6.0085444312690616e7	2314.6315855902694	-14.811670101408865	-2.1979376414760297
6.0502444312690616e7	2314.5856760668603	-14.812249332661235	-2.1997439520059325
6.0919444312690616e7	2314.539767454041	-14.812828563913607	-2.2015535311986763
6.1336444312690616e7	2314.493859751797	-14.813407795165979	-2.2033663909055217
6.1753444312690616e7	2314.447952960109	-14.813987026418351	-2.2051825430423007
6.2170444312690616e7	2314.4020470789583	-14.814566257670723	-2.2070019995898864
6.2587444312690616e7	2314.356142108325	-14.815145488923095	-2.208824772594667
6.3004444312690616e7	2314.3102380481955	-14.815724720175465	-2.210650874169024
6.3421444312690616e7	2314.264334898547	-14.81630395142784	-2.2124803164918174
6.3838444312690616e7	2314.218432659368	-14.81688318268021	-2.21431311180887
6.4255444312690616e7	2314.172531330632	-14.817462413932581	-2.21614927243346
6.4672444312690616e7	2314.1266309123275	-14.818041645184953	-2.2179888107468195
6.5089444312690616e7	2314.080731404432	-14.818620876437326	-2.219831739198632
6.5506444312690616e7	2314.0348328069335	-14.819200107689698	-2.2216780703075423
6.5923444312690616e7	2313.988935119806	-14.81977933894207	-2.223527816661661
6.6340444312690616e7	2313.943038343037	-14.82035857019444	-2.225380990919086
6.6757444312690616e7	2313.8971424766078	-14.820937801446814	-2.2272376058084156
6.717444431269062e7	2313.851247520497	-14.821517032699184	-2.229097674129279
6.759144431269062e7	2313.8053534746928	-14.822096263951556	-2.230961208752862
6.800844431269062e7	2313.7594603391694	-14.822675495203928	-2.2328282226224423
6.842544431269062e7	2313.713568113913	-14.8232547264563	-2.2346987287539295
6.884244431269062e7	2313.667676798907	-14.823833957708672	-2.236572740236409
6.925944431269062e7	2313.6217863941333	-14.824413188961044	-2.2384502702326925
6.967644431269062e7	2313.5758968995683	-14.824992420213414	-2.24033133197987
7.009344431269062e7	2313.5300083151997	-14.825571651465788	-2.2422159387898737
7.051044431269062e7	2313.4841206410056	-14.826150882718158	-2.2441041040500402
7.092744431269062e7	2313.438233876972	-14.826730113970532	-2.245995841223683
7.134444431269062e7	2313.3923480230783	-14.827309345222902	-2.247891163850666
7.176144431269062e7	2313.3464630793073	-14.827888576475274	-2.2497900855479886
7.217844431269062e7	2313.300579045638	-14.828467807727646	-2.251692620010369
7.259544431269062e7	2313.254695922057	-14.829047038980018	-2.25359878101084
7.301244431269062e7	2313.2088137085425	-14.829626270232389	-2.2555085824013448
7.342944431269062e7	2313.1629324050814	-14.830205501484762	-2.2574220381133414
7.384644431269062e7	2313.117052011649	-14.830784732737133	-2.2593391621584145
7.426344431269062e7	2313.0711725282317	-14.831363963989505	-2.2612599686288877
7.468044431269062e7	2313.025293954811	-14.831943195241877	-2.2631844716984486
7.509744431269062e7	2312.9794162913677	-14.832522426494249	-2.2651126856227726
7.551444431269062e7	2312.9335395378844	-14.83310165774662	-2.2670446247401603
7.593144431269062e7	2312.8876636943405	-14.833680888998993	-2.2689803034721745
7.634844431269062e7	2312.8417887607206	-14.834260120251363	-2.2709197363242875
7.676544431269062e7	2312.7959147370084	-14.834839351503737	-2.2728629378865315
7.718244431269062e7	2312.7500416231837	-14.835418582756109	-2.2748099228341605
7.759944431269062e7	2312.7041694192285	-14.83599781400848	-2.276760705928312
7.801644431269062e7	2312.658298125125	-14.836577045260853	-2.2787153020166806
7.843344431269062e7	2312.6124277408526	-14.837156276513223	-2.280673726034194
7.885044431269062e7	2312.566558266396	-14.837735507765597	-2.2826359930036997
7.926744431269062e7	2312.5206897017406	-14.838314739017967	-2.284602118036656
7.968444431269062e7	2312.4748220468623	-14.838893970270338	-2.2865721163338297
8.010144431269062e7	2312.4289553017456	-14.839473201522711	-2.288546003186001
8.051844431269062e7	2312.3830894663697	-14.840052432775082	-2.2905237939746765
8.093544431269062e7	2312.3372245407236	-14.840631664027454	-2.2925055041728077
8.135244431269062e7	2312.29136052478	-14.841210895279826	-2.2944911493455176
8.176944431269062e7	2312.2454974185257	-14.841790126532198	-2.296480745150835
8.218644431269062e7	2312.199635221945	-14.84236935778457	-2.2984743073404332
8.260344431269062e7	2312.1537739350165	-14.842948589036942	-2.300471851760381
8.302044431269062e7	2312.1079135577234	-14.843527820289314	-2.3024733943518956
8.343744431269062e7	2312.0620540900472	-14.844107051541686	-2.304478951152108
8.385444431269062e7	2312.0161955319677	-14.844686282794058	-2.3064885382948344
8.427144431269062e7	2311.9703378834693	-14.845265514046428	-2.3085021720113517
8.468844431269062e7	2311.9244811445355	-14.845844745298802	-2.3105198686311885
8.510544431269062e7	2311.8786253151466	-14.846423976551172	-2.312541644582916
8.552244431269062e7	2311.832770395284	-14.847003207803546	-2.3145675163949515
8.593944431269062e7	2311.7869163849305	-14.847582439055916	-2.316597500696372
8.635644431269062e7	2311.7410632840656	-14.848161670308286	-2.318631614217729
8.677344431269062e7	2311.6952110926773	-14.84874090156066	-2.3206698737918785
8.719044431269062e7	2311.6493598107395	-14.84932013281303	-2.3227122963548155
8.760744431269062e7	2311.6035094382382	-14.849899364065402	-2.324758898946519
8.802444431269062e7	2311.5576599751575	-14.850478595317774	-2.326809698711805
8.844144431269062e7	2311.5118114214774	-14.851057826570147	-2.328864712901189
8.885844431269062e7	2311.4659637771815	-14.851637057822519	-2.3309239588717543
8.927544431269062e7	2311.4201170422457	-14.85221628907489	-2.332987454088033
8.969244431269062e7	2311.374271216657	-14.852795520327263	-2.3350552161228966
9.010944431269062e7	2311.328426300398	-14.853374751579635	-2.3371272626584507
9.052644431269062e7	2311.282582293449	-14.853953982832007	-2.3392036114869437
9.094344431269062e7	2311.236739195793	-14.854533214084377	-2.3412842805116845
9.136044431269062e7	2311.1908970074105	-14.85511244533675	-2.343369287747966
9.177744431269062e7	2311.1450557282824	-14.855691676589121	-2.3454586513240043
9.219444431269062e7	2311.0992153583925	-14.856270907841495	-2.3475523894818826
9.261144431269062e7	2311.0533758977267	-14.856850139093865	-2.3496505205785057
9.302844431269062e7	2311.0075373462587	-14.857429370346235	-2.351753063086569
9.344544431269062e7	2310.961699703977	-14.858008601598609	-2.353860035595531
9.386244431269062e7	2310.9158629708613	-14.85858783285098	-2.355971456812602
9.427944431269062e7	2310.8700271468915	-14.859167064103351	-2.3580873455637374
9.469644431269062e7	2310.824192232056	-14.859746295355723	-2.36020772079465
9.511344431269062e7	2310.7783582263273	-14.860325526608095	-2.362332601571823
9.553044431269062e7	2310.7325251296934	-14.860904757860467	-2.3644620070835405
9.594744431269062e7	2310.686692942137	-14.86148398911284	-2.366595956640928
9.636444431269062e7	2310.6408616636386	-14.862063220365211	-2.368734469679002
9.678144431269062e7	2310.5950312941795	-14.862642451617583	-2.3708775657577323
9.719844431269062e7	2310.5492018337427	-14.863221682869955	-2.373025264563116
9.761544431269062e7	2310.503373282307	-14.863800914122326	-2.3751775859082627
9.803244431269062e7	2310.4575456398597	-14.8643801453747	-2.3773345497344893
9.844944431269062e7	2310.4117189063795	-14.86495937662707	-2.3794961761124305
9.886644431269062e7	2310.365893081849	-14.865538607879444	-2.3816624852431585
9.928344431269062e7	2310.3200681662506	-14.866117839131814	-2.383833497459317
9.970044431269062e7	2310.2742441595633	-14.866697070384184	-2.3860092332262637
1.0011744431269062e8	2310.2284210617713	-14.867276301636558	-2.3881897131432304
1.0053444431269062e8	2310.1825988728615	-14.867855532888928	-2.3903749579444917
1.0095144431269062e8	2310.1367775928065	-14.868434764141302	-2.392564988500549
1.0136844431269062e8	2310.090957221595	-14.869013995393672	-2.394759825819326
1.0178544431269062e8	2310.0451377592076	-14.869593226646044	-2.396959491047376
1.0220244431269062e8	2309.999319205625	-14.870172457898416	-2.3991640054711083
1.0261944431269062e8	2309.95350156083	-14.870751689150788	-2.4013733905180215
1.0303644431269062e8	2309.9076848248023	-14.87133092040316	-2.4035876677579524
1.0345344431269062e8	2309.8618689975256	-14.871910151655532	-2.4058068589043415
1.0387044431269062e8	2309.8160540789845	-14.872489382907904	-2.408030985815511
1.0428744431269062e8	2309.7702400691587	-14.873068614160275	-2.410260070495954
1.0470444431269062e8	2309.7244269680305	-14.873647845412648	-2.4124941350976425
1.0512144431269062e8	2309.678614775581	-14.874227076665019	-2.414733201921347
1.0553844431269062e8	2309.6328034917906	-14.874806307917392	-2.416977293417976
1.0595544431269062e8	2309.5869931166458	-14.875385539169763	-2.41922643218992
1.0637244431269062e8	2309.5411836501257	-14.875964770422133	-2.421480640992424
1.0678944431269062e8	2309.495375092213	-14.876544001674507	-2.423739942734965
1.0720644431269062e8	2309.44956744289	-14.877123232926877	-2.4260043604826507
1.0762344431269062e8	2309.403760702135	-14.877702464179249	-2.4282739174576307
1.0804044431269062e8	2309.3579548699377	-14.878281695431621	-2.430548637040527
1.0845744431269062e8	2309.3121499462713	-14.878860926683993	-2.432828542771879
1.0887444431269062e8	2309.266345931122	-14.879440157936365	-2.4351136583536044
1.0929144431269062e8	2309.220542824474	-14.880019389188737	-2.437404007650479
1.0970844431269062e8	2309.1747406263066	-14.88059862044111	-2.439699614691629
1.1012544431269062e8	2309.1289393366023	-14.881177851693481	-2.4420005036720487
1.1054244431269062e8	2309.0831389553427	-14.881757082945853	-2.444306698954126
1.1095944431269062e8	2309.0373394825083	-14.882336314198223	-2.446618225069192
1.1137644431269062e8	2308.9915409180826	-14.882915545450597	-2.448935106719088
1.1179344431269062e8	2308.945743262052	-14.883494776702967	-2.451257368777746
1.1221044431269062e8	2308.89994651439	-14.884074007955341	-2.453585036292794
1.1262744431269062e8	2308.8541506750853	-14.884653239207712	-2.4559181344871766
1.1304444431269062e8	2308.8083557441173	-14.885232470460082	-2.458256688760793
1.1346144431269062e8	2308.762561721466	-14.885811701712456	-2.4606007246921586
1.1387844431269062e8	2308.71676860712	-14.886390932964826	-2.4629502680400814
1.1429544431269062e8	2308.670976401052	-14.886970164217198	-2.4653053447453623
1.1471244431269062e8	2308.625185103251	-14.887549395469572	-2.467665980932513
1.1512944431269062e8	2308.579394713697	-14.888128626721942	-2.4700322029114945
1.1554644431269062e8	2308.53360523237	-14.888707857974314	-2.4724040371794755
1.1596344431269062e8	2308.4878166592575	-14.889287089226688	-2.4747815104226163
1.1638044431269062e8	2308.4420289943337	-14.889866320479058	-2.4771646495178654
1.1679744431269062e8	2308.3962422375844	-14.89044555173143	-2.4795534815347873
1.1721444431269062e8	2308.3504563889937	-14.891024782983802	-2.4819480337374036
1.1763144431269062e8	2308.304671448542	-14.891604014236172	-2.484348333586062
1.1804844431269062e8	2308.258887416211	-14.892183245488546	-2.4867544087393263
1.1846544431269062e8	2308.2131042919827	-14.892762476740916	-2.4891662870558875
1.1888244431269062e8	2308.167322075837	-14.89334170799329	-2.4915839965964985
1.1929944431269062e8	2308.121540767758	-14.89392093924566	-2.4940075656259357
1.1971644431269062e8	2308.075760367731	-14.894500170498032	-2.496437022614979
1.2013344431269062e8	2308.0299808757313	-14.895079401750404	-2.4988723962424193
1.2055044431269062e8	2307.9842022917464	-14.895658633002776	-2.5013137153970915
1.2096744431269062e8	2307.9384246157556	-14.896237864255149	-2.503761009179927
1.2138444431269062e8	2307.892647847739	-14.89681709550752	-2.5062143069060387
1.2180144431269062e8	2307.846871987686	-14.897396326759893	-2.5086736381068273
1.2221844431269062e8	2307.801097035569	-14.897975558012265	-2.5111390325321112
1.2263544431269062e8	2307.7553229913747	-14.898554789264637	-2.5136105201522905
1.2305244431269062e8	2307.7095498550866	-14.899134020517007	-2.5160881311605285
1.2346944431269062e8	2307.6637776266875	-14.89971325176938	-2.5185718959749686
1.2388644431269062e8	2307.6180063061547	-14.900292483021751	-2.5210618452409728
1.2430344431269062e8	2307.5722358934704	-14.900871714274121	-2.5235580098333905
1.2472044431269062e8	2307.5264663886187	-14.901450945526495	-2.5260604208588577
1.2513744431269062e8	2307.4806977915837	-14.902030176778865	-2.5285691096581195
1.2555444431269062e8	2307.434930102345	-14.902609408031239	-2.5310841078083883
1.2597144431269062e8	2307.389163320885	-14.90318863928361	-2.533605447125727
1.2638844431269062e8	2307.3433974471855	-14.903767870535981	-2.5361331596674654
1.2680544431269062e8	2307.297632481226	-14.904347101788353	-2.538667277734644
1.2722244431269062e8	2307.2518684229954	-14.904926333040725	-2.541207833874491
1.2763944431269062e8	2307.206105272467	-14.905505564293097	-2.543754860882932
1.2805644431269062e8	2307.1603430296277	-14.90608479554547	-2.5463083918071288
1.2847344431269062e8	2307.1145816944604	-14.906664026797841	-2.5488684599480527
1.2889044431269062e8	2307.0688212669456	-14.907243258050213	-2.55143509886309
1.2930744431269062e8	2307.023061747065	-14.907822489302585	-2.5540083423686823
1.2972444431269062e8	2306.9773031348013	-14.908401720554956	-2.5565882245429967
1.3014144431269062e8	2306.931545430134	-14.90898095180733	-2.5591747797286386
1.3055844431269062e8	2306.8857886330475	-14.9095601830597	-2.56176804253539
1.3097544431269062e8	2306.8400327435247	-14.910139414312074	-2.564368047842992
1.3139244431269062e8	2306.794277761547	-14.910718645564444	-2.5669748308039564
1.3180944431269062e8	2306.7485236870953	-14.911297876816814	-2.5695884268464186
1.3222644431269062e8	2306.7027705201526	-14.911877108069188	-2.572208871677029
1.3264344431269062e8	2306.657018260698	-14.912456339321558	-2.5748362012838757
1.3306044431269062e8	2306.6112669087197	-14.91303557057393	-2.5774704519394533
1.3347744431269062e8	2306.565516464192	-14.913614801826302	-2.580111660203667
1.3389444431269062e8	2306.519766927103	-14.914194033078674	-2.5827598629268746
1.3431144431269062e8	2306.4740182974324	-14.914773264331046	-2.585415097252976
1.3472844431269062e8	2306.4282705751602	-14.915352495583418	-2.5880774006225353
1.3514544431269062e8	2306.3825237602746	-14.91593172683579	-2.5907468107759493
1.3556244431269062e8	2306.336777852749	-14.91651095808816	-2.5934233657566588
1.3597944431269062e8	2306.2910328525704	-14.917090189340534	-2.5961071039144015
1.3639644431269062e8	2306.245288759722	-14.917669420592905	-2.5987980639085078
1.3681344431269062e8	2306.199545574184	-14.918248651845277	-2.6014962847112426
1.3723044431269062e8	2306.153803295939	-14.918827883097649	-2.6042018056111926
1.3764744431269062e8	2306.108061924968	-14.91940711435002	-2.606914666216699
1.3806444431269062e8	2306.0623214612515	-14.919986345602393	-2.6096349064593354
1.3848144431269062e8	2306.0165819047734	-14.920565576854763	-2.6123625665974353
1.3889844431269062e8	2305.9708432555203	-14.921144808107137	-2.615097687219668
1.3931544431269062e8	2305.9251055134655	-14.921724039359507	-2.6178403092486597
1.3973244431269062e8	2305.879368678597	-14.92230327061188	-2.620590473944672
1.4014944431269062e8	2305.833632750895	-14.922882501864251	-2.6233482229093203
1.4056644431269062e8	2305.78789773034	-14.923461733116623	-2.6261135980893546
1.4098344431269062e8	2305.7421636169192	-14.924040964368995	-2.628886641780486
1.4140044431269062e8	2305.6964304106073	-14.924620195621367	-2.6316673966312685
1.4181744431269062e8	2305.650698111391	-14.92519942687374	-2.6344559056470334
1.4223444431269062e8	2305.6049667192524	-14.92577865812611	-2.6372522121938817
1.4265144431269062e8	2305.55923623417	-14.926357889378483	-2.6400563600027303
1.4306844431269062e8	2305.513506656132	-14.926937120630853	-2.6428683931734143
1.4348544431269062e8	2305.4677779851127	-14.927516351883227	-2.64568835617885
1.4390244431269062e8	2305.422050221098	-14.928095583135597	-2.6485162938692537
1.4431944431269062e8	2305.376323364074	-14.92867481438797	-2.651352251476423
1.4473644431269062e8	2305.3305974140144	-14.929254045640342	-2.654196274618077
1.4515344431269062e8	2305.284872370907	-14.929833276892714	-2.6570484093022593
1.4557044431269062e8	2305.239148234733	-14.930412508145086	-2.6599087019318026
1.4598744431269062e8	2305.1934250054715	-14.930991739397456	-2.6627771993088616
1.4640444431269062e8	2305.1477026831085	-14.93157097064983	-2.6656539486395046
1.4682144431269062e8	2305.1019812676245	-14.9321502019022	-2.6685389975383766
1.4723844431269062e8	2305.0562607589986	-14.932729433154572	-2.6714323940334275
1.4765544431269062e8	2305.010541157218	-14.933308664406944	-2.674334186570709
1.4807244431269062e8	2304.9648224622615	-14.933887895659318	-2.677244424019244
1.4848944431269062e8	2304.9191046741103	-14.934467126911686	-2.680163155675961
1.4890644431269062e8	2304.87338779275	-14.935046358164058	-2.6830904312707076
1.4932344431269062e8	2304.8276718181596	-14.935625589416432	-2.686026300971333
1.4974044431269062e8	2304.7819567503207	-14.936204820668802	-2.688970815388848
1.5015744431269062e8	2304.73624258922	-14.936784051921176	-2.6919240255826575
1.5057444431269062e8	2304.6905293348327	-14.937363283173546	-2.694885983065876
1.5099144431269062e8	2304.644816987148	-14.937942514425918	-2.6978567398107183
1.5140844431269062e8	2304.59910554614	-14.93852174567829	-2.70083634825397
1.5182544431269062e8	2304.553395011795	-14.93910097693066	-2.7038248613025413
1.5224244431269062e8	2304.5076853840987	-14.939680208183034	-2.7068223323391054
1.5265944431269062e8	2304.4619766630253	-14.940259439435405	-2.709828815227818
1.5307644431269062e8	2304.416268848563	-14.940838670687778	-2.712844364320126
1.5349344431269062e8	2304.3705619406915	-14.941417901940149	-2.7158690344606646
1.5391044431269062e8	2304.324855939391	-14.941997133192519	-2.718902880993238
1.5432744431269062e8	2304.2791508446494	-14.942576364444893	-2.7219459597668996
1.5474444431269062e8	2304.2334466564407	-14.943155595697265	-2.72499832714212
1.5516144431269062e8	2304.1877433747513	-14.943734826949637	-2.72806003999705
1.5557844431269062e8	2304.1420409995667	-14.944314058202009	-2.7311311557338778
1.5599544431269062e8	2304.0963395308613	-14.944893289454381	-2.73421173228529
1.5641244431269062e8	2304.0506389686207	-14.945472520706751	-2.7373018281210264
1.5682944431269062e8	2304.004939312831	-14.946051751959125	-2.740401502254541
1.5724644431269062e8	2303.9592405634667	-14.946630983211495	-2.74351081424976
1.5766344431269062e8	2303.913542720518	-14.947210214463869	-2.7466298242279557
1.5808044431269062e8	2303.8678457839574	-14.94778944571624	-2.749758592874716
1.5849744431269062e8	2303.8221497537725	-14.948368676968611	-2.7528971814470324
1.5891444431269062e8	2303.776454629949	-14.948947908220983	-2.7560456517804948
1.5933144431269062e8	2303.7307604124603	-14.949527139473354	-2.7592040662966024
1.5974844431269062e8	2303.685067101293	-14.950106370725727	-2.7623724880101888
1.6016544431269062e8	2303.639374696433	-14.950685601978098	-2.7655509805369656
1.6058244431269062e8	2303.5936831978543	-14.951264833230468	-2.7687396081011855
1.6099944431269062e8	2303.547992605547	-14.951844064482843	-2.7719384355434307
1.6141644431269062e8	2303.5023029194826	-14.952423295735214	-2.775147528328523
1.6183344431269062e8	2303.456614139654	-14.953002526987586	-2.7783669525535633
1.6225044431269062e8	2303.4109262660386	-14.953581758239958	-2.781596774956099
1.6266744431269062e8	2303.3652392986187	-14.95416098949233	-2.784837062922426
1.6308444431269062e8	2303.319553237376	-14.9547402207447	-2.788087884496025
1.6350144431269062e8	2303.273868082293	-14.955319451997074	-2.791349308386134
1.6391844431269062e8	2303.2281838333492	-14.955898683249444	-2.7946214039764627
1.6433544431269062e8	2303.1825004905313	-14.956477914501818	-2.7979042413340482
1.6475244431269062e8	2303.1368180538184	-14.957057145754188	-2.801197891218259
1.6516944431269062e8	2303.0911365231914	-14.95763637700656	-2.8045024250899453
1.6558644431269062e8	2303.045455898638	-14.958215608258932	-2.8078179151207427
1.6600344431269062e8	2302.99977618013	-14.958794839511302	-2.81114443420253
1.6642044431269062e8	2302.9540973676644	-14.959374070763676	-2.8144820559570434
1.6683744431269062e8	2302.9084194612055	-14.959953302016046	-2.817830854745656
1.6725444431269062e8	2302.862742460749	-14.960532533268418	-2.8211909056793156
1.6767144431269062e8	2302.817066366272	-14.961111764520792	-2.8245622846286556
1.6808844431269062e8	2302.7713911777546	-14.96169099577316	-2.827945068234272
1.6850544431269062e8	2302.7257168951833	-14.962270227025535	-2.8313393339171813
1.6892244431269062e8	2302.680043518538	-14.962849458277905	-2.834745159889446
1.6933944431269062e8	2302.6343710477977	-14.963428689530279	-2.838162625164995
1.6975644431269062e8	2302.588699482952	-14.96400792078265	-2.8415918095706183
1.7017344431269062e8	2302.543028823974	-14.964587152035023	-2.8450327937571576
1.7059044431269062e8	2302.497359070852	-14.965166383287393	-2.8484856592108847
1.7100744431269062e8	2302.451690223564	-14.965745614539767	-2.851950488265083
1.7142444431269062e8	2302.4060222820963	-14.966324845792137	-2.855427364111827
1.7184144431269062e8	2302.3603552464283	-14.96690407704451	-2.8589163708139664
1.7225844431269062e8	2302.3146891165425	-14.967483308296881	-2.862417593317321
1.7267544431269062e8	2302.2690238924206	-14.968062539549251	-2.865931117463091
1.7309244431269062e8	2302.2233595740454	-14.968641770801625	-2.869457030000487
1.7350944431269062e8	2302.177696161398	-14.969221002053997	-2.8729954185995776
1.7392644431269062e8	2302.132033654459	-14.969800233306367	-2.876546371864372
1.7434344431269062e8	2302.0863720532143	-14.97037946455874	-2.880109979346132
1.7476044431269062e8	2302.0407113576393	-14.97095869581111	-2.8836863315569237
1.7517744431269062e8	2301.995051567729	-14.971537927063483	-2.8872755199834104
1.7559444431269062e8	2301.94939268345	-14.972117158315854	-2.890877637100895
1.7601144431269062e8	2301.903734704796	-14.972696389568227	-2.894492776387618
1.7642844431269062e8	2301.8580776317413	-14.9732756208206	-2.898121032339311
1.7684544431269062e8	2301.8124214642708	-14.97385485207297	-2.90176250048402
1.7726244431269062e8	2301.766766202371	-14.974434083325342	-2.905417277397195
1.7767944431269062e8	2301.7211118460154	-14.975013314577716	-2.9090854607170575
1.7809644431269062e8	2301.675458395191	-14.975592545830086	-2.912767149160256
1.7851344431269062e8	2301.629805849883	-14.97617177708246	-2.9164624425378007
1.7893044431269062e8	2301.584154210065	-14.97675100833483	-2.920171441771305
1.7934744431269062e8	2301.5385034757287	-14.977330239587202	-2.9238942489095194
1.7976444431269062e8	2301.492853646847	-14.977909470839574	-2.9276309671451815
1.8018144431269062e8	2301.447204723406	-14.978488702091944	-2.931381700832178
1.8059844431269062e8	2301.4015567053916	-14.979067933344316	-2.9351465555030325
1.8101544431269062e8	2301.355909592778	-14.979647164596688	-2.9389256378867197
1.8143244431269062e8	2301.3102633855538	-14.980226395849058	-2.9427190559268217
1.8184944431269062e8	2301.264618083698	-14.980805627101432	-2.946526918800029
1.8226644431269062e8	2301.218973687192	-14.981384858353803	-2.950349336934993
1.8268344431269062e8	2301.1733301960203	-14.981964089606176	-2.954186422031542
1.8310044431269062e8	2301.1276876101642	-14.982543320858547	-2.9580382870802673
1.8351744431269062e8	2301.082045929603	-14.98312255211092	-2.9619050463824874
1.8393444431269062e8	2301.0364051543247	-14.98370178336329	-2.965786815570599
1.8435144431269062e8	2300.990765284304	-14.984281014615664	-2.9696837116288277
1.8476844431269062e8	2300.9451263195306	-14.984860245868035	-2.9735958529143787
1.8518544431269062e8	2300.8994882599786	-14.985439477120408	-2.9775233591790107
1.8560244431269062e8	2300.853851105634	-14.986018708372777	-2.981466351591027
1.8601944431269062e8	2300.8082148564804	-14.98659793962515	-2.985424952757709
1.8643644431269062e8	2300.7625795124986	-14.987177170877523	-2.989399286748189
1.8685344431269062e8	2300.7169450736683	-14.987756402129893	-2.993389479116785
1.8727044431269062e8	2300.6713115399775	-14.988335633382267	-2.997395656926801
1.8768744431269062e8	2300.6256789114	-14.988914864634637	-3.001417948774802
1.8810444431269062e8	2300.5800471879247	-14.989494095887009	-3.0054564848153857
1.8852144431269062e8	2300.534416369531	-14.990073327139383	-3.009511396786454
1.8893844431269062e8	2300.4887864561983	-14.990652558391751	-3.0135828180349953
1.8935544431269062e8	2300.4431574479163	-14.991231789644125	-3.017670883543399
1.8977244431269062e8	2300.3975293446574	-14.991811020896495	-3.021775729956307
1.9018944431269062e8	2300.351902146411	-14.99239025214887	-3.02589749560802
1.9060644431269062e8	2300.3062758531564	-14.99296948340124	-3.0300363205504715
1.9102344431269062e8	2300.2606504648734	-14.993548714653611	-3.0341923465817784
1.9144044431269062e8	2300.215025981549	-14.994127945905984	-3.0383657172753966
1.9185744431269062e8	2300.169402403162	-14.994707177158356	-3.0425565780098767
1.9227444431269062e8	2300.123779729694	-14.995286408410726	-3.046765075999254
1.9269144431269062e8	2300.0781579611316	-14.995865639663101	-3.050991360324078
1.9310844431269062e8	2300.0325370974497	-14.996444870915472	-3.055235581963098
1.9352544431269062e8	2299.986917138636	-14.997024102167842	-3.0594978938256285
1.9394244431269062e8	2299.9412980846705	-14.997603333420216	-3.063778450784604
1.9435944431269062e8	2299.8956799355337	-14.998182564672586	-3.0680774097103445
1.9477644431269062e8	2299.850062691209	-14.998761795924958	-3.072394929505052
1.9519344431269062e8	2299.804446351683	-14.99934102717733	-3.076731171138054
1.9561044431269062e8	2299.7588309169296	-14.9999202584297	-3.0810862976818116
1.9602744431269062e8	2299.7132163869387	-15.000499489682074	-3.0854604743487206
1.9644444431269062e8	2299.6676027616845	-15.001078720934444	-3.0898538685287162
1.9686144431269062e8	2299.6219900411534	-15.001657952186818	-3.09426664982771
1.9727844431269062e8	2299.5763782253307	-15.002237183439188	-3.0986989901068784
1.9769544431269062e8	2299.5307673141906	-15.00281641469156	-3.1031510635228234
1.9811244431269062e8	2299.485157307724	-15.003395645943932	-3.1076230465686354
1.9852944431269062e8	2299.439548205904	-15.003974877196306	-3.112115118115877
1.9894644431269062e8	2299.393940008717	-15.004554108448676	-3.1166274594575087
1.9936344431269062e8	2299.348332716149	-15.00513333970105	-3.121160254351798
1.9978044431269062e8	2299.3027263281742	-15.00571257095342	-3.125713689067216
2.0019744431269062e8	2299.2571208447785	-15.006291802205793	-3.1302879524283735
2.0061444431269062e8	2299.2115162659484	-15.006871033458165	-3.134883235863
2.0103144431269062e8	2299.1659125916553	-15.007450264710535	-3.1394997334500174
2.0144844431269062e8	2299.1203098218957	-15.008029495962909	-3.1441376419687224
2.0186544431269062e8	2299.0747079566354	-15.008608727215279	-3.148797160949117
2.0228244431269062e8	2299.0291069958685	-15.009187958467653	-3.153478492723418
2.0269944431269062e8	2298.983506939573	-15.009767189720023	-3.158181842478773
2.0311644431269062e8	2298.9379077877315	-15.010346420972395	-3.16290741831123
2.0353344431269062e8	2298.8923095403234	-15.010925652224767	-3.1676554312809806
2.0395044431269062e8	2298.846712197335	-15.011504883477139	-3.1724260954689267
2.0436744431269062e8	2298.8011157587443	-15.01208411472951	-3.1772196280345977
2.0478444431269062e8	2298.75552022454	-15.012663345981885	-3.1820362492754666
2.0520144431269062e8	2298.709925594695	-15.013242577234255	-3.186876182687702
2.0561844431269062e8	2298.664331869198	-15.013821808486625	-3.191739655028391
2.0603544431269062e8	2298.6187390480272	-15.014401039738997	-3.1966268963792936
2.0645244431269062e8	2298.5731471311683	-15.01498027099137	-3.2015381402121497
2.0686944431269062e8	2298.5275561186036	-15.015559502243741	-3.2064736234556097
2.0728644431269062e8	2298.4819660103094	-15.016138733496113	-3.2114335865638175
2.0770344431269062e8	2298.436376806273	-15.016717964748484	-3.216418273586703
2.0812044431269062e8	2298.3907885064755	-15.017297196000857	-3.2214279322420425
2.0853744431269062e8	2298.345201110896	-15.017876427253228	-3.2264628139893228
2.0895444431269062e8	2298.2996146195214	-15.018455658505601	-3.2315231741054817
2.0937144431269062e8	2298.254029032331	-15.019034889757972	-3.2366092717625734
2.0978844431269062e8	2298.208444349305	-15.019614121010344	-3.2417213701074155
2.1020544431269062e8	2298.1628605704323	-15.020193352262716	-3.246859736343287
2.1062244431269062e8	2298.1172776956837	-15.020772583515088	-3.2520246418137337
2.1103944431269062e8	2298.0716957250543	-15.02135181476746	-3.2572163620885477
2.1145644431269062e8	2298.0261146585153	-15.021931046019834	-3.262435177051995
2.1187344431269062e8	2297.980534496056	-15.022510277272202	-3.267681370993351
2.1229044431269062e8	2297.9349552376552	-15.023089508524574	-3.272955232699832
2.1270744431269062e8	2297.8893768832954	-15.023668739776946	-3.2782570555519785
2.1312444431269062e8	2297.8437994329547	-15.024247971029318	-3.2835871376215944
2.1354144431269062e8	2297.798222886626	-15.02482720228169	-3.2889457817722976
2.1395844431269062e8	2297.7526472442796	-15.025406433534062	-3.294333295762788
2.1437544431269062e8	2297.707072505907	-15.025985664786432	-3.2997499923529086
2.1479244431269062e8	2297.6614986714817	-15.026564896038806	-3.305196189412594
2.1520944431269062e8	2297.61592574099	-15.027144127291177	-3.310672210033806
2.1562644431269062e8	2297.57035371442	-15.02772335854355	-3.3161783826455453
2.1604344431269062e8	2297.5247825917395	-15.02830258979592	-3.321715041132052
2.1646044431269062e8	2297.479212372945	-15.028881821048293	-3.327282524954295
2.1687744431269062e8	2297.4336430580074	-15.029461052300665	-3.3328811792748603
2.1729444431269062e8	2297.3880746469163	-15.030040283553035	-3.338511355086358
2.1771144431269062e8	2297.342507139649	-15.030619514805409	-3.344173409343464
2.1812844431269062e8	2297.296940536192	-15.03119874605778	-3.349867705098718
2.1854544431269062e8	2297.2513748365227	-15.031777977310151	-3.355594611642214
2.1896244431269062e8	2297.20581004063	-15.032357208562525	-3.3613545046453153
2.1937944431269062e8	2297.1602461484867	-15.032936439814895	-3.367147766308524
2.1979644431269062e8	2297.1146831600845	-15.033515671067267	-3.3729747855136685
2.2021344431269062e8	2297.069121075396	-15.034094902319637	-3.378835957980545
2.2063044431269062e8	2297.0235598944087	-15.034674133572011	-3.384731686428181
2.2104744431269062e8	2296.9779996171055	-15.035253364824383	-3.390662380740874
2.2146444431269062e8	2296.9324402434668	-15.035832596076755	-3.396628458139192
2.2188144431269062e8	2296.886881773473	-15.036411827329125	-3.4026303433560994
2.2229844431269062e8	2296.841324207112	-15.0369910585815	-3.408668468818403
2.2271544431269062e8	2296.795767544357	-15.03757028983387	-3.414743274833707
2.2313244431269062e8	2296.7502117851977	-15.038149521086243	-3.420855209783086
2.2354944431269062e8	2296.7046569296112	-15.038728752338614	-3.427004730319677
2.2396644431269062e8	2296.659102977584	-15.039307983590986	-3.4331923015734187
2.2438344431269062e8	2296.6135499290976	-15.039887214843358	-3.4394183973621635
2.2480044431269062e8	2296.5679977841287	-15.04046644609573	-3.445683500409403
2.2521744431269062e8	2296.522446542665	-15.0410456773481	-3.451988102568858
2.2563444431269062e8	2296.4768962046846	-15.041624908600472	-3.45833270505619
2.2605144431269062e8	2296.4313467701736	-15.042204139852842	-3.4647178186881153
2.2646844431269062e8	2296.3857982391123	-15.042783371105218	-3.471143964129197
2.2688544431269062e8	2296.3402506114826	-15.043362602357588	-3.477611672146623
2.2730244431269062e8	2296.2947038872644	-15.04394183360996	-3.4841214838732704
2.2771944431269062e8	2296.2491580664464	-15.044521064862332	-3.4906739510793985
2.2813644431269062e8	2296.2036131490017	-15.045100296114704	-3.4972696364532907
2.2855344431269062e8	2296.1580691349195	-15.045679527367074	-3.503909113891222
2.2897044431269062e8	2296.112526024177	-15.046258758619448	-3.510592968797112
2.2938744431269062e8	2296.0669838167605	-15.046837989871818	-3.517321798392261
2.2980444431269062e8	2296.0214425126505	-15.047417221124192	-3.5240962120355808
2.3022144431269062e8	2295.9759021118284	-15.047996452376562	-3.5309168315547415
2.3063844431269062e8	2295.930362614275	-15.048575683628934	-3.5377842915886917
2.3105544431269062e8	2295.8848240199777	-15.049154914881306	-3.5446992399420223
2.3147244431269062e8	2295.8392863289114	-15.049734146133678	-3.5516623379516665
2.3188944431269062e8	2295.7937495410633	-15.050313377386049	-3.5586742608664577
2.3230644431269062e8	2295.748213656412	-15.05089260863842	-3.5657356982400854
2.3272344431269062e8	2295.7026786749434	-15.051471839890791	-3.5728473543380304
2.3314044431269062e8	2295.65714459664	-15.052051071143167	-3.580009948559067
2.3355744431269062e8	2295.6116114214774	-15.052630302395537	-3.587224215871976
2.3397444431269062e8	2295.566079149444	-15.053209533647909	-3.5944909072681193
2.3439144431269062e8	2295.520547780517	-15.053788764900279	-3.601810790230583
2.3480844431269062e8	2295.475017314684	-15.054367996152653	-3.6091846492206185
2.3522544431269062e8	2295.4294877519237	-15.054947227405023	-3.616613286182147
2.3564244431269062e8	2295.3839590922194	-15.055526458657397	-3.624097521065148
2.3605944431269062e8	2295.33843133555	-15.056105689909767	-3.6316381923687815
2.3647644431269062e8	2295.2929044819048	-15.056684921162141	-3.6392361577051413
2.3689344431269062e8	2295.247378531257	-15.057264152414511	-3.6468922943845916
2.3731044431269062e8	2295.2018534835925	-15.057843383666883	-3.654607500023685
2.3772744431269062e8	2295.156329338894	-15.058422614919253	-3.66238269317671
2.3814444431269062e8	2295.110806097148	-15.059001846171626	-3.67021881399199
2.3856144431269062e8	2295.0652837583275	-15.059581077424	-3.6781168248940954
2.3897844431269062e8	2295.0197623224212	-15.060160308676371	-3.686077711293213
2.3939544431269062e8	2294.974241789407	-15.060739539928742	-3.6941024823229776
2.3981244431269062e8	2294.9287221592735	-15.061318771181115	-3.7021921716081536
2.4022944431269062e8	2294.883203431994	-15.061898002433486	-3.7103478380636137
2.4064644431269062e8	2294.837685607557	-15.062477233685858	-3.7185705667261737
2.4106344431269062e8	2294.7921686859404	-15.063056464938228	-3.7268614696209124
2.4148044431269062e8	2294.746652667133	-15.063635696190602	-3.7352216866636985
2.4189744431269062e8	2294.701137551112	-15.064214927442974	-3.7436523866017724
2.4231444431269062e8	2294.6556233378537	-15.064794158695346	-3.7521547679943072
2.4273144431269062e8	2294.610110027351	-15.065373389947716	-3.7607300602350207
2.4314844431269062e8	2294.5645976195783	-15.065952621200088	-3.7693795246190063
2.4356544431269062e8	2294.5190861145234	-15.066531852452458	-3.7781044554561145
2.4398244431269062e8	2294.4735755121656	-15.067111083704834	-3.7869061812333267
2.4439944431269062e8	2294.428065812487	-15.067690314957204	-3.7957860658287417
2.4481644431269062e8	2294.382557015468	-15.068269546209576	-3.8047455097799516
2.4523344431269062e8	2294.3370491210967	-15.068848777461948	-3.813785951609745
2.4565044431269062e8	2294.291542129347	-15.06942800871432	-3.8229088692122906
2.4606744431269062e8	2294.2460360402065	-15.07000723996669	-3.832115781303131
2.4648444431269062e8	2294.200530853654	-15.070586471219062	-3.8414082489365513
2.4690144431269062e8	2294.1550265696756	-15.071165702471433	-3.850787877094112
2.4731844431269062e8	2294.109523188251	-15.071744933723807	-3.8602563163483867
2.4773544431269062e8	2294.0640207093625	-15.072324164976177	-3.869815264606224
2.4815244431269062e8	2294.0185191329906	-15.07290339622855	-3.879466468936133
2.4856944431269062e8	2293.9730184591226	-15.073482627480923	-3.8892117274847156
2.4898644431269062e8	2293.9275186877308	-15.074061858733293	-3.899052891487402
2.4940344431269062e8	2293.88201981881	-15.074641089985665	-3.9089918673791106
2.4982044431269062e8	2293.8365218523313	-15.075220321238039	-3.919030619010859
2.5023744431269062e8	2293.7910247882837	-15.075799552490409	-3.9291711699787637
2.5065444431269062e8	2293.7455286266486	-15.076378783742783	-3.9394156060723438
2.5107144431269062e8	2293.7000333674027	-15.076958014995153	-3.949766077849534
2.5148844431269062e8	2293.6545390105334	-15.077537246247525	-3.9602248033463625
2.5190544431269062e8	2293.6090455560193	-15.078116477499895	-3.9707940709298306
2.5232244431269062e8	2293.5635530038467	-15.078695708752267	-3.9814762423031715
2.5273944431269062e8	2293.518061353995	-15.07927494000464	-3.9922737556733705
2.5315644431269062e8	2293.4725706064473	-15.079854171257011	-4.003189129091557
2.5357344431269062e8	2293.4270807611824	-15.080433402509385	-4.014224963977735
2.5399044431269062e8	2293.3815918181895	-15.081012633761757	-4.025383948842181
2.5440744431269062e8	2293.3361037774425	-15.081591865014127	-4.036668863216828
2.5482444431269062e8	2293.290616638929	-15.0821710962665	-4.048082581811027
2.5524144431269062e8	2293.2451304026276	-15.082750327518871	-4.059628078907217
2.5565844431269062e8	2293.199645068524	-15.083329558771242	-4.071308433013329
2.5607544431269062e8	2293.1541606365986	-15.083908790023614	-4.08312683179012
2.5649244431269062e8	2293.1086771068317	-15.084488021275988	-4.095086577273174
2.5690944431269062e8	2293.0631944792067	-15.08506725252836	-4.107191091410977
2.5732644431269062e8	2293.017712753711	-15.08564648378073	-4.119443921942283
2.5774344431269062e8	2292.972231930317	-15.086225715033104	-4.13184874863806
2.5816044431269062e8	2292.926752009014	-15.086804946285474	-4.1444093899354595
2.5857744431269062e8	2292.8812729897795	-15.087384177537846	-4.157129809993755
2.5899444431269062e8	2292.8357948726	-15.087963408790216	-4.170014126204868
2.5941144431269062e8	2292.7903176574578	-15.08854264004259	-4.183066617194071
2.5982844431269062e8	2292.7448413443285	-15.089121871294962	-4.196291731349796
2.6024544431269062e8	2292.6993659332006	-15.089701102547334	-4.209694095925066
2.6066244431269062e8	2292.653891424052	-15.090280333799704	-4.223278526757173
2.6107944431269062e8	2292.6084178168685	-15.090859565052076	-4.237050038656668
2.6149644431269062e8	2292.5629451116306	-15.091438796304448	-4.251013856521776
2.6191344431269062e8	2292.5174733083204	-15.09201802755682	-4.2651754272398374
2.6233044431269062e8	2292.472002406918	-15.09259725880919	-4.279540432443664
2.6274744431269062e8	2292.4265324074095	-15.093176490061564	-4.294114802197538
2.6316444431269062e8	2292.381063309775	-15.093755721313936	-4.308904729695383
2.6358144431269062e8	2292.3355951139965	-15.094334952566308	-4.323916687062268
2.6399844431269062e8	2292.2901278200543	-15.094914183818679	-4.339157442360166
2.6441544431269062e8	2292.2446614279343	-15.09549341507105	-4.35463407790979
2.6483244431269062e8	2292.199195937617	-15.096072646323423	-4.370354010052662
2.6524944431269062e8	2292.153731349084	-15.096651877575795	-4.386325010491451
2.6566644431269062e8	2292.108267662316	-15.097231108828165	-4.402555229362269
2.6608344431269062e8	2292.0628048772983	-15.097810340080539	-4.419053220210422
2.6650044431269062e8	2292.0173429940114	-15.09838957133291	-4.435827967061187
2.6691744431269062e8	2291.971882012438	-15.098968802585283	-4.452888913800137
2.6733444431269062e8	2291.9264219325573	-15.099548033837653	-4.470245996103542
2.6775144431269062e8	2291.8809627543565	-15.100127265090025	-4.4879096761891715
2.6816844431269062e8	2291.8355044778164	-15.100706496342397	-4.505890980691808
2.685854443126906e8	2291.790047102914	-15.101285727594771	-4.524201542006837
2.690024443126906e8	2291.744590629637	-15.101864958847141	-4.542853643490095
2.694194443126906e8	2291.6991350579638	-15.102444190099513	-4.561860268953798
2.698364443126906e8	2291.6536803878807	-15.103023421351883	-4.581235156958087
2.702534443126906e8	2291.608226619367	-15.103602652604257	-4.600992860466765
2.706704443126906e8	2291.562773752406	-15.104181883856628	-4.621148812516091
2.710874443126906e8	2291.5173217869765	-15.104761115109	-4.641719398638928
2.715044443126906e8	2291.4718707230654	-15.10534034636137	-4.6627220368956905
2.719214443126906e8	2291.4264205606532	-15.105919577613745	-4.684175266491455
2.723384443126906e8	2291.3809712997213	-15.106498808866116	-4.706098846108921
2.727554443126906e8	2291.3355229402496	-15.107078040118488	-4.728513863264202
2.731724443126906e8	2291.2900754822253	-15.107657271370858	-4.751442856202294
2.735894443126906e8	2291.2446289256277	-15.108236502623232	-4.77490995009826
2.740064443126906e8	2291.199183270439	-15.108815733875602	-4.798941009627392
2.744234443126906e8	2291.1537385166394	-15.109394965127974	-4.8235638103233205
2.748404443126906e8	2291.108294664215	-15.109974196380346	-4.848808231570647
2.752574443126906e8	2291.062851713146	-15.11055342763272	-4.874706474594913
2.756744443126906e8	2291.0174096634146	-15.11113265888509	-4.9012933094388105
2.760914443126906e8	2290.9719685150008	-15.111711890137462	-4.928606355676438
2.765084443126906e8	2290.9265282678907	-15.112291121389832	-4.956686402551881
2.769254443126906e8	2290.8810889220663	-15.112870352642206	-4.985577775378816
2.773424443126906e8	2290.835650477504	-15.113449583894576	-5.015328756462342
2.777594443126906e8	2290.7902129341896	-15.11402881514695	-5.045992070578281
2.781764443126906e8	2290.744776292106	-15.11460804639932	-5.077625447268529
2.785934443126906e8	2290.699340551236	-15.115187277651692	-5.110292275015672
2.790104443126906e8	2290.653905711561	-15.115766508904064	-5.144062365923037
2.794274443126906e8	2290.608471773063	-15.116345740156437	-5.179012854086126
2.798444443126906e8	2290.563038735721	-15.116924971408807	-5.215229256723311
2.802614443126906e8	2290.517606599522	-15.117504202661179	-5.252806734785255
2.806784443126906e8	2290.4721753644462	-15.11808343391355	-5.291851599806226
2.810954443126906e8	2290.426745030475	-15.118662665165925	-5.332483127071925
2.815124443126906e8	2290.3813155975895	-15.119241896418295	-5.374835753004729
2.819294443126906e8	2290.3358870657753	-15.119821127670667	-5.419061758807426
2.823464443126906e8	2290.290459435013	-15.120400358923039	-5.465334575493693
2.827634443126906e8	2290.245032705284	-15.120979590175411	-5.513852891379987
2.831804443126906e8	2290.1996068765684	-15.121558821427781	-5.564845807830213
2.835974443126906e8	2290.154181948853	-15.122138052680153	-5.618579381624347
2.840144443126906e8	2290.1087579221153	-15.122717283932525	-5.67536502703236
2.844314443126906e8	2290.063334796344	-15.123296515184899	-5.735570450392029
2.848484443126906e8	2290.017912571513	-15.12387574643727	-5.799634092283181
2.852654443126906e8	2289.9724912476104	-15.124454977689641	-5.86808452062289
2.856824443126906e8	2289.9270708246163	-15.125034208942012	-5.941566962248299
2.860994443126906e8	2289.8816513025126	-15.125613440194385	-6.020880378507118
2.865164443126906e8	2289.836232681282	-15.126192671446756	-6.1070305507942875
2.869334443126906e8	2289.7908149609043	-15.12677190269913	-6.201308263010206
2.873504443126906e8	2289.7453981413655	-15.1273511339515	-6.305408319763728
2.877674443126906e8	2289.699982222646	-15.127930365203873	-6.421618012698594
2.881844443126906e8	2289.6545672047278	-15.128509596456244	-6.553130166644067
2.886014443126906e8	2289.609153087591	-15.129088827708616	-6.704594855127125
2.890184443126906e8	2289.563739871222	-15.129668058960986	-6.883168103399094
2.894354443126906e8	2289.5183275556005	-15.13024729021336	-7.100715404399751
2.898524443126906e8	2289.472916140709	-15.130826521465732	-7.379139430993913
2.902694443126906e8	2289.4275056265274	-15.131405752718104	-7.766341680761722
2.906864443126906e8	2287.0166753362537	-15.166424303810139	-8.152653899208056
2.911034443126906e8	2280.9830415558777	-15.254350940525546	-8.288458113223637
2.915204443126906e8	2274.9653257777563	-15.342277577240953	-8.445647279522378
2.919374443126906e8	2268.9634860068336	-15.430204213956358	-8.63223828775789
2.923544443126906e8	2262.977480358845	-15.518130850671765	-8.86182038992817
2.927714443126906e8	2255.1013045953837	-15.648677694373443	-9.02901266462905
2.931884443126906e8	2246.6839472741026	-15.79199057827508	-9.18580930031502
2.936054443126906e8	2238.298008454571	-15.935303462176721	-9.37184699669564
2.940224443126906e8	2230.940065096845	-16.07999330263095	-9.522810242038998
2.944394443126906e8	2223.7563824498898	-16.22489110276626	-9.687274668316633
2.948564443126906e8	2216.5958314402114	-16.369788902901572	-9.884216546083216
2.952734443126906e8	2210.550759985002	-16.515797515011435	-10.038697250468251
2.956904443126906e8	2204.5860540407834	-16.661871242512962	-10.21537807783712
2.961074443126906e8	2198.6374426000893	-16.807944970014496	-10.430119748437408
2.965244443126906e8	2193.816968358285	-16.954884815784432	-10.596116056634282
2.969414443126906e8	2189.0141030884574	-17.101830155244066	-10.79446984319675
2.973584443126906e8	2184.2405872887907	-17.248807828533735	-11.040479200700066
2.977754443126906e8	2180.6087815352453	-17.3977313561917	-11.236728514535136
2.981924443126906e8	2176.983014499739	-17.54665488384967	-11.481134314044557
2.986094443126906e8	2173.39152379935	-17.695639080148013	-11.799944746940705
2.990264443126906e8	2170.523900588352	-17.846167513020198	-12.074113932735745
2.994434443126906e8	2167.660060985963	-17.996695945892384	-12.453089025123942
2.998604443126906e8	2164.7999999999997	-18.147224378764566	-13.070732986994495
