-4.147206719803855e7	7472.823066907472	-14.051397459535142
-3.963206719803855e7	7359.34167729072	-14.070686033965512
-3.779206719803855e7	7247.583602366937	-14.089974608395883
-3.595206719803855e7	7135.746230166407	-14.109172092054735
-3.411206719803855e7	7014.540029546844	-14.12779123251619
-3.227206719803855e7	6895.392610531162	-14.146410372977645
-3.043206719803855e7	6778.26900311228	-14.165029513439098
-2.859206719803855e7	6659.775765009594	-14.183627195743481
-2.675206719803855e7	6526.575425958474	-14.202115619947325
-2.491206719803855e7	6396.039190166888	-14.220604044151168
-2.307206719803855e7	6268.113773640019	-14.239092468355011
-2.123206719803855e7	6138.130458644628	-14.257773173106632
-1.939206719803855e7	5981.094339833863	-14.27772277263547
-1.755206719803855e7	5828.075786758675	-14.297672372164307
-1.5712067198038548e7	5678.972015202529	-14.317621971693145
-1.3872067198038548e7	5515.316639453055	-14.339355497949901
-1.2032067198038548e7	5354.870674661727	-14.361239993124986
-1.0192067198038548e7	5193.114953435258	-14.383929255669866
-8.352067198038548e6	5028.052219869725	-14.407876348528017
-6.512067198038548e6	4865.7114782526405	-14.432599058505453
-4.672067198038548e6	4707.4412730261665	-14.458537283389528
-2.832067198038548e6	4557.55607453359	-14.486264384896788
-992067.1980385482	4418.419378000137	-14.516523168342292
847932.8019614518	4292.039512026619	-14.549476323560699
2.687932801961452e6	4181.394525087129	-14.586459899770535
4.527932801961452e6	4083.2526200589105	-14.627095864165938
6.367932801961452e6	3994.125851436751	-14.67052005777989
8.207932801961452e6	3915.600668929828	-14.717851668227606
1.0047932801961452e7	3845.4275551929063	-14.769123027020672
1.1887932801961452e7	3780.1549824929016	-14.822537989698397
1.3727932801961452e7	3723.021824797964	-14.881165155866253
1.5567932801961452e7	3667.954885474855	-14.940696529517242
1.740793280196145e7	3619.1451666510493	-15.005427704275249
1.924793280196145e7	3571.462217086717	-15.070620603354984
2.108793280196145e7	3527.9117607159174	-15.140305638231093
2.292793280196145e7	3485.363011818966	-15.210601109169568
2.476793280196145e7	3445.4859223374187	-15.284447059225467
2.660793280196145e7	3406.656502253069	-15.359276699074721
2.844793280196145e7	3369.518485130507	-15.43685450857329
3.028793280196145e7	3333.3991281380827	-15.515792121272158
3.212793280196145e7	3298.362201176355	-15.596990235199806
3.396793280196145e7	3264.20013352089	-15.679852643044498
3.580793280196145e7	3230.758237421756	-15.76480147345996
3.764793280196145e7	3197.979253954768	-15.851593165293629
3.948793280196145e7	3165.920460915728	-15.940133658277976
4.132793280196145e7	3134.4946078956586	-16.030093882267337
4.316793280196145e7	3103.5162626423917	-16.122394278678964
4.500793280196145e7	3072.9234149207837	-16.216077839630064
4.684793280196145e7	3042.8688504994743	-16.312234250204387
4.868793280196145e7	3013.1773414470376	-16.40911969659539
5.052793280196145e7	2983.705590079139	-16.50971365026384
5.236793280196145e7	2954.566398351047	-16.611136596344114
5.420793280196145e7	2925.865888651157	-16.714958253413403
5.604793280196145e7	2897.4813991174506	-16.820443354455186
5.788793280196145e7	2869.404384064901	-16.927377378715093
5.972793280196145e7	2841.5199253133997	-17.037697582268752
6.156793280196145e7	2813.9250527878667	-17.149366058799377
6.340793280196145e7	2786.6725081780583	-17.263334287407346
6.524793280196145e7	2759.748425259193	-17.379650988045437
6.708793280196145e7	2733.098445792922	-17.497655226496867
6.892793280196145e7	2706.6587188104418	-17.618857938079497
7.076793280196145e7	2680.6329474879835	-17.742154892795256
7.260793280196145e7	2654.931238279515	-17.867315245498965
7.444793280196145e7	2629.5049698633848	-17.995303858198817
7.628793280196145e7	2604.7827915049543	-18.12637792636135
7.812793280196145e7	2580.9203248550753	-18.260372828972272
7.996793280196145e7	2557.978662396786	-18.397404317160827
8.180793280196145e7	2535.931053164367	-18.537153582127786
8.364793280196145e7	2514.559127953187	-18.6796457461554
8.548793280196145e7	2493.817755137164	-18.824477292742046
8.732793280196145e7	2473.738215089313	-18.97155931342382
8.916793280196145e7	2454.3561709625064	-19.12065398915814
9.100793280196145e7	2435.6177118224905	-19.27321236200819
9.284793280196145e7	2417.5788305835595	-19.4272338253176
9.468793280196145e7	2400.115504537863	-19.583153343850334
9.652793280196145e7	2383.2094310411157	-19.741245903959808
9.836793280196145e7	2366.9197622989423	-19.901353384046985
1.0020793280196145e8	2351.2916331497313	-20.06228456436727
1.0204793280196145e8	2337.548453526395	-20.21525752139717
1.0388793280196145e8	2323.96795460657	-20.36786063651974
1.0572793280196145e8	2310.8523903651544	-20.52177413623189
1.0756793280196145e8	2298.2706911691594	-20.67725713750768
1.0940793280196145e8	2285.760633700241	-20.832749302122537
1.1124793280196145e8	2274.2323630139113	-20.990922565296785
1.1308793280196145e8	2262.76223534705	-21.149095828471033
1.1492793280196145e8	2251.921523676272	-21.30759103697934
1.1676793280196145e8	2241.510720590063	-21.46630012475508
1.1860793280196145e8	2231.272528995658	-21.626153384749824
1.2044793280196145e8	2221.526414655138	-21.790118001514763
1.2228793280196145e8	2211.8228709748637	-21.954082618279706
1.2412793280196145e8	2202.9314726426305	-22.11369487243047
1.2596793280196145e8	2194.1376963867997	-22.27295590496173
1.2780793280196145e8	2185.3234695996643	-22.433383393808178
1.2964793280196145e8	2176.5054260848196	-22.594637821982204
1.3148793280196145e8	2167.489481964546	-22.756129746328
1.3332793280196145e8	2157.98176000661	-22.918162226245183
1.3516793280196145e8	2148.392192047405	-23.07998521918666
1.3700793280196145e8	2137.654476762813	-23.239779593637877
1.3884793280196145e8	2126.970428834658	-23.399573968089097
1.4068793280196145e8	2113.8518223007986	-23.560893514572
1.4252793280196145e8	2100.6999999999994	-23.72228350149193
