-9.423000444791902e6	4433.237977019686	-7.352384136556163
-9.315000444791902e6	4397.632033308405	-7.401439201645875
-9.207000444791902e6	4362.312061889652	-7.450494266735587
-9.099000444791902e6	4326.8569366541	-7.500356459373569
-8.991000444791902e6	4291.427115366034	-7.550729403883894
-8.883000444791902e6	4256.2611352115155	-7.601200210708804
-8.775000444791902e6	4221.281073614881	-7.652055060427722
-8.667000444791902e6	4186.588495485638	-7.702909910146641
-8.559000444791902e6	4151.746596920407	-7.754798081390685
-8.451000444791902e6	4117.069133063194	-7.806987349763142
-8.343000444791903e6	4082.3550470122645	-7.859774874252728
-8.235000444791903e6	4047.341730527634	-7.913657144238119
-8.127000444791903e6	4012.6287143150535	-7.967539414223509
-8.019000444791903e6	3976.188616935771	-8.024988317949274
-7.911000444791903e6	3939.763854593795	-8.083135103508699
-7.803000444791903e6	3903.3708330389622	-8.142006630428385
-7.695000444791903e6	3866.9971665023604	-8.201572584020791
-7.587000444791903e6	3830.635180803839	-8.261772729252927
-7.479000444791903e6	3794.245183433844	-8.322677765667322
-7.371000444791903e6	3757.786262799037	-8.384570608470408
-7.263000444791903e6	3721.261587044894	-8.447320871670366
-7.155000444791903e6	3685.0947685241013	-8.510120668493913
-7.047000444791903e6	3651.5966386821324	-8.568923093124448
-6.939000444791903e6	3620.1894760447976	-8.62461563558236
-6.831000444791903e6	3589.172855647038	-8.680136159253195
-6.723000444791903e6	3565.214409452623	-8.723282386949489
-6.615000444791903e6	3543.244447302204	-8.763079067542668
-6.507000444791903e6	3521.2228658753716	-8.80317484811387
-6.399000444791903e6	3499.2934470355754	-8.843342577998573
-6.291000444791903e6	3465.4051443369967	-8.90569784028903
-6.183000444791903e6	3429.081588373805	-8.973070993681585
-6.075000444791903e6	3392.1959572379815	-9.041937969506872
-5.967000444791903e6	3354.330670534172	-9.112977315602876
-5.859000444791903e6	3316.13117925322	-9.184970371771453
-5.751000444791903e6	3277.7072707103557	-9.257710259626519
-5.643000444791903e6	3238.735118617096	-9.331581357320612
-5.535000444791903e6	3200.4882251359327	-9.40410118563096
-5.427000444791903e6	3162.064133066177	-9.477169828078257
-5.319000444791903e6	3126.876721284891	-9.544081468227073
-5.211000444791903e6	3092.9209430751066	-9.608658905066449
-5.103000444791903e6	3058.4779127394827	-9.67418762485313
-4.995000444791903e6	3023.804251300449	-9.74008701103507
-4.887000444791903e6	2985.060958826941	-9.81337308701812
-4.779000444791903e6	2942.702835953183	-9.893372902356798
-4.671000444791903e6	2902.803050344256	-9.968523168144237
-4.563000444791903e6	2869.273114720019	-10.03121058723905
-4.455000444791903e6	2837.4256890457013	-10.090550109801322
-4.347000444791903e6	2802.9076342978224	-10.154592954540862
-4.239000444791903e6	2764.7460992058577	-10.224970210969666
-4.131000444791903e6	2721.336967694043	-10.304543421192749
-4.023000444791903e6	2673.390190236211	-10.39147100552876
-3.915000444791903e6	2623.1036933822056	-10.481193109176306
-3.807000444791903e6	2571.301823363589	-10.572187910411282
-3.699000444791903e6	2517.8363545388556	-10.664696594372337
-3.591000444791903e6	2462.4053639177528	-10.758856324953086
-3.483000444791903e6	2404.6224760660666	-10.855036488290496
-3.375000444791903e6	2344.2955959161677	-10.952915970245236
-3.267000444791903e6	2281.54976662446	-11.052740383296502
-3.159000444791903e6	2216.8848662155674	-11.15455263358263
-3.051000444791903e6	2159.4665342006783	-11.26211230800469
-2.943000444791903e6	2138.251400891832	-11.388254658921209
-2.835000444791903e6	2123.7356180717347	-11.518883983101082
-2.727000444791903e6	2112.294204513939	-11.641564294477353
-2.619000444791903e6	2101.8166544015116	-11.761557988906766
-2.511000444791903e6	2091.6145472673916	-11.881711783767898
-2.403000444791903e6	2085.0414855605013	-12.004440195224817
-2.295000444791903e6	2078.489080212241	-12.127168606681737
-2.187000444791903e6	2072.4343579605898	-12.250076538121359
-2.0790004447919026e6	2067.3058953443606	-12.373327249759544
-1.9710004447919026e6	2062.1901236626863	-12.49657796139773
-1.8630004447919026e6	2057.286950433147	-12.62003148066685
-1.7550004447919026e6	2052.5452285307247	-12.74363729160852
-1.6470004447919026e6	2047.8144355493237	-12.86724310255019
-1.5390004447919026e6	2043.0081583912922	-12.990990917271638
-1.4310004447919026e6	2038.1833388370446	-13.114787871310504
-1.3230004447919026e6	2033.3699136982505	-13.23858482534937
-1.2150004447919026e6	2028.4224442747784	-13.362786020921583
-1.1070004447919026e6	2023.4635243170242	-13.48705267573942
-999000.4447919026	2018.5167275179392	-13.611319330557256
-891000.4447919026	2013.660404017478	-13.73622041598469
-783000.4447919026	2008.8211206422793	-13.861164961125493
-675000.4447919026	2003.993467164326	-13.986109506266299
-567000.4447919026	1999.4858029491415	-14.111491499665668
-459000.4447919026	1994.9943608924125	-14.236882140427284
-351000.4447919026	1990.513007955454	-14.362272781188897
-243000.4447919026	1986.4531192259838	-14.488737717585838
-135000.4447919026	1982.4027077925741	-14.615205784942066
-27000.444791902613	1978.3671366763149	-14.741691608412607
80999.55520809739	1975.0057163357944	-14.869977417143538
188999.5552080974	1971.650007345053	-14.998263225874467
296999.5552080974	1968.3	-15.126549034605398
