-1.636371958993473e8	7015.159580011544	-13.992767681996867	4.705451027254963
-1.573771958993473e8	6884.752145683316	-14.013574296006562	4.5053180119618474
-1.511171958993473e8	6749.868610150471	-14.034125639204008	4.3298235779256915
-1.448571958993473e8	6615.4362655289215	-14.054594237434653	4.145394565797391
-1.385971958993473e8	6478.178342284469	-14.075001101098984	3.9702882333067087
-1.323371958993473e8	6339.373645327935	-14.095357580752232	3.8070242927757953
-1.260771958993473e8	6200.4375334693195	-14.115815944701156	3.6292216236379375
-1.198171958993473e8	6053.613843720034	-14.136641438675639	3.4872353764412183
-1.135571958993473e8	5910.266875694859	-14.15746693265012	3.3216991966937193
-1.072971958993473e8	5755.582149371264	-14.179173734297212	3.169177368032575
-1.010371958993473e8	5597.75352612369	-14.201323209168724	3.015787405142752
-9.47771958993473e7	5444.252853319679	-14.223472684040237	2.8345298807973673
-8.85171958993473e7	5265.908883715055	-14.245527940532693	2.660048021008521
-8.22571958993473e7	5088.741195386625	-14.268185291008113	2.4693078050104713
-7.59971958993473e7	4915.452714715333	-14.291791377182152	2.2622553805123116
-6.97371958993473e7	4748.844474452345	-14.3168858178594	2.0415428439088377
-6.3477195899347305e7	4591.710479320992	-14.34402721312524	1.8133756735390767
-5.7217195899347305e7	4446.381145286635	-14.373731127844815	1.5859114230030007
-5.0957195899347305e7	4314.388042400529	-14.40649190100072	1.3665733283935932
-4.4697195899347305e7	4195.954269107185	-14.442565375804511	1.1595350091486307
-3.8437195899347305e7	4090.0259668046606	-14.48208908027232	0.9658614937639735
-3.2177195899347305e7	3995.5823835964793	-14.525100228855369	0.7839458108840568
-2.5917195899347305e7	3913.9739168410288	-14.573076293611674	0.6229176076513857
-1.9657195899347305e7	3841.5889316329485	-14.625249857121826	0.4685721285298915
-1.3397195899347305e7	3775.989946104315	-14.680786007503809	0.315326421481963
-7.137195899347305e6	3717.403327738052	-14.740345142901853	0.16807479283818336
-877195.8993473053	3664.7920715521395	-14.804171107063823	0.026918765216738437
5.382804100652695e6	3615.1025104086953	-14.870003059579965	-0.12148768020056715
1.1642804100652695e7	3569.9188268102034	-14.939874721472421	-0.26207598646535596
1.7902804100652695e7	3526.8798772665837	-15.011923623411777	-0.40779665342998955
2.4162804100652695e7	3485.984200023983	-15.08623721898302	-0.5567630098775598
3.0422804100652695e7	3447.5008041606734	-15.163584668254241	-0.701550950707545
3.6682804100652695e7	3410.078819755043	-15.241981808051428	-0.8590693433111602
4.2942804100652695e7	3374.7464344879686	-15.32401982536464	-1.0051498657701794
4.9202804100652695e7	3340.237167661519	-15.40714590168379	-1.1634700270571225
5.5462804100652695e7	3307.0334154838943	-15.492562850129637	-1.3198187584058887
6.1722804100652695e7	3274.764177282364	-15.580051169401198	-1.4781603629930946
6.79828041006527e7	3243.1721423165477	-15.668793185946827	-1.6470580913134554
7.42428041006527e7	3212.6729495160334	-15.760497657392602	-1.8043489188156667
8.05028041006527e7	3182.6722799751524	-15.853437225223749	-1.9741635916080784
8.67628041006527e7	3153.3018909326215	-15.948571315586069	-2.144201015642193
9.30228041006527e7	3126.474531574029	-16.046824245549686	-2.311794917653914
9.92828041006527e7	3101.0518605393395	-16.146692195719943	-2.4893573735905865
1.055428041006527e8	3077.5029363942162	-16.248839517770612	-2.662635442366052
1.118028041006527e8	3054.632932482689	-16.353150310869328	-2.8366797331688858
1.180628041006527e8	3032.2031515366866	-16.458998962365534	-3.0193127942720492
1.243228041006527e8	3010.149789453769	-16.567190453022935	-3.197231741764079
1.305828041006527e8	2988.8533023546124	-16.67573131215017	-3.3746135451259938
1.368428041006527e8	2968.0354250818864	-16.785183512899053	-3.5601895339824856
1.431028041006527e8	2947.6729250439257	-16.896649280688614	-3.745273294110603
1.493628041006527e8	2927.722588177578	-17.010560659162437	-3.925495274108518
1.556228041006527e8	2908.335737917496	-17.124866023626424	-4.112225886091305
1.618828041006527e8	2889.5508808505324	-17.23930498204689	-4.305114223356887
1.681428041006527e8	2871.2637835142823	-17.356204220576956	-4.489029729545123
1.744028041006527e8	2853.551278331526	-17.473872888641896	-4.676731933312239
1.806628041006527e8	2836.2955609930946	-17.59268710181812	-4.870115136119064
1.869228041006527e8	2819.452378293677	-17.713017819927995	-5.067590677391445
1.931828041006527e8	2803.4835563963566	-17.834065311105526	-5.256661451748311
1.994428041006527e8	2787.9722332364604	-17.956755948642115	-5.449066302914248
2.057028041006527e8	2773.1019812694535	-18.08022338056049	-5.645451761103547
2.119628041006527e8	2758.915596992028	-18.20434951874948	-5.845383987605792
2.182228041006527e8	2745.2809826574485	-18.329903423151745	-6.047391882540412
2.244828041006527e8	2732.5924566470126	-18.455708798955538	-6.2426104635238495
2.307428041006527e8	2720.5256444968873	-18.58311551957503	-6.439975287193179
2.370028041006527e8	2709.2812126289464	-18.711053378586545	-6.639290571018189
2.432628041006527e8	2699.3495428381884	-18.839932790747884	-6.840047744500418
2.495228041006527e8	2690.3690933358334	-18.966522502109925	-7.032703741131538
2.557828041006527e8	2681.4354776325517	-19.087843236223346	-7.215504186382196
2.620428041006527e8	2672.5661135251216	-19.209170857016737	-7.4376454950058415
2.683028041006527e8	2665.5111434966075	-19.330854964500027	-7.611686022768803
2.745628041006527e8	2658.474796993198	-19.452539071983317	-7.82253520684825
2.808228041006527e8	2652.113206119486	-19.57378702867146	-8.013689517548624
2.870828041006527e8	2646.0228852578202	-19.69486441703807	-8.214451326728225
2.933428041006527e8	2640.106850855566	-19.81555667341584	-8.421904836735765
2.996028041006527e8	2634.41014248204	-19.935752689735512	-8.61436266037718
3.058628041006527e8	2628.7086055182244	-20.055623045711947	-8.83796375336877
3.121228041006527e8	2622.9255195537194	-20.173703594502275	-9.023163273026515
3.183828041006527e8	2617.1551562178097	-20.291784143292602	-9.250639358489204
3.246428041006527e8	2610.941383039478	-20.409093766613235	-9.446391752940619
3.309028041006527e8	2604.651974172694	-20.526250231783212	-9.666371790090762
3.371628041006527e8	2597.926852853572	-20.64265781255215	-9.891984800984535
3.434228041006527e8	2590.765746807637	-20.758310298880904	-10.11188109793681
3.496828041006527e8	2583.424845352506	-20.87403990701981	-10.377312130581352
3.559428041006527e8	2574.9845300914426	-20.99020382852445	-10.61281772724212
3.622028041006527e8	2566.571790210336	-21.106367750029086	-10.921448995200915
3.684628041006527e8	2556.6228796956966	-21.223355885865153	-11.220632417532157
3.747228041006527e8	2546.5087622580786	-21.340451886818794	-11.621974734678144
3.809828041006527e8	2535.0498730811514	-21.459172462158232	-12.10048824901882
3.872428041006527e8	2523.3	-21.578296854600364	-12.940130938638992
