-1.4354047370730832e7	4915.430891394146	-10.967182526427777
-1.4004047370730832e7	4888.3136126018835	-10.994877810726585
-1.3654047370730832e7	4861.345933473485	-11.022573095025392
-1.3304047370730832e7	4834.52702870271	-11.050268379324198
-1.2954047370730832e7	4807.856077536336	-11.077963663623004
-1.2604047370730832e7	4781.366347038918	-11.105860683200577
-1.2254047370730832e7	4755.220572618815	-11.13493614437854
-1.1904047370730832e7	4729.217770200949	-11.164011605556505
-1.1554047370730832e7	4703.357157976614	-11.193087066734469
-1.1204047370730832e7	4677.637958412291	-11.222162527912433
-1.0854047370730832e7	4652.086256346549	-11.251311353875238
-1.0504047370730832e7	4627.038963622282	-11.281462176183274
-1.0154047370730832e7	4602.126528000444	-11.31161299849131
-9.804047370730832e6	4577.348223397065	-11.341763820799343
-9.454047370730832e6	4552.703327637466	-11.37191464310738
-9.104047370730832e6	4528.189168709674	-11.40222155097217
-8.754047370730832e6	4503.790010673028	-11.433893667059706
-8.404047370730832e6	4479.52232216884	-11.465565783147245
-8.054047370730832e6	4455.38539480226	-11.49723789923478
-7.704047370730832e6	4431.378523995471	-11.528910015322317
-7.354047370730832e6	4407.544747324116	-11.560912835487521
-7.004047370730832e6	4383.952759933878	-11.593779220991037
-6.654047370730832e6	4360.487051889837	-11.626645606494552
-6.304047370730832e6	4337.146947264474	-11.65951199199807
-5.954047370730832e6	4313.931773748283	-11.692378377501583
-5.604047370730832e6	4290.059644113103	-11.726860066804335
-5.254047370730832e6	4265.5467774901335	-11.76294891742749
-4.904047370730832e6	4241.171589531876	-11.799259093649875
-4.554047370730832e6	4216.929359347517	-11.836160359662676
-4.204047370730832e6	4192.824084667419	-11.87310085649772
-3.854047370730832e6	4168.825410042697	-11.910805177675561
-3.504047370730832e6	4144.964097819095	-11.9485094988534
-3.154047370730832e6	4121.195394614398	-11.986866761339687
-2.804047370730832e6	4097.55371023735	-12.025362624699552
-2.454047370730832e6	4073.974030520377	-12.06436088281004
-2.104047370730832e6	4050.480067269686	-12.103702161835091
-1.7540473707308322e6	4027.118943099114	-12.143333481770904
-1.4040473707308322e6	4003.887774151229	-12.18349161842993
-1.0540473707308322e6	3980.7712653818344	-12.223749251702309
-704047.3707308322	3957.6155251460837	-12.264899910409298
-354047.3707308322	3934.5944794883594	-12.30605056911629
-4047.370730832219	3911.6469609689484	-12.347973911026507
345952.6292691678	3888.8213821176155	-12.390050369070543
695952.6292691678	3866.09553494838	-12.43269360177188
1.0459526292691678e6	3843.475309364423	-12.475800012448492
1.3959526292691678e6	3820.9612066181603	-12.519176116621656
1.7459526292691678e6	3798.5008236954172	-12.563360732146354
2.0959526292691678e6	3776.1724674470456	-12.607545347671051
2.445952629269168e6	3753.9614193885527	-12.652843668917576
2.795952629269168e6	3731.880032501617	-12.69822088517481
3.145952629269168e6	3709.937952999095	-12.744317894734348
3.495952629269168e6	3688.1309924098964	-12.790884289338692
3.845952629269168e6	3666.4558232547133	-12.837805244561372
4.195952629269168e6	3644.9179580916925	-12.885706033090521
4.545952629269168e6	3623.5066128318476	-12.933606821619668
4.895952629269168e6	3602.213777514479	-12.98265516867816
5.245952629269168e6	3581.0454773783017	-13.031796928283178
5.595952629269168e6	3560.0093872977423	-13.081751553733795
5.945952629269168e6	3539.1024864414553	-13.132293880370206
6.295952629269168e6	3518.3149239200916	-13.183164751799916
6.645952629269168e6	3497.638919136026	-13.235047855758506
6.995952629269168e6	3477.084420579536	-13.286930959717091
7.345952629269168e6	3456.6313248638103	-13.340058673798808
7.695952629269168e6	3436.296812887173	-13.393297873742238
8.045952629269168e6	3416.0617664796364	-13.447368053732067
8.395952629269168e6	3395.932799826106	-13.501980513785767
8.745952629269168e6	3375.927585010063	-13.557006006352502
9.095952629269168e6	3356.0516340847794	-13.612953632739314
9.445952629269168e6	3336.2898336701246	-13.668947550367307
9.795952629269168e6	3316.5546842551876	-13.726396998483962
1.0145952629269168e7	3296.9362741350446	-13.783846446600617
1.0495952629269168e7	3277.373020883649	-13.842362815181566
1.0845952629269168e7	3257.9085960398943	-13.901183333380345
1.1195952629269168e7	3238.5460374249406	-13.960760375581689
1.1545952629269168e7	3219.287180128913	-14.020967773839427
1.1895952629269168e7	3200.114062801333	-14.081632144204395
1.2245952629269168e7	3180.997746219092	-14.143212960120726
1.2595952629269168e7	3161.9884040901256	-14.204997562674082
1.2945952629269168e7	3143.047611827559	-14.268061412750384
1.3295952629269168e7	3124.220277796229	-14.331125262826687
1.3645952629269168e7	3105.2939571109077	-14.39594959902351
1.3995952629269168e7	3086.4738911655118	-14.460844192958165
1.4345952629269168e7	3067.8016955863236	-14.526601216570306
1.4695952629269168e7	3049.250101610734	-14.592554332287836
1.5045952629269168e7	3030.671057597763	-14.659869809875008
1.5395952629269168e7	3012.1359744538213	-14.727865008125663
1.5745952629269168e7	2993.7172199534693	-14.796515894279647
1.6095952629269168e7	2975.413526530684	-14.865707053413333
1.6445952629269168e7	2957.222925567822	-14.93546293656437
1.6795952629269168e7	2939.1451046879743	-15.005972556921044
1.7145952629269168e7	2921.1664427281466	-15.076894804205962
1.7495952629269168e7	2903.2724051489768	-15.14874412005144
1.7845952629269168e7	2886.1642642578922	-15.221720076923159
1.8195952629269168e7	2872.087479836036	-15.2996039671397
1.8545952629269168e7	2858.2524419456595	-15.377733986058299
1.8895952629269168e7	2846.135397575973	-15.458222791826673
1.9245952629269168e7	2834.072030281087	-15.538712090940326
1.9595952629269168e7	2822.971929469128	-15.61939707178211
1.9945952629269168e7	2811.9153039946787	-15.700082052623898
2.0295952629269168e7	2801.3598213899236	-15.782731852772887
2.0645952629269168e7	2790.905708537551	-15.865647611431829
2.0995952629269168e7	2780.954230208616	-15.949274993640561
2.1345952629269168e7	2771.162139275603	-16.033093218631905
2.1695952629269168e7	2761.823852046097	-16.117349756235285
2.2045952629269168e7	2752.6988990821583	-16.201797017212638
2.2395952629269168e7	2743.9424094567125	-16.286535751703894
2.2745952629269168e7	2735.4342670386422	-16.37146503705984
2.3095952629269168e7	2727.1859167786392	-16.457140976624032
2.3445952629269168e7	2719.1834072337315	-16.543525848355692
2.3795952629269168e7	2711.466857571273	-16.629948769011207
2.4145952629269168e7	2704.0908493612096	-16.71641800686195
2.4495952629269168e7	2697.274592990023	-16.803686661396018
2.4845952629269168e7	2691.3183782056976	-16.892206644318794
2.5195952629269168e7	2685.2994564536357	-16.97809538682733
2.5545952629269168e7	2679.1581247561676	-17.05926061663574
2.5895952629269168e7	2673.030838402845	-17.140425846444153
2.6245952629269168e7	2666.9175652717063	-17.221591076252565
2.6595952629269168e7	2660.883845603218	-17.30285339708792
2.6945952629269168e7	2656.2135736445343	-17.386118322011065
2.7295952629269168e7	2651.551498751728	-17.469383246934214
2.7645952629269168e7	2646.897606537647	-17.552648171857363
2.7995952629269168e7	2642.251882640404	-17.63591309678051
2.8345952629269168e7	2638.6181583883495	-17.719012296865408
2.8695952629269168e7	2635.0975842980156	-17.802093621167636
2.9045952629269168e7	2631.581707530748	-17.885174945469863
2.9395952629269168e7	2628.07052181914	-17.968256269772095
2.9745952629269168e7	2625.5364287555917	-18.051198517622645
3.0095952629269168e7	2623.1552711900395	-18.134119225523044
3.0445952629269168e7	2620.7762731494045	-18.217039933423443
3.0795952629269168e7	2618.3994326751754	-18.29996064132384
3.1145952629269168e7	2616.904763189503	-18.38264955385194
3.1495952629269168e7	2615.4493725479056	-18.465328341093254
3.1845952629269168e7	2613.9947913212964	-18.54800712833457
3.2195952629269168e7	2612.646457706839	-18.630408868617696
3.2545952629269168e7	2611.784922678303	-18.711532826688
3.2895952629269168e7	2610.92367174584	-18.792656784758307
3.3245952629269168e7	2610.0627048157676	-18.873780742828608
3.359595262926917e7	2609.201166606913	-18.95362986190338
3.394595262926917e7	2608.338918995898	-19.031997048377516
3.429595262926917e7	2607.4769563268574	-19.110364234851648
3.464595262926917e7	2606.6152785056365	-19.188731421325784
3.499595262926917e7	2605.350086827693	-19.265912605427665
3.534595262926917e7	2603.951069252631	-19.34269869144118
3.569595262926917e7	2602.552802920247	-19.41948477745469
3.604595262926917e7	2601.091699135799	-19.495955686551675
3.639595262926917e7	2599.0814419975904	-19.569698784779327
3.674595262926917e7	2597.0727384892534	-19.64344188300698
3.709595262926917e7	2595.0655874100585	-19.71718498123463
3.744595262926917e7	2592.6056088987402	-19.790619620890272
3.779595262926917e7	2589.6336671205204	-19.86370473056332
3.814595262926917e7	2586.66513212269	-19.936789840236372
3.849595262926917e7	2583.6999999999994	-20.009874949909424
