-4.5686457680974305e7	5759.708455091364	-12.35419948577727
-4.4591457680974305e7	5707.782307426662	-12.370554183210551
-4.3496457680974305e7	5656.324295403234	-12.386908880643833
-4.2401457680974305e7	5605.330198585204	-12.403263578077112
-4.1306457680974305e7	5554.795834585596	-12.419618275510395
-4.0211457680974305e7	5504.717058723417	-12.435972972943674
-3.9116457680974305e7	5455.089763683681	-12.452327670376954
-3.8021457680974305e7	5405.586852730507	-12.470185201153233
-3.6926457680974305e7	5356.361945222519	-12.488846625856425
-3.5831457680974305e7	5307.585294598609	-12.507508050559618
-3.4736457680974305e7	5259.252818896103	-12.52616947526281
-3.3641457680974305e7	5211.3604733239445	-12.544830899966003
-3.2546457680974305e7	5163.904249924152	-12.563492324669195
-3.1451457680974305e7	5117.832937558241	-12.583878165790198
-3.0356457680974305e7	5072.547472575605	-12.60494839656122
-2.9261457680974305e7	5027.662718863484	-12.62601862733224
-2.8166457680974305e7	4983.175130703136	-12.647088858103261
-2.7071457680974305e7	4939.081193750318	-12.668159088874283
-2.5976457680974305e7	4896.250960333679	-12.68994423372446
-2.4881457680974305e7	4855.38940213159	-12.713047703092709
-2.3786457680974305e7	4814.868853193974	-12.736151172460955
-2.2691457680974305e7	4774.686467635289	-12.759254641829202
-2.1596457680974305e7	4734.839423320233	-12.78235811119745
-2.0501457680974305e7	4696.212856655289	-12.806046170158798
-1.9406457680974305e7	4659.5405799018	-12.830821995497699
-1.8311457680974305e7	4623.154673447803	-12.855597820836604
-1.7216457680974305e7	4587.052901055039	-12.880373646175505
-1.6121457680974305e7	4551.233043947839	-12.90514947151441
-1.5026457680974305e7	4515.3356444479205	-12.9313749015094
-1.3931457680974305e7	4479.414307859089	-12.95885631604382
-1.2836457680974305e7	4444.025085306867	-12.986609362672079
-1.1741457680974305e7	4409.481179782904	-13.014991117645717
-1.0646457680974305e7	4375.288316832407	-13.043430834324901
-9.551457680974305e6	4342.2451382716845	-13.072496565876126
-8.456457680974305e6	4309.451509356677	-13.10156229742735
-7.361457680974305e6	4277.359844961412	-13.13144763466416
-6.266457680974305e6	4245.582073453153	-13.161469127517627
-5.171457680974305e6	4214.392719342456	-13.192018640614087
-4.0764576809743047e6	4183.640270899276	-13.222881825078336
-2.9814576809743047e6	4153.30363287439	-13.2540400027678
-1.8864576809743047e6	4123.500790329752	-13.285685325857038
-791457.6809743047	4093.9485266440824	-13.31741746047147
303542.3190256953	4064.9870656812886	-13.350051980594824
1.3985423190256953e6	4036.230484241439	-13.38268650071818
2.4935423190256953e6	4008.0500463202393	-13.416001723719983
3.5885423190256953e6	3980.186838330616	-13.449538513987529
4.683542319025695e6	3952.702733388252	-13.483484627676804
5.778542319025695e6	3925.738664877686	-13.518164876444862
6.873542319025695e6	3898.9585365821276	-13.552845125212922
7.968542319025695e6	3872.900700538013	-13.588664071686834
9.063542319025695e6	3847.0838758256637	-13.624625045609546
1.0158542319025695e7	3821.685878650367	-13.661077814561823
1.1253542319025695e7	3796.918313742236	-13.69845901152662
1.2348542319025695e7	3772.3112623590273	-13.73584020849142
1.3443542319025695e7	3748.3626535730946	-13.774390030572857
1.4538542319025695e7	3724.753098357887	-13.81338061501474
1.5633542319025695e7	3701.318423187682	-13.852435497888015
1.6728542319025695e7	3678.6753675317273	-13.893082839196545
1.7823542319025695e7	3656.1708322381996	-13.933730180505076
1.8918542319025695e7	3633.982420399782	-13.97485193791842
2.0013542319025695e7	3612.351478683057	-14.017104528753638
2.1108542319025695e7	3590.84929313118	-14.05935711958886
2.2203542319025695e7	3569.69242420444	-14.102529761391812
2.3298542319025695e7	3548.8701398587586	-14.146596356521716
2.4393542319025695e7	3528.1693134634556	-14.19066295165162
2.5488542319025695e7	3507.883085298552	-14.235840763520894
2.6583542319025695e7	3487.8353483802007	-14.28148199882368
2.7678542319025695e7	3467.902185336119	-14.327123234126468
2.8773542319025695e7	3448.3757623493498	-14.374222976839915
2.9868542319025695e7	3428.993736455436	-14.421495281058839
3.0963542319025695e7	3409.7385392306833	-14.468924204032435
3.2058542319025695e7	3390.76587459803	-14.517888593926058
3.3153542319025695e7	3371.898778764598	-14.566852983819684
3.4248542319025695e7	3353.2164797706387	-14.616300038372753
3.5343542319025695e7	3334.807577727284	-14.666780122926827
3.6438542319025695e7	3316.499739148357	-14.717260207480905
3.7533542319025695e7	3298.396598328935	-14.768628717605047
3.8628542319025695e7	3280.4697183737953	-14.820661208638782
3.9723542319025695e7	3262.6402715245076	-14.872693699672519
4.0818542319025695e7	3245.0155881267447	-14.92600309496548
4.1913542319025695e7	3227.503185308942	-14.979515698561743
4.3008542319025695e7	3210.08322432489	-15.033370733884977
4.4103542319025695e7	3192.748559448566	-15.088678785644671
4.5198542319025695e7	3175.5075029260997	-15.143986837404364
4.6293542319025695e7	3158.471323187115	-15.199966771722286
4.7388542319025695e7	3141.608877483563	-15.256444296065109
4.8483542319025695e7	3124.836456999806	-15.312921820407931
4.9578542319025695e7	3108.141298596564	-15.371157711190268
5.0673542319025695e7	3091.535162744224	-15.429418815192186
5.1768542319025695e7	3075.0324833328864	-15.488374639811223
5.2863542319025695e7	3058.6355446151074	-15.548167127536228
5.3958542319025695e7	3042.326038989745	-15.607959615261233
5.5053542319025695e7	3026.1644491039124	-15.668980030789282
5.6148542319025695e7	3010.0907399251173	-15.730041488216175
5.7243542319025695e7	2994.9271026219812	-15.792673838116281
5.8338542319025695e7	2980.598561826654	-15.856758319808032
5.9433542319025695e7	2966.5331446391	-15.92115232902908
6.0528542319025695e7	2953.999467498167	-15.987887854587756
6.1623542319025695e7	2941.518745458362	-16.05462338014643
6.2718542319025695e7	2929.488274685559	-16.122565357391082
6.3813542319025695e7	2917.645097110149	-16.190928112893936
6.4908542319025695e7	2906.0435701041188	-16.259714183040597
6.6003542319025695e7	2894.784148336238	-16.329149365642937
6.7098542319025695e7	2883.6010824034356	-16.398652139291336
6.81935423190257e7	2872.9275645395996	-16.469121578737465
6.92885423190257e7	2862.2935542152322	-16.53959101818359
7.03835423190257e7	2852.027891295586	-16.610951265936155
7.14785423190257e7	2841.9051159836204	-16.68259973430855
7.25735423190257e7	2832.039621455449	-16.754716028216592
7.36685423190257e7	2822.452687155678	-16.827350431701632
7.47635423190257e7	2813.00384456063	-16.900189345053864
7.58585423190257e7	2803.959359195668	-16.973752195147657
7.69535423190257e7	2794.943954031098	-17.04731504524145
7.80485423190257e7	2786.4204499430098	-17.121945208191438
7.91435423190257e7	2777.925204183987	-17.196580608762925
8.02385423190257e7	2769.846044425279	-17.271693386974736
8.13335423190257e7	2761.882632462411	-17.346919349983217
8.24285423190257e7	2754.271697366165	-17.422400713886628
8.35235423190257e7	2746.858813432637	-17.498019666087846
8.46185423190257e7	2739.731040681724	-17.57416388214215
8.57135423190257e7	2732.8669377358096	-17.65079498935804
8.68085423190257e7	2726.281520430392	-17.727538198509905
8.79035423190257e7	2720.050086152893	-17.804426693727873
8.89985423190257e7	2714.373887694415	-17.881823461196667
9.00935423190257e7	2709.5868457244783	-17.960045985930762
9.11885423190257e7	2704.6980048377286	-18.036326518369812
9.22835423190257e7	2699.6173854448407	-18.10906673555686
9.33785423190257e7	2694.546309702799	-18.181806952743905
9.44735423190257e7	2689.4847596844147	-18.25454716993095
9.55685423190257e7	2684.6897151677017	-18.32742142606128
9.66635423190257e7	2681.1402399363774	-18.400941831091213
9.77585423190257e7	2677.595457528344	-18.47446223612114
9.88535423190257e7	2674.055361739138	-18.547982641151073
9.99485423190257e7	2670.6490622555607	-18.62146242594308
1.010435423190257e8	2668.0674324936567	-18.694683849093234
1.021385423190257e8	2665.4882983094412	-18.76790527224339
1.032335423190257e8	2662.911657290531	-18.841126695393548
1.043285423190257e8	2660.4388135799904	-18.91416939961401
1.054235423190257e8	2658.430209154321	-18.986396500803963
1.065185423190257e8	2656.4231212047	-19.058623601993922
1.076135423190257e8	2654.417548586205	-19.130850703183878
1.087085423190257e8	2652.4321209751984	-19.202800753046645
1.098035423190257e8	2650.5062281440987	-19.273886935291202
1.108985423190257e8	2648.581733676097	-19.344973117535755
1.119935423190257e8	2646.658636555866	-19.41605929978031
1.130885423190257e8	2644.614185136503	-19.48656005058069
1.141835423190257e8	2642.2754835595515	-19.555648707170157
1.152785423190257e8	2639.9388501576427	-19.62473736375963
1.163735423190257e8	2637.6042831018435	-19.6938260203491
1.174685423190257e8	2635.0989264300156	-19.762258899859013
1.185635423190257e8	2632.127726825785	-19.828913522549783
1.196585423190257e8	2629.159877390688	-19.895568145240556
1.207535423190257e8	2626.1953743472495	-19.96222276793133
1.218485423190257e8	2623.0848907220047	-20.028837688803176
1.229435423190257e8	2619.179658570616	-20.09524003348978
1.240385423190257e8	2615.2802405040907	-20.16164237817639
1.251335423190257e8	2611.3866278664545	-20.22804472286299
1.262285423190257e8	2607.360906758568	-20.294381829376032
1.273235423190257e8	2602.5893303903827	-20.360362551659094
1.284185423190257e8	2597.826486200768	-20.42634327394215
1.295135423190257e8	2593.072358209484	-20.492323996225213
1.306085423190257e8	2588.032349630665	-20.558717417480562
1.317035423190257e8	2582.5097903048995	-20.625802050305317
1.327985423190257e8	2576.9990154769266	-20.69288668313007
1.338935423190257e8	2571.5	-20.759971315954825
