-4.063493333755361e6	4843.922680299786	-10.233771943665571	3.7690521194591398
-3.956493333755361e6	4819.458639289456	-10.263692787138295	3.693941306270958
-3.849493333755361e6	4795.118152956186	-10.293613630611016	3.6127273448919097
-3.742493333755361e6	4770.900597291957	-10.32353447408374	3.5243299880045287
-3.635493333755361e6	4746.805351440258	-10.353455317556463	3.427354092691962
-3.528493333755361e6	4722.831797680199	-10.383376161029185	3.319953927316347
-3.421493333755361e6	4698.946231390302	-10.414403005492751	3.238728473654187
-3.314493333755361e6	4675.17721805101	-10.445572541115437	3.1557091570784577
-3.207493333755361e6	4651.528437199434	-10.476742076738123	3.065168508236643
-3.100493333755361e6	4627.999280655078	-10.507911612360807	2.9656066945542094
-2.993493333755361e6	4604.589143313784	-10.539081147983492	2.8550250688296424
-2.886493333755361e6	4581.236934540659	-10.571396422953761	2.7704047609252282
-2.779493333755361e6	4557.9932857434	-10.60389962173557	2.6849390431911204
-2.672493333755361e6	4534.86756736911	-10.63640282051738	2.591480506444569
-2.565493333755361e6	4511.859181078656	-10.66890601929919	2.4883784638562774
-2.458493333755361e6	4488.967531568668	-10.701409218080997	2.3734113655219167
-2.351493333755361e6	4466.175171880028	-10.735078455045183	2.2900607369068906
-2.244493333755361e6	4443.497715946747	-10.768804888595117	2.201567411619456
-2.137493333755361e6	4420.935407088495	-10.802531322145054	2.1044759900345156
-2.030493333755361e6	4398.487660634357	-10.836257755694989	1.9969340834865246
-1.923493333755361e6	4376.136267415012	-10.87014933975362	1.881950251376619
-1.816493333755361e6	4353.768303101725	-10.905266558896235	1.7975800107419693
-1.709493333755361e6	4331.514669283866	-10.940383778038854	1.7054300142417302
-1.602493333755361e6	4309.374781578254	-10.97550099718147	1.6039184315941621
-1.495493333755361e6	4287.348058588692	-11.010618216324085	1.4909258227016653
-1.388493333755361e6	4264.893657773816	-11.04691352330037	1.376456319019969
-1.281493333755361e6	4241.540480324682	-11.0854371991505	1.2744602969022618
-1.174493333755361e6	4218.308206635198	-11.124044183028303	1.1638458647015757
-1.067493333755361e6	4195.152439171215	-11.163260967288318	1.063813366250193
-960493.3337553609	4172.123781804593	-11.202477751548333	0.9526506782734783
-853493.3337553609	4149.047046355703	-11.242471082407796	0.8519785029048208
-746493.3337553609	4126.077471177942	-11.28255607094138	0.7432037179705342
-639493.3337553609	4103.069194057576	-11.323329481324198	0.6392874369491426
-532493.3337553609	4080.1107552243066	-11.364430389653185	0.5328701514049864
-425493.3337553609	4057.2581591933663	-11.405846098117799	0.42610103308467084
-318493.3337553609	4034.5082185129468	-11.44761647655683	0.32200213402062694
-211493.33375536092	4011.8610095028216	-11.48959945459433	0.21229895693212886
-104493.33375536092	3989.2680675513843	-11.53220974915627	0.11047153264845433
2506.6662446390837	3966.7948622510667	-11.574849857133842	-0.0021310428129024143
109506.66624463908	3944.216335486731	-11.618417590192898	-0.10181687572074286
216506.66624463908	3921.7663230238786	-11.661985323251955	-0.2125515443901671
323506.6662446391	3899.311638759767	-11.706312147614035	-0.3148649166106536
430506.6662446391	3876.954493881047	-11.750817822125763	-0.42306403078299964
537506.6662446391	3854.619157370995	-11.795911840773883	-0.5287719956522626
644506.6662446391	3832.3372729125394	-11.841424311919212	-0.6346479017538428
751506.6662446391	3810.1372069348563	-11.887296764783954	-0.7437210685307476
858506.6662446391	3787.981972443785	-11.933814801810943	-0.847467360769173
965506.6662446391	3765.939914737315	-11.980475869181594	-0.9599295394770859
1.072506666244639e6	3743.921489505814	-12.0280986791381	-1.061776253869187
1.179506666244639e6	3722.0318000111215	-12.075721489094606	-1.1751843297705855
1.286506666244639e6	3700.1503048677077	-12.12434787530976	-1.2778159528088804
1.393506666244639e6	3678.384554647127	-12.173082930553113	-1.3891695930003838
1.500506666244639e6	3656.674466184604	-12.222595692262232	-1.4958301520081512
1.607506666244639e6	3635.0583201001277	-12.272478062700742	-1.6053864606760417
1.714506666244639e6	3613.5431247118813	-12.322930983091268	-1.7160299057192205
1.821506666244639e6	3592.123733964916	-12.374058566156087	-1.824075821142118
1.928506666244639e6	3570.8002375540714	-12.425464339060522	-1.9385902982759624
2.035506666244639e6	3549.509669859124	-12.47771366195466	-2.0453682999067135
2.142506666244639e6	3528.337563983323	-12.530030152579329	-2.1637276943153396
2.249506666244639e6	3507.1136792899697	-12.583765350878707	-2.2694802969993924
2.356506666244639e6	3486.017461882784	-12.637500549178085	-2.3877536577234566
2.463506666244639e6	3465.1290091390238	-12.692017539683352	-2.496218501697279
2.570506666244639e6	3444.3781604172655	-12.74665551161013	-2.6134714007970623
2.677506666244639e6	3423.5704517312834	-12.802367132540923	-2.7260296563062387
2.784506666244639e6	3402.8062626233354	-12.85856887294979	-2.8425270174186457
2.891506666244639e6	3382.1017845861056	-12.915494905530915	-2.958604934480362
2.998506666244639e6	3361.4661430636943	-12.973049710413267	-3.0745461231287274
3.105506666244639e6	3340.9643607814855	-13.031044902575257	-3.19383028834441
3.212506666244639e6	3320.599344901423	-13.08969337152033	-3.3094266970800565
3.319506666244639e6	3300.3015589439096	-13.148724836082764	-3.4318751808575456
3.426506666244639e6	3279.981935242912	-13.208744402933139	-3.547275926700843
3.533506666244639e6	3259.767986501052	-13.269011758531146	-3.672569826064335
3.640506666244639e6	3239.587184715202	-13.330452281382426	-3.787987973996588
3.747506666244639e6	3219.5184181199656	-13.392027838090577	-3.9158365335570586
3.854506666244639e6	3199.4418202428287	-13.454995240500129	-4.03135713613746
3.961506666244639e6	3179.4882215129555	-13.51798879696851	-4.161364922546456
4.068506666244639e6	3159.5552459590367	-13.582226307274178	-4.2770563505653785
4.175506666244639e6	3139.747235017896	-13.646463817579848	-4.407904945717922
4.282506666244639e6	3119.970776527112	-13.712046999423308	-4.5249613704171034
4.389506666244639e6	3100.3152642116934	-13.777683114622352	-4.656079508840588
4.496506666244639e6	3080.689922357694	-13.844442018940544	-4.774825400965406
4.603506666244639e6	3061.1798797900055	-13.911308678160376	-4.9061227865589085
4.710506666244639e6	3041.5951469686343	-13.979842481452756	-5.026462094342352
4.817506666244639e6	3022.104217057262	-14.048642860832658	-5.157737029791946
4.924506666244639e6	3002.687944523921	-14.118423450908566	-5.278891186140671
5.031506666244639e6	2983.3861802682363	-14.188405041866439	-5.409842297734446
5.138506666244639e6	2964.1285127341325	-14.25943857609712	-5.531747796892695
5.245506666244639e6	2944.9737073523593	-14.330756018073776	-5.661835343075298
5.352506666244639e6	2925.762359333868	-14.403490017106835	-5.784307821388196
5.459506666244639e6	2906.6114253815927	-14.476737291166799	-5.912821853301037
5.566506666244639e6	2890.7521702637387	-14.553773334719093	-6.035539728486911
5.673506666244639e6	2876.4660000448266	-14.632596478816035	-6.162259907425815
5.780506666244639e6	2863.6082683107634	-14.71280366363969	-6.285471029917407
5.887506666244639e6	2851.650716431346	-14.793873342711022	-6.410587772714565
5.994506666244639e6	2840.126018288466	-14.875991404475302	-6.534899634422865
6.101506666244639e6	2828.980250954899	-14.959022978938073	-6.65842619351907
6.208506666244639e6	2818.2388015922456	-15.042339719137875	-6.783393221149475
6.315506666244639e6	2807.9567874309773	-15.125988768488948	-6.905128164797084
6.422506666244639e6	2797.932188742776	-15.210078895931321	-7.031150509401117
6.529506666244639e6	2788.316258562854	-15.294919541261798	-7.15103869269156
6.636506666244639e6	2778.914757337641	-15.380041181021543	-7.277972843485527
6.743506666244639e6	2770.0130544213366	-15.465890365246292	-7.396022276519993
6.850506666244639e6	2761.244131739775	-15.55181699238699	-7.5237362641447625
6.957506666244639e6	2752.9538747699576	-15.63807955899669	-7.639807912506185
7.064506666244639e6	2744.73449568897	-15.724430345001892	-7.768363780934614
7.171506666244639e6	2737.025762294588	-15.811716344715123	-7.882384766766958
7.278506666244639e6	2729.338679289575	-15.89900234442835	-8.01109994177759
7.385506666244639e6	2722.199417346621	-15.986799806312424	-8.123234847830835
7.492506666244639e6	2715.0814882270734	-16.074599858426073	-8.2493498084842
7.599506666244639e6	2709.0728880957813	-16.16326677846004	-8.362257845470568
7.706506666244639e6	2703.193023190364	-16.252025627953152	-8.485835302368436
7.813506666244639e6	2697.3618402015654	-16.33522588734119	-8.58638406437337
7.920506666244639e6	2691.551433224369	-16.417154891990165	-8.688089181655677
8.027506666244639e6	2685.7535424875755	-16.499083896639142	-8.80132167980573
8.134506666244639e6	2679.96814102986	-16.581012901288126	-8.929032644677102
8.241506666244639e6	2674.62507061668	-16.663239388417537	-9.053970253929252
8.348506666244639e6	2670.0983237276455	-16.746024409556046	-9.151729422757263
8.45550666624464e6	2665.5792382628692	-16.82880943069456	-9.26009131501131
8.56250666624464e6	2661.067801255551	-16.911594451833068	-9.381638783809226
8.66950666624464e6	2656.5639997608387	-16.994379472971573	-9.520031078308484
8.77650666624464e6	2652.8577799073496	-17.07765439324274	-9.618726340638114
8.88350666624464e6	2649.205905022411	-17.160959847139686	-9.724069708306237
8.99050666624464e6	2645.5590572407987	-17.244265301036627	-9.841831309388995
9.09750666624464e6	2641.917229642297	-17.327570754933575	-9.975335143951082
9.20450666624464e6	2638.8348718405505	-17.410792414829007	-10.089699028688607
9.31150666624464e6	2636.070439064868	-17.493966523130872	-10.193999028734273
9.41850666624464e6	2633.308902297817	-17.577140631432734	-10.310457999521281
9.52550666624464e6	2630.5502585055597	-17.6603147397346	-10.442289595028361
9.63250666624464e6	2628.1451378893835	-17.74318069132789	-10.567704267088255
9.73950666624464e6	2626.19254849157	-17.825650563199233	-10.673106171151614
9.84650666624464e6	2624.2414097767096	-17.90812043507058	-10.790940944723937
9.95350666624464e6	2622.2917206670154	-17.990590306941925	-10.924538861459611
1.006050666624464e7	2620.55222392849	-18.072760195343136	-11.058343667749472
1.016750666624464e7	2619.224213777167	-18.15434007746332	-11.167474467367418
1.027450666624464e7	2617.8968766179505	-18.23591995958351	-11.289990436229886
1.038150666624464e7	2616.570212109788	-18.317499841703697	-11.429640130553102
1.048850666624464e7	2615.3575919228356	-18.39851159924297	-11.570293998702098
1.059550666624464e7	2614.361851192679	-18.478438922390737	-11.686857904208214
1.070250666624464e7	2613.366489569235	-18.558366245538508	-11.818824024536973
1.080950666624464e7	2612.371506908156	-18.63829356868628	-11.970891478591959
1.091650666624464e7	2611.363457081616	-18.716985448140317	-12.120897912092707
1.102350666624464e7	2610.3376443719458	-18.794008844264297	-12.251812045994537
1.113050666624464e7	2609.312234628667	-18.871032240388278	-12.402483669180873
1.123750666624464e7	2608.287227693484	-18.948055636512255	-12.579954791942363
1.134450666624464e7	2607.1123415392026	-19.024339366458058	-12.752328563647765
1.145150666624464e7	2605.8018229070176	-19.09995258886775	-12.914261188541511
1.155850666624464e7	2604.491963033973	-19.175565811277444	-13.107580220833958
1.166550666624464e7	2603.1827615889283	-19.251179033687137	-13.347450136134182
1.177250666624464e7	2601.3287805273167	-19.32609515051845	-13.576889922204758
1.187950666624464e7	2599.250860968823	-19.400723123663248	-13.829908291448394
1.198650666624464e7	2597.174601235004	-19.475351096808044	-14.169454957579466
1.209350666624464e7	2595.0999999999995	-19.54997906995284	-14.687491223287997
