-1.0316113380786131e8	4414.45171075328	-8.896520269946768
-1.0253913380786131e8	4397.760595512	-8.92201090518557
-1.0191713380786131e8	4381.132589654682	-8.947501540424373
-1.0129513380786131e8	4364.567454563691	-8.972992175663173
-1.0067313380786131e8	4348.064952523629	-8.998482810901974
-1.0005113380786131e8	4331.528135727284	-9.024317797064482
-9.942913380786131e7	4314.985271043492	-9.050399200135667
-9.880713380786131e7	4298.5055864576625	-9.07648060320685
-9.818513380786131e7	4282.088840673928	-9.102562006278035
-9.756313380786131e7	4265.7347933179935	-9.128643409349216
-9.694113380786131e7	4249.172725246078	-9.155436135988277
-9.631913380786131e7	4232.665833977424	-9.182252959163634
-9.569713380786131e7	4216.223067534244	-9.209069782338993
-9.507513380786131e7	4199.844176808839	-9.23588660551435
-9.445313380786131e7	4183.418282516181	-9.263026406780915
-9.383113380786131e7	4166.929609164982	-9.290538504222724
-9.320913380786131e7	4150.50592485636	-9.318050601664535
-9.258713380786131e7	4134.146973440196	-9.345562699106345
-9.196513380786131e7	4117.838203330467	-9.373113848895763
-9.134313380786131e7	4101.363580827875	-9.401296294273257
-9.072113380786131e7	4084.954869896661	-9.429478739650751
-9.009913380786131e7	4068.611806838175	-9.457661185028247
-8.947713380786131e7	4052.3341290088215	-9.485843630405743
-8.885513380786131e7	4035.641553361963	-9.515011779247471
-8.823313380786131e7	4018.8436760457307	-9.544538865629331
-8.761113380786131e7	4002.0638342577604	-9.574301845861946
-8.698913380786131e7	3985.327093083564	-9.60418791792832
-8.636713380786131e7	3968.5051092469475	-9.634403398718074
-8.574513380786131e7	3951.649733696604	-9.664841354542233
-8.512313380786131e7	3934.818475496321	-9.695431135581813
-8.450113380786131e7	3918.022158929244	-9.726138946788648
-8.387913380786131e7	3901.2284282858705	-9.757050333402432
-8.325713380786131e7	3884.4463458138034	-9.788140209658568
-8.263513380786131e7	3867.6441592106607	-9.81945202691045
-8.201313380786131e7	3850.8274207166733	-9.850974518044394
-8.139113380786131e7	3834.0243251037523	-9.882682836172005
-8.076913380786131e7	3817.2360851817702	-9.91457462096061
-8.014713380786131e7	3800.451944627064	-9.946698554675606
-7.952513380786131e7	3783.6713372677236	-9.979058533792788
-7.890313380786131e7	3766.8865338769083	-10.011632814275508
-7.828113380786131e7	3750.0961913203573	-10.044427054433424
-7.765913380786131e7	3733.297051647938	-10.077431438025704
-7.703713380786131e7	3716.487292549028	-10.110652559406418
-7.641513380786131e7	3699.6665244597	-10.144118416685561
-7.579313380786131e7	3682.8311222407006	-10.177841661848628
-7.517113380786131e7	3666.057809250717	-10.211746763043305
-7.454913380786131e7	3649.345204473199	-10.245849205479114
-7.392713380786131e7	3632.6304481208085	-10.280178486862193
-7.330513380786131e7	3615.899545631977	-10.314777438276113
-7.268313380786131e7	3599.580618739636	-10.348762443033479
-7.206113380786131e7	3583.78804609472	-10.381913910624156
-7.143913380786131e7	3568.529311721497	-10.414141521540802
-7.081713380786131e7	3554.672780244499	-10.443699064796748
-7.019513380786131e7	3540.8700534158156	-10.473256608052694
-6.957313380786131e7	3526.7950674654	-10.5036505667534
-6.895113380786131e7	3512.6789692074167	-10.534294672941739
-6.832913380786131e7	3498.8801427020403	-10.56442657714677
-6.770713380786131e7	3485.70835038555	-10.593429042033979
-6.708513380786131e7	3472.586144252574	-10.622431506921187
-6.646313380786131e7	3459.93090857883	-10.650540576370293
-6.584113380786131e7	3447.546220621462	-10.678167769500046
-6.521913380786131e7	3435.205863172389	-10.7057949626298
-6.459713380786131e7	3421.8170928185987	-10.736100830137378
-6.397513380786131e7	3408.174052052211	-10.767161119067145
-6.335313380786131e7	3394.0982061309946	-10.79937023053224
-6.273113380786131e7	3377.454261219358	-10.837800558030878
-6.210913380786131e7	3360.891934718686	-10.876230885529514
-6.148713380786131e7	3344.1905381225433	-10.915340743383378
-6.086513380786131e7	3327.566810048236	-10.954467114078756
-6.024313380786131e7	3310.9341757311536	-10.994017365081492
-5.962113380786131e7	3294.3578875437493	-11.033692296593792
-5.899913380786131e7	3277.7038165787462	-11.073864782643266
-5.837713380786131e7	3260.9956499168443	-11.114467431708901
-5.775513380786131e7	3244.3227928717165	-11.155226670769194
-5.713313380786131e7	3227.6106777672135	-11.196378939014583
-5.651113380786131e7	3210.984412984635	-11.23753209713512
-5.588913380786131e7	3194.1894102367037	-11.279645724202169
-5.526713380786131e7	3177.482253482724	-11.321759351269218
-5.464513380786131e7	3160.7464596890313	-11.364238756296988
-5.402313380786131e7	3144.049533570404	-11.406874348175592
-5.340113380786131e7	3127.33905482178	-11.449821863199054
-5.277913380786131e7	3110.5416423730735	-11.493311024851067
-5.215713380786131e7	3093.834296110301	-11.53680151127978
-5.153513380786131e7	3077.2012992217137	-11.580424013456726
-5.091313380786131e7	3060.657724247506	-11.624046515633673
-5.029113380786131e7	3044.278667532773	-11.66742215277056
-4.966913380786131e7	3028.0382119899373	-11.710630478394762
-4.904713380786131e7	3011.8567773797713	-11.753911988990126
-4.842513380786131e7	2995.4972197654915	-11.797898455581825
-4.780313380786131e7	2979.2265226598925	-11.841884922173524
-4.718113380786131e7	2963.0822330985047	-11.885676482437406
-4.655913380786131e7	2947.0536571235607	-11.929322582301623
-4.593713380786131e7	2931.111786554533	-11.972968682165842
-4.531513380786131e7	2913.853596300939	-12.020271056828332
-4.469313380786131e7	2896.6506524241486	-12.067695054597115
-4.407113380786131e7	2879.835745201746	-12.114121022277303
-4.344913380786131e7	2863.3894593618943	-12.159597404458236
-4.282713380786131e7	2847.037095655756	-12.20507378663917
-4.220513380786131e7	2834.063081063486	-12.24107535780782
-4.158313380786131e7	2821.5384784507196	-12.275946799513985
-4.096113380786131e7	2809.069225936423	-12.310818241220149
-4.033913380786131e7	2796.797209737026	-12.345062796394892
-3.971713380786131e7	2784.7850686257602	-12.378393670556937
-3.909513380786131e7	2772.824519218589	-12.411724544718982
-3.847313380786131e7	2760.9153399310508	-12.445055418881026
-3.785113380786131e7	2747.4084079587074	-12.482679607901972
-3.722913380786131e7	2733.2208108360405	-12.52225853637387
-3.660713380786131e7	2719.10647836217	-12.56183746484577
-3.598513380786131e7	2703.6358954681014	-12.604981281670103
-3.536313380786131e7	2686.8017253805187	-12.651768706641846
-3.474113380786131e7	2670.072373135827	-12.698556131613584
-3.411913380786131e7	2651.9809476803593	-12.74868669699797
-3.3497133807861313e7	2633.5101791523834	-12.799969924300846
-3.2875133807861313e7	2614.9063719425353	-12.851711610428074
-3.2253133807861313e7	2595.309356420213	-12.905438134046411
-3.1631133807861313e7	2575.859207730869	-12.959164657664749
-3.1009133807861313e7	2555.7002671228643	-13.013909863661091
-3.0387133807861313e7	2535.3400291245184	-13.06908657267017
-2.9765133807861313e7	2515.0447721488667	-13.123695211821934
-2.9143133807861313e7	2494.600290480773	-13.176467789076096
-2.8521133807861313e7	2474.3219994249894	-13.229240366330256
-2.7899133807861313e7	2454.2085480389987	-13.282012943584416
-2.7277133807861313e7	2434.258596361912	-13.334785520838574
-2.6655133807861313e7	2414.470815325235	-13.387558098092734
-2.6033133807861313e7	2394.078580643144	-13.443131531658349
-2.5411133807861313e7	2373.8062627404893	-13.498898082539746
-2.4789133807861313e7	2353.705604563827	-13.554664633421144
-2.4167133807861313e7	2333.775152551613	-13.610431184302541
-2.3545133807861313e7	2314.013465450629	-13.666197735183939
-2.2923133807861313e7	2305.9934256798724	-13.72688946736451
-2.2301133807861313e7	2304.1475796396494	-13.79019566653023
-2.1679133807861313e7	2302.303211117776	-13.853501865695954
-2.1057133807861313e7	2300.4603189315653	-13.916808064861677
-2.0435133807861313e7	2298.6189018992754	-13.980114264027398
-1.9813133807861313e7	2296.78611958463	-14.043423133289398
-1.9191133807861313e7	2295.0563687887056	-14.106769905329175
-1.8569133807861313e7	2293.3279206991137	-14.170116677368952
-1.7947133807861313e7	2291.6007743347573	-14.233463449408731
-1.7325133807861313e7	2289.874928715289	-14.29681022144851
-1.6703133807861313e7	2288.15038286109	-14.360156993488287
-1.6081133807861313e7	2286.356088194064	-14.423544694250186
-1.5459133807861313e7	2284.452423954727	-14.486996263227931
-1.4837133807861313e7	2282.5503447430087	-14.550447832205673
-1.4215133807861313e7	2280.6498492391756	-14.613899401183417
-1.3593133807861313e7	2278.750936124611	-14.677350970161164
-1.2971133807861313e7	2276.8536040817785	-14.740802539138906
-1.2349133807861313e7	2274.7185353956042	-14.80432190610807
-1.1727133807861313e7	2272.459723851504	-14.86787693274516
-1.1105133807861313e7	2270.203155323191	-14.931431959382252
-1.0483133807861313e7	2267.9488275833373	-14.994986986019342
-9.861133807861313e6	2265.696738406828	-15.058542012656433
-9.239133807861313e6	2263.446885570748	-15.122097039293523
-8.617133807861313e6	2260.8472097246963	-15.185794613244312
-7.995133807861313e6	2258.207151979752	-15.249509768449443
-7.373133807861313e6	2255.570177107842	-15.313224923654573
-6.751133807861313e6	2252.936281509006	-15.376940078859704
-6.129133807861313e6	2250.3054615874853	-15.440655234064833
-5.507133807861313e6	2247.63224727075	-15.504434673387156
-4.885133807861313e6	2244.6375687981244	-15.568673697940364
-4.263133807861313e6	2241.6468803461835	-15.632912722493574
-3.641133807861313e6	2238.6601765987402	-15.697151747046782
-3.019133807861313e6	2235.677452246693	-15.761390771599991
-2.397133807861313e6	2232.698701988014	-15.825629796153201
-1.7751338078613132e6	2229.6113504171376	-15.88999875749442
-1.1531338078613132e6	2226.356466307221	-15.954566312391375
-531133.8078613132	2223.106333819406	-16.01913386728833
90866.19213868678	2219.8609460170633	-16.083701422185285
712866.1921386868	2216.620295973701	-16.14826897708224
1.3348661921386868e6	2213.384376772925	-16.212836531979196
1.9568661921386868e6	2210.3293034964477	-16.278398318183335
2.578866192138687e6	2207.3554513127633	-16.34439537924802
3.200866192138687e6	2204.3856002509015	-16.410392440312705
3.822866192138687e6	2201.4197449276185	-16.47638950137739
4.444866192138687e6	2198.4578799669057	-16.542386562442076
5.066866192138687e6	2195.5	-16.60838362350676
