-3.657310289583113e6	4676.405567966803	-9.062090234697717
-3.496310289583113e6	4635.996701460626	-9.118958261477081
-3.335310289583113e6	4595.937008367359	-9.175826288256445
-3.174310289583113e6	4571.479701621324	-9.211477662610637
-3.013310289583113e6	4550.026978963262	-9.243118187312987
-2.852310289583113e6	4528.674928153145	-9.274758712015338
-2.691310289583113e6	4507.423076765128	-9.30639923671769
-2.530310289583113e6	4486.27095459031	-9.338039761420042
-2.369310289583113e6	4454.087858294136	-9.38758023355157
-2.208310289583113e6	4418.82252210367	-9.4424961572814
-2.047310289583113e6	4383.836399969205	-9.497412081011232
-1.886310289583113e6	4346.4308673967935	-9.557745898739082
-1.725310289583113e6	4308.691641271784	-9.61940330567734
-1.564310289583113e6	4271.427349272743	-9.68099279196776
-1.403310289583113e6	4235.543161295376	-9.742090166677224
-1.242310289583113e6	4199.960435766389	-9.803187541386688
-1.081310289583113e6	4163.01197413672	-9.867552535887553
-920310.289583113	4124.389831422567	-9.936158245434635
-759310.289583113	4090.900710272259	-9.996823692699099
-598310.289583113	4054.881002950744	-10.063059164245814
-437310.28958311304	4021.697054285406	-10.124965037798658
-276310.28958311304	3992.9656689125554	-10.179280912244993
-115310.28958311304	3958.9928746025594	-10.244547561495413
45689.710416886955	3924.699368380562	-10.311457930903897
206689.71041688696	3890.902385773895	-10.378413851951235
367689.71041688696	3856.5692429496316	-10.447474438131342
528689.710416887	3818.8165952088884	-10.52471880420005
689689.710416887	3780.590882558702	-10.604274734283178
850689.710416887	3742.438908154108	-10.685088854787928
1.011689710416887e6	3704.3564950834466	-10.76719945868364
1.172689710416887e6	3666.370074229522	-10.850624010550227
1.333689710416887e6	3628.524014883721	-10.93543225064855
1.494689710416887e6	3590.7105905615663	-11.021704730237277
1.655689710416887e6	3553.005875991606	-11.10952847771098
1.816689710416887e6	3515.3493360679013	-11.198869300804157
1.977689710416887e6	3477.8275208467735	-11.28970701383135
2.138689710416887e6	3440.321503178426	-11.382163209003757
2.299689710416887e6	3402.9382867152326	-11.476123190016867
2.460689710416887e6	3365.5843389975817	-11.571723164278204
2.621689710416887e6	3328.252535173698	-11.668994116663264
2.782689710416887e6	3291.0098231896077	-11.767915567884808
2.943689710416887e6	3253.6824064567477	-11.868733816242303
3.104689710416887e6	3216.4418443254017	-11.971123230174143
3.265689710416887e6	3179.2534863603373	-12.07535732157769
3.426689710416887e6	3141.872439735621	-12.181810320333726
3.587689710416887e6	3104.615964442135	-12.28956138962004
3.748689710416887e6	3067.3069211722163	-12.399435988392119
3.909689710416887e6	3029.974663961595	-12.511132531717976
4.070689710416887e6	2992.441830061642	-12.625322790026473
4.231689710416887e6	2954.863729082792	-12.74117642183108
4.392689710416887e6	2917.2273435527595	-12.859051200669061
4.553689710416887e6	2879.371432483892	-12.979369324825761
4.714689710416887e6	2841.379274047256	-13.101363887526338
4.875689710416887e6	2803.133738906801	-13.226019297262953
5.036689710416887e6	2764.5919308982134	-13.35305741368445
5.197689710416887e6	2732.9500819745217	-13.486150297379659
5.358689710416887e6	2708.469645339159	-13.625835649018628
5.519689710416887e6	2687.5713957401917	-13.769417057188196
5.680689710416887e6	2668.1145532449837	-13.915067186382403
5.841689710416887e6	2649.969725996422	-14.062378947625536
6.002689710416887e6	2632.9579112003726	-14.210637231684338
6.163689710416887e6	2618.1257291223424	-14.361849577921813
6.324689710416887e6	2604.144573646154	-14.505508842132375
6.485689710416887e6	2590.4477353272896	-14.646948115530346
6.646689710416887e6	2577.1216435383562	-14.788785956359716
6.807689710416887e6	2565.6109449050655	-14.932965745887216
6.968689710416887e6	2554.15165873939	-15.077145535414719
7.129689710416887e6	2543.4433607960987	-15.222382257566238
7.290689710416887e6	2533.565745689972	-15.368810422073171
7.451689710416887e6	2523.726490895579	-15.515238586580105
7.612689710416887e6	2514.9889585470873	-15.662583818762254
7.773689710416887e6	2506.6110040545223	-15.810213938015817
7.934689710416887e6	2498.2824504604664	-15.957874062271692
8.095689710416887e6	2491.244773415338	-16.107303154781523
8.256689710416887e6	2484.2269215497754	-16.256732247291353
8.417689710416887e6	2477.581319644994	-16.40627333764237
8.578689710416887e6	2471.989756529189	-16.556144481960587
8.739689710416887e6	2466.4108128086905	-16.7060156262788
8.900689710416887e6	2461.402768209986	-16.85610584318134
9.061689710416887e6	2457.060749127556	-17.006453869319323
9.222689710416887e6	2452.7263895512983	-17.156801895457303
9.383689710416887e6	2449.2113609548746	-17.30686774688143
9.544689710416887e6	2446.1428889540152	-17.45677992734288
9.705689710416887e6	2443.0782612601743	-17.60669210780433
9.866689710416887e6	2441.085019548517	-17.755817680693113
1.0027689710416887e7	2439.3417787602466	-17.904760141901995
1.0188689710416887e7	2437.599782864477	-18.053702603110874
1.0349689710416887e7	2436.762955160003	-18.202265527365025
1.0510689710416887e7	2435.9813522286345	-18.350805381250538
1.0671689710416887e7	2435.199999999999	-18.499345235136047
