-3.127928970469613e8	7211.813049412225	-14.710114665923074	4.474937293522112
-3.032228970469613e8	7141.606299724777	-14.719051371930282	4.35600133366855
-2.936528970469613e8	7072.083010308402	-14.727988077937491	4.220985654088098
-2.840828970469613e8	7003.236527701086	-14.736924783944701	4.064852491700219
-2.745128970469613e8	6928.898488231708	-14.745524427576777	3.9385690334541557
-2.649428970469613e8	6854.315016086611	-14.754066844012161	3.8051460402983235
-2.553728970469613e8	6780.534369141905	-14.762609260447544	3.651139874819937
-2.458028970469613e8	6705.15446955662	-14.770971508618596	3.492865640702054
-2.362328970469613e8	6625.735661946356	-14.778962312266554	3.361721463999658
-2.266628970469613e8	6547.257525730149	-14.786953115914512	3.210744899717842
-2.170928970469613e8	6469.708919181004	-14.79494391956247	3.032850246424094
-2.075228970469613e8	6387.6469957028485	-14.80235959493597	2.894040261411261
-1.979528970469613e8	6305.465035984032	-14.809650708337127	2.7516599769712804
-1.883828970469613e8	6224.340409976325	-14.816941821738283	2.58558763704844
-1.788128970469613e8	6143.7297457787545	-14.824153273003219	2.398500081009069
-1.692428970469613e8	6060.276981177784	-14.830772485801708	2.2753957827267897
-1.596728970469613e8	5977.957789212296	-14.837391698600197	2.134980894367388
-1.501028970469613e8	5896.75677210696	-14.844010911398685	1.9715778882126815
-1.405328970469613e8	5816.658741240633	-14.850630124197172	1.7761575497538626
-1.3096289704696131e8	5719.60688858655	-14.856996106920946	1.6220590181490155
-1.2139289704696131e8	5620.498695440752	-14.863309523729432	1.4608035077544668
-1.1182289704696131e8	5521.936821346262	-14.869960393467927	1.3167338951223075
-1.0225289704696131e8	5424.413855013602	-14.876813535722828	1.1812462393022887
-9.268289704696131e7	5328.418819960766	-14.883861221005883	1.0357263207707412
-8.311289704696131e7	5233.238127851427	-14.89180995786538	0.9249629524773783
-7.354289704696131e7	5139.757633203373	-14.89975869472488	0.8003850408935725
-6.397289704696131e7	5046.05193691827	-14.908439121541512	0.6905537319455979
-5.440289704696131e7	4953.07517089816	-14.917504864610791	0.5860288470942911
-4.483289704696131e7	4860.896871271857	-14.926806092770168	0.4779107096030722
-3.526289704696131e7	4768.13975068386	-14.93670938268114	0.38114423142145576
-2.5692897046961308e7	4677.123040689788	-14.946711975371068	0.27623889855963146
-1.6122897046961308e7	4587.6093653614735	-14.957515809017853	0.1791021620992203
-6.5528970469613075e6	4499.968875897779	-14.968395646392821	0.07263015210074196
3.0171029530386925e6	4416.379540080497	-14.980426094987802	-0.02754108046894651
1.2587102953038692e7	4334.592760298416	-14.992538661232679	-0.13788371490908982
2.2157102953038692e7	4259.385058517667	-15.006346178361557	-0.23903859456213372
3.1727102953038692e7	4185.482254040993	-15.020153695490437	-0.3515893366934967
4.129710295303869e7	4120.08343042802	-15.036058050657752	-0.44947654976496515
5.086710295303869e7	4055.9353344946817	-15.05202984954875	-0.556973082295327
6.043710295303869e7	3999.2191930547847	-15.070054248735278	-0.6532133159636879
7.000710295303869e7	3945.680217584289	-15.088849254879262	-0.7497684177826119
7.957710295303869e7	3894.9167773998256	-15.108427407748456	-0.8493774159057172
8.914710295303869e7	3851.8003169741824	-15.130697488455343	-0.9325660301986275
9.871710295303869e7	3809.161152795387	-15.15296756916223	-1.0233081014272698
1.0828710295303869e8	3770.093532553438	-15.176756039028485	-1.1111533699600677
1.1785710295303869e8	3736.12736392783	-15.202868748247159	-1.187624589590676
1.2742710295303869e8	3702.4672090923623	-15.228981457465835	-1.270431496650802
1.369971029530387e8	3670.4254658233285	-15.25593885608346	-1.3545236106447054
1.465671029530387e8	3642.8536361795896	-15.285610521359324	-1.4248184821427332
1.561371029530387e8	3615.488923066879	-15.315282186635187	-1.5004308714967445
1.657071029530387e8	3588.3297706487583	-15.34495385191105	-1.5822315978841475
1.752771029530387e8	3564.3482845919116	-15.377131971707444	-1.6520102663028733
1.848471029530387e8	3541.219063211907	-15.409896985345037	-1.722209265554072
1.944171029530387e8	3518.2399284224807	-15.442661998982631	-1.7977107336672964
2.039871029530387e8	3495.919504009702	-15.475985759926335	-1.8751077377146204
2.135571029530387e8	3475.642159846323	-15.5114069733465	-1.941740803862502
2.231271029530387e8	3455.4824301434105	-15.546828186766662	-2.0131328254120953
2.326971029530387e8	3435.439632703091	-15.582249400186825	-2.0900162189402076
2.422671029530387e8	3416.4348734848377	-15.618828868331224	-2.16281460045317
2.518371029530387e8	3398.3417912649434	-15.65642716590769	-2.231449846650716
2.614071029530387e8	3380.3445281185327	-15.69402546348416	-2.3051453331009366
2.709771029530387e8	3362.4425765978076	-15.731623761060623	-2.3847070223988993
2.805471029530387e8	3345.6414597414964	-15.770921071948525	-2.454151721448355
2.901171029530387e8	3329.1060792859917	-15.810526876445946	-2.5254892083908684
2.996871029530387e8	3312.652422712169	-15.850132680943368	-2.6023093546456972
3.092571029530387e8	3296.4693946663924	-15.89015095620791	-2.681411899647937
3.188271029530387e8	3281.0516675705194	-15.93167157759914	-2.7511508462307868
3.283971029530387e8	3265.7060498378296	-15.973192198990368	-2.8261203665018555
3.379671029530387e8	3250.432204209775	-16.0147128203816	-2.9071691526853147
3.475371029530387e8	3235.919566836606	-16.057341299778773	-2.9817063298182522
3.571071029530387e8	3221.7910046822867	-16.100484799294332	-3.055434956651868
3.666771029530387e8	3207.7241301763856	-16.14362829880989	-3.135035276585896
3.762471029530387e8	3194.21752944907	-16.18736861092674	-3.216839089347912
3.858171029530387e8	3182.3883004089826	-16.233055180630615	-3.2894102535610914
3.953871029530387e8	3170.6028788611566	-16.27874175033449	-3.3676629985754722
4.049571029530387e8	3158.861102572152	-16.324428320038365	-3.4525630876112157
4.145271029530387e8	3147.291792654702	-16.371020740323075	-3.5268151998509474
4.240971029530387e8	3135.786084155641	-16.417762796365583	-3.603745383215991
4.336671029530387e8	3124.3224376377384	-16.464504852408098	-3.687090769030034
4.432371029530387e8	3113.1551534487803	-16.511816924748835	-3.7667202636811314
4.528071029530387e8	3102.248647501921	-16.559625500846227	-3.8426290100052443
4.623771029530387e8	3091.380350981224	-16.60743407694362	-3.924776727619322
4.719471029530387e8	3080.648794210913	-16.655514363180178	-4.008983413363964
4.815171029530387e8	3070.242916192319	-16.70439165565523	-4.084088228735669
4.910871029530387e8	3059.8721873596887	-16.753268948130277	-4.165295177478106
5.006571029530387e8	3049.536398884457	-16.802160169074288	-4.253358264470751
5.102271029530387e8	3039.229946263485	-16.851916429224616	-4.327883800525802
5.197971029530387e8	3028.9583261389107	-16.901672689374948	-4.408413886557694
5.293671029530387e8	3018.7214207880943	-16.951428949525276	-4.496001562567009
5.389371029530387e8	3008.9239180741934	-17.001926278228748	-4.573635053225718
5.485071029530387e8	2999.239981333301	-17.05257377208146	-4.653802657950904
5.580771029530387e8	2989.5872114259246	-17.10322126593417	-4.740961660661305
5.676471029530387e8	2980.030610336446	-17.154491579064256	-4.821455293470981
5.772171029530387e8	2970.535168440032	-17.206055668431727	-4.901367216461062
5.867871029530387e8	2961.0699824129692	-17.2576197577992	-4.988224051782903
5.963571029530387e8	2951.74787406329	-17.30952749642166	-5.070692442361092
6.059271029530387e8	2942.536755263939	-17.361684474807745	-5.150648249645717
6.154971029530387e8	2933.354380352328	-17.413841453193832	-5.237556935910822
6.250671029530387e8	2924.2944669152303	-17.46645021660217	-5.321638008834171
6.346371029530387e8	2915.3510429487624	-17.519486546390354	-5.402050855455981
6.442071029530387e8	2906.434970821569	-17.572522876178542	-5.489499846089577
6.537771029530387e8	2897.6462850139505	-17.625963092750702	-5.574435152564437
6.633471029530387e8	2888.9834190397596	-17.679804870155902	-5.6555020499587725
6.729171029530387e8	2880.3464517569564	-17.733646647561105	-5.743725186921105
6.824871029530387e8	2871.8468750880247	-17.787790895173977	-5.828718833153152
6.920571029530387e8	2863.46635430823	-17.842190657593513	-5.910822396615034
7.016271029530387e8	2855.1102892642675	-17.896590420013048	-6.00027481876402
7.111971029530387e8	2846.9252758334173	-17.95155657086773	-6.084867254032257
7.207671029530387e8	2838.8507201137813	-18.006859616554998	-6.168473389542383
7.303371029530387e8	2830.799065750427	-18.06216266224226	-6.25971252703191
7.399071029530387e8	2822.9576471906203	-18.11777772431892	-6.342938720327799
7.494771029530387e8	2815.1918438077364	-18.17348276453206	-6.428360811017463
7.590471029530387e8	2807.4474037287764	-18.229187804745198	-6.52176717536512
7.686171029530387e8	2799.9827053616386	-18.285650872407786	-6.60315758840111
7.781871029530387e8	2792.5463735294647	-18.34213899189745	-6.690991024112429
7.877571029530387e8	2785.1869129314405	-18.398791672478698	-6.782648078663534
7.973271029530387e8	2778.042604999826	-18.45600977514536	-6.866118158210927
8.068971029530387e8	2770.9166229965635	-18.513227877812028	-6.957195268775796
8.164671029530387e8	2763.9978094283547	-18.570670426743565	-7.045718395055471
8.260371029530387e8	2757.2518401525745	-18.628298279619937	-7.1323292785693475
8.356071029530387e8	2750.522335470688	-18.685926132496316	-7.227159077828148
8.451771029530387e8	2744.045374089442	-18.744169883624462	-7.311536772072272
8.547471029530387e8	2737.603516681399	-18.802465536866954	-7.401831776588988
8.643171029530387e8	2731.315171713962	-18.86091580134785	-7.493642313562747
8.738871029530387e8	2725.2848790691046	-18.919638836019057	-7.5803500226825795
8.834571029530387e8	2719.2679003141093	-18.978361870690264	-7.675295922723983
8.930271029530387e8	2713.577965065244	-19.037456042777393	-7.761911762090308
9.025971029530387e8	2707.9527922064135	-19.096612864291313	-7.853387700457834
9.121671029530387e8	2702.4965708077784	-19.15597623129718	-7.945852980556175
9.217371029530387e8	2697.283920506411	-19.215645600816558	-8.034393386611907
9.313071029530387e8	2692.0843523327767	-19.275317606193433	-8.131469456979461
9.408771029530387e8	2687.7329685083005	-19.335720563692654	-8.216993158546085
9.504471029530387e8	2683.3886180968616	-19.396123521191875	-8.310521044321469
9.600171029530387e8	2679.0320486584287	-19.45414931763706	-8.394034851720939
9.695871029530387e8	2674.6714589622807	-19.510802343743258	-8.472916402890299
9.791571029530387e8	2670.3179668827943	-19.567455369849462	-8.558557240035544
9.887271029530387e8	2665.971560867361	-19.62410839595566	-8.652225247642734
9.982971029530387e8	2661.6322293821863	-19.680761422061856	-8.755582319283022
1.0078671029530387e9	2657.8770167198923	-19.737624340200117	-8.841064759256772
1.0174371029530387e9	2654.3559997506345	-19.794570620051413	-8.921820248179179
1.0270071029530387e9	2650.839647241174	-19.851516899902705	-9.009674658548091
1.0365771029530387e9	2647.327953012283	-19.908463179754	-9.105997417435786
1.0461471029530387e9	2643.8209108929095	-19.965409459605297	-9.21259692377691
1.0557171029530387e9	2640.6481954969545	-20.02212536035136	-9.29275977950151
1.0652871029530387e9	2637.512482211604	-20.078818038553237	-9.375697284982774
1.0748571029530387e9	2634.38049251875	-20.135510716755117	-9.466140625623796
1.0844271029530387e9	2631.252221996707	-20.192203394956994	-9.565584769995027
1.0939971029530387e9	2628.1435594967443	-20.248876576911385	-9.671153104883441
1.1035671029530387e9	2625.155844252136	-20.305405731827044	-9.749619154485634
1.1131371029530387e9	2622.171525489561	-20.361934886742695	-9.834770407543825
1.1227071029530387e9	2619.1905993478485	-20.41846404165835	-9.92785299630465
1.1322771029530387e9	2616.2130619702107	-20.474993196574005	-10.030497622238437
1.1418471029530387e9	2613.2196193200434	-20.5310965047268	-10.131205412305567
1.1514171029530387e9	2610.189266919154	-20.586308358327404	-10.211861367292688
1.1609871029530387e9	2607.1624285878843	-20.641520211928015	-10.29959797629459
1.1705571029530387e9	2604.1391002512387	-20.69673206552862	-10.395779129353938
1.1801271029530387e9	2601.1192778389295	-20.751943919129232	-10.50220519910028
1.1896971029530387e9	2597.9892144501396	-20.807227702055577	-10.603926122926898
1.1992671029530387e9	2594.690367775361	-20.862620740507474	-10.688264934924122
1.2088371029530387e9	2591.395709874471	-20.91801377895937	-10.780377436511284
1.2184071029530387e9	2588.1052354286935	-20.973406817411266	-10.881843514015893
1.2279771029530387e9	2584.8189391260075	-21.028799855863166	-10.994779733655095
1.2375471029530387e9	2581.335886250713	-21.08407107266571	-11.100261964627432
1.2471171029530387e9	2577.6370327774825	-21.139208414656444	-11.191821404191163
1.2566871029530387e9	2573.9434794734716	-21.19434575664718	-11.29261670465221
1.2662571029530387e9	2570.2552187439533	-21.24948309863791	-11.40472237404353
1.2758271029530387e9	2566.5722430050814	-21.304620440628646	-11.531001340021415
1.2853971029530387e9	2562.534332897992	-21.36032388205215	-11.646908801290245
1.2949671029530387e9	2558.2344369491193	-21.416449753705244	-11.754285935323331
1.3045371029530387e9	2553.941756164131	-21.47257562535834	-11.874595476305156
1.3141071029530387e9	2549.6562784360854	-21.52870149701143	-12.011384640662541
1.3236771029530387e9	2545.3779916783583	-21.584827368664524	-12.16989559138763
1.3332471029530387e9	2540.4216032540467	-21.640943910405806	-12.303688276927167
1.3428171029530387e9	2535.4085255896807	-21.697059547044553	-12.452182499532668
1.3523871029530387e9	2530.405340357195	-21.753175183683297	-12.626638386549473
1.3619571029530387e9	2525.4120280356174	-21.809290820322044	-12.838098234410875
1.3715271029530387e9	2519.9074552556153	-21.866661792581365	-13.05933686059653
1.3810971029530387e9	2514.0915575174167	-21.924813465338083	-13.30639951282512
1.3906671029530387e9	2508.2890827588712	-21.9829651380948	-13.63526381323632
1.4002371029530387e9	2502.4999999999995	-22.04111681085152	-14.128559493626197
