-3.2720927425931886e7	4524.151317540096	-8.520996503507945
-3.2521427425931886e7	4506.745520163696	-8.546302738433685
-3.2321927425931886e7	4489.406688227016	-8.571608973359425
-3.2122427425931886e7	4472.1345640934705	-8.596915208285164
-3.1922927425931886e7	4454.928891117675	-8.622221443210902
-3.1723427425931886e7	4437.67748527898	-8.647868503792038
-3.1523927425931886e7	4420.374666959779	-8.673876949039668
-3.1324427425931886e7	4403.139313552739	-8.699885394287296
-3.1124927425931886e7	4385.971162007408	-8.725893839534923
-3.0925427425931886e7	4368.869950298988	-8.751902284782552
-3.0725927425931886e7	4351.709181237019	-8.778290164490615
-3.0526427425931886e7	4334.491714319512	-8.805052553929666
-3.0326927425931886e7	4317.342368031105	-8.83181494336872
-3.0127427425931886e7	4300.260872853618	-8.858577332807771
-2.9927927425931886e7	4283.2469603352365	-8.885339722246822
-2.9728427425931886e7	4266.145510444555	-8.912555617587628
-2.9528927425931886e7	4248.997338004941	-8.94010967317202
-2.9329427425931886e7	4231.918094254524	-8.967663728756415
-2.9129927425931886e7	4214.907502127987	-8.995217784340808
-2.8930427425931886e7	4197.965285673675	-9.0227718399252
-2.8730927425931886e7	4180.898080223558	-9.050858112851403
-2.8531427425931886e7	4163.813219890611	-9.079185292000869
-2.8331927425931886e7	4146.798175287914	-9.107512471150333
-2.8132427425931886e7	4129.852661119838	-9.135839650299799
-2.7932927425931886e7	4112.976393256569	-9.164166829449263
-2.7733427425931886e7	4095.582717806073	-9.193755830230664
-2.7533927425931886e7	4078.14229740881	-9.223604833637573
-2.7334427425931886e7	4060.69758292258	-9.253709522484101
-2.7134927425931886e7	4043.242695851284	-9.284091373256778
-2.6935427425931886e7	4025.844056663253	-9.31452842422901
-2.6735927425931886e7	4008.4058753459362	-9.345303189648181
-2.6536427425931886e7	3991.0432285409793	-9.376077955067352
-2.6336927425931886e7	3973.660067073425	-9.40723778399134
-2.6137427425931886e7	3956.3289668904135	-9.438493175431786
-2.5937927425931886e7	3938.97123725785	-9.469990589238128
-2.5738427425931886e7	3921.5729041642016	-9.501765674239536
-2.5538927425931886e7	3904.2379857375163	-9.533604875804869
-2.5339427425931886e7	3886.8946213840213	-9.565851935604892
-2.5139927425931886e7	3869.6282995387364	-9.598098995404916
-2.4940427425931886e7	3852.3313945064465	-9.630709629184125
-2.4740927425931886e7	3835.0862174715207	-9.663407368148192
-2.4541427425931886e7	3817.823571078184	-9.696382888015428
-2.4341927425931886e7	3800.535354208906	-9.729662817433026
-2.4142427425931886e7	3783.306222977535	-9.76302684706187
-2.3942927425931886e7	3766.0515601140046	-9.796846894572615
-2.3743427425931886e7	3748.8755912215634	-9.830666942083363
-2.3543927425931886e7	3731.6259253071835	-9.864950968199572
-2.3344427425931886e7	3714.4263697376514	-9.899324707472474
-2.3144927425931886e7	3697.2478450196513	-9.93400983827804
-2.2945427425931886e7	3680.096506769317	-9.968975675051986
-2.2745927425931886e7	3663.0047286656445	-10.004021514638195
-2.2546427425931886e7	3645.9223680870377	-10.039348469992971
-2.2346927425931886e7	3628.9196708079767	-10.074675425347749
-2.2147427425931886e7	3611.8830780245016	-10.110556976549873
-2.1947927425931886e7	3594.9153784268938	-10.146493114270767
-2.1748427425931886e7	3580.528148277938	-10.1771700369484
-2.1548927425931886e7	3567.799643432844	-10.204468082886581
-2.1349427425931886e7	3555.1163874529807	-10.231766128824763
-2.1149927425931886e7	3542.1815502527734	-10.259845206366446
-2.0950427425931886e7	3529.0422168142422	-10.288589022503594
-2.0750927425931886e7	3515.9516222900734	-10.317332838640743
-2.0551427425931886e7	3502.7226277085	-10.346554019252022
-2.0351927425931886e7	3489.4140431647925	-10.376106772655573
-2.0152427425931886e7	3476.156024549758	-10.405659526059125
-1.9952927425931886e7	3463.326976541474	-10.434529813818752
-1.9753427425931886e7	3450.718149765164	-10.46308734529218
-1.9553927425931886e7	3438.1552275522204	-10.491644876765609
-1.9354427425931886e7	3424.5602931265125	-10.522720387366052
-1.9154927425931886e7	3410.427105426115	-10.555184857499302
-1.8955427425931886e7	3396.3522455043094	-10.587649327632551
-1.8755927425931886e7	3379.4902878442936	-10.626905418686693
-1.8556427425931886e7	3362.5292283836884	-10.666600277930657
-1.8356927425931886e7	3345.4977719293674	-10.70669850176202
-1.8157427425931886e7	3328.487059798306	-10.746967533949553
-1.7957927425931886e7	3311.437272875358	-10.787613815537282
-1.7758427425931886e7	3294.337042994279	-10.828676177429472
-1.7558927425931886e7	3277.2421847489272	-10.869945414977465
-1.7359427425931886e7	3260.01233535148	-10.91177560000657
-1.7159927425931886e7	3242.8579595939746	-10.95364933737768
-1.6960427425931886e7	3225.6287758541384	-10.996001379496448
-1.6760927425931886e7	3208.491130126766	-11.038353421615215
-1.6561427425931886e7	3191.1188703912985	-11.081383078517995
-1.6361927425931886e7	3173.8074171271364	-11.1244823099334
-1.6162427425931886e7	3156.4146186036264	-11.168052699899023
-1.5962927425931886e7	3139.0591407723673	-11.21177986337151
-1.5763427425931886e7	3121.653318542153	-11.255833055575408
-1.5563927425931886e7	3104.25096077939	-11.300095525667428
-1.5364427425931886e7	3086.841193321199	-11.344544201975797
-1.5164927425931886e7	3069.415529917338	-11.38919648413842
-1.4965427425931886e7	3052.2276731134048	-11.433431551838344
-1.4765927425931886e7	3035.3898033116634	-11.476903165019563
-1.4566427425931886e7	3018.552359082679	-11.520573716651988
-1.4366927425931886e7	3001.3217769448447	-11.565297025576648
-1.4167427425931886e7	2984.186047411693	-11.610026361926751
-1.3967927425931886e7	2966.8688684061312	-11.655238965172915
-1.3768427425931886e7	2949.6521806849423	-11.700451568419078
-1.3568927425931886e7	2932.050578460134	-11.746662780135548
-1.3369427425931886e7	2914.4849087769217	-11.793017192697208
-1.3169927425931886e7	2897.386327580403	-11.838116872623292
-1.2970427425931886e7	2880.4941268907387	-11.88284662270507
-1.2770927425931886e7	2863.361239553921	-11.928239175097639
-1.2571427425931886e7	2846.0783509698126	-11.97412699497788
-1.2371927425931886e7	2830.303239689656	-12.016087045244523
-1.2172427425931886e7	2816.68952184531	-12.052214098953272
-1.1972927425931886e7	2803.141285787838	-12.08834115266202
-1.1773427425931886e7	2789.246709034392	-12.1252060031504
-1.1573927425931886e7	2775.1530594924084	-12.162553707953585
-1.1374427425931886e7	2761.130623069287	-12.199901412756768
-1.1174927425931886e7	2744.8362236105186	-12.24312300408458
-1.0975427425931886e7	2728.2194755177466	-12.287400633922832
-1.0775927425931886e7	2711.1215440068518	-12.332884295628983
-1.0576427425931886e7	2693.470455890872	-12.379745736550383
-1.0376927425931886e7	2675.592781438313	-12.427350099586274
-1.0177427425931886e7	2655.9483132032087	-12.479085273502282
-9.977927425931886e6	2636.448076607133	-12.530820447418293
-9.778427425931886e6	2615.559967390346	-12.585365480690516
-9.578927425931886e6	2594.809648336674	-12.639961776628644
-9.379427425931886e6	2573.704327667095	-12.694850659928601
-9.179927425931886e6	2552.672338084352	-12.749795372782309
-8.980427425931886e6	2531.4842622211095	-12.80340862699933
-8.780927425931886e6	2510.259217303436	-12.856150465777501
-8.581427425931886e6	2489.2121322247713	-12.908892304555675
-8.381927425931887e6	2468.341514893841	-12.961634143333846
-8.182427425931887e6	2447.6458857297034	-13.01437598211202
-7.982927425931887e6	2434.3739386080465	-13.070991241741947
-7.783427425931887e6	2428.079656509533	-13.131305208187694
-7.583927425931887e6	2421.8016488159133	-13.191619174633438
-7.384427425931887e6	2415.539873448315	-13.251933141079185
-7.184927425931887e6	2409.2942884366794	-13.312247107524929
-6.985427425931887e6	2403.064851919451	-13.372561073970674
-6.785927425931887e6	2397.2568616648678	-13.432372318118432
-6.586427425931887e6	2391.480890945901	-13.492161207848824
-6.386927425931887e6	2385.7188368990587	-13.551950097579216
-6.187427425931887e6	2379.970665993398	-13.611738987309607
-5.987927425931887e6	2374.2363447787598	-13.671527877039999
-5.788427425931887e6	2368.487002236017	-13.731590790186813
-5.588927425931887e6	2362.641512817899	-13.792702181554244
-5.389427425931887e6	2356.8104502243805	-13.853813572921677
-5.189927425931887e6	2350.993778849663	-13.91492496428911
-4.990427425931887e6	2345.1914631758414	-13.976036355656543
-4.790927425931887e6	2339.4034677726545	-14.037147747023974
-4.591427425931887e6	2333.6686272397938	-14.098323282053324
-4.391927425931887e6	2327.9996356783463	-14.159584490796963
-4.192427425931887e6	2322.344415337435	-14.220845699540604
-3.992927425931887e6	2316.7029327637506	-14.282106908284245
-3.793427425931887e6	2311.075154585256	-14.343368117027884
-3.593927425931887e6	2305.461047510975	-14.404629325771525
-3.394427425931887e6	2299.98005400125	-14.466562694487326
-3.194927425931887e6	2294.6278577329817	-14.529148875753828
-2.995427425931887e6	2289.288116357459	-14.591735057020331
-2.795927425931887e6	2283.960800891375	-14.654321238286833
-2.596427425931887e6	2278.645882418865	-14.716907419553337
-2.396927425931887e6	2273.343332091365	-14.77949360081984
-2.197427425931887e6	2268.3488524788245	-14.84214252837812
-1.9979274259318868e6	2263.5997461758366	-14.904841293147022
-1.7984274259318868e6	2258.8605827926285	-14.967540057915924
-1.5989274259318868e6	2254.13134151231	-15.030238822684828
-1.3994274259318868e6	2249.412001561559	-15.09293758745373
-1.1999274259318868e6	2244.702542210563	-15.155636352222631
-1.0004274259318868e6	2240.290987070822	-15.218911997755088
-800927.4259318868	2236.215254011505	-15.28284404694124
-601427.4259318868	2232.146935881796	-15.346776096127389
-401927.42593188677	2228.086019191809	-15.41070814531354
-202427.42593188677	2224.032490476193	-15.474640194499692
-2927.42593188677	2219.9863362941037	-15.538572243685842
196572.57406811323	2216.1283268331895	-15.602703190523137
396072.57406811323	2212.5981212244747	-15.667187984756033
595572.5740681132	2209.073539095	-15.73167277898893
795072.5740681132	2205.554571486783	-15.796157573221825
994572.5740681132	2202.04120945611	-15.86064236745472
1.1940725740681132e6	2198.5334440735214	-15.925127161687616
1.3935725740681132e6	2195.1826893936186	-15.990003143919488
1.5930725740681132e6	2192.477252439505	-16.056535280569314
1.7925725740681132e6	2189.7751497815057	-16.123067417219133
1.9920725740681132e6	2187.0763773102885	-16.189599553868955
2.191572574068113e6	2184.380930921597	-16.256131690518778
2.391072574068113e6	2181.6888065162184	-16.322663827168604
2.590572574068113e6	2179.000000000001	-16.389195963818423
