-4.122570193355491e8	7658.34225332598	-15.208426278747266	4.623640946576042
-4.032670193355491e8	7590.463563709192	-15.216087670103438	4.518158306372213
-3.942770193355491e8	7523.186507755641	-15.223749061459607	4.400222594056955
-3.852870193355491e8	7456.505752966031	-15.231410452815778	4.266494868613129
-3.762970193355491e8	7381.873150106814	-15.238335033972676	4.157716859704583
-3.673070193355491e8	7306.379211295412	-15.24511939924265	4.045191078555604
-3.583170193355491e8	7231.657344108848	-15.25190376451263	3.918378653596403
-3.493270193355491e8	7155.637477491589	-15.258491175209924	3.783302605794586
-3.403370193355491e8	7071.33298307036	-15.2642011067817	3.6785256679628815
-3.313470193355491e8	6988.021726191158	-15.269911038353477	3.5614716259981436
-3.223570193355491e8	6905.6920049770615	-15.275620969925253	3.428876730774824
-3.133670193355491e8	6818.280384063956	-15.280607145169173	3.312192255436574
-3.043770193355491e8	6727.313240821868	-15.285028191327722	3.2112772982577598
-2.953870193355491e8	6637.559749803423	-15.289449237486274	3.0990235623232127
-2.863970193355491e8	6549.003718879626	-15.293870283644825	2.9725566391155414
-2.774070193355491e8	6456.713372557734	-15.29771034424286	2.8747821914074185
-2.6841701933554912e8	6363.45418681832	-15.301278202083534	2.7901084925183337
-2.5942701933554912e8	6271.542013904605	-15.304846059924209	2.6975963320352654
-2.5043701933554912e8	6180.957397893454	-15.308413917764883	2.5956450199498624
-2.4144701933554912e8	6091.648732086999	-15.311981433263108	2.482167371171868
-2.3245701933554912e8	5979.871172945506	-15.315293968506301	2.4038177967864325
-2.2346701933554912e8	5870.144655037215	-15.318606503749496	2.3188037065914164
-2.1447701933554912e8	5765.3216319394405	-15.323221255716431	2.2387623570599815
-2.0548701933554912e8	5665.246296864917	-15.329154710251842	2.1657882489927798
-1.9649701933554912e8	5566.9080847697405	-15.335088164787253	2.0870667598819286
-1.8750701933554912e8	5473.201650505674	-15.342790405108904	2.0137118935233262
-1.7851701933554912e8	5382.195862998166	-15.351183343441791	1.9396165024301362
-1.6952701933554912e8	5292.703276335205	-15.359576281774682	1.8595884724605043
-1.6053701933554912e8	5203.320712146903	-15.368690670265392	1.7822348911079993
-1.5154701933554912e8	5115.34929107747	-15.377857435381143	1.699149432237326
-1.4255701933554912e8	5027.432649829845	-15.387095071400264	1.6113229035534729
-1.3356701933554912e8	4938.237276451599	-15.396473195788053	1.5211025077824205
-1.2457701933554912e8	4850.620259799972	-15.405852043420131	1.4219502418804493
-1.1558701933554912e8	4762.559414083837	-15.415587772369026	1.3241260832621957
-1.0659701933554912e8	4676.097273715252	-15.425323501317921	1.2156843191421043
-9.760701933554912e7	4592.012489111774	-15.435891854772525	1.1103395361191362
-8.861701933554912e7	4509.570323176543	-15.446597315332845	0.9955673481076597
-7.962701933554912e7	4431.872921601323	-15.458554912862422	0.8874747972314423
-7.063701933554912e7	4356.241725557088	-15.470796310992734	0.7717138784229406
-6.1647019335549116e7	4286.46640422445	-15.48457116362329	0.66576339337453
-5.2657019335549116e7	4219.025270995949	-15.49876103498306	0.5547334498264105
-4.3667019335549116e7	4157.474992732176	-15.514526537286965	0.4535603249049459
-3.4677019335549116e7	4098.864142542747	-15.530967339325915	0.3521781527175436
-2.5687019335549116e7	4044.3848891415555	-15.548579519503077	0.25524422830302224
-1.6697019335549116e7	3994.0250740888946	-15.567410171960919	0.1659967291411625
-7.707019335549116e6	3944.945122599309	-15.58649434568448	0.07093842097874967
1.2829806644508839e6	3902.070850774007	-15.607779657560211	-0.006178852948168203
1.0272980664450884e7	3859.6625431452712	-15.629064969435941	-0.08974389674887462
1.9262980664450884e7	3820.4829900503155	-15.651627170457232	-0.1683515564252169
2.8252980664450884e7	3784.531003603446	-15.675507279782515	-0.23971269301057782
3.7242980664450884e7	3748.917337032066	-15.6993873891078	-0.31656026635468465
4.6232980664450884e7	3716.8966760475073	-15.72497181387298	-0.38615483697013675
5.5222980664450884e7	3687.053705378906	-15.751560275896999	-0.45238483801581053
6.4212980664450884e7	3657.4503439800606	-15.778148737921013	-0.5233143392941609
7.320298066445088e7	3630.276265984697	-15.806134131342207	-0.5903181486021408
8.219298066445088e7	3605.347862890981	-15.835431217944535	-0.6527970555451951
9.118298066445088e7	3580.5906383069073	-15.864728304546862	-0.7194412648487528
1.0017298066445088e8	3556.628743787952	-15.894475178968925	-0.7878504176865349
1.0916298066445088e8	3535.449976754841	-15.926120409165884	-0.8477903514187569
1.1815298066445088e8	3514.3973235799244	-15.957765639362844	-0.9115534590297943
1.2714298066445088e8	3493.470033289115	-15.989410869559805	-0.979660879248842
1.3613298066445088e8	3474.2798101402173	-16.022608364339884	-1.0421966737921837
1.4512298066445088e8	3455.853948813308	-16.056443505028497	-1.1043071783227265
1.5411298066445088e8	3437.5258091392852	-16.090278645717117	-1.1705323732378943
1.6310298066445088e8	3419.6266002824527	-16.124407853132244	-1.239288124118866
1.7209298066445088e8	3403.631061507686	-16.16014988176837	-1.3004144853273452
1.8108298066445088e8	3387.710342966413	-16.195891910404498	-1.3655219489375434
1.9007298066445088e8	3371.8640946818423	-16.231633939040623	-1.4351654370022455
1.9906298066445088e8	3357.1829648048843	-16.268420974680122	-1.5014762058151305
2.0805298066445088e8	3343.4010453974156	-16.30601135636688	-1.5654976979382076
2.1704298066445088e8	3329.6757035743526	-16.34360173805364	-1.6339000062670275
2.2603298066445088e8	3316.0067070731884	-16.381192119740398	-1.7073269924865837
2.3502298066445088e8	3303.5656835195587	-16.420090704531876	-1.7705201634668832
2.4401298066445088e8	3291.189303433508	-16.45900941880744	-1.8377155592072985
2.5300298066445088e8	3278.8592898491984	-16.497928133083008	-1.9097535276963375
2.6199298066445088e8	3266.975431180618	-16.537447869668185	-1.9804582028052502
2.709829806644509e8	3255.67217461653	-16.577778173820022	-2.0465472553278916
2.799729806644509e8	3244.4080256648626	-16.618108477971855	-2.1173151115462
2.889629806644509e8	3233.1828490190055	-16.65843878212369	-2.193475065593798
2.979529806644509e8	3222.5974422184577	-16.699704301126022	-2.2597915714825874
3.069429806644509e8	3212.097930264844	-16.741049814799126	-2.3293524091756286
3.159329806644509e8	3201.632626664349	-16.782395328472234	-2.4041161280489765
3.249229806644509e8	3191.477566362887	-16.82415220199126	-2.476944867131678
3.339129806644509e8	3181.6773353587764	-16.86639114701932	-2.5454724738571035
3.429029806644509e8	3171.907198417913	-16.90863009204738	-2.6190438709053123
3.518929806644509e8	3162.1887743326083	-16.950912198524325	-2.69769344049375
3.608829806644509e8	3152.9647607306842	-16.994120755942305	-2.7652844111914936
3.698729806644509e8	3143.767653310844	-17.03732931336028	-2.83777724386396
3.788629806644509e8	3134.5973735885127	-17.080537870778265	-2.915938913313366
3.878529806644509e8	3125.679389047039	-17.12418981126012	-2.988133988256596
3.968429806644509e8	3116.890954698293	-17.168047121476185	-3.0597013668664284
4.058329806644509e8	3108.1272306824612	-17.211904431692247	-3.1367881836975156
4.148229806644509e8	3099.5164463003484	-17.255993119565257	-3.2136669902317507
4.238129806644509e8	3091.149395764622	-17.300479421716627	-3.2846480962679507
4.328029806644509e8	3082.804931827773	-17.344965723867997	-3.3610551081102313
4.417929806644509e8	3074.507879248424	-17.38952043225923	-3.442015777314961
4.507829806644509e8	3066.4608410687306	-17.434702663995584	-3.512542172334719
4.597729806644509e8	3058.4348647389306	-17.47988489573194	-3.5884225218924946
4.687629806644509e8	3050.429895132968	-17.52506712746829	-3.670536981321188
4.777529806644509e8	3042.70412397411	-17.570704522804434	-3.7428153795122703
4.867429806644509e8	3035.031833529376	-17.61640184058047	-3.818305633532235
4.957329806644509e8	3027.3788890474007	-17.6620991583565	-3.899963422014769
5.047229806644509e8	3019.8767703341	-17.7082477672065	-3.9751967765728007
5.137129806644509e8	3012.4455865910177	-17.754576415708495	-4.050687144929814
5.227029806644509e8	3005.0326891874197	-17.80090506421049	-4.132345067206014
5.316929806644509e8	2997.795271010527	-17.84749063041746	-4.209754519598971
5.406829806644509e8	2990.6782590798534	-17.89424485144061	-4.285523010159169
5.496729806644509e8	2983.5781435194313	-17.940999072463764	-4.367506480697553
5.586629806644509e8	2976.6071737864518	-17.987962214055376	-4.4464769950460665
5.676529806644509e8	2969.7488926123383	-18.035105128932393	-4.522625449236463
5.766429806644509e8	2962.906413328744	-18.08224804380941	-4.605053993532379
5.856329806644509e8	2956.2137871414893	-18.12968284989369	-4.684957120328846
5.946229806644509e8	2949.6617951788085	-18.177391496382292	-4.761738223978846
6.036129806644509e8	2943.124324695886	-18.22510014287089	-4.84490864326107
6.126029806644509e8	2936.6912397067817	-18.27301465469863	-4.925043629890158
6.215929806644509e8	2930.3450287483856	-18.32109627044428	-5.0028822296466515
6.305829806644509e8	2924.0125319976632	-18.36917788618993	-5.087294999713342
6.395729806644509e8	2917.887267563821	-18.417379738597383	-5.167151822211002
6.485629806644509e8	2911.886206623389	-18.465650919791614	-5.246258007194816
6.575529806644509e8	2905.897487740455	-18.51392210098585	-5.332163714230105
6.665429806644509e8	2900.0442172570165	-18.562622965445108	-5.411224017846325
6.755329806644509e8	2894.2437808958334	-18.6114673431312	-5.491698756477117
6.845229806644509e8	2888.4549461032684	-18.66031172081729	-5.5792209562644
6.935129806644509e8	2882.9120734248586	-18.709364033686164	-5.656551150408369
7.025029806644509e8	2877.3998147138714	-18.7584341028782	-5.738657137616351
7.114929806644509e8	2871.924694388109	-18.80756198331474	-5.8257148034943205
7.204829806644509e8	2866.6413681467143	-18.857084814772357	-5.9032431585448215
7.294729806644509e8	2861.3677613580016	-18.906607646229972	-5.987291155619759
7.384629806644509e8	2856.1747212988457	-18.956164551963532	-6.071790960948724
7.474529806644509e8	2851.1068015439646	-19.005777187213603	-6.151193698224142
7.564429806644509e8	2846.0478741698594	-19.055389822463678	-6.23744927421335
7.654329806644509e8	2841.14890423267	-19.105083460226858	-6.318984975710743
7.744229806644509e8	2836.3380800066598	-19.15481993664884	-6.400401224058922
7.834129806644509e8	2831.5354017914738	-19.20455641307082	-6.489038312472257
7.924029806644509e8	2827.0386798645363	-19.254581221593924	-6.566893972287758
8.013929806644509e8	2822.5644400632036	-19.304620904928775	-6.6502483941589565
8.103829806644509e8	2818.16471066701	-19.35389288625135	-6.73354165492384
8.193729806644509e8	2813.9544351497243	-19.401082806766198	-6.802037519777367
8.283629806644509e8	2809.7504496905954	-19.448272727281047	-6.875572329513032
8.373529806644509e8	2805.552744892418	-19.495462647795893	-6.954946762641252
8.463429806644509e8	2801.361311372027	-19.542652568310743	-7.041168935961767
8.553329806644509e8	2797.1761397602645	-19.58984248882559	-7.135532892780522
8.643229806644509e8	2793.171300723949	-19.63709258210572	-7.215336931809449
8.733129806644509e8	2789.27738721122	-19.684379086394138	-7.286283291377985
8.823029806644509e8	2785.3889021383598	-19.731665590682557	-7.362650040397543
8.912929806644509e8	2781.5058379376646	-19.778952094970975	-7.445334452429646
9.002829806644509e8	2777.6281870519965	-19.826238599259398	-7.535476867602399
9.092729806644509e8	2773.756966990332	-19.873526354726216	-7.634127679304203
9.182629806644509e8	2769.9800242434126	-19.920922748753192	-7.702821029758546
9.272529806644509e8	2766.2082244476155	-19.96831914278017	-7.7765835121614995
9.362429806644509e8	2762.441560599946	-20.01571553680715	-7.856223299263033
9.452329806644509e8	2758.680025706924	-20.063111930834125	-7.9427587066046135
9.542229806644509e8	2754.9236127846084	-20.1105083248611	-8.037498021712242
9.632129806644509e8	2751.1665322978756	-20.158091000953643	-8.125921752276078
9.722029806644509e8	2747.4061760564628	-20.205944634100298	-8.197439753550572
9.811929806644509e8	2743.650959554467	-20.25379826724695	-8.274469282312623
9.901829806644509e8	2739.9008757667725	-20.3016519003936	-8.35793129575463
9.991729806644509e8	2736.155917677874	-20.349505533540256	-8.448998802036769
1.0081629806644509e9	2732.416078281845	-20.397359166686908	-8.54919815421154
1.0171529806644509e9	2728.6872909523704	-20.444267183590107	-8.625362545610209
1.0261429806644509e9	2724.9647632050223	-20.490988525009946	-8.700421398102012
1.0351329806644509e9	2721.247313801707	-20.537709866429786	-8.78157461015349
1.0441229806644509e9	2717.5349358144535	-20.58443120784963	-8.869899993326793
1.0531129806644509e9	2713.827622324737	-20.63115254926947	-8.966789263079324
1.0621029806644509e9	2710.0976388811646	-20.67798243761311	-9.069947987086513
1.0710929806644509e9	2706.1270153957	-20.72577581856111	-9.144712615313937
1.080082980664451e9	2702.1622093577803	-20.77356919950911	-9.225521967123422
1.089072980664451e9	2698.2032122441383	-20.821362580457112	-9.313440136495458
1.098062980664451e9	2694.2500155439943	-20.869155961405117	-9.409839553674987
1.107052980664451e9	2690.3026107590304	-20.916949342353117	-9.516532972687994
1.116042980664451e9	2686.208233938666	-20.96501990324237	-9.614022333497372
1.125032980664451e9	2681.9626871042788	-21.01337652587423	-9.697383014106459
1.134022980664451e9	2677.7238503483186	-21.061733148506086	-9.788329878204726
1.143012980664451e9	2673.4917130655185	-21.110089771137943	-9.888383178409454
1.152002980664451e9	2669.2662646673784	-21.158446393769797	-9.999571560340208
1.160992980664451e9	2665.04270626746	-21.206796939972268	-10.124122025603471
1.169982980664451e9	2660.4468101352372	-21.25466570738645	-10.216035524035737
1.178972980664451e9	2655.8588396776026	-21.302534474800638	-10.317260147528438
1.187962980664451e9	2651.278781226643	-21.350403242214817	-10.429897257274344
1.196952980664451e9	2646.7066211380156	-21.398272009629	-10.556851132864203
1.205942980664451e9	2642.1423457909023	-21.44614077704318	-10.70229855281167
1.214932980664451e9	2637.06712072958	-21.49526755337181	-10.833712983468047
1.223922980664451e9	2631.7620440111805	-21.54497650205607	-10.96474128094118
1.232912980664451e9	2626.467639694238	-21.59468545074033	-11.11556421715957
1.241902980664451e9	2621.183886308726	-21.644394399424588	-11.293245458957868
1.250892980664451e9	2615.9107624278113	-21.694103348108847	-11.509468663155662
1.259882980664451e9	2610.0479950933313	-21.74527346537886	-11.703859941986568
1.268872980664451e9	2604.1855053794843	-21.796474966087036	-11.943238579843946
1.277862980664451e9	2598.3361835405944	-21.84767646679521	-12.258578960648535
1.286852980664451e9	2592.5000000000005	-21.898877967503388	-12.721767148367071
