-1.297114649775315e8	5579.031393725175	-12.299318649540913	4.208607689646278
-1.225114649775315e8	5477.083294101502	-12.334233932991259	3.966566234679907
-1.153114649775315e8	5377.673611554053	-12.369403688738364	3.666192904956163
-1.081114649775315e8	5285.502815496033	-12.406657467478936	3.4539405419838727
-1.009114649775315e8	5194.911783525547	-12.443911246219507	3.1841509306158358
-9.37114649775315e7	5108.552297988059	-12.483175580183342	2.9353177288315315
-8.65114649775315e7	5025.583813127375	-12.523931601016676	2.715342684916906
-7.93114649775315e7	4943.96282733855	-12.564687621850013	2.432919249859008
-7.21114649775315e7	4867.136822228641	-12.608782531401776	2.2323251178793964
-6.491146497753149e7	4791.935821533676	-12.653298783481942	2.009393660877835
-5.771146497753149e7	4718.297122104903	-12.69866706778457	1.750122631613863
-5.051146497753149e7	4647.560117077035	-12.74785999223882	1.5616352586077926
-4.331146497753149e7	4577.883605644814	-12.797052916693067	1.3291711091796548
-3.611146497753149e7	4506.572221912983	-12.850883218436913	1.0952705628351018
-2.8911464977531493e7	4435.449888433734	-12.908587411073608	0.8758058475353708
-2.1711464977531493e7	4366.6772197094615	-12.968000968142945	0.6582342192910738
-1.4511464977531493e7	4300.011086540557	-13.02905893375398	0.44146941025598463
-7.311464977531493e6	4235.286880583612	-13.091793843540065	0.22450136001488202
-111464.97753149271	4172.336732672265	-13.156162355360983	0.006671099671737044
7.088535022468507e6	4110.946770878521	-13.222118684121545	-0.21224053330123827
1.4288535022468507e7	4050.9627737746746	-13.289684375918007	-0.43206329307214625
2.1488535022468507e7	3992.4893638265917	-13.358963116518273	-0.6525401754446464
2.8688535022468507e7	3935.6750346264175	-13.43001183788786	-0.8706925767514211
3.588853502246851e7	3880.3951146097256	-13.503145451919316	-1.0869077733233365
4.308853502246851e7	3826.9157483935282	-13.578594792029893	-1.3015522152465022
5.028853502246851e7	3775.2806213130384	-13.65643839021211	-1.5144473498942488
5.748853502246851e7	3725.5791470606887	-13.736785571494174	-1.7256949464700906
6.468853502246851e7	3677.62752580201	-13.819748989780955	-1.9357441780732505
7.18885350224685e7	3631.253225043234	-13.905350384695097	-2.144933891426645
7.90885350224685e7	3586.3663852422833	-13.993548712247708	-2.353669614294246
8.62885350224685e7	3542.869152319413	-14.084335313219668	-2.562536861291805
9.34885350224685e7	3500.605523541682	-14.178029315528676	-2.7660716956061573
1.006885350224685e8	3459.5173767626957	-14.274368682262335	-2.9680866009858415
1.078885350224685e8	3419.3770953805047	-14.373256686097312	-3.1720201851773586
1.150885350224685e8	3380.0784700054896	-14.474638271978296	-3.37800978035101
1.222885350224685e8	3341.554400905842	-14.578423077536245	-3.586122850572808
1.294885350224685e8	3303.744239607468	-14.684545346921183	-3.796471524866933
1.366885350224685e8	3266.5388445796852	-14.79313055948152	-4.007698759544267
1.438885350224685e8	3229.931041327231	-14.90483145724546	-4.213945842161077
1.510885350224685e8	3194.015056051865	-15.01828164984962	-4.422520637044398
1.582885350224685e8	3158.428316462365	-15.134428427082966	-4.633689793144816
1.654885350224685e8	3123.321763107483	-15.252839676932794	-4.846861633099504
1.726885350224685e8	3088.577023982766	-15.373918599343588	-5.062207353025778
1.798885350224685e8	3053.9330917422712	-15.498442800455223	-5.278503745825032
1.870885350224685e8	3020.124591096649	-15.623487444605473	-5.4966935150315575
1.942885350224685e8	2986.1535695573207	-15.753229716734523	-5.713045095481857
2.014885350224685e8	2952.762082712547	-15.884574174080255	-5.927813784853512
2.086885350224685e8	2919.648601278177	-16.018735363293395	-6.14454412618001
2.158885350224685e8	2886.8153129286825	-16.155739380662617	-6.362973170305183
2.230885350224685e8	2854.200185600142	-16.2954624205274	-6.583055123527147
2.302885350224685e8	2826.391918472784	-16.442738388547138	-6.804222356461931
2.374885350224685e8	2803.0603575403507	-16.596091256406034	-7.025455733839682
2.446885350224685e8	2781.290290132356	-16.75244088624912	-7.246700852232773
2.518885350224685e8	2760.7459437236826	-16.91131664843385	-7.467533942501015
2.590885350224685e8	2741.391436422747	-17.07207762051758	-7.688051199026585
2.662885350224685e8	2723.225124181546	-17.234927362029445	-7.907713885161588
2.734885350224685e8	2707.091590825568	-17.399886591794086	-8.126771602476582
2.806885350224685e8	2692.8320725685076	-17.56439634758763	-8.336774504402314
2.878885350224685e8	2677.8687742576835	-17.720223203200884	-8.536928639623396
2.950885350224685e8	2663.5965765019946	-17.87655537979451	-8.768597726803673
3.022885350224685e8	2651.9907160356242	-18.03505077805453	-8.968061592255333
3.094885350224685e8	2640.6400055122795	-18.193887365791852	-9.206771979357821
3.166885350224685e8	2630.9925331070112	-18.35549438916258	-9.409018003417168
3.238885350224685e8	2621.5851856601284	-18.516979002093628	-9.652289744724175
3.310885350224685e8	2613.929213318988	-18.67743399873961	-9.85976479082247
3.382885350224685e8	2606.471486515295	-18.83773878617581	-10.108399165375008
3.454885350224685e8	2600.191215187098	-18.997053616673263	-10.324211270364401
3.526885350224685e8	2594.0281020180837	-19.155920774906214	-10.579680744110833
3.598885350224685e8	2588.320540503907	-19.312848754612617	-10.80886756339017
3.670885350224685e8	2582.553204004408	-19.46937240910041	-11.076808815643224
3.742885350224685e8	2576.5923699882633	-19.624739986695033	-11.329198265567141
3.814885350224685e8	2570.321001251678	-19.778684727721302	-11.620694101390495
3.886885350224685e8	2563.496273626039	-19.930128110212046	-11.918907403100008
3.958885350224685e8	2556.260712107005	-20.080256017847727	-12.266576989808712
4.030885350224685e8	2548.594480669378	-20.228996406455984	-12.675226027926808
4.102885350224685e8	2540.252104028565	-20.378825159124297	-13.190009409985485
4.174885350224685e8	2531.600000000001	-20.529180413232215	-14.082526974184043
