-6.395900208886221e7	4725.847471189581	-9.948333790288219
-6.311900208886221e7	4708.596684249685	-9.971545767287571
-6.227900208886221e7	4691.408867951947	-9.994757744286925
-6.143900208886221e7	4674.283792434306	-10.017969721286278
-6.059900208886221e7	4657.221228673738	-10.041181698285634
-5.975900208886221e7	4640.220948483225	-10.064393675284986
-5.891900208886221e7	4623.209284728349	-10.087745762146081
-5.807900208886221e7	4605.117070259571	-10.11328664227024
-5.723900208886221e7	4587.09565687382	-10.138827522394397
-5.639900208886221e7	4569.144767502002	-10.164368402518555
-5.555900208886221e7	4551.264126159286	-10.189909282642711
-5.471900208886221e7	4533.453457940893	-10.215450162766869
-5.387900208886221e7	4515.4863456326475	-10.241600756399578
-5.303900208886221e7	4497.260377810424	-10.268644841866623
-5.219900208886221e7	4479.107975907269	-10.295688927333666
-5.135900208886221e7	4461.028842987266	-10.32273301280071
-5.051900208886221e7	4443.02268331303	-10.349777098267754
-4.967900208886221e7	4425.089202340866	-10.3768211837348
-4.883900208886221e7	4406.0854685989825	-10.406238282183995
-4.799900208886221e7	4387.036963391816	-10.435919022585027
-4.715900208886221e7	4368.070809186058	-10.46559976298606
-4.631900208886221e7	4349.186649959688	-10.495280503387093
-4.547900208886221e7	4330.384131229828	-10.524961243788125
-4.463900208886221e7	4312.015594557785	-10.554581626309407
-4.379900208886221e7	4293.845273410454	-10.584181334855096
-4.295900208886221e7	4275.751519836544	-10.613781043400785
-4.211900208886221e7	4257.734011189379	-10.643380751946472
-4.127900208886221e7	4239.792426181933	-10.67298046049216
-4.043900208886221e7	4221.472128979509	-10.703519990378355
-3.959900208886221e7	4202.683557490336	-10.735197026529853
-3.875900208886221e7	4183.978608587745	-10.766874062681348
-3.791900208886221e7	4165.460372429436	-10.798741114577656
-3.707900208886221e7	4147.030416788259	-10.830619823266677
-3.623900208886221e7	4128.379377473021	-10.863170077240031
-3.539900208886221e7	4109.40736551228	-10.896622862927778
-3.455900208886221e7	4090.5212808098645	-10.93008049795917
-3.371900208886221e7	4071.5902071222995	-10.964048160555485
-3.287900208886221e7	4052.7467470972388	-10.998015823151803
-3.203900208886221e7	4033.940238063689	-11.032252596109323
-3.119900208886221e7	4015.188863193776	-11.06666225175352
-3.035900208886221e7	3996.4496055280106	-11.101294573049223
-2.951900208886221e7	3977.5392157951223	-11.136697767513086
-2.867900208886221e7	3958.7183061946453	-11.172100961976946
-2.783900208886221e7	3940.2085918937514	-11.207497446791518
-2.699900208886221e7	3921.813548588896	-11.24289307811974
-2.615900208886221e7	3903.2058524515446	-11.279003295817661
-2.531900208886221e7	3884.423124084061	-11.315746865724936
-2.447900208886221e7	3866.235546331268	-11.351606213613548
-2.363900208886221e7	3849.728585084391	-11.384658338143897
-2.279900208886221e7	3833.2921006013617	-11.417710462674249
-2.195900208886221e7	3815.5322149430126	-11.453858730905386
-2.111900208886221e7	3797.174701336043	-11.491525017139043
-2.027900208886221e7	3778.815679680456	-11.52959826162973
-1.943900208886221e7	3760.408147187458	-11.568296440678688
-1.859900208886221e7	3742.2945215141704	-11.606648157495519
-1.775900208886221e7	3725.387471971415	-11.643092251703184
-1.691900208886221e7	3708.556805600153	-11.67953634591085
-1.607900208886221e7	3691.6692272578903	-11.71672491258855
-1.523900208886221e7	3674.813575452506	-11.7541664760655
-1.439900208886221e7	3659.1026406371802	-11.7893932606662
-1.355900208886221e7	3645.239647367545	-11.820911890282023
-1.271900208886221e7	3631.4291758775007	-11.852430519897842
-1.187900208886221e7	3616.7831010228406	-11.886366796612325
-1.103900208886221e7	3601.3755038495324	-11.922546961691088
-1.019900208886221e7	3586.033543471146	-11.958727126769851
-9.35900208886221e6	3571.4797139378625	-11.993746864675739
-8.51900208886221e6	3556.9865316114515	-12.0287640544196
-7.6790020888622105e6	3541.3968477802596	-12.066891829762499
-6.8390020888622105e6	3523.8056343370204	-12.110619602830191
-5.9990020888622105e6	3506.300492362424	-12.154483327120913
-5.1590020888622105e6	3488.8774581706757	-12.198853304550482
-4.3190020888622105e6	3471.6297253071257	-12.243042878119427
-3.4790020888622105e6	3455.6967405044547	-12.284720619387738
-2.6390020888622105e6	3439.8368798609854	-12.32639836065605
-1.7990020888622105e6	3423.412877128417	-12.370269560466696
-959002.0888622105	3406.8572116665264	-12.414867798932306
-119002.08886221051	3391.054052150449	-12.458054276306994
720997.9111377895	3375.86303310568	-12.500104425837453
1.5609979111377895e6	3360.7837115391562	-12.542132238650805
2.4009979111377895e6	3345.957646347492	-12.584064489288938
3.2409979111377895e6	3331.196986200583	-12.625996739927075
4.0809979111377895e6	3316.997267602047	-12.66690540383701
4.9209979111377895e6	3302.9950558526857	-12.70753010446501
5.7609979111377895e6	3288.5628785745894	-12.749741106902587
6.6009979111377895e6	3272.8228834401725	-12.796419308106616
7.4409979111377895e6	3257.3166604466037	-12.842638728918871
8.2809979111377895e6	3246.2779962153118	-12.876082653123357
9.12099791113779e6	3235.2767407227743	-12.909526577327838
9.96099791113779e6	3224.312767195168	-12.942970501532324
1.080099791113779e7	3208.36309262412	-12.992378977143638
1.164099791113779e7	3191.811616652675	-13.04396366399384
1.248099791113779e7	3181.404931760524	-13.076689572379589
1.332099791113779e7	3172.4935600522413	-13.104857715324052
1.416099791113779e7	3163.607149814575	-13.133025858268512
1.500099791113779e7	3154.745631128434	-13.161194001212975
1.584099791113779e7	3139.039988577326	-13.211936472206101
1.668099791113779e7	3123.0504823223387	-13.26387613644018
1.752099791113779e7	3111.62331122209	-13.301336603814033
1.836099791113779e7	3101.1696486853534	-13.335778031733447
1.920099791113779e7	3090.7511057789416	-13.370219459652862
2.004099791113779e7	3077.019230448857	-13.416183578343576
2.088099791113779e7	3060.9502771739185	-13.470444870127215
2.172099791113779e7	3045.7242375875016	-13.52225663466347
2.256099791113779e7	3031.357717625104	-13.571526888307776
2.340099791113779e7	3016.7195711423783	-13.622024960923422
2.424099791113779e7	3000.339795114662	-13.679113612981318
2.508099791113779e7	2984.0558337892085	-13.736215830085978
2.592099791113779e7	2967.9134704030016	-13.793423578874805
2.676099791113779e7	2951.844161097371	-13.850699356796838
2.760099791113779e7	2935.569612781756	-13.909376134028042
2.844099791113779e7	2919.384522013371	-13.968054085064924
2.928099791113779e7	2903.0042751457395	-14.02797659416089
3.012099791113779e7	2886.7159354884902	-14.08789910325685
3.096099791113779e7	2870.3856495607774	-14.148723566565678
3.180099791113779e7	2854.1433949196935	-14.209577622569089
3.264099791113779e7	2837.6985935993453	-14.271813721563127
3.348099791113779e7	2821.3283811840856	-14.334145004063771
3.432099791113779e7	2805.625743228857	-14.394414186867245
3.516099791113779e7	2790.0610121206996	-14.454500639155196
3.600099791113779e7	2773.810513095331	-14.51779469436327
3.684099791113779e7	2757.4503790144117	-14.581942532694963
3.768099791113779e7	2740.960796444143	-14.647123169503784
3.852099791113779e7	2724.4979845532876	-14.712634173590335
3.936099791113779e7	2708.5255740236394	-14.776555617521176
4.020099791113779e7	2692.7939158659383	-14.839876324130078
4.104099791113779e7	2677.1536303246735	-14.90319703073898
4.188099791113779e7	2661.60418668942	-14.966517737347882
4.272099791113779e7	2645.9271347432878	-15.030776694526736
4.356099791113779e7	2629.967961212098	-15.096657600456256
4.440099791113779e7	2614.105047028508	-15.162538506385776
4.524099791113779e7	2598.337811594665	-15.228419412315294
4.608099791113779e7	2582.6656778146394	-15.294300318244813
4.692099791113779e7	2566.9580109039903	-15.36272036952369
4.776099791113779e7	2551.334480181491	-15.431364292624192
4.860099791113779e7	2535.806040501078	-15.500008215724693
4.944099791113779e7	2520.3721131007146	-15.568652138825193
5.028099791113779e7	2506.809780772896	-15.63953063270893
5.112099791113779e7	2497.614996471981	-15.71583014497729
5.196099791113779e7	2488.453937928399	-15.792129657245653
5.280099791113779e7	2479.3264814386794	-15.86842916951401
5.364099791113779e7	2470.232503753088	-15.944728681782372
5.448099791113779e7	2461.8465406716737	-16.02198720975566
5.532099791113779e7	2454.077538035839	-16.100084902560432
5.616099791113779e7	2446.3330525260553	-16.1781825953652
5.700099791113779e7	2438.6130067721015	-16.25628028816997
5.784099791113779e7	2430.917323647909	-16.334377980974743
5.868099791113779e7	2424.0135366760023	-16.41367027738037
5.952099791113779e7	2417.525214568802	-16.493580239342986
6.036099791113779e7	2411.054259659896	-16.5734902013056
6.120099791113779e7	2404.6006254627605	-16.653400163268216
6.204099791113779e7	2398.1642656152935	-16.733310125230833
6.288099791113779e7	2392.5235373718906	-16.814191320560735
6.372099791113779e7	2387.2381092460337	-16.895500184316518
6.456099791113779e7	2381.9643573900394	-16.976809048072298
6.540099791113779e7	2376.702256009349	-17.05811791182808
6.624099791113779e7	2371.4517793663913	-17.13942677558386
6.708099791113779e7	2366.871187711142	-17.221480542187074
6.792099791113779e7	2362.6583239441416	-17.30394110872105
6.876099791113779e7	2358.4529587774964	-17.38640167525503
6.960099791113779e7	2354.2550788642184	-17.468862241789008
7.044099791113779e7	2350.064670881093	-17.551322808322986
7.128099791113779e7	2346.3390866213276	-17.634028375934413
7.212099791113779e7	2343.023556786742	-17.716950741355763
7.296099791113779e7	2339.7127120115933	-17.79987310677711
7.380099791113779e7	2336.4065456755898	-17.88279547219846
7.464099791113779e7	2333.1050511677936	-17.965717837619806
7.548099791113779e7	2330.0899896058863	-18.048990208905085
7.632099791113779e7	2327.6468738053327	-18.132968983191848
7.716099791113779e7	2325.206319628942	-18.216947757478614
7.800099791113779e7	2322.768324390829	-18.300926531765377
7.884099791113779e7	2320.3328854079336	-18.384905306052143
7.968099791113779e7	2317.9	-18.468884080338906
