-3.5243225971965134e7	4744.595550295063	-8.9998811447721
-3.4773225971965134e7	4706.612168941985	-9.05150522646281
-3.4303225971965134e7	4668.932867724658	-9.103129308153518
-3.3833225971965134e7	4631.395271713113	-9.155617663874587
-3.3363225971965134e7	4594.054343844905	-9.208678728618079
-3.2893225971965134e7	4556.945677017459	-9.262008646473642
-3.2423225971965134e7	4519.804196906178	-9.316648716241907
-3.1953225971965134e7	4482.965439197723	-9.371288786010172
-3.1483225971965134e7	4446.0497651006135	-9.427219151656463
-3.1013225971965134e7	4409.325745936952	-9.483537018041087
-3.0543225971965134e7	4372.704179024198	-9.540518229220051
-3.0073225971965134e7	4336.079717653426	-9.598521917772969
-2.9603225971965134e7	4299.711771768268	-9.656641673456159
-2.9133225971965134e7	4262.352093439472	-9.717783089592663
-2.8663225971965134e7	4224.952371016708	-9.779904434838382
-2.8193225971965134e7	4187.640544736636	-9.842828681451802
-2.7723225971965134e7	4150.430395536662	-9.906541008173189
-2.7253225971965134e7	4113.330734001761	-9.971138857716639
-2.6783225971965134e7	4076.3377392666835	-10.036657968093737
-2.6313225971965134e7	4039.405022260933	-10.103110620058029
-2.5843225971965134e7	4002.483818427775	-10.170586991102969
-2.5373225971965134e7	3965.716547106852	-10.238885415848069
-2.4903225971965134e7	3929.0033373208653	-10.308398509496428
-2.4433225971965134e7	3892.433765446669	-10.378980410590088
-2.3963225971965134e7	3855.9891388369183	-10.45061605753457
-2.3493225971965134e7	3819.642039282877	-10.523406782981642
-2.3023225971965134e7	3783.4461381845326	-10.597218346740464
-2.2553225971965134e7	3747.402430918449	-10.672173674966535
-2.2083225971965134e7	3711.54114614085	-10.748414170387344
-2.1613225971965134e7	3675.7871101207834	-10.82599106082062
-2.1143225971965134e7	3640.074776728294	-10.904901493025474
-2.0673225971965134e7	3604.769798680489	-10.984709491157712
-2.0203225971965134e7	3570.4727275129717	-11.063881801869503
-1.9733225971965134e7	3538.6728545703672	-11.138804305565342
-1.9263225971965134e7	3506.1534848211354	-11.21678113229748
-1.8793225971965134e7	3480.3859649483156	-11.27962211789944
-1.8323225971965134e7	3456.496705306626	-11.338677909770055
-1.7853225971965134e7	3433.7075950731373	-11.39587444131694
-1.7383225971965134e7	3406.7627925803217	-11.464444507683666
-1.6913225971965134e7	3376.000469898293	-11.543972233633056
-1.6443225971965134e7	3342.912273399956	-11.631150173710498
-1.5973225971965134e7	3309.6784618144875	-11.72032326265713
-1.5503225971965134e7	3275.43876578521	-11.813743374478857
-1.5033225971965134e7	3241.3310522025013	-11.908590604138013
-1.4563225971965134e7	3207.267464568323	-12.005078202758511
-1.4093225971965134e7	3173.230323586601	-12.103110442462606
-1.3623225971965134e7	3139.2651685096357	-12.20252762544525
-1.3153225971965134e7	3105.29206363685	-12.303383080714156
-1.2683225971965134e7	3070.893075976273	-12.407038017120968
-1.2213225971965134e7	3037.016922449192	-12.510736770261254
-1.1743225971965134e7	3002.5704161222566	-12.617253798539654
-1.1273225971965134e7	2968.7980057944956	-12.723250443079959
-1.0803225971965134e7	2934.5786099450047	-12.831830343161027
-1.0333225971965134e7	2900.2260555524826	-12.94216000574464
-9.863225971965134e6	2865.1823464218314	-13.055971739160409
-9.393225971965134e6	2831.224452454534	-13.167155974735985
-8.923225971965134e6	2804.7627606801557	-13.25444290902772
-8.453225971965134e6	2788.0296072142555	-13.309754559320025
-7.983225971965134e6	2775.6485496765085	-13.350675008247428
-7.513225971965134e6	2763.3224738309796	-13.391595457174832
-7.043225971965134e6	2751.051135515448	-13.432515906102235
-6.573225971965134e6	2738.834291651968	-13.473436355029637
-6.103225971965134e6	2726.6717002420514	-13.51435680395704
-5.633225971965134e6	2711.848443773306	-13.572606478988167
-5.163225971965134e6	2694.39903124859	-13.64824659199887
-4.693225971965134e6	2677.0618971213476	-13.723886705009573
-4.223225971965134e6	2659.8363189352485	-13.799526818020274
-3.753225971965134e6	2645.380692633851	-13.9028858334864
-3.283225971965134e6	2631.8713598914433	-14.015333526343792
-2.813225971965134e6	2618.4310161121916	-14.127781219201188
-2.343225971965134e6	2608.484166870206	-14.212131412113763
-1.8732259719651341e6	2598.829961104227	-14.294384264155816
-1.4032259719651341e6	2589.211486315708	-14.376637116197871
-933225.9719651341	2579.6286102614818	-14.458889968239925
-463225.97196513414	2565.5499111682707	-14.584065707050264
6774.028034865856	2551.336814586287	-14.71125521142248
476774.02803486586	2541.283698176587	-14.801657799987044
946774.0280348659	2541.227577072541	-14.802201855227977
1.4167740280348659e6	2541.1714572078617	-14.802745910468913
1.8867740280348659e6	2541.11533858252	-14.803289965709848
2.356774028034866e6	2541.0592211964868	-14.803834020950783
2.826774028034866e6	2541.0031050497364	-14.804378076191716
3.296774028034866e6	2540.9469901422435	-14.804922131432651
3.766774028034866e6	2540.890876473977	-14.805466186673586
4.236774028034866e6	2540.8347640449138	-14.806010241914521
4.706774028034866e6	2540.7786528550237	-14.806554297155456
5.176774028034866e6	2540.722542904278	-14.80709835239639
5.646774028034866e6	2540.6664341926507	-14.807642407637324
6.116774028034866e6	2540.610326720117	-14.80818646287826
6.586774028034866e6	2540.5542204866456	-14.808730518119194
7.056774028034866e6	2540.4981154922125	-14.809274573360128
7.526774028034866e6	2540.442011736789	-14.809818628601063
7.996774028034866e6	2540.3859092203456	-14.810362683841998
8.466774028034866e6	2540.3298079428564	-14.810906739082933
8.936774028034866e6	2540.2737079042968	-14.811450794323866
9.406774028034866e6	2540.217609104637	-14.811994849564801
9.876774028034866e6	2540.1615115438476	-14.812538904805736
1.0346774028034866e7	2540.105415221906	-14.813082960046673
1.0816774028034866e7	2540.0493201387794	-14.813627015287606
1.1286774028034866e7	2539.993226294446	-14.814171070528541
1.1756774028034866e7	2539.937133688873	-14.814715125769476
1.2226774028034866e7	2539.881042322038	-14.815259181010411
1.2696774028034866e7	2539.8249521939115	-14.815803236251345
1.3166774028034866e7	2539.768863304464	-14.81634729149228
1.3636774028034866e7	2539.7127756536697	-14.816891346733215
1.4106774028034866e7	2539.6566892415044	-14.81743540197415
1.4576774028034866e7	2539.600604067936	-14.817979457215085
1.5046774028034866e7	2539.5445201329408	-14.818523512456018
1.5516774028034866e7	2539.48843743649	-14.819067567696953
1.5986774028034866e7	2539.4323559785544	-14.819611622937888
1.6456774028034866e7	2539.376275759108	-14.820155678178823
1.6926774028034866e7	2539.320196778126	-14.820699733419756
1.7396774028034866e7	2539.264119035577	-14.821243788660691
1.7866774028034866e7	2539.2080425314375	-14.821787843901626
1.8336774028034866e7	2539.151967265678	-14.822331899142561
1.8806774028034866e7	2539.095893238269	-14.822875954383495
1.9276774028034866e7	2539.0398204491858	-14.82342000962443
1.9746774028034866e7	2538.983748898403	-14.823964064865365
2.0216774028034866e7	2538.9276785858883	-14.8245081201063
2.0686774028034866e7	2538.8716095116197	-14.825052175347235
2.1156774028034866e7	2538.815541675567	-14.825596230588168
2.1626774028034866e7	2538.759475077701	-14.826140285829103
2.2096774028034866e7	2538.7034097179962	-14.826684341070038
2.2566774028034866e7	2538.647345596428	-14.827228396310971
2.3036774028034866e7	2538.5912827129637	-14.827772451551906
2.3506774028034866e7	2538.5352210675815	-14.828316506792842
2.3976774028034866e7	2538.479160660251	-14.828860562033777
2.4446774028034866e7	2538.4231014909433	-14.829404617274712
2.4916774028034866e7	2538.3670435596323	-14.829948672515645
2.5386774028034866e7	2538.310986866294	-14.83049272775658
2.5856774028034866e7	2538.2549314108965	-14.831036782997517
2.6326774028034866e7	2538.198877193416	-14.831580838238452
2.6796774028034866e7	2538.1428242138236	-14.832124893479385
2.7266774028034866e7	2538.0867724720897	-14.83266894872032
2.7736774028034866e7	2538.0307219681913	-14.833213003961255
2.8206774028034866e7	2537.9746727020965	-14.83375705920219
2.8676774028034866e7	2537.918624673781	-14.834301114443123
2.9146774028034866e7	2537.8625778832206	-14.834845169684058
2.9616774028034866e7	2537.80653233038	-14.835389224924993
3.0086774028034866e7	2537.750488015236	-14.835933280165928
3.0556774028034866e7	2537.694444937761	-14.836477335406862
3.1026774028034866e7	2537.6384030979307	-14.837021390647797
3.1496774028034866e7	2537.5823624957125	-14.837565445888732
3.1966774028034866e7	2537.5263231310837	-14.838109501129667
3.2436774028034866e7	2537.4702850040153	-14.838653556370602
3.2906774028034866e7	2537.4142481144772	-14.839197611611535
3.3376774028034866e7	2537.3582124624463	-14.83974166685247
3.3846774028034866e7	2537.3021780478916	-14.840285722093405
3.4316774028034866e7	2537.2461448707877	-14.840829777334339
3.4786774028034866e7	2537.1901129311113	-14.841373832575274
3.5256774028034866e7	2537.134082228826	-14.841917887816209
3.5726774028034866e7	2537.0780527639104	-14.842461943057144
3.6196774028034866e7	2537.0220245363375	-14.843005998298079
3.6666774028034866e7	2536.965997546077	-14.843550053539012
3.7136774028034866e7	2536.909971793103	-14.844094108779947
3.7606774028034866e7	2536.8539472773928	-14.844638164020882
3.8076774028034866e7	2536.79792399891	-14.845182219261817
3.8546774028034866e7	2536.7419019576323	-14.84572627450275
3.9016774028034866e7	2536.685881153534	-14.846270329743685
3.9486774028034866e7	2536.629861586584	-14.84681438498462
3.9956774028034866e7	2536.5738432567587	-14.847358440225555
4.0426774028034866e7	2536.5178261640285	-14.847902495466489
4.0896774028034866e7	2536.461810308365	-14.848446550707424
4.1366774028034866e7	2536.405795689742	-14.84899060594836
4.1836774028034866e7	2536.3497823081343	-14.849534661189296
4.2306774028034866e7	2536.2937701635105	-14.850078716430229
4.2776774028034866e7	2536.2377592558482	-14.850622771671164
4.3246774028034866e7	2536.181749585118	-14.851166826912099
4.3716774028034866e7	2536.125741151289	-14.851710882153034
4.4186774028034866e7	2536.069733954339	-14.852254937393969
4.4656774028034866e7	2536.013727994237	-14.852798992634902
4.5126774028034866e7	2535.9577232709566	-14.853343047875837
4.5596774028034866e7	2535.9017197844764	-14.853887103116772
4.6066774028034866e7	2535.845717534759	-14.854431158357706
4.6536774028034866e7	2535.789716521782	-14.85497521359864
4.7006774028034866e7	2535.733716745518	-14.855519268839576
4.7476774028034866e7	2535.677718205942	-14.85606332408051
4.7946774028034866e7	2535.621720903022	-14.856607379321446
4.8416774028034866e7	2535.5657248367356	-14.857151434562379
4.8886774028034866e7	2535.509730007053	-14.857695489803314
4.9356774028034866e7	2535.453736413944	-14.858239545044249
4.9826774028034866e7	2535.397744057387	-14.858783600285184
5.0296774028034866e7	2535.34175293735	-14.85932765552612
5.0766774028034866e7	2535.285763053807	-14.859871710767052
5.1236774028034866e7	2535.229774406736	-14.860415766007987
5.1706774028034866e7	2535.1737869961003	-14.860959821248922
5.2176774028034866e7	2535.117800821877	-14.861503876489856
5.2646774028034866e7	2535.06181588404	-14.86204793173079
5.3116774028034866e7	2535.0058321825622	-14.862591986971726
5.3586774028034866e7	2534.949849717413	-14.86313604221266
5.4056774028034866e7	2534.89386848857	-14.863680097453596
5.4526774028034866e7	2534.837888496003	-14.86422415269453
5.4996774028034866e7	2534.7819097396823	-14.864768207935464
5.5466774028034866e7	2534.7259322195855	-14.865312263176401
5.5936774028034866e7	2534.6699559356807	-14.865856318417336
5.6406774028034866e7	2534.613980887943	-14.86640037365827
5.6876774028034866e7	2534.5580070763494	-14.866944428899204
5.7346774028034866e7	2534.5020345008634	-14.86748848414014
5.7816774028034866e7	2534.4460631614625	-14.868032539381074
5.8286774028034866e7	2534.3900930581194	-14.86857659462201
5.8756774028034866e7	2534.334124190809	-14.869120649862943
5.9226774028034866e7	2534.278156559499	-14.869664705103878
5.9696774028034866e7	2534.22219016417	-14.870208760344813
6.0166774028034866e7	2534.166225004785	-14.870752815585746
6.0636774028034866e7	2534.110261081321	-14.871296870826681
6.1106774028034866e7	2534.0542983937535	-14.871840926067616
6.1576774028034866e7	2533.99833694205	-14.872384981308551
6.2046774028034866e7	2533.942376726186	-14.872929036549486
6.2516774028034866e7	2533.8864177461387	-14.87347309179042
6.2986774028034866e7	2533.8304600018714	-14.874017147031354
6.3456774028034866e7	2533.774503493362	-14.87456120227229
6.3926774028034866e7	2533.718548220585	-14.875105257513223
6.4396774028034866e7	2533.6625941835086	-14.875649312754158
6.4866774028034866e7	2533.60664138211	-14.876193367995093
6.5336774028034866e7	2533.55068981636	-14.876737423236028
6.5806774028034866e7	2533.4947394862284	-14.877281478476963
6.6276774028034866e7	2533.438790391693	-14.877825533717896
6.6746774028034866e7	2533.382842532722	-14.878369588958831
6.721677402803487e7	2533.3268959092898	-14.878913644199766
6.768677402803487e7	2533.2709505213743	-14.879457699440701
6.815677402803487e7	2533.215006368939	-14.880001754681636
6.862677402803487e7	2533.1590634519607	-14.88054580992257
6.909677402803487e7	2533.103121770413	-14.881089865163505
6.956677402803487e7	2533.04718132427	-14.88163392040444
7.003677402803487e7	2532.9912421135	-14.882177975645373
7.050677402803487e7	2532.935304138081	-14.882722030886308
7.097677402803487e7	2532.8793673979826	-14.883266086127245
7.144677402803487e7	2532.8234318931754	-14.88381014136818
7.191677402803487e7	2532.767497623637	-14.884354196609113
7.238677402803487e7	2532.7115645893355	-14.884898251850048
7.285677402803487e7	2532.655632790246	-14.885442307090983
7.332677402803487e7	2532.599702226345	-14.885986362331918
7.379677402803487e7	2532.543772897597	-14.886530417572853
7.426677402803487e7	2532.4878448039794	-14.887074472813786
7.473677402803487e7	2532.431917945464	-14.887618528054722
7.520677402803487e7	2532.3759923220264	-14.888162583295657
7.567677402803487e7	2532.320067933635	-14.88870663853659
7.614677402803487e7	2532.264144780266	-14.889250693777525
7.661677402803487e7	2532.2082228618915	-14.88979474901846
7.708677402803487e7	2532.1523021784806	-14.890338804259395
7.755677402803487e7	2532.096382730011	-14.89088285950033
7.802677402803487e7	2532.040464516451	-14.891426914741263
7.849677402803487e7	2531.9845475377756	-14.891970969982198
7.896677402803487e7	2531.928631793962	-14.892515025223133
7.943677402803487e7	2531.8727172849735	-14.893059080464068
7.990677402803487e7	2531.816804010788	-14.893603135705003
8.037677402803487e7	2531.7608919713775	-14.894147190945937
8.084677402803487e7	2531.704981166718	-14.894691246186872
8.131677402803487e7	2531.649071596779	-14.895235301427807
8.178677402803487e7	2531.5931632615316	-14.89577935666874
8.225677402803487e7	2531.537256160953	-14.896323411909677
8.272677402803487e7	2531.481350295013	-14.89686746715061
8.319677402803487e7	2531.4254456636827	-14.897411522391545
8.366677402803487e7	2531.369542266937	-14.89795557763248
8.413677402803487e7	2531.313640104749	-14.898499632873413
8.460677402803487e7	2531.257739177095	-14.899043688114348
8.507677402803487e7	2531.2018394839397	-14.899587743355285
8.554677402803487e7	2531.1459410252596	-14.90013179859622
8.601677402803487e7	2531.090043801028	-14.900675853837154
8.648677402803487e7	2531.0341478112196	-14.901219909078089
8.695677402803487e7	2530.9782530558045	-14.901763964319024
8.742677402803487e7	2530.922359534756	-14.902308019559957
8.789677402803487e7	2530.866467248045	-14.902852074800894
8.836677402803487e7	2530.810576195648	-14.903396130041827
8.883677402803487e7	2530.7546863775333	-14.903940185282762
8.930677402803487e7	2530.698797793676	-14.904484240523697
8.977677402803487e7	2530.642910444049	-14.90502829576463
9.024677402803487e7	2530.587024328629	-14.905572351005565
9.071677402803487e7	2530.5311394473806	-14.9061164062465
9.118677402803487e7	2530.4752558002806	-14.906660461487435
9.165677402803487e7	2530.419373387304	-14.90720451672837
9.212677402803487e7	2530.363492208419	-14.907748571969304
9.259677402803487e7	2530.307612263603	-14.908292627210239
9.306677402803487e7	2530.251733552826	-14.908836682451174
9.353677402803487e7	2530.195856076059	-14.909380737692107
9.400677402803487e7	2530.1399798332795	-14.909924792933044
9.447677402803487e7	2530.084104824455	-14.910468848173977
9.494677402803487e7	2530.0282310495613	-14.911012903414912
9.541677402803487e7	2529.972358508575	-14.911556958655847
9.588677402803487e7	2529.9164872014603	-14.91210101389678
9.635677402803487e7	2529.860617128194	-14.912645069137715
9.682677402803487e7	2529.804748288749	-14.91318912437865
9.729677402803487e7	2529.7488806831007	-14.913733179619584
9.776677402803487e7	2529.6930143112168	-14.91427723486052
9.823677402803487e7	2529.6371491730747	-14.914821290101454
9.870677402803487e7	2529.5812852686454	-14.915365345342389
9.917677402803487e7	2529.525422597901	-14.915909400583324
9.964677402803487e7	2529.469561160812	-14.916453455824257
1.0011677402803487e8	2529.413700957354	-14.916997511065192
1.0058677402803487e8	2529.3578419875	-14.917541566306129
1.0105677402803487e8	2529.301984251226	-14.918085621547064
1.0152677402803487e8	2529.2461277484963	-14.918629676787997
1.0199677402803487e8	2529.190272479289	-14.919173732028934
1.0246677402803487e8	2529.1344184435757	-14.919717787269867
1.0293677402803487e8	2529.078565641332	-14.920261842510802
1.0340677402803487e8	2529.022714072528	-14.920805897751737
1.0387677402803487e8	2528.9668637371346	-14.92134995299267
1.0434677402803487e8	2528.911014635129	-14.921894008233606
1.0481677402803487e8	2528.855166766482	-14.92243806347454
1.0528677402803487e8	2528.7993201311633	-14.922982118715474
1.0575677402803487e8	2528.7434747291486	-14.923526173956411
1.0622677402803487e8	2528.6876305604105	-14.924070229197344
1.0669677402803487e8	2528.6317876249263	-14.92461428443828
1.0716677402803487e8	2528.5759459226592	-14.925158339679214
1.0763677402803487e8	2528.5201054535873	-14.925702394920147
1.0810677402803487e8	2528.4642662176857	-14.926246450161083
1.0857677402803487e8	2528.4084282149215	-14.926790505402018
1.0904677402803487e8	2528.3525914452734	-14.92733456064295
1.0951677402803487e8	2528.2967559087106	-14.927878615883888
1.0998677402803487e8	2528.2409216052047	-14.928422671124821
1.1045677402803487e8	2528.185088534732	-14.928966726365756
1.1092677402803487e8	2528.129256697262	-14.929510781606691
1.1139677402803487e8	2528.0734260927684	-14.930054836847624
1.1186677402803487e8	2528.017596721225	-14.930598892088561
1.1233677402803487e8	2527.9617685826083	-14.931142947329494
1.1280677402803487e8	2527.905941676883	-14.93168700257043
1.1327677402803487e8	2527.850116004025	-14.932231057811364
1.1374677402803487e8	2527.7942915640106	-14.932775113052298
1.1421677402803487e8	2527.738468356807	-14.933319168293233
1.1468677402803487e8	2527.6826463823927	-14.93386322353417
1.1515677402803487e8	2527.6268256407375	-14.934407278775105
1.1562677402803487e8	2527.571006131812	-14.934951334016038
1.1609677402803487e8	2527.5151878555935	-14.935495389256973
1.1656677402803487e8	2527.45937081205	-14.936039444497908
1.1703677402803487e8	2527.403555001157	-14.936583499738841
1.1750677402803487e8	2527.347740422887	-14.937127554979778
1.1797677402803487e8	2527.2919270772177	-14.937671610220711
1.1844677402803487e8	2527.236114964112	-14.938215665461646
1.1891677402803487e8	2527.180304083548	-14.938759720702581
1.1938677402803487e8	2527.1244944355003	-14.939303775943515
1.1985677402803487e8	2527.06868601994	-14.939847831184451
1.2032677402803487e8	2527.012878836837	-14.940391886425385
1.2079677402803487e8	2526.9570728861686	-14.94093594166632
1.2126677402803487e8	2526.9012681679055	-14.941479996907255
1.2173677402803487e8	2526.8454646820182	-14.942024052148188
1.2220677402803487e8	2526.789662428482	-14.942568107389123
1.2267677402803487e8	2526.7338614072696	-14.943112162630058
1.2314677402803487e8	2526.6780616183582	-14.943656217870991
1.2361677402803487e8	2526.6222630617112	-14.944200273111928
1.2408677402803487e8	2526.5664657373063	-14.944744328352861
1.2455677402803487e8	2526.5106696451166	-14.945288383593796
1.2502677402803487e8	2526.4548747851163	-14.945832438834731
1.2549677402803487e8	2526.3990811572767	-14.946376494075665
1.2596677402803487e8	2526.343288761568	-14.9469205493166
1.2643677402803487e8	2526.2874975979676	-14.947464604557535
1.2690677402803487e8	2526.231707666446	-14.948008659798468
1.2737677402803487e8	2526.1759189669733	-14.948552715039405
1.2784677402803487e8	2526.120131499525	-14.949096770280338
1.2831677402803487e8	2526.0643452640743	-14.949640825521273
1.2878677402803487e8	2526.0085602605977	-14.950184880762208
1.2925677402803487e8	2525.9527764890595	-14.950728936003141
1.2972677402803487e8	2525.896993949437	-14.951272991244076
1.3019677402803487e8	2525.8412126417047	-14.951817046485013
1.3066677402803487e8	2525.7854325658313	-14.952361101725948
1.3113677402803487e8	2525.729653721794	-14.952905156966882
1.3160677402803487e8	2525.6738761095635	-14.953449212207818
1.3207677402803487e8	2525.6180997291103	-14.953993267448752
1.3254677402803487e8	2525.5623245804118	-14.954537322689687
1.3301677402803487e8	2525.506550663436	-14.955081377930622
1.3348677402803487e8	2525.4507779781584	-14.955625433171555
1.3395677402803487e8	2525.3950065245513	-14.95616948841249
1.3442677402803487e8	2525.339236302592	-14.956713543653425
1.3489677402803487e8	2525.2834673122447	-14.957257598894358
1.3536677402803487e8	2525.227699553486	-14.957801654135295
1.3583677402803487e8	2525.171933026292	-14.958345709376228
1.3630677402803487e8	2525.1161677306304	-14.958889764617163
1.3677677402803487e8	2525.0604036664786	-14.959433819858099
1.3724677402803487e8	2525.004640833807	-14.959977875099032
1.3771677402803487e8	2524.9488792325865	-14.960521930339967
1.3818677402803487e8	2524.893118862794	-14.961065985580902
1.3865677402803487e8	2524.8373597243976	-14.961610040821835
1.3912677402803487e8	2524.781601817373	-14.962154096062772
1.3959677402803487e8	2524.7258451416933	-14.962698151303705
1.4006677402803487e8	2524.6700896973343	-14.96324220654464
1.4053677402803487e8	2524.6143354842616	-14.963786261785575
1.4100677402803487e8	2524.5585825024514	-14.964330317026509
1.4147677402803487e8	2524.5028307518787	-14.964874372267445
1.4194677402803487e8	2524.4470802325145	-14.965418427508379
1.4241677402803487e8	2524.3913309443296	-14.965962482749315
1.4288677402803487e8	2524.3355828873005	-14.966506537990249
1.4335677402803487e8	2524.2798360613983	-14.967050593231184
1.4382677402803487e8	2524.2240904665937	-14.967594648472119
1.4429677402803487e8	2524.1683461028615	-14.968138703713052
1.4476677402803487e8	2524.1126029701745	-14.968682758953987
1.4523677402803487e8	2524.0568610685054	-14.969226814194922
1.4570677402803487e8	2524.001120397832	-14.969770869435855
1.4617677402803487e8	2523.9453809581178	-14.970314924676792
1.4664677402803487e8	2523.8896427493396	-14.970858979917725
1.4711677402803487e8	2523.8339057714734	-14.97140303515866
1.4758677402803487e8	2523.7781700244896	-14.971947090399595
1.4805677402803487e8	2523.722435508358	-14.972491145640529
1.4852677402803487e8	2523.6667022230567	-14.973035200881464
1.4899677402803487e8	2523.610970168556	-14.973579256122399
1.4946677402803487e8	2523.555239344826	-14.974123311363336
1.4993677402803487e8	2523.4995097518427	-14.974667366604269
1.5040677402803487e8	2523.4437813895806	-14.975211421845204
1.5087677402803487e8	2523.3880542580105	-14.975755477086139
1.5134677402803487e8	2523.332328357103	-14.976299532327072
1.5181677402803487e8	2523.276603686833	-14.976843587568007
1.5228677402803487e8	2523.220880247175	-14.977387642808942
1.5275677402803487e8	2523.1651580380963	-14.977931698049876
1.5322677402803487e8	2523.10943705958	-14.978475753290812
1.5369677402803487e8	2523.053717311588	-14.979019808531746
1.5416677402803487e8	2522.997998794098	-14.97956386377268
1.5463677402803487e8	2522.9422815070866	-14.980107919013616
1.5510677402803487e8	2522.8865654505184	-14.980651974254549
1.5557677402803487e8	2522.83085062437	-14.981196029495484
1.5604677402803487e8	2522.775137028617	-14.981740084736419
1.5651677402803487e8	2522.71942466323	-14.982284139977356
1.5698677402803487e8	2522.6637135281762	-14.98282819521829
1.5745677402803487e8	2522.6080036234434	-14.983372250459224
1.5792677402803487e8	2522.552294948986	-14.98391630570016
1.5839677402803487e8	2522.496587504788	-14.984460360941092
1.5886677402803487e8	2522.440881290822	-14.985004416182027
1.5933677402803487e8	2522.3851763070566	-14.985548471422963
1.5980677402803487e8	2522.3294725534665	-14.986092526663896
1.6027677402803487e8	2522.27377003003	-14.98663658190483
1.6074677402803487e8	2522.2180687367095	-14.987180637145766
1.6121677402803487e8	2522.1623686734833	-14.9877246923867
1.6168677402803487e8	2522.106669840329	-14.988268747627636
1.6215677402803487e8	2522.0509722372094	-14.98881280286857
1.6262677402803487e8	2521.995275864103	-14.989356858109506
1.6309677402803487e8	2521.9395807209835	-14.98990091335044
1.6356677402803487e8	2521.8838868078205	-14.990444968591374
1.6403677402803487e8	2521.828194124591	-14.99098902383231
1.6450677402803487e8	2521.772502671263	-14.991533079073243
1.6497677402803487e8	2521.716812447814	-14.99207713431418
1.6544677402803487e8	2521.66112345421	-14.992621189555113
1.6591677402803487e8	2521.6054356904356	-14.99316524479605
1.6638677402803487e8	2521.549749156452	-14.993709300036983
1.6685677402803487e8	2521.494063852236	-14.994253355277916
1.6732677402803487e8	2521.4383797777664	-14.994797410518851
1.6779677402803487e8	2521.3826969330053	-14.995341465759786
1.6826677402803487e8	2521.3270153179315	-14.995885521000723
1.6873677402803487e8	2521.2713349325168	-14.996429576241656
1.6920677402803487e8	2521.2156557767394	-14.99697363148259
1.6967677402803487e8	2521.15997785056	-14.997517686723523
1.7014677402803487e8	2521.1043011539655	-14.99806174196446
1.7061677402803487e8	2521.0486256869153	-14.998605797205395
1.7108677402803487e8	2520.9929514493933	-14.999149852446328
1.7155677402803487e8	2520.937278441368	-14.999693907687263
1.7202677402803487e8	2520.8816066628096	-15.0002379629282
1.7249677402803487e8	2520.825936113696	-15.000782018169135
1.7296677402803487e8	2520.7702667939952	-15.001326073410066
1.7343677402803487e8	2520.714598703685	-15.001870128651003
1.7390677402803487e8	2520.658931842733	-15.002414183891936
1.7437677402803487e8	2520.6032662111193	-15.002958239132873
1.7484677402803487e8	2520.5476018088057	-15.003502294373806
1.7531677402803487e8	2520.4919386357756	-15.00404634961474
1.7578677402803487e8	2520.4362766919958	-15.004590404855676
1.7625677402803487e8	2520.380615977441	-15.00513446009661
1.7672677402803487e8	2520.3249564920884	-15.005678515337545
1.7719677402803487e8	2520.269298235902	-15.006222570578478
1.7766677402803487e8	2520.21364120886	-15.006766625819415
1.7813677402803487e8	2520.1579854109364	-15.007310681060348
1.7860677402803487e8	2520.102330842102	-15.007854736301283
1.7907677402803487e8	2520.046677502328	-15.008398791542218
1.7954677402803487e8	2519.991025391591	-15.008942846783153
1.8001677402803487e8	2519.93537450986	-15.009486902024088
1.8048677402803487e8	2519.8797248571095	-15.010030957265023
1.8095677402803487e8	2519.8240764333173	-15.010575012505956
1.8142677402803487e8	2519.768429238445	-15.01111906774689
1.8189677402803487e8	2519.712783272477	-15.011663122987827
1.8236677402803487e8	2519.6571385353805	-15.01220717822876
1.8283677402803487e8	2519.601495027127	-15.012751233469695
1.8330677402803487e8	2519.5458527476917	-15.01329528871063
1.8377677402803487e8	2519.4902116970516	-15.013839343951565
1.8424677402803487e8	2519.434571875171	-15.0143833991925
1.8471677402803487e8	2519.378933282027	-15.014927454433433
1.8518677402803487e8	2519.3232959175966	-15.01547150967437
1.8565677402803487e8	2519.2676597818395	-15.016015564915303
1.8612677402803487e8	2519.212024874747	-15.01655962015624
1.8659677402803487e8	2519.1563911962776	-15.017103675397172
1.8706677402803487e8	2519.100758746409	-15.017647730638107
1.8753677402803487e8	2519.045127525115	-15.018191785879043
1.8800677402803487e8	2518.9894975323714	-15.018735841119977
1.8847677402803487e8	2518.933868768143	-15.01927989636091
1.8894677402803487e8	2518.8782412324067	-15.019823951601847
1.8941677402803487e8	2518.8226149251404	-15.020368006842782
1.8988677402803487e8	2518.766989846306	-15.020912062083715
1.9035677402803487e8	2518.7113659958864	-15.021456117324652
1.9082677402803487e8	2518.6557433738485	-15.022000172565583
1.9129677402803487e8	2518.6001219801697	-15.02254422780652
1.9176677402803487e8	2518.5445018148184	-15.023088283047453
1.9223677402803487e8	2518.4888828777716	-15.02363233828839
1.9270677402803487e8	2518.4332651689983	-15.024176393529324
1.9317677402803487e8	2518.3776486884726	-15.024720448770257
1.9364677402803487e8	2518.322033436173	-15.025264504011194
1.9411677402803487e8	2518.266419412063	-15.025808559252127
1.9458677402803487e8	2518.2108066161218	-15.026352614493064
1.9505677402803487e8	2518.155195048318	-15.026896669733997
1.9552677402803487e8	2518.099584708629	-15.027440724974932
1.9599677402803487e8	2518.043975597026	-15.027984780215867
1.9646677402803487e8	2517.988367713479	-15.0285288354568
1.9693677402803487e8	2517.932761057963	-15.029072890697735
1.9740677402803487e8	2517.8771556304537	-15.02961694593867
1.9787677402803487e8	2517.8215514309213	-15.030161001179607
1.9834677402803487e8	2517.765948459334	-15.03070505642054
1.9881677402803487e8	2517.7103467156767	-15.031249111661474
1.9928677402803487e8	2517.6547461999103	-15.031793166902407
1.9975677402803487e8	2517.599146912012	-15.032337222143344
2.0022677402803487e8	2517.5435488519606	-15.032881277384279
2.0069677402803487e8	2517.4879520197183	-15.033425332625212
2.0116677402803487e8	2517.4323564152637	-15.033969387866147
2.0163677402803487e8	2517.376762038569	-15.034513443107082
2.0210677402803487e8	2517.3211688896117	-15.035057498348019
2.0257677402803487e8	2517.265576968351	-15.03560155358895
2.0304677402803487e8	2517.2099862747805	-15.036145608829887
2.0351677402803487e8	2517.154396808853	-15.03668966407082
2.0398677402803487e8	2517.0988085705517	-15.037233719311757
2.0445677402803487e8	2517.043221559853	-15.03777777455269
2.0492677402803487e8	2516.9876357767193	-15.038321829793624
2.0539677402803487e8	2516.9320512211293	-15.03886588503456
2.0586677402803487e8	2516.876467893058	-15.039409940275494
2.0633677402803487e8	2516.820885792475	-15.039953995516429
2.0680677402803487e8	2516.7653049193495	-15.040498050757362
2.0727677402803487e8	2516.709725273668	-15.041042105998299
2.0774677402803487e8	2516.654146855385	-15.041586161239234
2.0821677402803487e8	2516.598569664485	-15.042130216480167
2.0868677402803487e8	2516.5429937009403	-15.042674271721102
2.0915677402803487e8	2516.48741896472	-15.043218326962037
2.0962677402803487e8	2516.431845455799	-15.043762382202972
2.1009677402803487e8	2516.3762731741544	-15.044306437443907
2.1056677402803487e8	2516.3207021197504	-15.04485049268484
2.1103677402803487e8	2516.2651322925644	-15.045394547925774
2.1150677402803487e8	2516.2095636925737	-15.04593860316671
2.1197677402803487e8	2516.1539963197424	-15.046482658407646
2.1244677402803487e8	2516.0984301740477	-15.04702671364858
2.1291677402803487e8	2516.0428652554647	-15.047570768889514
2.1338677402803487e8	2515.9873015639614	-15.04811482413045
2.1385677402803487e8	2515.9317390995143	-15.048658879371384
2.1432677402803487e8	2515.876177862097	-15.049202934612318
2.1479677402803487e8	2515.820617851681	-15.049746989853254
2.1526677402803487e8	2515.7650590682347	-15.050291045094188
2.1573677402803487e8	2515.709501511742	-15.050835100335124
2.1620677402803487e8	2515.6539451821645	-15.051379155576058
2.1667677402803487e8	2515.598390079482	-15.051923210816991
2.1714677402803487e8	2515.542836203666	-15.052467266057928
2.1761677402803487e8	2515.4872835546853	-15.053011321298861
2.1808677402803487e8	2515.431732132519	-15.053555376539796
2.1855677402803487e8	2515.376181937132	-15.05409943178073
2.1902677402803487e8	2515.3206329685095	-15.054643487021666
2.1949677402803487e8	2515.2650852266124	-15.0551875422626
2.1996677402803487e8	2515.2095387114205	-15.055731597503536
2.2043677402803487e8	2515.1539934229004	-15.056275652744468
2.2090677402803487e8	2515.098449361036	-15.056819707985404
2.2137677402803487e8	2515.042906525789	-15.057363763226338
2.2184677402803487e8	2514.9873649171363	-15.057907818467275
2.2231677402803487e8	2514.9318245350564	-15.058451873708208
2.2278677402803487e8	2514.8762853795097	-15.058995928949141
2.2325677402803487e8	2514.8207474504816	-15.059539984190078
2.2372677402803487e8	2514.765210747937	-15.060084039431011
2.2419677402803487e8	2514.7096752718567	-15.060628094671946
2.2466677402803487e8	2514.6541410222017	-15.061172149912881
2.2513677402803487e8	2514.598607998956	-15.061716205153816
2.2560677402803487e8	2514.543076202087	-15.062260260394751
2.2607677402803487e8	2514.487545631568	-15.062804315635685
2.2654677402803487e8	2514.4320162873782	-15.063348370876621
2.2701677402803487e8	2514.37648816948	-15.063892426117555
2.2748677402803487e8	2514.3209612778523	-15.064436481358491
2.2795677402803487e8	2514.265435612469	-15.064980536599425
2.2842677402803487e8	2514.2099111733014	-15.065524591840358
2.2889677402803487e8	2514.15438796032	-15.066068647081293
2.2936677402803487e8	2514.098865973502	-15.066612702322228
2.2983677402803487e8	2514.043345212817	-15.067156757563163
2.3030677402803487e8	2513.9878256782404	-15.067700812804098
2.3077677402803487e8	2513.9323073697424	-15.068244868045031
2.3124677402803487e8	2513.8767902872974	-15.068788923285966
2.3171677402803487e8	2513.8212744308803	-15.069332978526903
2.3218677402803487e8	2513.7657598004625	-15.069877033767835
2.3265677402803487e8	2513.710246396014	-15.07042108900877
2.3312677402803487e8	2513.654734217511	-15.070965144249705
2.3359677402803487e8	2513.5992232649273	-15.071509199490642
2.3406677402803487e8	2513.5437135382344	-15.072053254731575
2.3453677402803487e8	2513.488205037403	-15.07259730997251
2.3500677402803487e8	2513.4326977624105	-15.073141365213445
2.3547677402803487e8	2513.3771917132226	-15.073685420454378
2.3594677402803487e8	2513.321686889824	-15.074229475695313
2.3641677402803487e8	2513.2661832921763	-15.074773530936248
2.3688677402803487e8	2513.210680920257	-15.075317586177182
2.3735677402803487e8	2513.1551797740426	-15.075861641418118
2.3782677402803487e8	2513.0996798534984	-15.076405696659053
2.3829677402803487e8	2513.044181158601	-15.076949751899987
2.3876677402803487e8	2512.9886836893284	-15.077493807140922
2.3923677402803487e8	2512.933187445644	-15.078037862381857
2.3970677402803487e8	2512.877692427523	-15.07858191762279
2.4017677402803487e8	2512.8221986349477	-15.079125972863725
2.4064677402803487e8	2512.7667060678773	-15.07967002810466
2.4111677402803487e8	2512.711214726296	-15.080214083345595
2.4158677402803487e8	2512.6557246101725	-15.08075813858653
2.4205677402803487e8	2512.600235719477	-15.081302193827463
2.4252677402803487e8	2512.5447480541875	-15.081846249068398
2.4299677402803487e8	2512.489261614274	-15.082390304309333
2.4346677402803487e8	2512.4337763997078	-15.082934359550269
2.4393677402803487e8	2512.378292410464	-15.083478414791202
2.4440677402803487e8	2512.3228096465195	-15.084022470032139
2.4487677402803487e8	2512.2673281078364	-15.084566525273072
2.4534677402803487e8	2512.211847794397	-15.085110580514007
2.4581677402803487e8	2512.156368706176	-15.08565463575494
2.4628677402803487e8	2512.100890843137	-15.086198690995875
2.4675677402803487e8	2512.045414205259	-15.086742746236812
2.4722677402803487e8	2511.989938792515	-15.087286801477745
2.4769677402803487e8	2511.9344646048776	-15.08783085671868
2.4816677402803487e8	2511.8789916423143	-15.088374911959614
2.4863677402803487e8	2511.823519904809	-15.08891896720055
2.4910677402803487e8	2511.7680493923244	-15.089463022441484
2.4957677402803487e8	2511.712580104837	-15.090007077682419
2.5004677402803487e8	2511.6571120423223	-15.090551132923352
2.5051677402803487e8	2511.6016452047515	-15.091095188164289
2.5098677402803487e8	2511.5461795920946	-15.091639243405224
2.5145677402803487e8	2511.4907152043293	-15.092183298646159
2.5192677402803487e8	2511.4352520414263	-15.092727353887092
2.5239677402803487e8	2511.379790103352	-15.093271409128025
2.5286677402803487e8	2511.324329390095	-15.093815464368962
2.5333677402803487e8	2511.268869901615	-15.094359519609895
2.5380677402803487e8	2511.2134116378884	-15.094903574850829
2.5427677402803487e8	2511.157954598894	-15.095447630091765
2.5474677402803487e8	2511.1024987845944	-15.0959916853327
2.5521677402803487e8	2511.0470441949683	-15.096535740573636
2.5568677402803487e8	2510.9915908299927	-15.097079795814569
2.5615677402803487e8	2510.9361386896317	-15.097623851055506
2.5662677402803487e8	2510.880687773862	-15.098167906296439
2.5709677402803487e8	2510.8252380826575	-15.098711961537374
2.5756677402803487e8	2510.769789615993	-15.099256016778309
2.5803677402803487e8	2510.714342373839	-15.099800072019242
2.5850677402803487e8	2510.6588963561667	-15.100344127260177
2.5897677402803487e8	2510.603451562951	-15.100888182501112
2.5944677402803487e8	2510.548007994169	-15.10143223774205
2.5991677402803487e8	2510.492565649786	-15.101976292982982
2.6038677402803487e8	2510.4371245297775	-15.102520348223917
2.6085677402803487e8	2510.38168463412	-15.10306440346485
2.6132677402803487e8	2510.326245962782	-15.103608458705786
2.6179677402803487e8	2510.2708085157387	-15.104152513946719
2.6226677402803487e8	2510.2153722929665	-15.104696569187654
2.6273677402803487e8	2510.1599372944306	-15.105240624428589
2.6320677402803487e8	2510.104503520108	-15.105784679669526
2.6367677402803487e8	2510.049070969974	-15.10632873491046
2.6414677402803487e8	2509.9936396439966	-15.106872790151394
2.6461677402803487e8	2509.9382095421543	-15.10741684539233
2.6508677402803487e8	2509.8827806644144	-15.107960900633262
2.6555677402803487e8	2509.827353010755	-15.108504955874196
2.6602677402803487e8	2509.7719265811447	-15.10904901111513
2.6649677402803487e8	2509.7165013755603	-15.109593066356068
2.6696677402803487e8	2509.661077393971	-15.110137121597003
2.6743677402803487e8	2509.605654636354	-15.110681176837938
2.6790677402803487e8	2509.5502331026796	-15.111225232078871
2.6837677402803487e8	2509.494812792919	-15.111769287319806
2.6884677402803487e8	2509.43939370705	-15.112313342560741
2.6931677402803487e8	2509.3839758450404	-15.112857397801676
2.6978677402803487e8	2509.3285592068655	-15.11340145304261
2.7025677402803487e8	2509.2731437924986	-15.113945508283544
2.7072677402803487e8	2509.2177296019167	-15.11448956352448
2.7119677402803487e8	2509.1623166350846	-15.115033618765414
2.7166677402803487e8	2509.106904891979	-15.115577674006348
2.7213677402803487e8	2509.0514943725775	-15.116121729247283
2.7260677402803487e8	2508.9960850768443	-15.116665784488218
2.7307677402803487e8	2508.940677004757	-15.117209839729155
2.7354677402803487e8	2508.8852701562882	-15.117753894970086
2.7401677402803487e8	2508.8298645314135	-15.118297950211021
2.7448677402803487e8	2508.774460130101	-15.118842005451956
2.7495677402803487e8	2508.7190569523286	-15.119386060692891
2.7542677402803487e8	2508.663654998064	-15.119930115933824
2.7589677402803487e8	2508.6082542672857	-15.12047417117476
2.7636677402803487e8	2508.552854759964	-15.121018226415696
2.7683677402803487e8	2508.497456476069	-15.121562281656631
2.7730677402803487e8	2508.442059415579	-15.122106336897565
2.7777677402803487e8	2508.3866635784625	-15.122650392138498
2.7824677402803487e8	2508.3312689646946	-15.123194447379433
2.7871677402803487e8	2508.2758755742498	-15.123738502620368
2.7918677402803487e8	2508.2204834071	-15.124282557861303
2.7965677402803487e8	2508.165092463215	-15.124826613102238
2.8012677402803487e8	2508.109702742573	-15.125370668343173
2.8059677402803487e8	2508.054314245142	-15.125914723584108
2.8106677402803487e8	2507.9989269708994	-15.126458778825043
2.8153677402803487e8	2507.9435409198163	-15.127002834065976
2.8200677402803487e8	2507.888156091861	-15.12754688930691
2.8247677402803487e8	2507.832772487016	-15.128090944547846
2.8294677402803487e8	2507.777390105249	-15.128634999788781
2.8341677402803487e8	2507.7220089465313	-15.129179055029715
2.8388677402803487e8	2507.66662901084	-15.12972311027065
2.8435677402803487e8	2507.611250298146	-15.130267165511585
2.8482677402803487e8	2507.55587280842	-15.13081122075252
2.8529677402803487e8	2507.5004965416374	-15.131355275993453
2.8576677402803487e8	2507.4451214977757	-15.131899331234388
2.8623677402803487e8	2507.389747676796	-15.132443386475323
2.8670677402803487e8	2507.3343750786817	-15.132987441716258
2.8717677402803487e8	2507.2790037034065	-15.133531496957193
2.8764677402803487e8	2507.223633550935	-15.134075552198127
2.8811677402803487e8	2507.1682646212453	-15.134619607439062
2.8858677402803487e8	2507.112896914312	-15.135163662679997
2.8905677402803487e8	2507.0575304301055	-15.135707717920933
2.8952677402803487e8	2507.0021651685975	-15.136251773161867
2.8999677402803487e8	2506.946801129762	-15.1367958284028
2.9046677402803487e8	2506.891438313574	-15.137339883643735
2.9093677402803487e8	2506.8360767200065	-15.13788393888467
2.9140677402803487e8	2506.7807163490315	-15.138427994125603
2.9187677402803487e8	2506.7253572006193	-15.138972049366538
2.9234677402803487e8	2506.669999274748	-15.139516104607473
2.9281677402803487e8	2506.614642571388	-15.14006015984841
2.9328677402803487e8	2506.5592870905098	-15.140604215089343
2.9375677402803487e8	2506.5039328320886	-15.141148270330277
2.9422677402803487e8	2506.4485797961	-15.141692325571212
2.9469677402803487e8	2506.3932279825126	-15.142236380812147
2.9516677402803487e8	2506.337877391302	-15.14278043605308
2.9563677402803487e8	2506.2825280224442	-15.143324491294017
2.9610677402803487e8	2506.2271798759048	-15.143868546534952
2.9657677402803487e8	2506.1718329516602	-15.144412601775887
2.9704677402803487e8	2506.1164872496865	-15.144956657016822
2.9751677402803487e8	2506.061142769954	-15.145500712257755
2.9798677402803487e8	2506.005799512434	-15.146044767498688
2.9845677402803487e8	2505.950457477101	-15.146588822739623
2.9892677402803487e8	2505.8951166639304	-15.14713287798056
2.9939677402803487e8	2505.839777072893	-15.147676933221494
2.9986677402803487e8	2505.78443870396	-15.148220988462429
3.0033677402803487e8	2505.7291015571063	-15.148765043703364
3.0080677402803487e8	2505.6737656323094	-15.149309098944299
3.0127677402803487e8	2505.6184309295336	-15.149853154185232
3.0174677402803487e8	2505.563097448756	-15.150397209426167
3.0221677402803487e8	2505.507765189952	-15.150941264667102
3.0268677402803487e8	2505.4524341530905	-15.151485319908037
3.0315677402803487e8	2505.397104338146	-15.15202937514897
3.0362677402803487e8	2505.3417757450948	-15.152573430389905
3.0409677402803487e8	2505.2864483739068	-15.15311748563084
3.0456677402803487e8	2505.2311222245526	-15.153661540871775
3.0503677402803487e8	2504.420144969807	-15.162498699499544
3.0550677402803487e8	2502.638398034647	-15.181999831321862
3.0597677402803487e8	2500.857918707142	-15.20150096314418
3.0644677402803487e8	2499.078706085461	-15.221002094966497
3.0691677402803487e8	2497.3007592684166	-15.240503226788817
3.0738677402803487e8	2495.5240773554674	-15.260004358611136
3.0785677402803487e8	2493.748659446704	-15.279505490433454
3.0832677402803487e8	2491.97450464287	-15.299006622255773
3.0879677402803487e8	2490.201612045331	-15.318507754078091
3.0926677402803487e8	2488.4299807561088	-15.338008885900408
3.0973677402803487e8	2486.659609877855	-15.357510017722728
3.1020677402803487e8	2484.8904985138615	-15.377011149545048
3.1067677402803487e8	2483.122645768058	-15.396512281367364
3.1114677402803487e8	2481.3560507450106	-15.416013413189681
3.1161677402803487e8	2479.5907125499257	-15.435514545012001
3.1208677402803487e8	2477.8266302886486	-15.455015676834321
3.1255677402803487e8	2476.063803067648	-15.474516808656638
3.1302677402803487e8	2474.3022299940417	-15.494017940478955
3.1349677402803487e8	2472.541910175582	-15.513519072301275
3.1396677402803487e8	2467.267688869983	-15.580118494299558
3.1443677402803487e8	2459.992219449316	-15.673770611637146
3.1490677402803487e8	2452.73820390474	-15.76742272897473
3.1537677402803487e8	2445.505578973159	-15.861074846312315
3.1584677402803487e8	2436.859476942067	-15.983286698051366
3.1631677402803487e8	2427.1646426850907	-16.127069353839435
3.1678677402803487e8	2417.5083784860785	-16.270852009627504
3.1725677402803487e8	2409.765148961128	-16.41640926828704
3.1772677402803487e8	2402.421384411319	-16.56232217486554
3.1819677402803487e8	2395.099999999999	-16.708235081444037
