-1.4776552091789144e8	7508.841785319395	-14.330143515859302	4.716759155286409
-1.4475052091789144e8	7444.218146918097	-14.339438871427248	4.621734285091346
-1.4173552091789144e8	7380.15068146058	-14.348734226995196	4.516722370669027
-1.3872052091789144e8	7316.634602333923	-14.358029582563143	4.39937491573503
-1.3570552091789144e8	7248.861857633267	-14.367064378490836	4.300096204894584
-1.3269052091789144e8	7179.830780462671	-14.375995856900172	4.204425648930061
-1.2967552091789144e8	7111.457087817939	-14.38492733530951	4.09862449707988
-1.2666052091789144e8	7043.734519411191	-14.393858813718843	3.980290393004756
-1.2364552091789144e8	6971.172097636616	-14.402554193566896	3.880637253832751
-1.2063052091789144e8	6897.024875552645	-14.411148074073672	3.7861367564115884
-1.1761552091789144e8	6823.666302847254	-14.419741954580452	3.6817649630808407
-1.1460052091789144e8	6751.087991237983	-14.428335835087227	3.565216457206647
-1.1158552091789144e8	6673.808393946359	-14.436540085555123	3.472937231479679
-1.0857052091789144e8	6595.860318013803	-14.444632434736226	3.383557635386923
-1.0555552091789144e8	6518.822652177394	-14.45272478391733	3.285398169560955
-1.0254052091789144e8	6442.684763120882	-14.460817133098432	3.17654413198367
-9.952552091789144e7	6362.359110078267	-14.468580156839563	3.0903328565854467
-9.651052091789144e7	6281.121159804928	-14.476217405519293	3.010695999612171
-9.349552091789144e7	6200.920498444474	-14.483854654199025	2.924164052096233
-9.048052091789144e7	6121.743881346026	-14.491491902878757	2.8294288844196376
-8.746552091789144e7	6038.355749866471	-14.499067802732844	2.73345681102608
-8.445052091789144e7	5941.844344254953	-14.506473609124562	2.6536017347733414
-8.143552091789144e7	5846.875486283722	-14.513879415516286	2.566812058628864
-7.842052091789144e7	5748.8662366298095	-14.521587510124842	2.4915441603485364
-7.540552091789144e7	5652.443269931355	-14.529299424689267	2.4104149057966673
-7.239052091789144e7	5555.74107369477	-14.537376784713572	2.329464114368841
-6.937552091789144e7	5458.926331486319	-14.54580066697022	2.2489292681756465
-6.636052091789144e7	5363.79868991566	-14.554224549226868	2.16133596050484
-6.334552091789144e7	5267.806295573776	-14.563352250515845	2.0763890703935384
-6.033052091789144e7	5173.430663144166	-14.57250869661376	1.9840435479920917
-5.731552091789144e7	5079.858178015334	-14.58193974178424	1.88822330167217
-5.430052091789144e7	4987.114992217487	-14.591642777083607	1.7887275291007632
-5.128552091789144e7	4895.950433882832	-14.601488320467277	1.6817974388979104
-4.827052091789144e7	4806.057304980102	-14.611834354730567	1.5760582891913024
-4.525552091789144e7	4717.963011294773	-14.622276158520721	1.4599433000395852
-4.224052091789144e7	4632.839749252914	-14.633609830002904	1.351017613714769
-3.922552091789144e7	4549.482699030118	-14.645022073482185	1.2303513297316866
-3.621052091789144e7	4471.349953345203	-14.65772723804601	1.1226701534715302
-3.3195520917891443e7	4394.692456303338	-14.670474298415575	1.0026985808287605
-3.0180520917891443e7	4324.956141353095	-14.685011840408896	0.9009863126524631
-2.7165520917891443e7	4256.326423433511	-14.699549382402216	0.7877449488635163
-2.4150520917891443e7	4195.42174478601	-14.716201422824074	0.6927565278433828
-2.1135520917891443e7	4135.933276444008	-14.733029399387986	0.5907607785687209
-1.8120520917891443e7	4082.7370069007816	-14.75180127915798	0.49967673301319304
-1.5105520917891443e7	4032.5607308664753	-14.771416535797208	0.410075278741489
-1.2090520917891443e7	3985.2946171037383	-14.791969285839397	0.3197637812533904
-9.075520917891443e6	3943.982290866197	-14.814753257158944	0.2415014530375184
-6.060520917891443e6	3903.0982161039187	-14.837537228478494	0.15659008238025582
-3.045520917891443e6	3867.0410420124467	-14.862518416863749	0.08052419398241484
-30520.917891442776	3833.280867566618	-14.888487946703824	0.00626301849546114
2.984479082108557e6	3799.8154273545947	-14.914457476543902	-0.07395845607029627
5.999479082108557e6	3770.8579250274956	-14.942921766014504	-0.1426794547930214
9.014479082108557e6	3742.6950915227653	-14.97172811521136	-0.21377151183326143
1.2029479082108557e7	3714.7425934925573	-15.000534464408213	-0.2903071095011477
1.5044479082108557e7	3689.8868793362826	-15.031525038886556	-0.35693629173163066
1.8059479082108557e7	3665.6160178763944	-15.062834147385782	-0.425801948893412
2.1074479082108557e7	3641.504802155053	-15.094143255885008	-0.49976315539415733
2.4089479082108557e7	3619.2123546612943	-15.126955226001128	-0.5675343573222549
2.7104479082108557e7	3597.750127210939	-15.160398872444304	-0.6348127750113288
3.0119479082108557e7	3576.4151725376455	-15.193842518887479	-0.7069461768034332
3.3134479082108557e7	3555.9003640976553	-15.22806984105689	-0.7779825512441789
3.614947908210856e7	3536.4933651988176	-15.263422023849486	-0.8441487038746123
3.916447908210856e7	3517.1922836676495	-15.29877420664208	-0.9150049753322147
4.217947908210856e7	3498.047511003825	-15.334201369667896	-0.9906102523935447
4.519447908210856e7	3480.164389063639	-15.371340242335464	-1.056259773961896
4.820947908210856e7	3462.3726912820284	-15.40847911500303	-1.1265238734830714
5.122447908210856e7	3444.671950269852	-15.445617987670595	-1.202100658106667
5.423947908210856e7	3427.6499768238527	-15.483769831025276	-1.2729397581091033
5.725447908210856e7	3411.019416280296	-15.522453379046265	-1.3430487934774122
6.026947908210856e7	3394.4695452896003	-15.561136927067253	-1.418446197002977
6.328447908210856e7	3378.2155587363372	-15.600248207639128	-1.495119788652133
6.629947908210856e7	3362.559803320067	-15.640396840289469	-1.5654285304593385
6.931447908210856e7	3346.9766017930833	-15.680545472939812	-1.6410569692338959
7.232947908210856e7	3331.465617916953	-15.720694105590153	-1.722876481459133
7.534447908210856e7	3317.5834891828895	-15.762829497737119	-1.793698307586915
7.835947908210856e7	3303.7658109798294	-15.804973350211725	-1.8698374747167295
8.137447908210856e7	3290.005683168965	-15.847117202686334	-1.9522551361533513
8.438947908210856e7	3278.7131026180587	-15.891378231125715	-2.026974351702599
8.740447908210856e7	3268.1046434995783	-15.936207838286055	-2.103375138484191
9.041947908210856e7	3257.530508642278	-15.981037445446395	-2.1860994577933632
9.343447908210856e7	3246.528285108995	-16.026112683223285	-2.2640928294408704
9.644947908210856e7	3235.2897011859254	-16.07133375697874	-2.3408855076022697
9.946447908210856e7	3224.090022135237	-16.116554830734195	-2.4240695092118507
1.0247947908210856e8	3213.825904324412	-16.162529140658336	-2.504248301052472
1.0549447908210856e8	3204.3703474604035	-16.209157045327053	-2.5815266163775163
1.0850947908210856e8	3194.9426102600255	-16.255784949995775	-2.665280806115904
1.1152447908210856e8	3185.4778953379996	-16.30279608145049	-2.747268122847516
1.1453947908210856e8	3175.9697778607842	-16.350231531285495	-2.825285847664303
1.1755447908210856e8	3166.490040520218	-16.3976669811205	-2.9099093377892826
1.2056947908210856e8	3157.307955227	-16.44536862730939	-2.9927093405238647
1.2358447908210856e8	3148.4400170482213	-16.49335522250449	-3.0717980500153756
1.2659947908210856e8	3139.596986267979	-16.541341817699596	-3.157683146722677
1.2961447908210856e8	3130.960814909151	-16.589860404770604	-3.2409387162510974
1.3262947908210856e8	3122.513034609049	-16.638861468565082	-3.3212412738986625
1.3564447908210856e8	3114.0880476290176	-16.68786253235956	-3.408559833390683
1.3865947908210856e8	3105.9128832142424	-16.737119437061317	-3.4911778733484296
1.4167447908210856e8	3097.8906246935103	-16.7865248083809	-3.573035442067146
1.4468947908210856e8	3089.8890868543276	-16.83593017970048	-3.662195909947266
1.4770447908210856e8	3082.200760086512	-16.885603998888534	-3.7439052440246883
1.5071947908210856e8	3074.6157786346903	-16.93535528460097	-3.8278382668774626
1.5373447908210856e8	3067.0494630479825	-16.985106570313405	-3.919466886911705
1.5674947908210856e8	3059.7648618684357	-17.035707054216306	-3.9997719118408543
1.5976447908210856e8	3052.5102898491887	-17.086348714626695	-4.08601644901842
1.6277947908210856e8	3045.3473700917048	-17.137048090107264	-4.176403680933493
1.6579447908210856e8	3038.5033346173927	-17.187982170733722	-4.25799324724083
1.6880947908210856e8	3031.6746802526545	-17.238916251360177	-4.346835820144709
1.7182447908210856e8	3024.9919399448377	-17.290297412908465	-4.434517477758832
1.7483947908210856e8	3018.4675733226754	-17.342171491421468	-4.518829318942146
1.7785447908210856e8	3011.957278592488	-17.394045569934466	-4.610909645937848
1.8086947908210856e8	3005.802673745324	-17.445604293274087	-4.69484704070996
1.8388447908210856e8	2999.7344750572483	-17.497094733828742	-4.782375013307706
1.8689947908210856e8	2993.7187693395854	-17.548743541020286	-4.874884331062951
1.8991447908210856e8	2987.912877794465	-17.601172092368557	-4.958382958970744
1.9292947908210856e8	2982.118245949809	-17.65360064371683	-5.049494063329203
1.9594447908210856e8	2976.566042239764	-17.705825300356256	-5.137418703946139
1.9895947908210856e8	2971.189853465627	-17.75790357733785	-5.224186502676909
2.0197447908210856e8	2965.8233750104723	-17.809981854319446	-5.319204466865077
2.0498947908210856e8	2960.7617703244623	-17.862421873820015	-5.4022473279428525
2.0800447908210856e8	2955.7100943905293	-17.914863477315727	-5.492711860709218
2.1101947908210856e8	2950.7861335444372	-17.967478861628795	-5.5829106232701715
2.1403447908210856e8	2946.019882450335	-18.020312755543667	-5.669327727719561
2.1704947908210856e8	2941.26133003329	-18.073146649458536	-5.763925246332862
2.2006447908210856e8	2936.6933921458035	-18.126438355003703	-5.848219584604998
2.2307947908210856e8	2932.147571453223	-18.17976771542845	-5.938477642142245
2.2609447908210856e8	2927.7074883031974	-18.23301774892722	-6.028570606475806
2.2910947908210856e8	2923.4001232775277	-18.286166369579366	-6.114848510233314
2.3212447908210856e8	2919.0990954264353	-18.339314990231514	-6.209279231706849
2.3513947908210856e8	2915.1371240124854	-18.392484583320947	-6.292594054219121
2.3815447908210856e8	2911.196671738276	-18.445655195171803	-6.382382890719256
2.4116947908210856e8	2907.317980935706	-18.49700699927556	-6.46649073690666
2.4418447908210856e8	2903.5086915690995	-18.546285939844463	-6.540448330080494
2.4719947908210856e8	2899.7043932924134	-18.59556488041337	-6.620315624187431
2.5021447908210856e8	2895.905079566116	-18.644843820982274	-6.707119733897225
2.5322947908210856e8	2892.110743859242	-18.694122761551178	-6.8021812496592675
2.5624447908210856e8	2888.3366322704205	-18.74344531780126	-6.902128430627877
2.5925947908210856e8	2884.6727476595092	-18.793069377549912	-6.974572307001002
2.6227447908210856e8	2881.013510723763	-18.842693437298568	-7.052677063118533
2.6528947908210856e8	2877.3589155675663	-18.89231749704722	-7.137402965230798
2.6830447908210856e8	2873.708956302761	-18.941941556795875	-7.229977452255466
2.7131947908210856e8	2870.063627048685	-18.99156561654453	-7.3320044750679125
2.7433447908210856e8	2866.3816458532087	-19.040842501671143	-7.410144796000366
2.7734947908210856e8	2862.695205013798	-19.090042046432764	-7.486493134793748
2.8036447908210856e8	2859.013505289749	-19.139241591194384	-7.569155963146473
2.8337947908210856e8	2855.3365405835425	-19.18844113595601	-7.6592727232636015
2.8639447908210856e8	2851.6643048054825	-19.23764068071763	-7.758322137087577
2.8940947908210856e8	2847.918206633724	-19.286693502941556	-7.849727420755764
2.9242447908210856e8	2844.0760436090527	-19.335557525468776	-7.924526636312718
2.9543947908210856e8	2840.2390640958583	-19.38442154799599	-8.005376398995734
2.9845447908210856e8	2836.4072611009956	-19.43328557052321	-8.093342408771193
3.0146947908210856e8	2832.580627640763	-19.48214959305043	-8.1897993521689
3.0448447908210856e8	2828.7591567408695	-19.53101361557765	-8.296563256022088
3.0749947908210856e8	2824.705336604423	-19.579830082769817	-8.370987096836158
3.1051447908210856e8	2820.653594397301	-19.628645801704902	-8.450646504361343
3.1352947908210856e8	2816.607663987504	-19.677461520639987	-8.537205079601426
3.1654447908210856e8	2812.5675370386193	-19.72627723957507	-8.63197216780633
3.1955947908210856e8	2808.5332052261906	-19.77509295851015	-8.736669305140374
3.2257447908210856e8	2804.334991527235	-19.8241041593555	-8.831343327446676
3.2558947908210856e8	2799.9705576610677	-19.87331440885057	-8.91132245452344
3.2860447908210856e8	2795.6129162369716	-19.922524658345644	-8.998258696019228
3.3161947908210856e8	2791.2620566837495	-19.971734907840716	-9.093478720682162
3.3463447908210856e8	2786.9179684466644	-20.020945157335788	-9.198729057759547
3.3764947908210856e8	2782.5633492792285	-20.070146184797178	-9.314109590288233
3.4066447908210856e8	2777.891701083787	-20.119174224256188	-9.397344655102298
3.4367947908210856e8	2773.227896122849	-20.168202263715205	-9.488142004012273
3.4669447908210856e8	2768.5719212283957	-20.217230303174222	-9.588014352016312
3.4970947908210856e8	2763.9237632545237	-20.266258342633236	-9.698979265018428
3.5272447908210856e8	2759.2834090774004	-20.31528638209225	-9.823812257522226
3.5573947908210856e8	2754.2954128645847	-20.364948792809685	-9.93219697799212
3.5875447908210856e8	2749.1323656812992	-20.414940352385074	-10.034217613351673
3.6176947908210856e8	2743.978996855716	-20.464931911960463	-10.147841424210124
3.6478447908210856e8	2738.8352882453228	-20.514923471535848	-10.27605053607193
3.6779947908210856e8	2733.701221741629	-20.564915031111234	-10.423148620657
3.7081447908210856e8	2728.1937683178676	-20.615235222134103	-10.561923791076865
3.7382947908210856e8	2722.4098847684745	-20.665802644699564	-10.694193189208523
3.7684447908210856e8	2716.6382632912605	-20.716370067265025	-10.846663683321744
3.7985947908210856e8	2710.878877890133	-20.766937489830486	-11.026637712726433
3.8287447908210856e8	2705.1317026240963	-20.817504912395947	-11.246270273634552
3.8588947908210856e8	2698.8758952730723	-20.869623495240813	-11.444514432322025
3.8890447908210856e8	2692.602693534711	-20.92183720133057	-11.685746923520183
3.9191947908210856e8	2686.344073074478	-20.974050907420327	-12.004323926744613
3.9493447908210856e8	2680.099999999999	-21.026264613510087	-12.474598808125153
