-3.232935510513022e8	7140.174286074315	-14.564983235259314
-3.085935510513022e8	7029.770623446324	-14.578501601578655
-2.938935510513022e8	6918.696057633733	-14.591909006561641
-2.791935510513022e8	6801.537040408668	-14.604944457228243
-2.644935510513022e8	6684.95315971887	-14.617889361230956
-2.497935510513022e8	6561.23316027643	-14.6302364549219
-2.350935510513022e8	6438.4717361596295	-14.642485474081077
-2.203935510513022e8	6308.16301010951	-14.653994720449944
-2.056935510513022e8	6179.192335134219	-14.665363216323755
-1.909935510513022e8	6044.382473333323	-14.67579358864761
-1.762935510513022e8	5910.856428672688	-14.686162265371808
-1.615935510513022e8	5753.115315235607	-14.695490837048109
-1.468935510513022e8	5593.160171144191	-14.70446307219532
-1.321935510513022e8	5434.343727799489	-14.713628872199315
-1.174935510513022e8	5280.357158776201	-14.723749956132604
-1.027935510513022e8	5131.638659120443	-14.734974811910018
-8.80935510513022e7	4989.461822990832	-14.748707577854853
-7.33935510513022e7	4853.894451649225	-14.764513867317557
-5.8693551051302195e7	4723.6015527262625	-14.781702295425516
-4.3993551051302195e7	4597.899480586785	-14.80058503945998
-2.9293551051302195e7	4476.507202628287	-14.820408543175251
-1.4593551051302195e7	4359.918047956338	-14.841150756077026
106448.9486978054	4249.344981003402	-14.863123118456901
1.4806448948697805e7	4148.86249159232	-14.88743609740948
2.9506448948697805e7	4057.242342898167	-14.913818296698203
4.4206448948697805e7	3974.3016301292278	-14.942357154262643
5.8906448948697805e7	3905.1356903792775	-14.975468907071672
7.36064489486978e7	3841.187287677518	-15.010331704383738
8.83064489486978e7	3786.6235767704225	-15.049039756461468
1.030064489486978e8	3736.6884434757694	-15.089914885993409
1.177064489486978e8	3691.976433941119	-15.133388351909918
1.324064489486978e8	3650.747259295681	-15.179028998715385
1.471064489486978e8	3612.771999112616	-15.226744920388011
1.618064489486978e8	3576.959639963403	-15.276117907692349
1.765064489486978e8	3543.6094950832444	-15.327484715373508
1.912064489486978e8	3511.4665567129728	-15.379867179687746
2.059064489486978e8	3481.5322437159875	-15.434441091236828
2.206064489486978e8	3452.134467506139	-15.489387222026338
2.353064489486978e8	3424.796543618008	-15.546749713286456
2.500064489486978e8	3397.675112479371	-15.604112204546578
2.647064489486978e8	3372.093324563473	-15.663992491815684
2.794064489486978e8	3346.791114252005	-15.72403927182026
2.941064489486978e8	3322.5544683491303	-15.786012913476318
3.088064489486978e8	3298.7588357388136	-15.848574899451421
3.235064489486978e8	3275.7023200325416	-15.912388805620926
3.382064489486978e8	3253.1208348866103	-15.97689844848432
3.529064489486978e8	3234.073014338001	-16.044603899239654
3.676064489486978e8	3217.607982037305	-16.114658962889852
3.823064489486978e8	3201.0005426696366	-16.18508338293503
3.970064489486978e8	3184.2980176580795	-16.255804540951726
4.117064489486978e8	3168.690955690186	-16.32771569430681
4.264064489486978e8	3153.9444672640266	-16.40055650213151
4.411064489486978e8	3139.432229991069	-16.474043691060277
4.558064489486978e8	3125.0987260812517	-16.547969820538405
4.705064489486978e8	3111.1625500309747	-16.62266676023577
4.852064489486978e8	3097.4608924983454	-16.697765794520684
4.999064489486978e8	3084.217308367887	-16.77367387516675
5.146064489486978e8	3071.164696473257	-16.84985638952154
5.293064489486978e8	3058.5194801208313	-16.926855546208888
5.440064489486978e8	3045.98588392806	-17.0039913933357
5.587064489486978e8	3033.9790099485326	-17.082032041089157
5.734064489486978e8	3022.102162787626	-17.160228297716976
5.881064489486978e8	3010.640527051517	-17.23912103401846
6.028064489486978e8	2999.4224175695076	-17.318189482594445
6.175064489486978e8	2988.5660789080403	-17.39753999157422
6.322064489486978e8	2978.030488005435	-17.477533915385386
6.469064489486978e8	2967.7143618767736	-17.557946080871748
6.616064489486978e8	2957.840828058655	-17.638998432952707
6.763064489486978e8	2948.1518889084814	-17.720222821633318
6.910064489486978e8	2938.9987825878793	-17.80185383491794
7.057064489486978e8	2930.1258693666377	-17.883691728603146
7.204064489486978e8	2921.583420250055	-17.96577988088862
7.351064489486978e8	2913.424432771247	-18.04824839465475
7.498064489486978e8	2905.4613517088087	-18.130859103776533
7.645064489486978e8	2898.01686044853	-18.213708418671665
7.792064489486978e8	2890.785065878288	-18.296754125400014
7.939064489486978e8	2883.775357804218	-18.380007294399302
8.086064489486978e8	2877.1600057014625	-18.463311005786274
8.233064489486978e8	2870.8552913358494	-18.54677669650979
8.380064489486978e8	2865.2986032299596	-18.630724883924998
8.527064489486978e8	2859.4704196632943	-18.710941614558436
8.674064489486978e8	2853.482796569676	-18.78888897549415
8.821064489486978e8	2847.507711332746	-18.866836336429866
8.968064489486978e8	2841.6153415375534	-18.944717377517673
9.115064489486978e8	2836.1022256814445	-19.022250972993245
9.262064489486978e8	2830.5998060114066	-19.099784568468817
9.409064489486978e8	2825.1080617754087	-19.17731816394439
9.556064489486978e8	2819.4956145266738	-19.254540610882707
9.703064489486978e8	2813.82984912517	-19.33161004242188
9.850064489486978e8	2808.1754690570656	-19.40867947396105
9.997064489486978e8	2802.48516154198	-19.48566223667203
1.0144064489486978e9	2796.5069276390445	-19.56209503239557
1.0291064489486978e9	2790.541446446124	-19.63852782811911
1.0438064489486978e9	2784.5886907592712	-19.71496062384265
1.0585064489486978e9	2778.398997994783	-19.791707884590238
1.0732064489486978e9	2772.0173255086233	-19.86871491208984
1.0879064489486978e9	2765.6503110120957	-19.94572193958944
1.1026064489486978e9	2759.297920837442	-20.022728967089037
1.1173064489486978e9	2752.5162434220747	-20.099714057733376
1.1320064489486978e9	2745.7369779179567	-20.176698442049005
1.1467064489486978e9	2738.9744092965148	-20.25368282636463
1.1614064489486978e9	2731.9997266705013	-20.330923449594582
1.1761064489486978e9	2724.6952535601454	-20.408554390734587
1.1908064489486978e9	2717.4103102201984	-20.486185331874584
1.2055064489486978e9	2710.1448444344464	-20.563816273014588
1.2202064489486978e9	2702.3756760557794	-20.641888741086646
1.2349064489486978e9	2694.5778973039673	-20.72000428247244
1.2496064489486978e9	2686.8026192555208	-20.79811982385824
1.2643064489486978e9	2678.534087204974	-20.87687274374769
1.2790064489486978e9	2669.929737882547	-20.956073627082525
1.2937064489486978e9	2661.353028614293	-21.035274510417363
1.3084064489486978e9	2652.492699413723	-21.11614642058806
1.3231064489486978e9	2643.4308705422036	-21.198263088876285
1.3378064489486978e9	2634.4000000000005	-21.28037975716451
