-4.377419322004199e7	5419.23312178499	-11.455021589999426
-4.151419322004199e7	5345.1787549237315	-11.496434838841495
-3.925419322004199e7	5272.136348450231	-11.537848087683566
-3.699419322004199e7	5200.9169905103345	-11.580001713642137
-3.473419322004199e7	5133.10367605989	-11.624378174141334
-3.247419322004199e7	5066.174560612255	-11.668754634640532
-3.021419322004199e7	5001.00464471995	-11.71452309074017
-2.795419322004199e7	4937.924513335245	-11.762281714716172
-2.569419322004199e7	4875.640042674365	-11.810040338692172
-2.343419322004199e7	4814.890117306063	-11.860003496330934
-2.117419322004199e7	4755.378577983113	-11.911401550421544
-1.891419322004199e7	4696.602595075032	-11.962799604512155
-1.665419322004199e7	4639.222659969437	-12.017543882986786
-1.439419322004199e7	4582.60710515672	-12.072608646019262
-1.213419322004199e7	4525.400249622419	-12.130039654056322
-9.87419322004199e6	4466.700426116168	-12.19206375570598
-7.61419322004199e6	4409.0411855534285	-12.255514801675732
-5.35419322004199e6	4352.429640471011	-12.320395453693992
-3.0941932200419903e6	4296.942064408904	-12.386694295354005
-834193.2200419903	4242.266779096862	-12.45440302961032
1.4258067799580097e6	4188.406513208106	-12.52367046490211
3.6858067799580097e6	4135.309333457684	-12.594366136714253
5.94580677995801e6	4082.982430328342	-12.666534240215931
8.20580677995801e6	4031.5154079354047	-12.74028014880181
1.046580677995801e7	3980.8817908411215	-12.815732555920851
1.272580677995801e7	3931.1772611053234	-12.89301430249605
1.498580677995801e7	3882.545968814041	-12.972245593301672
1.724580677995801e7	3835.0168879663515	-13.053538816236479
1.950580677995801e7	3788.6028222495283	-13.13696840398568
2.176580677995801e7	3743.2759394570517	-13.222597873600666
2.402580677995801e7	3699.004390223088	-13.310447220781516
2.628580677995801e7	3655.714379338295	-13.40068150933055
2.854580677995801e7	3613.405808736289	-13.493404980534972
3.080580677995801e7	3571.810499316921	-13.588556583936976
3.306580677995801e7	3531.0948355025766	-13.685905304842063
3.532580677995801e7	3491.145635874675	-13.78533966964019
3.758580677995801e7	3451.815715323096	-13.887119567164287
3.984580677995801e7	3413.043448901943	-13.991375687606437
4.210580677995801e7	3374.839121094684	-14.097780743228839
4.436580677995801e7	3337.2423495350395	-14.206301209761426
4.662580677995801e7	3300.0736225153637	-14.31732231209206
4.888580677995801e7	3263.194597501626	-14.431239624267045
5.114580677995801e7	3226.784781665225	-14.547061894882194
5.340580677995801e7	3190.7229841980957	-14.665335356817048
5.566580677995801e7	3155.00474266221	-14.785919243575933
5.792580677995801e7	3119.576165478075	-14.908913682897944
6.018580677995801e7	3084.424584555514	-15.034495033933478
6.244580677995801e7	3049.5866725865694	-15.162462082433102
6.470580677995801e7	3014.9922423019448	-15.292795645062213
6.696580677995801e7	2980.519260185664	-15.426159133419253
6.922580677995801e7	2946.2464068067256	-15.562091018894481
7.148580677995801e7	2912.7098226642133	-15.701034802209774
7.374580677995801e7	2883.5607608672685	-15.846175438434802
7.600580677995801e7	2860.443551361721	-16.000258536401763
7.826580677995801e7	2839.024561324255	-16.155845086164952
8.052580677995801e7	2818.974608213606	-16.314460783361643
8.278580677995801e7	2800.3531166441862	-16.474478526722752
8.504580677995801e7	2784.3311650610153	-16.638469000293984
8.730580677995801e7	2769.0067622462925	-16.79212462318978
8.956580677995801e7	2753.7995440299264	-16.94504579237351
9.182580677995801e7	2740.809665461951	-17.10058624903008
9.408580677995801e7	2728.472362959117	-17.25685561142226
9.634580677995801e7	2717.486680215108	-17.41411097962674
9.860580677995801e7	2707.1843627973717	-17.57185436457887
1.0086580677995801e8	2697.9944378164314	-17.729806516587033
1.0312580677995801e8	2689.570873128922	-17.887902099172223
1.0538580677995801e8	2681.8846775691777	-18.04538124851716
1.0764580677995801e8	2674.797604557299	-18.202358741245572
1.0990580677995801e8	2668.070731743408	-18.35833558844952
1.1216580677995801e8	2661.6582929131055	-18.513438503687492
1.1442580677995801e8	2655.2426526499644	-18.667004833182702
1.1668580677995801e8	2648.8265219400646	-18.819250849845773
1.1894580677995801e8	2642.0967754870303	-18.970387315397197
1.2120580677995801e8	2635.1248521280136	-19.120647371501068
1.2346580677995801e8	2627.6975231295955	-19.26899796050274
1.2572580677995801e8	2620.0050500816265	-19.416192201835557
1.2798580677995801e8	2611.6584072322453	-19.565938223297863
1.3024580677995801e8	2603.1000000000004	-19.716586105344575
