-1.810738732706069e6	5127.7350795774255	-10.02253635645842	4.988975818583129
-1.775238732706069e6	5100.234904316631	-10.05083008428166	4.912360422135442
-1.739738732706069e6	5072.882213203835	-10.0791238121049	4.829384417620201
-1.704238732706069e6	5045.6762152777455	-10.107417539928141	4.738895287418157
-1.668738732706069e6	5018.6161238190425	-10.13571126775138	4.639395775468059
-1.633238732706069e6	4991.760255376936	-10.164582026589667	4.5477265730623575
-1.597738732706069e6	4965.115718076048	-10.19411654391561	4.470263879587476
-1.562238732706069e6	4938.6134014211175	-10.223651061241554	4.386293053134833
-1.526738732706069e6	4912.2525462804715	-10.253185578567498	4.29461937253857
-1.491238732706069e6	4886.032397574459	-10.28272009589344	4.193685582974824
-1.455738732706069e6	4859.944307436605	-10.312725603211124	4.09516879692236
-1.420238732706069e6	4833.979718751268	-10.343678003802319	4.016062458456234
-1.384738732706069e6	4808.153847677276	-10.374630404393512	3.93015657040278
-1.349238732706069e6	4782.465953106193	-10.405582804984707	3.836171366160596
-1.313738732706069e6	4756.915297889009	-10.436535205575902	3.73242788460539
-1.278238732706069e6	4731.534858255468	-10.467923698893266	3.632715618940569
-1.242738732706069e6	4706.345864488667	-10.500040909655313	3.5512429637802856
-1.207238732706069e6	4681.290967886112	-10.53215812041736	3.4625390084114245
-1.171738732706069e6	4656.369454562602	-10.564275331179406	3.365193945718306
-1.136238732706069e6	4631.58061443343	-10.596392541941453	3.2573407145641586
-1.100738732706069e6	4606.882307555611	-10.629281885989252	3.1600443530366737
-1.065238732706069e6	4582.278708027892	-10.66286441541037	3.075316073257409
-1.029738732706069e6	4557.806506931761	-10.696446944831488	2.9827387473154277
-994238.732706069	4533.465002518361	-10.730029474252605	2.8807082756993214
-958738.732706069	4509.2534967866095	-10.763612003673721	2.767072261244738
-923238.732706069	4483.864970614572	-10.799747955016764	2.6676085639063127
-887738.732706069	4458.30084675105	-10.836510189248468	2.5648839139832487
-852238.732706069	4432.87518526348	-10.873746019747472	2.4647778861873784
-816738.732706069	4407.589915910576	-10.911283162405722	2.3636337688126408
-781238.732706069	4382.385700859502	-10.949186996644471	2.2611943263151417
-745738.732706069	4357.244457323232	-10.987564614207608	2.1614968657214235
-710238.732706069	4332.2498664674395	-11.02615528778991	2.0570876967054725
-674738.732706069	4307.404880310928	-11.06529733206145	1.9587033776588991
-639238.732706069	4282.686952197001	-11.104541693510235	1.8524954603742014
-603738.732706069	4258.0080211052045	-11.144472189118307	1.7554538033569922
-568238.732706069	4233.471302051473	-11.184402684726377	1.6479729582846694
-532738.732706069	4208.930092095252	-11.225205824704332	1.551810844490473
-497238.732706069	4184.529519857685	-11.266018750255535	1.4457072058316893
-461738.732706069	4160.192349458812	-11.30757392960588	1.3476785801450932
-426238.732706069	4135.983549256476	-11.349255121899631	1.2428525064709146
-390738.732706069	4111.863864700652	-11.391548968607216	1.1430305814721349
-355238.732706069	4087.8651128386873	-11.434077668567001	1.0394441607955458
-319738.732706069	4063.9331427879206	-11.477145197804543	0.9377838672879374
-284238.732706069	4040.0909472169506	-11.520584978517462	0.8352366858061252
-248738.73270606901	4016.330975359601	-11.56446741522043	0.7316574539883285
-213238.73270606901	3992.642600374076	-11.608876102549306	0.6301972202415704
-177738.73270606901	3969.0849355963746	-11.653613049582805	0.5246303355044694
-142238.73270606901	3945.647193049661	-11.6990495092063	0.42402558387085576
-106738.73270606901	3922.3284212243025	-11.744674222374675	0.3162455071118771
-71238.73270606901	3899.0586540437457	-11.79116447921744	0.21638441524403695
-35738.732706069015	3875.92568797344	-11.837689051667947	0.10620012064041812
-238.73270606901497	3852.89413564974	-11.885203157291363	0.007061376957856735
35261.267293930985	3829.9994415749247	-11.932717262914782	-0.10299848826690698
70761.26729393099	3807.2168934225588	-11.981216186450355	-0.20425446396084693
106261.26729393099	3784.5666785109784	-12.029847246367096	-0.3136046214902732
141761.26729393099	3761.978193556607	-12.079343129365832	-0.417887469131653
177261.26729393099	3739.4972323088796	-12.129164247676151	-0.5266062765146151
212761.26729393099	3717.1375952851436	-12.179617227575603	-0.6340059367190584
248261.26729393099	3694.901941722813	-12.23054442460986	-0.7421519094525456
283761.267293931	3672.7654714754335	-12.28197550489256	-0.8528713440503541
319261.267293931	3650.713726354893	-12.334124313979286	-0.960594755433063
354761.267293931	3628.788448872228	-12.386568905274283	-1.0747160619188079
390261.267293931	3606.977735688676	-12.439871706913811	-1.1820054895098433
425761.267293931	3585.2893630783	-12.493307177046905	-1.2995522544072475
461261.267293931	3563.6546788538794	-12.547912690738741	-1.406436891201712
496761.267293931	3542.1505446392534	-12.602518204430572	-1.5261283507405132
532261.267293931	3520.6844980718947	-12.658239954276507	-1.6338675791492285
567761.267293931	3499.344311568164	-12.714013497922522	-1.7531746162115727
603261.267293931	3478.067736377908	-12.770898814949126	-1.8643109567969411
638761.267293931	3456.905645612469	-12.828037331433306	-1.9831698549764385
674261.267293931	3435.8182278123186	-12.886023864994272	-2.0975131228273147
709761.267293931	3414.8349081319525	-12.944397476290971	-2.2161190352945086
745261.267293931	3393.9176036233935	-13.00352827770484	-2.333474350036305
780761.267293931	3373.081369306795	-13.063236073315835	-2.4516927125914467
816261.267293931	3352.351338024833	-13.123483366038755	-2.571733406077771
851761.267293931	3331.7234546852496	-13.184361896780842	-2.6896363662281884
887261.267293931	3311.168733022877	-13.245739803144428	-2.8122294990602343
922761.267293931	3290.646063339021	-13.30800328545886	-2.929732413612431
958261.267293931	3270.1795020176546	-13.370805417396703	-3.0544500163472943
993761.267293931	3249.651824550305	-13.435044099310208	-3.1714084493894896
1.029261267293931e6	3229.3099624603465	-13.499338233752484	-3.2972478505588985
1.064761267293931e6	3209.3037951090396	-13.563836489688379	-3.4135181472010965
1.100261267293931e6	3189.3739191230284	-13.628601989156802	-3.5411941383100416
1.135761267293931e6	3169.236331230298	-13.69523827616399	-3.6564259784814035
1.171261267293931e6	3149.2154357203926	-13.761967887907725	-3.784691059254916
1.206761267293931e6	3129.168721877679	-13.830065539704606	-3.8985633927642858
1.242261267293931e6	3109.2636379857663	-13.898178613505188	-4.02701076892706
1.277761267293931e6	3094.9663395077923	-13.972354113074026	-4.1393595984932166
1.313261267293931e6	3080.7347841663136	-14.04652961264286	-4.265947267871772
1.348761267293931e6	3069.1400211762393	-14.12362800541652	-4.378743544736825
1.384261267293931e6	3057.749006275902	-14.200909003411219	-4.503656212012807
1.419761267293931e6	3047.3097436552243	-14.27933220676632	-4.617096290598648
1.455261267293931e6	3037.028187806004	-14.357909212337448	-4.740657319474128
1.490761267293931e6	3027.627821176009	-14.436405854578815	-4.854757539607086
1.526261267293931e6	3018.4395284162115	-14.514885074697776	-4.977047779622484
1.561761267293931e6	3009.752084295955	-14.594690544624527	-5.092588429610618
1.597261267293931e6	3001.2605832633485	-14.674976682513556	-5.21357107487409
1.632761267293931e6	2993.2846709579603	-14.755621871255574	-5.329606367558283
1.668261267293931e6	2985.5668298791857	-14.836440495695086	-5.449180669025514
1.703761267293931e6	2978.292118781381	-14.917468670770674	-5.565664575950869
1.739261267293931e6	2971.299579079136	-14.998628083315692	-5.683923656235596
1.774761267293931e6	2964.633320334125	-15.080514043435766	-5.8009220154031365
1.810261267293931e6	2958.228953232274	-15.162980248982361	-5.918064317920737
1.845761267293931e6	2952.203441421249	-15.244824780942135	-6.034827816578135
1.881261267293931e6	2946.5181183877803	-15.32610975879038	-6.150930219249738
1.916761267293931e6	2941.096164631847	-15.407872701505845	-6.268319460020241
1.952261267293931e6	2935.9702184476632	-15.490178199190389	-6.383497058901071
1.987761267293931e6	2931.409380906388	-15.572617576878248	-6.500733294220995
2.023261267293931e6	2927.5645574905593	-15.65522783354378	-6.614973237920407
2.058761267293931e6	2923.6230541270825	-15.735182723879301	-6.72621635227245
2.094261267293931e6	2919.5409184710106	-15.811322735557026	-6.823155734577404
2.129761267293931e6	2915.4644825345035	-15.887462747234748	-6.930511109098481
2.165261267293931e6	2911.3937383592706	-15.963602758912472	-7.050793327509509
2.200761267293931e6	2907.4478162668133	-16.03969876319619	-7.181125900054025
2.236261267293931e6	2904.4139436147943	-16.11545945404039	-7.275917221199127
2.271761267293931e6	2901.383236757601	-16.19122014488459	-7.380643941655481
2.307261267293931e6	2898.355692391783	-16.266980835728795	-7.497635297778171
2.342761267293931e6	2895.331307217339	-16.342741526572997	-7.630149736797744
2.378261267293931e6	2892.7260318563367	-16.4175938445279	-7.731062215700638
2.413761267293931e6	2890.1922781380954	-16.49229496745795	-7.833941553807286
2.449261267293931e6	2887.6607437478624	-16.566996090388002	-7.948631749759083
2.484761267293931e6	2885.131426741715	-16.64169721331805	-8.07820063830751
2.520261267293931e6	2882.6878881883763	-16.715312272943812	-8.189776054068004
2.555761267293931e6	2880.295134999338	-16.788293653781007	-8.291439648507346
2.591261267293931e6	2877.904367896915	-16.861275034618206	-8.404620669671907
2.626761267293931e6	2875.515585232566	-16.9342564154554	-8.53226613653072
2.662261267293931e6	2873.0496154181824	-17.006758150301174	-8.654940620558738
2.697761267293931e6	2870.4705176364587	-17.078561071619404	-8.7563299537805
2.733261267293931e6	2867.893735075926	-17.150363992937635	-8.869171086133269
2.768761267293931e6	2865.3192656582473	-17.222166914255865	-8.996384279295825
2.804261267293931e6	2862.6715407257966	-17.29349772941815	-9.129728496940004
2.839761267293931e6	2859.7506751477936	-17.36310510030334	-9.232312887592938
2.875261267293931e6	2856.8327898124103	-17.432712471188534	-9.3466365698016
2.910761267293931e6	2853.9178816788153	-17.502319842073728	-9.47573773453581
2.946261267293931e6	2851.0059477092864	-17.57192721295892	-9.624011810266051
2.981761267293931e6	2847.5330241563106	-17.639709634536572	-9.730758220996524
3.017261267293931e6	2844.0631777751787	-17.707488319058427	-9.8501259153096
3.052761267293931e6	2840.5975595570967	-17.775267003580275	-9.985698423025177
3.088261267293931e6	2837.136164349859	-17.84304568810213	-10.142577086531258
3.123761267293931e6	2833.1794226483667	-17.91015405954112	-10.271876740615099
3.159261267293931e6	2829.0933288803044	-17.97708118970335	-10.40322497848998
3.194761267293931e6	2825.013128195523	-18.044008319865576	-10.554472179626499
3.230261267293931e6	2820.938812094842	-18.110935450027807	-10.732742977092954
3.265761267293931e6	2816.4813961627096	-18.177488049413117	-10.89402741408006
3.301261267293931e6	2811.8406992571477	-18.24385708362054	-11.05468121476552
3.336761267293931e6	2807.2076487957647	-18.310226117827963	-11.246178779530922
3.372261267293931e6	2802.58223217956	-18.376595152035385	-11.483246174097616
3.407761267293931e6	2797.7778147582003	-18.442982020424694	-11.70947313021451
3.443261267293931e6	2792.910078915174	-18.509375738846444	-11.961177457126139
3.478761267293931e6	2788.050812240821	-18.575769457268194	-12.298351894604606
3.514261267293931e6	2783.1999999999985	-18.642163175689944	-12.810817907141532
