-3.600239714540217e8	5936.313526456061	-13.14216410493691
-3.507239714540217e8	5877.361693449198	-13.154033108057117
-3.414239714540217e8	5818.995294247247	-13.165902111177324
-3.321239714540217e8	5761.208515074388	-13.177771114297528
-3.228239714540217e8	5703.285859028186	-13.190027424692953
-3.135239714540217e8	5645.939282885762	-13.202287191116685
-3.042239714540217e8	5589.169326936775	-13.214546957540415
-2.949239714540217e8	5532.963358157862	-13.22705879917488
-2.856239714540217e8	5477.316826054759	-13.23978609807238
-2.763239714540217e8	5422.229946408133	-13.252513396969876
-2.670239714540217e8	5367.697090639554	-13.265240695867373
-2.577239714540217e8	5314.302028511431	-13.278548256103319
-2.484239714540217e8	5261.441325449373	-13.291859011169578
-2.391239714540217e8	5209.106421243548	-13.305169766235839
-2.298239714540217e8	5157.827527644845	-13.31867411703522
-2.205239714540217e8	5108.729166116664	-13.332790243652882
-2.112239714540217e8	5060.098181423367	-13.346906370270545
-2.019239714540217e8	5011.930124514131	-13.361022496888207
-1.926239714540217e8	4963.777328621201	-13.375335014750394
-1.833239714540217e8	4911.974178483019	-13.391488367673528
-1.740239714540217e8	4860.771454574249	-13.407679157181835
-1.647239714540217e8	4811.362410444554	-13.424666954501305
-1.554239714540217e8	4762.455602156365	-13.441654751820774
-1.461239714540217e8	4715.405958802983	-13.459269524561812
-1.368239714540217e8	4669.045965839476	-13.476988962139295
-1.2752397145402169e8	4623.785104093958	-13.495252548943947
-1.1822397145402169e8	4579.569680695464	-13.514034238109932
-1.0892397145402169e8	4535.867441774841	-13.532877100022281
-9.962397145402169e7	4493.980657992973	-13.552675528905095
-9.032397145402169e7	4452.480680633053	-13.572473957787906
-8.102397145402169e7	4412.1548765930065	-13.59281331458672
-7.172397145402169e7	4372.890027404814	-13.613632750779036
-6.242397145402169e7	4333.974605746908	-13.634452186971348
-5.312397145402169e7	4296.841380435016	-13.656340546115189
-4.382397145402169e7	4260.078696333539	-13.678268233643092
-3.452397145402169e7	4224.278858936524	-13.700618086851582
-2.5223971454021692e7	4189.730374171977	-13.723592012063962
-1.5923971454021692e7	4155.464445990306	-13.746565937276346
-6.623971454021692e6	4122.818980973794	-13.77051286775758
2.6760285459783077e6	4090.656551203648	-13.794625561271062
1.1976028545978308e7	4059.2377304765655	-13.819113471776467
2.1276028545978308e7	4029.119049527223	-13.844413804924907
3.0576028545978308e7	3999.2238427871753	-13.869714138073348
3.987602854597831e7	3970.812870448375	-13.895973094826818
4.917602854597831e7	3942.9626771787316	-13.922506511598279
5.847602854597831e7	3915.652761492394	-13.949342151391539
6.777602854597831e7	3889.7153871925543	-13.97722164292682
7.707602854597831e7	3863.94982265894	-14.0051011344621
8.637602854597831e7	3839.270559560549	-14.033863267945279
9.567602854597831e7	3815.2449973922458	-14.06310658753642
1.0497602854597831e8	3791.413490577435	-14.092398936324988
1.1427602854597831e8	3768.932898515595	-14.123047961513498
1.2357602854597831e8	3746.585601600989	-14.153696986702005
1.3287602854597831e8	3724.7478265437635	-14.18488469609893
1.421760285459783e8	3703.6370512629956	-14.216934190239803
1.514760285459783e8	3682.645925648107	-14.248983684380674
1.607760285459783e8	3662.4584177556667	-14.281893084389283
1.700760285459783e8	3642.6782242986556	-14.31517707685186
1.793760285459783e8	3623.004859645843	-14.348461069314437
1.886760285459783e8	3604.0446407127406	-14.383034222640987
1.979760285459783e8	3585.2094764610238	-14.417662528672214
2.072760285459783e8	3566.5767939597226	-14.452558087638803
2.165760285459783e8	3548.486131286796	-14.488603022319165
2.258760285459783e8	3530.487229452021	-14.524647956999527
2.351760285459783e8	3512.7731911530655	-14.561149056738282
2.444760285459783e8	3495.4390917637797	-14.598339482408019
2.537760285459783e8	3478.190529067376	-14.635529908077757
2.630760285459783e8	3461.2708456630085	-14.673462613646546
2.723760285459783e8	3444.6121658655698	-14.711942092205149
2.816760285459783e8	3428.0336622880654	-14.750421570763748
2.909760285459783e8	3411.7812635055147	-14.789766431250307
3.002760285459783e8	3395.690338003637	-14.829409285555746
3.095760285459783e8	3379.6753018579366	-14.869052139861186
3.188760285459783e8	3363.9833543317363	-14.90976818461551
3.281760285459783e8	3348.3912255648393	-14.950601646869693
3.374760285459783e8	3332.8833991436554	-14.991507857681013
3.467760285459783e8	3317.6351512968245	-15.033554482911608
3.560760285459783e8	3302.4566655852236	-15.075601108142205
3.653760285459783e8	3287.3782950652458	-15.117919055764615
3.746760285459783e8	3272.4716247694973	-15.161151002522706
3.839760285459783e8	3257.632549012418	-15.204382949280797
3.932760285459783e8	3242.9365188908814	-15.248064563236
4.025760285459783e8	3228.415590893112	-15.292394905840874
4.118760285459783e8	3213.9596833941123	-15.336725248445749
4.211760285459783e8	3199.6746214796	-15.381610436207565
4.304760285459783e8	3185.523391460124	-15.426865035092035
4.397760285459783e8	3171.4347482142334	-15.472119633976503
4.490760285459783e8	3157.4105794752318	-15.518401881203403
4.583760285459783e8	3143.448994908459	-15.564955434466825
4.676760285459783e8	3129.549249947425	-15.61151298502462
4.769760285459783e8	3115.73900000507	-15.659156709480188
4.862760285459783e8	3101.989692705958	-15.70680043393576
4.955760285459783e8	3088.320461675532	-15.754667889177444
5.048760285459783e8	3074.7773307657044	-15.803298187588432
5.141760285459783e8	3061.293590193484	-15.851928485999423
5.234760285459783e8	3047.853007106295	-15.901069874553393
5.327760285459783e8	3034.451982654249	-15.950836446880839
5.420760285459783e8	3021.109880812954	-16.000603019208285
5.513760285459783e8	3007.8276574261386	-16.0511836921853
5.606760285459783e8	2994.6043889313564	-16.10214125424834
5.699760285459783e8	2981.439253697396	-16.153098816311378
5.792760285459783e8	2968.3219337030414	-16.20495719104847
5.885760285459783e8	2955.261553855832	-16.256884946955385
5.978760285459783e8	2942.2531449328117	-16.309018219443118
6.071760285459783e8	2929.275793064526	-16.362136074628502
6.164760285459783e8	2916.3556802077064	-16.415253929813886
6.257760285459783e8	2903.461104340612	-16.468946252426
6.350760285459783e8	2890.581816353738	-16.52340413296156
6.443760285459783e8	2877.7596588236115	-16.577862013497107
6.536760285459783e8	2865.011115637583	-16.63293131332346
6.629760285459783e8	2852.325989905525	-16.688255301247146
6.722760285459783e8	2839.697028847298	-16.743579289170828
6.815760285459783e8	2827.008598009769	-16.800277924077207
6.908760285459783e8	2814.37503738131	-16.85699839517533
7.001760285459783e8	2801.7867474082072	-16.914052456601553
7.094760285459783e8	2789.228123583364	-16.97190445176483
7.187760285459783e8	2776.7257920628963	-17.029756446928104
7.280760285459783e8	2765.4681895183057	-17.089594148869054
7.373760285459783e8	2754.9551501088	-17.15060375284132
7.466760285459783e8	2744.482076444712	-17.21161335681359
7.559760285459783e8	2734.762323285383	-17.27445771686662
7.652760285459783e8	2725.0895989591877	-17.337334602966486
7.745760285459783e8	2715.7761025292452	-17.400721830204503
7.838760285459783e8	2707.0748015774066	-17.465023320840846
7.931760285459783e8	2698.401379447447	-17.52932481147719
8.024760285459783e8	2690.2398578860034	-17.59161151440761
8.117760285459783e8	2682.277842494047	-17.653168524219907
8.210760285459783e8	2674.339391428118	-17.714725534032205
8.303760285459783e8	2666.424434947398	-17.776282543844506
8.396760285459783e8	2658.5329035174746	-17.837839553656806
8.489760285459783e8	2650.856754777586	-17.899776347612896
8.582760285459783e8	2643.931620748828	-17.963158559602036
8.675760285459783e8	2637.024578033845	-18.026540771591176
8.768760285459783e8	2630.1355793706393	-18.089922983580315
8.861760285459783e8	2623.264577620688	-18.15330519556946
8.954760285459783e8	2616.411525768615	-18.2166874075586
9.047760285459783e8	2610.1897561274923	-18.281198364384124
9.140760285459783e8	2604.1869561930466	-18.346085881124296
9.233760285459783e8	2598.197961234645	-18.41097339786447
9.326760285459783e8	2592.222739504211	-18.475860914604645
9.419760285459783e8	2586.261259326674	-18.540748431344817
9.512760285459783e8	2580.598619280167	-18.606019370619972
9.605760285459783e8	2575.40348184433	-18.67190355609572
9.698760285459783e8	2570.218803010145	-18.737787741571466
9.791760285459783e8	2565.0445617228547	-18.803671927047215
9.884760285459783e8	2559.8807369700876	-18.86955611252296
9.977760285459783e8	2554.7992688758713	-18.935505930532784
1.0070760285459783e9	2550.301827348958	-19.001980188287565
1.0163760285459783e9	2545.812303070389	-19.068454446042345
1.0256760285459783e9	2541.3306821027318	-19.13492870379713
1.0349760285459783e9	2536.856950533072	-19.20140296155191
1.0442760285459783e9	2532.391094473002	-19.267877219306694
1.0535760285459783e9	2528.3584421834526	-19.334660972766287
1.0628760285459783e9	2524.3618547094093	-19.40146632817616
1.0721760285459783e9	2520.371584659026	-19.468271683586032
1.0814760285459783e9	2516.387622046319	-19.535077038995905
1.0907760285459783e9	2512.409956901099	-19.60188239440578
1.1000760285459783e9	2508.7244042131497	-19.667532130507972
1.1093760285459783e9	2505.0862751538516	-19.733011748563
1.1186760285459783e9	2501.453422075857	-19.79849136661803
1.1279760285459783e9	2497.8258373279905	-19.86397098467306
1.1372760285459783e9	2494.2035132701576	-19.92945060272809
1.1465760285459783e9	2490.6491955059664	-19.9954815954013
1.1558760285459783e9	2487.1124832753853	-20.061622929596684
1.1651760285459783e9	2483.5807931625013	-20.127764263792066
1.1744760285459783e9	2480.054118035927	-20.193905597987445
1.1837760285459783e9	2476.5334895649003	-20.26005295713846
1.1930760285459783e9	2473.070864767106	-20.32650818251757
1.2023760285459783e9	2469.613081321361	-20.392963407896676
1.2116760285459783e9	2466.1601324586186	-20.45941863327578
1.2209760285459783e9	2462.7120114192826	-20.52587385865489
1.2302760285459783e9	2459.264324252292	-20.59154378756758
1.2395760285459783e9	2455.8159972126555	-20.65623385820497
1.2488760285459783e9	2452.372505342323	-20.720923928842357
1.2581760285459783e9	2448.9338418615257	-20.785613999479743
1.2674760285459783e9	2445.500000000001	-20.850304070117133
