-1.251999504015981e8	6828.32332660974	-13.598722322440377
-1.217649504015981e8	6755.958655337455	-13.61048384830791
-1.183299504015981e8	6684.3608847225905	-13.622245374175442
-1.148949504015981e8	6612.19304628359	-13.63398390584756
-1.114599504015981e8	6538.959546937613	-13.645690158599388
-1.080249504015981e8	6466.537146933237	-13.657396411351215
-1.045899504015981e8	6394.916862920693	-13.669102664103045
-1.011549504015981e8	6320.024680347652	-13.680940735439655
-9.77199504015981e7	6245.521230871446	-13.692794835585893
-9.42849504015981e7	6171.896063405928	-13.70464893573213
-9.08499504015981e7	6098.061038169366	-13.716492112324488
-8.74149504015981e7	6023.15521190346	-13.728315238975153
-8.39799504015981e7	5949.169494959758	-13.740138365625818
-8.05449504015981e7	5876.092585131123	-13.751961492276479
-7.71099504015981e7	5802.566395312828	-13.763831936752682
-7.36749504015981e7	5728.954422921119	-13.77573817025856
-7.02399504015981e7	5656.276299814405	-13.787644403764435
-6.6804950401598096e7	5584.5201790816645	-13.79955063727031
-6.3369950401598096e7	5509.222387819732	-13.811822757266503
-5.9934950401598096e7	5424.887292675965	-13.824933455206594
-5.6499950401598096e7	5341.259562794661	-13.838137420080177
-5.3064950401598096e7	5256.524302143493	-13.85173049251744
-4.9629950401598096e7	5173.133305764301	-13.865323564954704
-4.6194950401598096e7	5088.366758784038	-13.87959537403809
-4.2759950401598096e7	5004.898494729269	-13.893890381512493
-3.9324950401598096e7	4922.398536324111	-13.90891452657289
-3.5889950401598096e7	4841.101701199269	-13.924228645060335
-3.2454950401598096e7	4762.045306303451	-13.94023745053872
-2.9019950401598096e7	4685.105828274892	-13.956895829092346
-2.5584950401598096e7	4610.856764724435	-13.974184251473986
-2.2149950401598096e7	4539.891431432202	-13.992404314115515
-1.8714950401598096e7	4471.619135690173	-14.011204775729265
-1.5279950401598096e7	4407.239642462626	-14.031059718128716
-1.1844950401598096e7	4345.405652170007	-14.051486838392083
-8.409950401598096e6	4287.640914549195	-14.073061227681949
-4.974950401598096e6	4232.05658396066	-14.095199434614756
-1.539950401598096e6	4180.492732598826	-14.11867136467644
1.895049598401904e6	4130.577819163406	-14.142578702042824
5.330049598401904e6	4084.840346281943	-14.168031433751612
8.765049598401904e6	4039.9068995047674	-14.193625780777865
1.2200049598401904e7	3999.75698981583	-14.221282869170224
1.5635049598401904e7	3960.0061029975072	-14.24893995756258
1.9070049598401904e7	3923.8847283320733	-14.278492340460696
2.2505049598401904e7	3888.8571959298984	-14.308496507675958
2.5940049598401904e7	3855.6727402024494	-14.339523355603692
2.9375049598401904e7	3824.744316975679	-14.371879301492491
3.2810049598401904e7	3794.0639872536603	-14.404235247381292
3.6245049598401904e7	3766.15028609668	-14.438731238393224
3.9680049598401904e7	3738.6045889864777	-14.473366290020438
4.3115049598401904e7	3711.9319477884474	-14.508703548271429
4.6550049598401904e7	3686.8177184339074	-14.545481185264055
4.9985049598401904e7	3661.8734072042066	-14.582258822256676
5.3420049598401904e7	3638.063055298547	-14.620266176390157
5.6855049598401904e7	3615.0094757696493	-14.659045309918527
6.0290049598401904e7	3592.1019815397244	-14.6978244434469
6.3725049598401904e7	3570.3109711038314	-14.73820769367844
6.71600495984019e7	3548.8700653675432	-14.778952956719472
7.05950495984019e7	3527.5579194066677	-14.819698219760507
7.40300495984019e7	3507.236060631066	-14.86216952870054
7.74650495984019e7	3487.0629936915425	-14.904704690385799
8.09000495984019e7	3467.067212299522	-14.947374574391091
8.43350495984019e7	3447.8895359322473	-14.991600384939066
8.77700495984019e7	3428.8179386365123	-15.035826195487044
9.12050495984019e7	3409.949148583246	-15.080366107762023
9.46400495984019e7	3391.6035984644423	-15.126267113215292
9.80750495984019e7	3373.3567475327804	-15.172168118668564
1.015100495984019e8	3355.349115630964	-15.218557746180686
1.049450495984019e8	3337.743845880046	-15.26601383764477
1.083800495984019e8	3320.230949683224	-15.313469929108853
1.118150495984019e8	3302.9733018306397	-15.361649583269212
1.152500495984019e8	3285.983887954619	-15.410624100260899
1.186850495984019e8	3269.0818620643595	-15.459598617252585
1.221200495984019e8	3252.441774226182	-15.509611569736698
1.255550495984019e8	3235.963744499857	-15.560085888234855
1.289900495984019e8	3219.56919834757	-15.610560206733014
1.324250495984019e8	3203.5261778571135	-15.661995319088001
1.358600495984019e8	3187.569270104101	-15.71345262550739
1.392950495984019e8	3172.6016236104733	-15.76617706076039
1.427300495984019e8	3159.60938182475	-15.821566258120168
1.461650495984019e8	3146.6703450633768	-15.876955455479944
1.496000495984019e8	3134.9481115784047	-15.933693637963344
1.530350495984019e8	3123.6472160133126	-15.990871107572552
1.564700495984019e8	3112.498949722508	-16.048263186253074
1.599050495984019e8	3101.7985623218347	-16.106440723909746
1.633400495984019e8	3091.134961532946	-16.164618261566417
1.667750495984019e8	3080.7533653766714	-16.223876930201758
1.702100495984019e8	3070.5087833719026	-16.283587211641386
1.736450495984019e8	3060.434506598655	-16.343300189293412
1.770800495984019e8	3050.789779967953	-16.403021038914908
1.805150495984019e8	3041.1754479598385	-16.462741888536396
1.839500495984019e8	3031.843629205425	-16.523607431441107
1.873850495984019e8	3022.6015255713282	-16.584751031568754
1.908200495984019e8	3013.602218202065	-16.64583715713896
1.942550495984019e8	3004.9324472995554	-16.70684197531018
1.976900495984019e8	2996.2946003147663	-16.76787767981158
2.011250495984019e8	2987.957617479305	-16.83013793586037
2.045600495984019e8	2979.643831722924	-16.89239819190916
2.079950495984019e8	2971.6944047847073	-16.95499324037168
2.114300495984019e8	2963.9166298838427	-17.0177362784677
2.148650495984019e8	2956.3254933180965	-17.080653839560064
2.183000495984019e8	2949.0107429321774	-17.14384175238517
2.217350495984019e8	2941.762503549683	-17.207184437957142
2.251700495984019e8	2934.8811375737037	-17.27164572610794
2.286050495984019e8	2928.015868477621	-17.336107014258744
2.320400495984019e8	2921.66982084823	-17.40015389230951
2.354750495984019e8	2915.3870798372045	-17.46415987359772
2.389100495984019e8	2909.424445087757	-17.528441565527295
2.423450495984019e8	2903.6056324357264	-17.592841858651152
2.457800495984019e8	2898.0327522891976	-17.65747708892336
2.492150495984019e8	2892.6889487601998	-17.72233170232228
2.526500495984019e8	2887.5173950924495	-17.787048899815286
2.560850495984019e8	2882.637299841638	-17.85152688618969
2.595200495984019e8	2877.9886053551436	-17.916310954452545
2.629550495984019e8	2874.1732345816026	-17.982229368611545
2.663900495984019e8	2870.3174916113417	-18.04767858189683
2.698250495984019e8	2865.99978998392	-18.10829638104166
2.732600495984019e8	2861.688583299095	-18.168914180186498
2.766950495984019e8	2857.3838617867846	-18.22953197933133
2.801300495984019e8	2853.0856156916184	-18.290149778476167
2.835650495984019e8	2849.1534641330973	-18.350587586155264
2.870000495984019e8	2845.5079902338093	-18.41088444780215
2.904350495984019e8	2841.867180695396	-18.471181309449033
2.938700495984019e8	2838.231029549847	-18.531478171095923
2.973050495984019e8	2834.599162498601	-18.591759966426746
3.007400495984019e8	2830.95902234558	-18.6515125888563
3.041750495984019e8	2827.3235567936485	-18.711265211285845
3.076100495984019e8	2823.6927598397697	-18.771017833715394
3.110450495984019e8	2820.0666254886137	-18.830770456144947
3.144800495984019e8	2816.3573314239666	-18.890189264102574
3.179150495984019e8	2812.5487631608285	-18.949211621932566
3.213500495984019e8	2808.7453452357036	-19.00823397976256
3.247850495984019e8	2804.947070683767	-19.067256337592553
3.282200495984019e8	2801.1539325496296	-19.12627869542255
3.316550495984019e8	2797.060026018449	-19.185011354718355
3.350900495984019e8	2792.9084170276756	-19.24368360859705
3.385250495984019e8	2788.7629701703745	-19.302355862475743
3.419600495984019e8	2784.6236763002403	-19.361028116354436
3.453950495984019e8	2780.4299671288218	-19.41959980881872
3.488300495984019e8	2775.9510113670785	-19.47768658676452
3.522650495984019e8	2771.4792706925505	-19.535773364710316
3.557000495984019e8	2767.014733482562	-19.593860142656116
3.591350495984019e8	2762.557388133143	-19.65194692060191
3.625700495984019e8	2757.8658179628346	-19.710205565030222
3.660050495984019e8	2752.934341106255	-19.768640997501635
3.694400495984019e8	2748.011682468399	-19.827076429973047
3.728750495984019e8	2743.097826280965	-19.885511862444456
3.763100495984019e8	2738.192756803866	-19.94394729491587
3.797450495984019e8	2732.8310854068745	-20.00279416702704
3.831800495984019e8	2727.439446698186	-20.061676888965827
3.866150495984019e8	2722.0584452250423	-20.120559610904614
3.900500495984019e8	2716.6880600011023	-20.1794423328434
3.934850495984019e8	2711.011527622704	-20.238486304050994
3.969200495984019e8	2705.0931337530365	-20.29765972608392
4.003550495984019e8	2699.187660295419	-20.356833148116845
4.037900495984019e8	2693.295079043364	-20.41600657014977
4.072250495984019e8	2687.27247728683	-20.476100756983605
4.106600495984019e8	2681.1343082863445	-20.537028363994786
4.140950495984019e8	2675.010159865833	-20.597955971005963
4.175300495984019e8	2668.9000000000015	-20.658883578017143
