-3.501783496286772e6	4874.3680098587665	-7.647996817549524
-3.481783496286772e6	4855.657790145045	-7.671429723229043
-3.461783496286772e6	4837.019389448883	-7.694862628908561
-3.441783496286772e6	4818.452532093608	-7.71829553458808
-3.421783496286772e6	4799.956943460721	-7.7417284402675985
-3.401783496286772e6	4781.3471041032	-7.7655717255152865
-3.381783496286772e6	4762.6869960876675	-7.789687276294595
-3.361783496286772e6	4744.0997126597695	-7.813802827073903
-3.341783496286772e6	4725.584969607813	-7.837918377853212
-3.321783496286772e6	4707.1424838293215	-7.86203392863252
-3.301783496286772e6	4688.6376579158905	-7.886544941556763
-3.281783496286772e6	4670.09449892419	-7.911384303497873
-3.261783496286772e6	4651.624676532687	-7.936223665438983
-3.241783496286772e6	4633.22790070143	-7.961063027380094
-3.221783496286772e6	4614.903882537553	-7.985902389321205
-3.201783496286772e6	4596.455677907211	-8.01119005552482
-3.181783496286772e6	4577.953756115324	-8.03676947015684
-3.161783496286772e6	4559.526309339392	-8.06234888478886
-3.141783496286772e6	4541.173037798259	-8.08792829942088
-3.121783496286772e6	4522.893642917406	-8.1135077140529
-3.101783496286772e6	4504.455566258215	-8.139655374017781
-3.081783496286772e6	4486.0235671797	-8.16597275911903
-3.061783496286772e6	4467.666990887595	-8.19229014422028
-3.041783496286772e6	4449.3855287557435	-8.218607529321531
-3.021783496286772e6	4431.165146082667	-8.244950113448224
-3.001783496286772e6	4412.259573441722	-8.272693312030473
-2.981783496286772e6	4393.434661454382	-8.30043651061272
-2.961783496286772e6	4374.56163290566	-8.328488194176106
-2.941783496286772e6	4355.725326061873	-8.35664686861528
-2.921783496286772e6	4336.902363817474	-8.384967316677859
-2.901783496286772e6	4318.088235890467	-8.41346162212912
-2.881783496286772e6	4299.324431425269	-8.442053225473487
-2.861783496286772e6	4280.539190130729	-8.470966379601276
-2.841783496286772e6	4261.836028078202	-8.499879533729068
-2.821783496286772e6	4243.04040428617	-8.529205646316875
-2.801783496286772e6	4224.326400001325	-8.55853479108647
-2.781783496286772e6	4205.585609022778	-8.588217991604065
-2.761783496286772e6	4186.894119717213	-8.61801127490244
-2.741783496286772e6	4168.213703096703	-8.648003227964907
-2.721783496286772e6	4149.556569385038	-8.678161655352476
-2.701783496286772e6	4130.9227492302825	-8.708463561831556
-2.681783496286772e6	4112.247832138437	-8.739064213853075
-2.661783496286772e6	4093.6396628563316	-8.769711232482205
-2.641783496286772e6	4074.973466354121	-8.800733022247945
-2.621783496286772e6	4056.3923840584735	-8.831754812013687
-2.601783496286772e6	4037.7980083880047	-8.863230012433844
-2.581783496286772e6	4019.277774034179	-8.894756770952709
-2.561783496286772e6	4000.742367267822	-8.926605133461482
-2.541783496286772e6	3982.2470533571627	-8.958599961507545
-2.521783496286772e6	3963.7778604892683	-8.990803260808637
-2.501783496286772e6	3945.329405549319	-9.023235538168366
-2.481783496286772e6	3926.921304533775	-9.055807824901141
-2.461783496286772e6	3908.4725897248773	-9.088771122799493
-2.441783496286772e6	3890.1053453479226	-9.121757540929519
-2.421783496286772e6	3871.722950362834	-9.155197069019046
-2.401783496286772e6	3853.4274199778947	-9.188636597108575
-2.381783496286772e6	3835.05200479116	-9.222578033470647
-2.361783496286772e6	3816.729967978864	-9.256623302316598
-2.341783496286772e6	3798.431108923798	-9.29096796282887
-2.321783496286772e6	3780.1798933834298	-9.32550001894702
-2.301783496286772e6	3761.9467204662133	-9.360235096035387
-2.281783496286772e6	3743.6958012314603	-9.39527973631343
-2.261783496286772e6	3725.509882333776	-9.430430355231682
-2.241783496286772e6	3707.3016266973314	-9.466081633106041
-2.221783496286772e6	3689.182363060322	-9.501732910980403
-2.201783496286772e6	3671.247399907409	-9.537414392952783
-2.181783496286772e6	3653.4039387700295	-9.57309724159407
-2.161783496286772e6	3635.5357550600215	-9.609095013879628
-2.141783496286772e6	3617.7090982574205	-9.64522302458801
-2.121783496286772e6	3600.949263564781	-9.679456434151827
-2.101783496286772e6	3585.4432320150377	-9.711404740643019
-2.081783496286772e6	3570.003970918534	-9.743353047134212
-2.061783496286772e6	3557.312560733924	-9.769877271125498
-2.041783496286772e6	3545.0660844209624	-9.795590182530876
-2.021783496286772e6	3532.861768075545	-9.821303093936253
-2.001783496286772e6	3519.9571995897945	-9.848610433480108
-1.981783496286772e6	3506.6409859043006	-9.87690704263185
-1.961783496286772e6	3493.3751482707985	-9.90520365178359
-1.941783496286772e6	3478.7924399733834	-9.936545472539857
-1.921783496286772e6	3463.4505142917183	-9.969722338475467
-1.901783496286772e6	3448.1975663191397	-10.00285205385084
-1.881783496286772e6	3433.5092312255915	-10.03487675459411
-1.861783496286772e6	3418.883464237162	-10.066901455337382
-1.841783496286772e6	3403.0855504455762	-10.101706194796602
-1.821783496286772e6	3384.928932114887	-10.142015646252105
-1.801783496286772e6	3366.8150765153837	-10.182451198939479
-1.781783496286772e6	3348.521092854775	-10.223535949769577
-1.761783496286772e6	3330.323100876408	-10.264627224169718
-1.741783496286772e6	3311.8726130420882	-10.306394289892394
-1.721783496286772e6	3293.5243436685646	-10.34816135561507
-1.701783496286772e6	3275.0467124267416	-10.390452601446363
-1.681783496286772e6	3256.639306045258	-10.432820155237177
-1.661783496286772e6	3238.0856430706576	-10.475709665255419
-1.641783496286772e6	3219.553626873833	-10.518775886943157
-1.621783496286772e6	3200.904397742834	-10.562256668930397
-1.601783496286772e6	3182.238098500987	-10.60597108577077
-1.581783496286772e6	3163.550403303425	-10.649891671076762
-1.561783496286772e6	3144.8647989130477	-10.693983669631512
-1.541783496286772e6	3126.220825707639	-10.738104759555416
-1.521783496286772e6	3107.6050461882214	-10.782260905116875
-1.501783496286772e6	3089.1337076142004	-10.826206086726254
-1.481783496286772e6	3070.835128224955	-10.869753430892901
-1.461783496286772e6	3052.7459140538695	-10.913010731280961
-1.441783496286772e6	3035.1901168181666	-10.955034723773114
-1.421783496286772e6	3017.735279840952	-10.997058716265268
-1.401783496286772e6	2999.614818610802	-11.040583665668969
-1.381783496286772e6	2981.544990867204	-11.084223308581327
-1.361783496286772e6	2962.6190946048537	-11.129748662694011
-1.341783496286772e6	2943.4400411326546	-11.176008355339466
-1.321783496286772e6	2923.6423770453457	-11.223783228071694
-1.301783496286772e6	2903.4749344077277	-11.272591215238112
-1.281783496286772e6	2885.184344370978	-11.316817263470524
-1.261783496286772e6	2868.554830535617	-11.356943816349943
-1.241783496286772e6	2852.02116524835	-11.397070369229363
-1.221783496286772e6	2837.038424372165	-11.43302899506323
-1.201783496286772e6	2822.250289410446	-11.468654113866489
-1.181783496286772e6	2807.5392379784266	-11.504279232669747
-1.161783496286772e6	2799.395761403712	-11.523486927899933
-1.141783496286772e6	2792.322453264188	-11.540043464518607
-1.121783496286772e6	2785.2670174415143	-11.556600001137282
-1.101783496286772e6	2778.229408777227	-11.573156537755958
-1.081783496286772e6	2771.209582226976	-11.589713074374632
-1.061783496286772e6	2764.2074928602083	-11.606269610993309
-1.041783496286772e6	2757.223095859913	-11.622826147611983
-1.021783496286772e6	2750.2563465223143	-11.639382684230657
-1.001783496286772e6	2743.307200256593	-11.655939220849334
-981783.496286772	2736.3756125845953	-11.67249575746801
-961783.496286772	2729.461539140552	-11.689052294086684
-941783.496286772	2722.5649356707945	-11.70560883070536
-921783.496286772	2715.68575803347	-11.722165367324035
-901783.496286772	2708.823962198264	-11.738721903942709
-881783.496286772	2702.23459840008	-11.759615917464911
-861783.496286772	2697.527944327092	-11.812314800721996
-841783.496286772	2692.8294881332154	-11.86501368397908
-821783.496286772	2688.13921553968	-11.917712567236167
-801783.496286772	2683.4571122925886	-11.970411450493252
-781783.496286772	2678.783164162867	-12.023110333750338
-761783.496286772	2674.3921261289065	-12.076089218667597
-741783.496286772	2672.384969243716	-12.131492819493332
-721783.496286772	2670.3793187489796	-12.18689642031907
-701783.496286772	2668.3751735141313	-12.242300021144803
-681783.496286772	2666.372532409457	-12.297703621970538
-661783.496286772	2664.371394306107	-12.353107222796275
-641783.496286772	2662.3794576740393	-12.408531658960475
-621783.496286772	2660.448700795715	-12.464117738289373
-601783.496286772	2658.519344101768	-12.519703817618268
-581783.496286772	2656.5913865767848	-12.575289896947165
-561783.496286772	2654.6648272060866	-12.630875976276062
-541783.496286772	2652.7396649757366	-12.686462055604958
-521783.49628677196	2650.7828256054386	-12.741964339678544
-501783.49628677196	2648.5152677954584	-12.796675087044072
-481783.49628677196	2646.2496497213074	-12.851385834409601
-461783.49628677196	2643.9859697236775	-12.90609658177513
-441783.49628677196	2641.7242261446845	-12.960807329140659
-421783.49628677196	2639.4644173278507	-13.015518076506186
-401783.49628677196	2637.2065416181313	-13.070228823871714
-381783.49628677196	2634.535846119075	-13.124296121227177
-361783.49628677196	2631.8473281354854	-13.178331537687912
-341783.49628677196	2629.1615537581183	-13.232366954148645
-321783.49628677196	2626.478520187156	-13.28640237060938
-301783.49628677196	2623.7982246256297	-13.340437787070115
-281783.49628677196	2621.1206642794273	-13.394473203530847
-261783.49628677196	2618.075161546804	-13.44935183857607
-241783.49628677196	2614.869425431792	-13.504603496901606
-221783.49628677196	2611.667614621978	-13.559855155227142
-201783.49628677196	2608.469724310975	-13.615106813552678
-181783.49628677196	2605.275749698266	-13.670358471878213
-161783.49628677196	2602.08568598923	-13.725610130203748
-141783.49628677196	2598.726098617968	-13.78068296421542
-121783.49628677196	2595.1993596031116	-13.835578734447141
-101783.49628677196	2591.677406736393	-13.890474504678862
-81783.49628677196	2588.160233522515	-13.945370274910584
-61783.49628677196	2584.6478334749954	-14.000266045142304
-41783.49628677196	2581.140200116163	-14.055161815374024
-21783.49628677196	2577.600203446215	-14.109965405787353
-1783.4962867719587	2573.871482197216	-14.164287645364016
18216.50371322804	2570.1481548654515	-14.21860988494068
38216.50371322804	2566.4302136481483	-14.272932124517341
58216.50371322804	2562.7176507538347	-14.327254364094003
78216.50371322804	2559.010458402288	-14.381576603670666
98216.50371322804	2555.3086288245727	-14.43589884324733
118216.50371322804	2553.111059031988	-14.469375008526077
138216.50371322804	2551.9478246554963	-14.488487165654181
158216.50371322804	2550.7851202654315	-14.507599322782287
178216.50371322804	2549.622945620329	-14.52671147991039
198216.50371322804	2548.4613004788257	-14.545823637038495
218216.50371322804	2547.3001845996773	-14.5649357941666
238216.50371322804	2546.1395977417365	-14.584047951294703
258216.50371322804	2544.9795396639793	-14.603160108422808
278216.50371322804	2543.820010125482	-14.622272265550913
298216.50371322804	2542.661008885439	-14.641384422679018
318216.50371322804	2541.5025357031473	-14.660496579807123
338216.50371322804	2540.3445903380157	-14.679608736935226
358216.50371322804	2539.187172549564	-14.698720894063332
378216.50371322804	2538.030282097418	-14.717833051191436
398216.50371322804	2536.87391874132	-14.73694520831954
418216.50371322804	2535.718082241113	-14.756057365447642
438216.50371322804	2534.562772356756	-14.775169522575748
458216.50371322804	2533.4079888483193	-14.794281679703852
478216.50371322804	2532.25373147597	-14.813393836831958
498216.50371322804	2531.1	-14.832505993960062
