-3.404103177368882e8	5268.44992748919	-12.164197812082882
-3.315103177368882e8	5229.988409494808	-12.179814118471766
-3.226103177368882e8	5191.807673967157	-12.19543042486065
-3.137103177368882e8	5153.9056710964815	-12.211046731249535
-3.048103177368882e8	5117.146836955427	-12.227156470659411
-2.959103177368882e8	5081.18202894141	-12.243571221067324
-2.870103177368882e8	5045.469992140855	-12.259985971475238
-2.781103177368882e8	5010.008950003594	-12.27640072188315
-2.692103177368882e8	4975.9416152749745	-12.2934245574396
-2.6031031773688817e8	4942.555838651879	-12.310689430989529
-2.5141031773688817e8	4909.394061859742	-12.327954304539459
-2.4251031773688817e8	4876.454781985394	-12.345219178089387
-2.3361031773688817e8	4844.932805804551	-12.363130251541357
-2.2471031773688817e8	4814.047434379321	-12.381276613450995
-2.1581031773688817e8	4783.358950342691	-12.399422975360633
-2.0691031773688817e8	4752.866098581261	-12.417569337270272
-1.9801031773688817e8	4723.55018506188	-12.436333801257986
-1.8911031773688817e8	4694.991372847431	-12.455462979232045
-1.8021031773688817e8	4666.605228588902	-12.474592157206105
-1.7131031773688817e8	4638.390708327487	-12.493721335180165
-1.6241031773688817e8	4609.806610979326	-12.513684991741053
-1.5351031773688817e8	4580.511755934727	-12.535027508836787
-1.4461031773688817e8	4551.681277216257	-12.556605846510518
-1.3571031773688817e8	4523.567260128779	-12.57864049790945
-1.2681031773688817e8	4495.806103175006	-12.60082892543141
-1.1791031773688817e8	4468.729419031452	-12.623461181314484
-1.0901031773688817e8	4441.900927059323	-12.646156064215551
-1.0011031773688817e8	4415.88528981496	-12.669333362968374
-9.121031773688817e7	4390.022022781521	-12.692510661721194
-8.231031773688817e7	4364.775891945238	-12.716340377427514
-7.341031773688817e7	4339.725153708561	-12.740240839286736
-6.451031773688817e7	4315.188719075252	-12.764492264423328
-5.561031773688817e7	4291.007142929073	-12.788949557807763
-4.671031773688817e7	4267.083703566177	-12.813584558225926
-3.781031773688817e7	4243.6124968968215	-12.83868419575515
-2.891031773688817e7	4220.270394219994	-12.863783833284376
-2.001031773688817e7	4197.36546426763	-12.889457669214442
-1.111031773688817e7	4174.6386825778845	-12.91523215737168
-2.2103177368881702e6	4152.140174107886	-12.941252484328679
6.68968226311183e6	4129.954737834766	-12.967723405000879
1.558968226311183e7	4107.887841293437	-12.994194325673075
2.448968226311183e7	4086.2158313068016	-13.02128799311663
3.338968226311183e7	4064.73278593977	-13.048550335912857
4.228968226311183e7	4043.4241977966717	-13.075944576382634
5.118968226311183e7	4022.5349914993008	-13.104002006575312
6.008968226311183e7	4001.753703371881	-13.132059436767992
6.898968226311183e7	3981.2714837339204	-13.16059294558865
7.788968226311183e7	3961.084958104948	-13.189602842107263
8.678968226311183e7	3941.000785661054	-13.218612738625877
9.568968226311183e7	3921.346122572134	-13.248361879390178
1.0458968226311183e8	3901.8658730915035	-13.278284216057848
1.1348968226311183e8	3882.5152973050544	-13.30831105359633
1.2238968226311183e8	3863.541775932764	-13.339235111124594
1.3128968226311183e8	3844.660976542403	-13.370159168652858
1.4018968226311183e8	3826.0177117231083	-13.4014848646138
1.4908968226311183e8	3807.680590651809	-13.433409928600447
1.5798968226311183e8	3789.431354696181	-13.465334992587097
1.6688968226311183e8	3771.5080023188693	-13.49784382078391
1.7578968226311183e8	3753.7677928273165	-13.53059463551461
1.8468968226311183e8	3736.1141584145143	-13.563362061629896
1.9358968226311183e8	3718.730326418689	-13.597125515904235
2.0248968226311183e8	3701.4273799638354	-13.630888970178578
2.1138968226311183e8	3684.2832551907827	-13.664953547977861
2.2028968226311183e8	3667.364184483575	-13.699580748051755
2.2918968226311183e8	3650.5228100157024	-13.734207948125645
2.3808968226311183e8	3633.881614801577	-13.76944663773599
2.4698968226311183e8	3617.36996758909	-13.804953799507718
2.5588968226311183e8	3600.9411599150535	-13.840513130771392
2.6478968226311183e8	3584.7263938689944	-13.877007586345002
2.736896822631118e8	3568.5846416896584	-13.913502041918612
2.825896822631118e8	3552.5514272257105	-13.950364048929078
2.914896822631118e8	3536.636567914117	-13.987703052438265
3.003896822631118e8	3520.7930046138895	-14.02504205594745
3.092896822631118e8	3505.125796477253	-14.063094178356272
3.181896822631118e8	3489.54985819373	-14.101292798343895
3.270896822631118e8	3474.056550231728	-14.139699674050048
3.359896822631118e8	3458.6752115262534	-14.17877988903184
3.448896822631118e8	3443.361973491276	-14.217860104013633
3.537896822631118e8	3428.161107737188	-14.25752640710066
3.626896822631118e8	3413.050684637981	-14.297500934438919
3.715896822631118e8	3398.0094393771446	-14.337556760813824
3.804896822631118e8	3383.0616825308693	-14.378475180475505
3.893896822631118e8	3368.1796804856685	-14.419393600137184
3.982896822631118e8	3353.398409231566	-14.460715483640016
4.071896822631118e8	3338.7132072943054	-14.502395909923097
4.160896822631118e8	3324.09231479172	-14.544076336206178
4.249896822631118e8	3309.540600203059	-14.586700586025398
4.338896822631118e8	3295.05272964256	-14.629350919593943
4.427896822631118e8	3280.614414494357	-14.672441239171247
4.516896822631118e8	3266.2209447035516	-14.716118612190794
4.605896822631118e8	3251.890625270101	-14.759795985210342
4.694896822631118e8	3237.6596408929827	-14.804225955733248
4.783896822631118e8	3223.495160389145	-14.848743536302225
4.872896822631118e8	3209.3923271410663	-14.893585304763782
4.961896822631118e8	3195.3506321178206	-14.938996788356679
5.050896822631118e8	3181.3703721511247	-14.984408271949574
5.139896822631118e8	3167.486985758106	-15.030598978522999
5.228896822631118e8	3153.671466971807	-15.07694927024165
5.317896822631118e8	3139.906959952447	-15.123582238823454
5.406896822631118e8	3126.180773727786	-15.170883196766171
5.495896822631118e8	3112.514591888815	-15.218184154708887
5.584896822631118e8	3098.910646738783	-15.266273156933565
5.673896822631118e8	3085.366927316366	-15.314605397774322
5.762896822631118e8	3071.8809006042807	-15.363136922166062
5.851896822631118e8	3058.448866184186	-15.412329672476247
5.940896822631118e8	3045.0755643629345	-15.461522422786432
6.029896822631118e8	3031.7377136526734	-15.51151122251871
6.118896822631118e8	3018.4478340618066	-15.56186292700437
6.207896822631118e8	3005.2147427574932	-15.612355544155847
6.296896822631118e8	2992.03087507506	-15.663695148233588
6.385896822631118e8	2978.9048449789434	-15.715034752311329
6.474896822631118e8	2965.841094117349	-15.766862283263295
6.563896822631118e8	2952.8379230147016	-15.819033174785513
6.652896822631118e8	2939.8908279125317	-15.871215528851163
6.741896822631118e8	2926.8904566581596	-15.924754449077753
6.830896822631118e8	2913.9475738149717	-15.978293369304343
6.919896822631118e8	2901.0641507893183	-16.032224864510223
7.008896822631118e8	2888.240622441679	-16.08667605088558
7.097896822631118e8	2875.4737777351925	-16.141127237260935
7.186896822631118e8	2862.7173646688557	-16.19660175772598
7.275896822631118e8	2850.0081153399574	-16.25228693181822
7.364896822631118e8	2837.4927980764496	-16.307628934919652
7.453896822631118e8	2825.525607178682	-16.361734880400164
7.542896822631118e8	2813.6088881827577	-16.41584082588067
7.631896822631118e8	2801.7424282222705	-16.469946771361183
7.720896822631118e8	2789.926015328595	-16.52405271684169
7.809896822631118e8	2778.1594384270697	-16.5781586623222
7.898896822631118e8	2766.341150271631	-16.63370874670415
7.987896822631118e8	2754.513476717155	-16.69011269924609
8.076896822631118e8	2742.736373158971	-16.746516651788028
8.165896822631118e8	2731.0096233817335	-16.802920604329966
8.254896822631118e8	2719.333012094537	-16.859324556871904
8.343896822631118e8	2707.7063249269745	-16.915728509413846
8.432896822631118e8	2697.6686077280215	-16.976037874266954
8.521896822631118e8	2687.668938012777	-17.03634936938934
8.610896822631118e8	2677.7063348942647	-17.096660864511733
8.699896822631118e8	2667.780660974693	-17.15697235963412
8.788896822631118e8	2657.89177936557	-17.21728385475651
8.877896822631118e8	2648.5048300935337	-17.278670594480154
8.966896822631118e8	2640.045257376832	-17.34213066008064
9.055896822631118e8	2631.612705328445	-17.405590725681133
9.144896822631118e8	2623.2070876418247	-17.46905079128162
9.233896822631118e8	2614.8283182861014	-17.532510856882112
9.322896822631118e8	2606.4763115051824	-17.595970922482604
9.411896822631118e8	2598.763766394322	-17.66080287769989
9.500896822631118e8	2591.3792922081902	-17.726320126361315
9.589896822631118e8	2584.015801252508	-17.791837375022745
9.678896822631118e8	2576.6732339027326	-17.857354623684174
9.767896822631118e8	2569.3515307037337	-17.922871872345603
9.856896822631118e8	2562.0506323693266	-17.98838912100703
9.945896822631118e8	2555.6075824423096	-18.055498217531905
1.0034896822631118e9	2549.198355191313	-18.12264089878144
1.0123896822631118e9	2542.8052016889787	-18.189783580030976
1.0212896822631118e9	2536.4280816238293	-18.25692626128052
1.0301896822631118e9	2530.06695478549	-18.324068942530054
1.0390896822631118e9	2523.9338899931386	-18.391782216190332
1.0479896822631118e9	2518.318366323633	-18.46085082286436
1.0568896822631118e9	2512.715336684264	-18.52991942953839
1.0657896822631118e9	2507.1247732769484	-18.59898803621242
1.0746896822631118e9	2501.5466483654523	-18.668056642886445
1.0835896822631118e9	2495.9809342752524	-18.73712524956047
1.0924896822631118e9	2490.959106699738	-18.806001693662587
1.1013896822631118e9	2486.1774131443185	-18.874794816458635
1.1102896822631118e9	2481.404898620863	-18.94358793925468
1.1191896822631118e9	2476.6415455091224	-19.012381062050725
1.1280896822631118e9	2471.8873362226673	-19.08117418484677
1.1369896822631118e9	2467.169560341069	-19.150021473221052
1.1458896822631118e9	2462.934887273152	-19.219810871191502
1.1547896822631118e9	2458.7074826379694	-19.289600269161955
1.1636896822631118e9	2454.4873339599117	-19.359389667132405
1.1725896822631118e9	2450.2744287847904	-19.429179065102858
1.1814896822631118e9	2446.068754679785	-19.498968463073307
1.1903896822631118e9	2442.1911750010995	-19.568858843905534
1.1992896822631118e9	2438.602408200335	-19.638838312831027
1.2081896822631118e9	2435.0189150437004	-19.708817781756522
1.2170896822631118e9	2431.4406877816436	-19.778797250682018
1.2259896822631118e9	2427.8677186760106	-19.848776719607514
1.2348896822631118e9	2424.3000000000006	-19.918756188533006
