-2.844836778763552e8	5661.480393729408	-12.784625999378944
-2.6798367787635517e8	5566.837950248032	-12.807840802707148
-2.5148367787635517e8	5473.870307375127	-12.83172597686614
-2.3498367787635517e8	5382.509068911985	-12.856007086838133
-2.1848367787635517e8	5294.061041283995	-12.881103389308937
-2.0198367787635517e8	5207.57740500656	-12.906504673175672
-1.8548367787635517e8	5124.4666398695335	-12.933027046852152
-1.6898367787635517e8	5043.187778164919	-12.959843160012257
-1.5248367787635517e8	4966.444321857854	-12.987830407732778
-1.3598367787635517e8	4891.70508908381	-13.016123935951516
-1.1948367787635517e8	4814.653109977573	-13.047043188873525
-1.0298367787635517e8	4738.958971915153	-13.079882911254176
-8.648367787635517e7	4666.858495108641	-13.1138457453567
-6.998367787635517e7	4598.102711447494	-13.148886639540937
-5.348367787635517e7	4532.347319795048	-13.184952646219362
-3.698367787635517e7	4469.104964020273	-13.222193441002787
-2.048367787635517e7	4409.357316843742	-13.26054339611126
-3.983677876355171e6	4351.676785282156	-13.299883999973272
1.2516322123644829e7	4295.861303785199	-13.340126775159511
2.901632212364483e7	4241.987282295834	-13.381404858657566
4.551632212364483e7	4190.270098533276	-13.42410361552193
6.201632212364483e7	4140.155581101564	-13.467719658322368
7.851632212364483e7	4091.7584756063247	-13.512394385800835
9.501632212364483e7	4045.466306013721	-13.559042204132979
1.1151632212364483e8	4000.6550412465044	-13.606771893980978
1.2801632212364483e8	3957.465067524624	-13.6557514177033
1.4451632212364483e8	3916.350170212554	-13.706764562493538
1.6101632212364483e8	3876.4261460072153	-13.758938059184915
1.7751632212364483e8	3837.735042691311	-13.812424395888169
1.9401632212364483e8	3800.70984984467	-13.867852948358117
2.1051632212364483e8	3764.6360101885793	-13.924369000204484
2.2701632212364483e8	3729.5117691598316	-13.982034624118004
2.4351632212364483e8	3695.7657786667473	-14.04144042426807
2.6001632212364483e8	3662.701189250674	-14.101932404592189
2.765163221236448e8	3630.299743362183	-14.163530953311746
2.930163221236448e8	3598.835650746107	-14.226878453602431
3.095163221236448e8	3567.9023076647877	-14.291280326467474
3.260163221236448e8	3537.492684955351	-14.35673367782785
3.425163221236448e8	3508.0024761175887	-14.423614158778204
3.590163221236448e8	3478.8364701646806	-14.491656805151603
3.755163221236448e8	3449.993134441577	-14.56084760134146
3.920163221236448e8	3421.932379706556	-14.631340935520178
4.085163221236448e8	3394.158418214612	-14.702909427961126
4.250163221236448e8	3366.6687045450362	-14.775566717088733
4.415163221236448e8	3339.7355148308357	-14.849966462977264
4.580163221236448e8	3313.0640223922073	-14.925355860275499
4.745163221236448e8	3286.6510361864325	-15.001761575488043
4.910163221236448e8	3260.664390354845	-15.07977584369813
5.075163221236448e8	3234.945959392317	-15.158745563175497
5.240163221236448e8	3209.492941751857	-15.238684039409968
5.405163221236448e8	3184.368451386896	-15.320482756066841
5.570163221236448e8	3159.5014498532482	-15.403080851598205
5.735163221236448e8	3134.886822554912	-15.48648242711431
5.900163221236448e8	3110.545792542378	-15.571730234044104
6.065163221236448e8	3086.368398212671	-15.658111597319394
6.230163221236448e8	3062.359840539256	-15.745526053535759
6.395163221236448e8	3038.5413174671617	-15.83446889865187
6.560163221236448e8	3014.9432140537415	-15.924537160107105
6.725163221236448e8	2991.5302807906287	-16.015579926037322
6.890163221236448e8	2968.1928304653306	-16.108249751182363
7.055163221236448e8	2944.9893805024	-16.202290496295294
7.220163221236448e8	2921.9369596480738	-16.297331574905954
7.385163221236448e8	2899.0350525450813	-16.393715632315256
7.550163221236448e8	2876.2648518712012	-16.49168425789771
7.715163221236448e8	2853.6041490349276	-16.590787868013308
7.880163221236448e8	2830.9738041482133	-16.69150366281225
8.045163221236448e8	2808.4921620582822	-16.793555219464537
8.210163221236448e8	2786.991793958542	-16.895724821273383
8.375163221236448e8	2767.5173734854084	-16.99731461065076
8.540163221236448e8	2748.1790327286126	-17.098904400028143
8.705163221236448e8	2729.286811379145	-17.20142352557832
8.870163221236448e8	2711.9951168724288	-17.30836638723809
9.035163221236448e8	2694.812975783716	-17.41530924889786
9.200163221236448e8	2677.8175495809996	-17.52245896933457
9.365163221236448e8	2662.584496629587	-17.634032922237743
9.530163221236448e8	2647.4380985371904	-17.74560687514092
9.695163221236448e8	2632.377862358326	-17.857180828044093
9.860163221236448e8	2618.7863953676683	-17.972161763220015
1.0025163221236448e9	2605.3822719829736	-18.087432733680473
1.0190163221236448e9	2592.046756913961	-18.20270370414093
1.0355163221236448e9	2579.8804961068213	-18.32031442661663
1.0520163221236448e9	2568.0310662743204	-18.438479555479034
1.0685163221236448e9	2556.236061050858	-18.55664468434144
1.0850163221236448e9	2545.276502770362	-18.676904364347333
1.1015163221236448e9	2534.6720652786967	-18.79799351239413
1.1180163221236448e9	2524.111809271596	-18.919082660440925
1.1345163221236448e9	2514.3791080113265	-19.040221452246744
1.1510163221236448e9	2505.0580808183277	-19.161384035041724
1.1675163221236448e9	2495.771607502926	-19.282546617836708
1.1840163221236448e9	2487.146268727471	-19.40412449060124
1.2005163221236448e9	2478.8918285769223	-19.525929126834136
1.2170163221236448e9	2470.6647835912904	-19.647733763067038
1.2335163221236448e9	2462.9571495746904	-19.769326770619145
1.2500163221236448e9	2455.509387173063	-19.890818059564765
1.2665163221236448e9	2448.0841461396253	-20.012309348510385
1.2830163221236448e9	2441.1178627970326	-20.135993942049073
1.2995163221236448e9	2434.2994088525334	-20.26032348893758
1.3160163221236448e9	2427.500000000001	-20.384653035826087
