-3.142897148798084e8	7280.065035177293	-14.685090981033563	4.565313825319554
-3.075397148798084e8	7227.894695561396	-14.691015675572356	4.476463638657229
-3.007897148798084e8	7176.09821858579	-14.696940370111147	4.378942414711441
-2.940397148798084e8	7124.672925079242	-14.70286506464994	4.2708728558715805
-2.872897148798084e8	7072.710550025686	-14.708734138349673	4.156894986597563
-2.805397148798084e8	7016.8177802406335	-14.71433649373266	4.06662392251179
-2.737897148798084e8	6961.366708400412	-14.719938849115646	3.967388040427438
-2.6703971487980843e8	6906.353843944855	-14.725541204498631	3.8572084206996298
-2.6028971487980843e8	6851.775723898341	-14.731143559881618	3.733368661785319
-2.5353971487980843e8	6793.215106795683	-14.736457277272102	3.62870870788654
-2.4678971487980843e8	6733.580164756656	-14.741667076024521	3.5262829145929504
-2.4003971487980843e8	6674.468734229643	-14.746876874776943	3.4121562117426243
-2.3328971487980843e8	6615.876219514643	-14.752086673529364	3.283306259633682
-2.2653971487980843e8	6554.662178227188	-14.757018813442002	3.165458076193505
-2.1978971487980843e8	6491.424162915675	-14.761719352974911	3.0597142686448993
-2.1303971487980843e8	6428.796254802936	-14.76641989250782	2.941451911436665
-2.0628971487980843e8	6366.772567701818	-14.771120432040727	2.8073039104621325
-1.9953971487980843e8	6302.771255546551	-14.775552256362062	2.680739824433406
-1.9278971487980843e8	6236.335581796296	-14.779659623429513	2.5741537582860263
-1.8603971487980843e8	6170.6001871086555	-14.783766990496964	2.454836669342055
-1.7928971487980843e8	6105.557690046232	-14.787874357564418	2.3193294582240553
-1.7253971487980843e8	6037.203179072761	-14.791765435744917	2.1773130890621144
-1.6578971487980843e8	5959.420562713052	-14.795098100373604	2.055450078391808
-1.5903971487980843e8	5881.687287050417	-14.798362741445466	1.9261777273085297
-1.5228971487980843e8	5801.909096132008	-14.801406038989711	1.812852626684148
-1.4553971487980843e8	5723.1636445838585	-14.804448035696899	1.6860883543763348
-1.3878971487980843e8	5643.620434908896	-14.807440155004013	1.5869815027486829
-1.3203971487980843e8	5565.182754028551	-14.810432274311129	1.4769609491350326
-1.2528971487980843e8	5488.161475891374	-14.813749517386452	1.3762886049508194
-1.1853971487980843e8	5412.505017415844	-14.81736875821793	1.2876491930350598
-1.1178971487980843e8	5337.891512893875	-14.820987999049406	1.1903818661939523
-1.0503971487980843e8	5266.638381039369	-14.825564002435366	1.1062742307922426
-9.828971487980843e7	5197.873753413739	-14.830779107666132	1.031406934097474
-9.153971487980843e7	5130.006961118804	-14.8359942128969	0.9504776184521619
-8.478971487980843e7	5064.550419940898	-14.841876914692044	0.8703425005086937
-7.803971487980843e7	5003.798124459613	-14.84947530222421	0.8051136902765691
-7.128971487980843e7	4943.774588907691	-14.85707368975638	0.7353313330575821
-6.4539714879808426e7	4884.471071376181	-14.864672077288546	0.6603116406540889
-5.7789714879808426e7	4828.143972715987	-14.873539387078816	0.5958723554797548
-5.1039714879808426e7	4772.911960462284	-14.882659132788817	0.5305096155937282
-4.4289714879808426e7	4718.311780066718	-14.891778878498817	0.46057394723050465
-3.7539714879808426e7	4664.574695621227	-14.901276470656333	0.3920831216427475
-3.0789714879808426e7	4611.716057129589	-14.911201014083495	0.3266497634750792
-2.4039714879808426e7	4559.456409080913	-14.92112555751066	0.25663323964485385
-1.7289714879808426e7	4507.977041985043	-14.931229790699511	0.1847158984872246
-1.0539714879808426e7	4457.595925826038	-14.941833579792657	0.11728805409662452
-3.789714879808426e6	4407.777868627137	-14.952437368885803	0.04498284415948521
2.960285120191574e6	4358.781434033018	-14.963170162386087	-0.030373087824961547
9.710285120191574e6	4311.513633911145	-14.974486032564293	-0.09928089383508798
1.6460285120191574e7	4264.758418547698	-14.985801902742498	-0.17329072250635433
2.3210285120191574e7	4218.870354693432	-14.997244807666625	-0.2508830545388463
2.9960285120191574e7	4175.72765985817	-15.00949036363787	-0.31909793801972525
3.6710285120191574e7	4133.026147605258	-15.021735919609114	-0.39230898316522034
4.3460285120191574e7	4090.880460105826	-15.034021463101269	-0.4707836373943911
5.0210285120191574e7	4053.404558788127	-15.047743824708766	-0.5357073063407654
5.6960285120191574e7	4016.2719682059205	-15.061466186316261	-0.6051405284681085
6.3710285120191574e7	3979.479543344493	-15.075188547923757	-0.6797568385832601
7.046028512019157e7	3947.0923534369867	-15.090435874200942	-0.7445074760463339
7.721028512019157e7	3916.321431445241	-15.106194064357272	-0.8081006922322556
8.396028512019157e7	3885.790394805919	-15.121952254513605	-0.8760143082773039
9.071028512019157e7	3856.650548011578	-15.138215683914696	-0.944386074643434
9.746028512019157e7	3831.5949684297143	-15.156184489400381	-1.0016274358852615
1.0421028512019157e8	3806.7021679382406	-15.174153294886068	-1.0623453817536237
1.1096028512019157e8	3781.9710890069696	-15.192122100371755	-1.1269896806797868
1.1771028512019157e8	3759.0168566432935	-15.21096920715881	-1.1882541679080143
1.2446028512019157e8	3738.313473732091	-15.23097024635235	-1.2426130710249008
1.3121028512019157e8	3717.7241179935017	-15.250971285545889	-1.300097582935402
1.3796028512019157e8	3697.2481614047447	-15.27097232473943	-1.3610891922356032
1.4471028512019157e8	3677.8503575971167	-15.29163834467406	-1.4199352957266116
1.5146028512019157e8	3660.192191957792	-15.313438122841369	-1.4714697431964174
1.5821028512019157e8	3642.618807041839	-15.335237901008677	-1.5258049805597946
1.6496028512019157e8	3625.129795798417	-15.357037679175985	-1.5832630268285766
1.7171028512019157e8	3607.87272801388	-15.378961438071132	-1.643045268503092
1.7846028512019157e8	3592.4107029109346	-15.402326834469267	-1.6921277948445062
1.8521028512019157e8	3577.0149424016386	-15.425692230867405	-1.7437443258459782
1.9196028512019157e8	3561.6851625001527	-15.449057627265544	-1.7981708214925693
1.9871028512019157e8	3546.421080437672	-15.472423023663682	-1.8557309300915616
2.0546028512019157e8	3532.0245533127677	-15.496608513531504	-1.9081440446588238
2.1221028512019157e8	3518.1813970526027	-15.52130197963309	-1.9578258266235473
2.1896028512019157e8	3504.392496637019	-15.545995445734677	-2.010105519104759
2.2571028512019157e8	3490.6576394196773	-15.570688911836262	-2.0652698806180756
2.3246028512019157e8	3477.021752381309	-15.595438844935874	-2.1230605169921155
2.3921028512019157e8	3464.379215495222	-15.621369231966721	-2.171252835404266
2.4596028512019157e8	3451.7826471851977	-15.647299618997568	-2.2218857684707034
2.5271028512019157e8	3439.231880308371	-15.673230006028419	-2.2752197660256845
2.5946028512019157e8	3426.7267483295946	-15.699160393059264	-2.3315593302452755
2.6621028512019157e8	3414.570066855102	-15.725620139155698	-2.3856060323828587
2.729602851201916e8	3402.833824396873	-15.752741392751554	-2.435304819205025
2.797102851201916e8	3391.1379206589927	-15.77986264634741	-2.4876033421962473
2.864602851201916e8	3379.4822169929603	-15.806983899943267	-2.542788670554551
2.932102851201916e8	3367.866575226841	-15.834105153539122	-2.6011982147113235
2.999602851201916e8	3357.0575053931307	-15.862244091622358	-2.651750377286122
3.067102851201916e8	3346.3686346556733	-15.89049688768819	-2.703648583220968
3.134602851201916e8	3335.713797281499	-15.918749683754022	-2.7583883578747788
3.202102851201916e8	3325.092884908388	-15.947002479819854	-2.8162989846952344
3.269602851201916e8	3315.6997108400446	-15.976289250640193	-2.8720459570463266
3.337102851201916e8	3307.8258533079006	-16.006871955254308	-2.9235242373162995
3.404602851201916e8	3299.9706939806138	-16.037454659868423	-2.9777970385982155
3.472102851201916e8	3292.1341884551875	-16.068037364482535	-3.0351852683584384
3.539602851201916e8	3284.335251539888	-16.098653276780873	-3.0951064091559064
3.607102851201916e8	3276.7889338237837	-16.12968025996812	-3.1462408417201364
3.674602851201916e8	3269.2599550535215	-16.160707243155365	-3.200131579447383
3.742102851201916e8	3261.7482753899417	-16.19173422634261	-3.2570927838259385
3.809602851201916e8	3254.253855085399	-16.222761209529857	-3.317495591475958
3.877102851201916e8	3247.1371057673314	-16.25446355229071	-3.3716355398775644
3.944602851201916e8	3240.1543631087484	-16.286388285748604	-3.4253610665356975
4.012102851201916e8	3233.186636352922	-16.3183130192065	-3.4821377245135383
4.079602851201916e8	3226.2338932092084	-16.3502377526644	-3.5423330451149915
4.147102851201916e8	3219.5751414548185	-16.382446084607857	-3.599345079976364
4.214602851201916e8	3213.187478746087	-16.414916485505717	-3.6529417500982144
4.282102851201916e8	3206.812489211016	-16.44738688640358	-3.7095745157227293
4.349602851201916e8	3200.4501477059334	-16.479857287301442	-3.7696081133809143
4.417102851201916e8	3194.204663068791	-16.5124958275041	-3.8290141803249087
4.484602851201916e8	3188.181755790882	-16.545474393184673	-3.88262661571762
4.552102851201916e8	3182.1702051465977	-16.578452958865242	-3.9392769841001263
4.619602851201916e8	3176.1699897221706	-16.611431524545814	-3.9993303631295674
4.687102851201916e8	3170.239278784059	-16.644506054194153	-4.060480984974971
4.754602851201916e8	3164.5467310733834	-16.677955767114362	-4.114259319552213
4.822102851201916e8	3158.8644050200046	-16.71140548003457	-4.171094958759113
4.889602851201916e8	3153.1922822696906	-16.74485519295478	-4.231356583601637
4.957102851201916e8	3147.5668434249005	-16.77835020906966	-4.293653380720834
5.024602851201916e8	3142.1828323838654	-16.81213293431954	-4.347754663993158
5.092102851201916e8	3136.8080308612716	-16.845915659569417	-4.404951148502557
5.159602851201916e8	3131.4424231039516	-16.879698384819292	-4.465618601554653
5.227102851201916e8	3126.113999230331	-16.913542638966923	-4.528651628000363
5.294602851201916e8	3121.010407369887	-16.947861719219187	-4.583190833983472
5.362102851201916e8	3115.9151474672244	-16.982180799471447	-4.640877023907291
5.429602851201916e8	3110.828205919866	-17.016499879723707	-4.702095726959989
5.497102851201916e8	3105.7976334985215	-17.05084562869414	-4.765014473698337
5.564602851201916e8	3101.013594072472	-17.085323861970576	-4.820061956103914
5.632102851201916e8	3096.2369237785906	-17.119802095247017	-4.878317094256601
5.699602851201916e8	3091.4676112657717	-17.154280328523452	-4.940176970362187
5.767102851201916e8	3086.7625348181787	-17.18882874730952	-5.00265799019305
5.834602851201916e8	3082.234168933817	-17.223586652991457	-5.05834714653635
5.902102851201916e8	3077.7124462872657	-17.258344558673397	-5.117321429911166
5.969602851201916e8	3073.197357132706	-17.293102464355336	-5.179992854126599
6.037102851201916e8	3068.772025165821	-17.328024260244014	-5.24156765474878
6.104602851201916e8	3064.4886834606655	-17.363213790810562	-5.298025239112356
6.172102851201916e8	3060.2113203736662	-17.39840332137711	-5.357862014414525
6.239602851201916e8	3055.9399275599762	-17.43359285194366	-5.421508392552719
6.307102851201916e8	3051.802224196666	-17.46879836009176	-5.481458366553955
6.374602851201916e8	3047.76681901743	-17.504015979981492	-5.538796203600813
6.442102851201916e8	3043.7367498638537	-17.539233599871224	-5.599622715012824
6.509602851201916e8	3039.7120096800872	-17.574451219760956	-5.664390093643146
6.577102851201916e8	3035.8468174959394	-17.609908135411807	-5.722525129956695
6.644602851201916e8	3032.03171880826	-17.645435236786938	-5.780805750271792
6.712102851201916e8	3028.221414492252	-17.680962338162065	-5.842694361518898
6.779602851201916e8	3024.420517285435	-17.716491190013087	-5.908362207080826
6.847102851201916e8	3020.8283890908765	-17.752097450153812	-5.964277465374807
6.914602851201916e8	3017.240527295405	-17.78770371029453	-6.023505381996472
6.982102851201916e8	3013.6569268318062	-17.823309970435254	-6.086463325282091
7.049602851201916e8	3010.115373067164	-17.858940200277416	-6.149619617054074
7.117102851201916e8	3006.672324879105	-17.894630339473785	-6.206330686214984
7.184602851201916e8	3003.2332149390445	-17.930320478670154	-6.266452284354303
7.252102851201916e8	2999.7980387423004	-17.966010617866523	-6.33042101771226
7.319602851201916e8	2996.4418333226386	-18.00178816195856	-6.390685923521628
7.387102851201916e8	2993.147435381175	-18.03763339716364	-6.448196038925798
7.454602851201916e8	2989.8566594215104	-18.07347863236871	-6.509216472911312
7.522102851201916e8	2986.569501461505	-18.10932386757379	-6.574203770648832
7.589602851201916e8	2983.3448472458977	-18.145162219309512	-6.631203801529201
7.657102851201916e8	2980.1334841566454	-18.180999423222485	-6.68945116661239
7.724602851201916e8	2976.9255778762526	-18.216836627135457	-6.751302277671011
7.792102851201916e8	2973.7372115855624	-18.252661652012407	-6.8151518618025815
7.859602851201916e8	2970.6436750512858	-18.28841739572559	-6.870778452869098
7.927102851201916e8	2967.5533566790727	-18.32417313943878	-6.929682574197444
7.994602851201916e8	2964.46625312112	-18.35992888315197	-6.992274766550011
8.062102851201916e8	2961.4354461231105	-18.395765205394895	-7.052990080012289
8.129602851201916e8	2958.4787883856284	-18.43170948439625	-7.109036568126706
8.197102851201916e8	2955.5250825358826	-18.4676537633976	-7.1684117495831
8.264602851201916e8	2952.574325626751	-18.503598042398952	-7.231536122946801
8.332102851201916e8	2949.602361498303	-18.53780637455809	-7.283982602109934
8.399602851201916e8	2946.6232195661287	-18.571283076263676	-7.3327521432864256
8.467102851201916e8	2943.64708661129	-18.604759777969257	-7.384022644334481
8.534602851201916e8	2940.6739595946738	-18.638236479674838	-7.4380645402813
8.602102851201916e8	2937.703835480236	-18.671713181380422	-7.495194650106948
8.669602851201916e8	2934.736711235007	-18.705189883086003	-7.555787430864851
8.737102851201916e8	2931.772583829071	-18.738666584791584	-7.620289866695012
8.804602851201916e8	2928.811450235577	-18.772143286497172	-7.6892414994250435
8.872102851201916e8	2925.8322601905165	-18.805551583119808	-7.7437671538054325
8.939602851201916e8	2922.8467419602184	-18.838929432406655	-7.792357753121863
9.007102851201916e8	2919.864270151697	-18.8723072816935	-7.843430522154998
9.074602851201916e8	2916.8848416563787	-18.905685130980352	-7.897252772277058
9.142102851201916e8	2913.908453368873	-18.9390629802672	-7.954137465831268
9.209602851201916e8	2910.935102186948	-18.972440829554046	-8.014454241855852
9.277102851201916e8	2907.964785011547	-19.005818678840892	-8.078643985622833
9.344602851201916e8	2904.9974987467685	-19.03919652812774	-8.147238403297523
9.412102851201916e8	2901.9463010806	-19.072567840784348	-8.204136976222097
9.479602851201916e8	2898.8394747183606	-19.105934725214567	-8.252587785199474
9.547102851201916e8	2895.735974527267	-19.139301609644786	-8.303506136730594
9.614602851201916e8	2892.635796946312	-19.172668494075005	-8.35715691964098
9.682102851201916e8	2889.538938418311	-19.206035378505224	-8.413850107505437
9.749602851201916e8	2886.4453953898783	-19.239402262935442	-8.47395160867684
9.817102851201916e8	2883.355164311439	-19.27276914736566	-8.537897590380458
9.884602851201916e8	2880.2682416372168	-19.30613603179588	-8.606213703586098
9.952102851201916e8	2877.103872374258	-19.33967582683356	-8.667620056704758
1.0019602851201916e9	2873.834607453496	-19.37344793870091	-8.71618962861293
1.0087102851201916e9	2870.5690574118607	-19.407220050568267	-8.767239167101675
1.0154602851201916e9	2867.3072180281256	-19.440992162435617	-8.821035618152681
1.0222102851201916e9	2864.0490850858446	-19.47476427430297	-8.877891493190221
1.0289602851201916e9	2860.7946543733774	-19.508536386170324	-8.938175868224725
1.0357102851201916e9	2857.5439216838663	-19.542308498037677	-9.002328916241442
1.0424602851201916e9	2854.296882815234	-19.57608060990503	-9.070881428888423
1.0492102851201916e9	2851.0140037964543	-19.609732959654657	-9.136312924794323
1.0559602851201916e9	2847.639136884458	-19.6430948361198	-9.185385525223166
1.0627102851201916e9	2844.2682649464105	-19.676456712584944	-9.236991078838242
1.0694602851201916e9	2840.9013832532887	-19.709818589050084	-9.291405369202822
1.0762102851201916e9	2837.5384870816715	-19.74318046551523	-9.34895182639628
1.0829602851201916e9	2834.17957171373	-19.77654234198037	-9.410013177048453
1.0897102851201916e9	2830.8246324372094	-19.80990421844551	-9.475046888216788
1.0964602851201916e9	2827.473664545453	-19.843266094910657	-9.544605991591432
1.1032102851201916e9	2824.1223968859244	-19.87664167223263	-9.618750946351627
1.1099602851201916e9	2820.5849967336985	-19.910628477972107	-9.669471990767931
1.1167102851201916e9	2817.052027409203	-19.94461528371159	-9.722903762570702
1.1234602851201916e9	2813.5234833625404	-19.978602089451073	-9.779352445703628
1.1302102851201916e9	2809.9993590507474	-20.012588895190554	-9.839179222112145
1.1369602851201916e9	2806.4796489378236	-20.046575700930035	-9.90281428731321
1.1437102851201916e9	2802.964347494683	-20.080562506669516	-9.970775636210488
1.1504602851201916e9	2799.4534491991826	-20.114549312409	-10.043694710668088
1.1572102851201916e9	2795.946948536086	-20.14853611814848	-10.122352155151747
1.1639602851201916e9	2792.2496045254943	-20.18271559694593	-10.179006654195124
1.1707102851201916e9	2788.54236798084	-20.216909683481287	-10.236787762986244
1.1774602851201916e9	2784.8400534899934	-20.25110377001665	-10.298113380416865
1.1842102851201916e9	2781.1426545180043	-20.285297856552006	-10.3634469577461
1.1909602851201916e9	2777.4501645385926	-20.319491943087368	-10.433349239572875
1.1977102851201916e9	2773.7625770341497	-20.35368602962273	-10.508507560047915
1.2044602851201916e9	2770.079885495715	-20.387880116158087	-10.589777070087852
1.2112102851201916e9	2766.3967879792713	-20.422076855609653	-10.677413207379177
1.2179602851201916e9	2762.5253758542503	-20.456370522764136	-10.740764571641515
1.2247102851201916e9	2758.6593815463334	-20.49066418991862	-10.808402415897492
1.2314602851201916e9	2754.7987974736043	-20.524957857073098	-10.88094917323219
1.2382102851201916e9	2750.9436160647474	-20.559251524227577	-10.95917353887541
1.2449602851201916e9	2747.093829759054	-20.593545191382063	-11.044040220276571
1.2517102851201916e9	2743.249431006381	-20.627838858536542	-11.13678282228508
1.2584602851201916e9	2739.4104122671665	-20.662132525691025	-11.239014113713768
1.2652102851201916e9	2735.372010014212	-20.696964200313232	-11.335351758459606
1.2719602851201916e9	2731.114292663392	-20.732388700497587	-11.420870355387406
1.2787102851201916e9	2726.8632026221203	-20.767813200681946	-11.514392135628123
1.2854602851201916e9	2722.618729574726	-20.803237700866305	-11.617571164167925
1.2922102851201916e9	2718.3808632215773	-20.83866220105066	-11.732634016125514
1.2989602851201916e9	2714.1495932790995	-20.87408670123502	-11.862678867211136
1.3057102851201916e9	2709.924909479705	-20.909511201419374	-12.012199654072305
1.3124602851201916e9	2705.5590475317235	-20.945836297821767	-12.148942799993282
1.3192102851201916e9	2701.1529101506003	-20.982450230331185	-12.293073728401236
1.3259602851201916e9	2696.7539483831997	-21.019064162840607	-12.46153418629853
1.3327102851201916e9	2692.3621505436754	-21.055678095350025	-12.664239807967046
1.3394602851201916e9	2687.977504965212	-21.092292027859443	-12.91876036737111
1.3462102851201916e9	2683.6	-21.12890596036886	-13.261029671833457
