-5.905655275922608e6	7253.07089171436	-12.133649499435005	4.680046607126568
-5.787405275922608e6	7185.764280216096	-12.147054514563578	4.6034063618619605
-5.669155275922608e6	7119.082256567449	-12.160459529692153	4.520401208115402
-5.550905275922608e6	7053.0190247556175	-12.173864544820727	4.429877406151104
-5.432655275922608e6	6987.568842553279	-12.187269559949298	4.330335966256844
-5.314405275922608e6	6920.503229994827	-12.201008868149593	4.248537561298071
-5.196155275922608e6	6852.80516030075	-12.214942008822463	4.177256624190196
-5.077905275922608e6	6785.769329823664	-12.228875149495332	4.100502054530341
-4.959655275922608e6	6719.389260376217	-12.242808290168202	4.017362770766764
-4.841405275922608e6	6653.658537142247	-12.256741430841073	3.9266793983693944
-4.723155275922608e6	6588.0679134216125	-12.270792854413278	3.8319953889590392
-4.604905275922608e6	6519.553154878433	-12.285692751263529	3.7667369428976722
-4.486655275922608e6	6451.750937887625	-12.300592648113778	3.696920664925262
-4.368405275922608e6	6384.653852141191	-12.315492544964027	3.621861765116608
-4.250155275922608e6	6318.254564397037	-12.330392441814276	3.5407084977482257
-4.1319052759226076e6	6252.545817677507	-12.345292338664525	3.4523830490416985
-4.0136552759226076e6	6186.021069283211	-12.36064696433362	3.3659210566945994
-3.8954052759226076e6	6116.544372863849	-12.377123931985059	3.299025313199041
-3.7771552759226076e6	6047.847985999102	-12.393600899636496	3.227331651813495
-3.6589052759226076e6	5979.923144843914	-12.410077867287933	3.1500982926636727
-3.5406552759226076e6	5912.761183982119	-12.42655483493937	3.0663969114037073
-3.4224052759226076e6	5846.3535353209245	-12.44303180259081	2.9750443184906765
-3.3041552759226076e6	5779.330500423916	-12.460408486389534	2.8913238063599014
-3.1859052759226076e6	5711.815429796457	-12.47862809262055	2.8169292052808146
-3.0676552759226076e6	5645.0890811085865	-12.496847698851562	2.7365519933250386
-2.9494052759226076e6	5579.142240383455	-12.515067305082578	2.649145148779743
-2.8311552759226076e6	5513.965801283372	-12.533286911313592	2.5533602013751926
-2.7129052759226076e6	5449.193791129216	-12.551853846680016	2.4517130843035146
-2.5946552759226076e6	5383.5074328200635	-12.572070429926441	2.3610855628874563
-2.4764052759226076e6	5318.612879286681	-12.592287013172866	2.2614186777318457
-2.3581552759226076e6	5255.41067109301	-12.613309809348433	2.1656430596526133
-2.2399052759226076e6	5193.214128609138	-12.634560852166773	2.064368528249196
-2.1216552759226076e6	5132.573796937233	-12.656333701080175	1.96178429896599
-2.0034052759226076e6	5073.4732110172545	-12.678641856342027	1.8589688245570264
-1.8851552759226076e6	5015.549193429501	-12.701263906653143	1.7507201549934805
-1.7669052759226076e6	4959.479834456752	-12.724649700219658	1.646587657959734
-1.6486552759226076e6	4904.334648717998	-12.74820366726073	1.5339345503844157
-1.5304052759226076e6	4851.403863311661	-12.772673199139692	1.428911769152746
-1.4121552759226076e6	4799.158732522417	-12.797219871691754	1.3132099017034133
-1.2939052759226076e6	4749.021279032215	-12.822819619515684	1.207815942535327
-1.1756552759226076e6	4699.441674605891	-12.848438123735086	1.0904445198936947
-1.0574052759226076e6	4652.210362675814	-12.875075301312798	0.9851761097266876
-939155.2759226076	4605.453744758588	-12.901712478890508	0.8675081940052981
-820905.2759226076	4560.84021610439	-12.929439413694055	0.762423828576471
-702655.2759226076	4516.686159548408	-12.95718429734647	0.6455025733806068
-584405.2759226076	4474.594015314456	-12.986059750777946	0.540889275173037
-466155.27592260763	4432.966792522972	-13.014985922976765	0.4254214917178871
-347905.27592260763	4393.378745117514	-13.045027054037082	0.3218510321111844
-229655.27592260763	4354.270574874881	-13.075154209832176	0.2086048149822206
-111405.27592260763	4317.0528527105025	-13.10645386349061	0.10625928693038933
6844.7240773923695	4280.34675718287	-13.13790186615984	-0.004219910676750588
125094.72407739237	4245.4994833278315	-13.170505149900608	-0.10536698884751391
243344.72407739237	4211.252509916208	-13.203346798023427	-0.21265562148894965
361594.72407739237	4178.495424778139	-13.237282123138602	-0.3128890609036723
479844.72407739237	4146.403089103943	-13.271589702875671	-0.4168071153937749
598094.7240773924	4115.547964834408	-13.306802215195258	-0.5164756006824892
716344.7240773924	4085.4840422330417	-13.342531436586462	-0.6169202067455928
834594.7240773924	4056.2466994360993	-13.3789767234504	-0.7164661922111859
952844.7240773924	4027.8322690846067	-13.416151105529984	-0.8134146587080615
1.0710947240773924e6	3999.9874526441035	-13.453753664105701	-0.9132971045161382
1.1893447240773924e6	3973.107672454846	-13.492254949438388	-1.0069386146274801
1.3075947240773924e6	3946.5063140995894	-13.530913910602845	-1.1077687968248766
1.4258447240773924e6	3920.8503628037765	-13.570818256867206	-1.1981420176942457
1.5440947240773924e6	3895.361198986433	-13.610722603131563	-1.297501385865696
1.6623447240773924e6	3870.7584946184393	-13.651716954099378	-1.3877414100265852
1.7805947240773924e6	3846.4204443682547	-13.69287758116892	-1.483594585833302
1.8988447240773924e6	3822.5523636500975	-13.734866930588474	-1.5767046248041559
2.0170947240773924e6	3799.058338542494	-13.777450726049116	-1.6692349266326765
2.1353447240773924e6	3775.8432695172387	-13.820380413969477	-1.7655322310352044
2.2535947240773924e6	3753.1315834209067	-13.864245075099785	-1.8552239931421406
2.3718447240773924e6	3730.5565080492574	-13.90810973623009	-1.9537601474848334
2.4900947240773924e6	3708.5718194372903	-13.953107410861424	-2.042456991361433
2.6083447240773924e6	3686.752604128402	-13.998195121350873	-2.1380074166749243
2.7265947240773924e6	3665.2341834792205	-14.044082866481599	-2.2317289546859214
2.8448447240773924e6	3643.978406192941	-14.090610212494715	-2.324689763237757
2.9630947240773924e6	3622.892991822813	-14.137374044220191	-2.423486437915897
3.0813447240773924e6	3602.145710528795	-14.185229430278879	-2.5142822266369045
3.1995947240773924e6	3581.5172430341468	-14.233084816337568	-2.6141526867224085
3.3178447240773924e6	3561.283829175255	-14.281769041684374	-2.7072194008963186
3.4360947240773924e6	3541.233684611301	-14.33066083924802	-2.804934800613172
3.5543447240773924e6	3521.337697904058	-14.380215125205424	-2.9040372138280457
3.6725947240773924e6	3501.609666732581	-14.43067609541456	-3.000149780307483
3.7908447240773924e6	3482.0123425192032	-14.481224217320097	-3.1046296163832463
3.9090947240773924e6	3462.734574560927	-14.53268371152005	-3.199684539850202
4.0273447240773924e6	3443.5635357870688	-14.584143205720006	-3.304733163997391
4.1455947240773924e6	3428.2342715393684	-14.639155103556739	-3.4034609295760903
4.263844724077392e6	3413.978546716073	-14.695126601736774	-3.5074562360046992
4.382094724077392e6	3401.6454240247454	-14.752810031536892	-3.610522172709143
4.500344724077392e6	3390.9576205756675	-14.811968747902807	-3.7130232257397977
4.618594724077392e6	3380.6900433419314	-14.871455930288967	-3.819527989798843
4.736844724077392e6	3371.2760635538993	-14.931643852179684	-3.9204392526081975
4.855094724077392e6	3361.99837524236	-14.991920180760419	-4.029865974895847
4.973344724077392e6	3353.562405885961	-15.052853735784549	-4.129338872607528
5.091594724077392e6	3345.147604171851	-15.113787290808679	-4.239810799808692
5.209844724077392e6	3337.470007250274	-15.175306073090672	-4.339507640235481
5.328094724077392e6	3329.8598382599466	-15.236865649057952	-4.448372111414895
5.446344724077392e6	3322.729636004948	-15.298814343446113	-4.550711041220502
5.564594724077392e6	3315.753829362003	-15.360880302875177	-4.658116283563782
5.682844724077392e6	3309.1053249665188	-15.423072932512643	-4.762574307659519
5.801094724077392e6	3302.6622121524833	-15.485343524114917	-4.868388444568016
5.919344724077392e6	3296.464487685858	-15.547569611334222	-4.974634413307272
6.037594724077392e6	3290.532828211381	-15.60974697947994	-5.078800702938143
6.155844724077392e6	3284.7066102450617	-15.671978660246658	-5.186740248269884
6.274094724077392e6	3279.0776791108933	-15.73431768155276	-5.28937260181779
6.392344724077392e6	3273.4977956829484	-15.796676053956249	-5.398769382175233
6.510594724077392e6	3268.081559835773	-15.859110261398063	-5.4998192108176
6.628844724077392e6	3262.693011533623	-15.92151293326687	-5.61033565528512
6.747094724077392e6	3257.531938648932	-15.983546892476685	-5.7097270076140925
6.865344724077392e6	3252.379029778828	-16.045580851686502	-5.8200983487765905
6.983594724077392e6	3247.262127816102	-16.107549323216666	-5.919118810853498
7.101844724077392e6	3242.154869821333	-16.169514042264936	-6.027451172836042
7.220094724077392e6	3237.0595581638545	-16.231172417835534	-6.127740500332874
7.338344724077392e6	3231.97315380669	-16.29276026662988	-6.2338309195244
7.456594724077392e6	3226.9284887967356	-16.354150086156718	-6.335297306646126
7.574844724077392e6	3221.908240471744	-16.415442681627777	-6.438888361226289
7.693094724077392e6	3216.913842992345	-16.474491957124584	-6.535171791392929
7.811344724077392e6	3211.943831942436	-16.53146832932405	-6.622272628487285
7.929594724077392e6	3206.98149937291	-16.588444701523514	-6.7176901709824595
8.047844724077392e6	3202.0268334208026	-16.645421073722982	-6.823181923362417
8.166094724077392e6	3197.079822241484	-16.702397445922443	-6.941129029145125
8.284344724077392e6	3191.8789426706253	-16.759040708282832	-7.028345177197303
8.402594724077392e6	3186.6584552719883	-16.81564815757914	-7.1185379581713635
8.520844724077392e6	3181.44650625754	-16.87225560687545	-7.217679231276166
8.639094724077392e6	3176.2430816622896	-16.928863056171753	-7.327742214502724
8.757344724077392e6	3170.947681413065	-16.985352495871638	-7.43886781912631
8.875594724077392e6	3165.3761677012412	-17.041506724311024	-7.52449340251663
8.993844724077392e6	3159.8144434177398	-17.09766095275041	-7.61814316098683
9.112094724077392e6	3154.2624913620452	-17.153815181189792	-7.72147800974167
9.230344724077392e6	3148.720294363865	-17.209969409629174	-7.836734718470416
9.348594724077392e6	3142.961336911487	-17.26599558323508	-7.937637770437166
9.466844724077392e6	3137.0497551971384	-17.321929338240356	-8.026761138134232
9.585094724077392e6	3131.1492925499965	-17.37786309324563	-8.124611608783841
9.703344724077392e6	3125.259928056279	-17.433796848250903	-8.233085713443868
9.821594724077392e6	3119.381640841504	-17.489730603256177	-8.35477441787343
9.939844724077392e6	3113.21715705041	-17.545453931755876	-8.446272444891996
1.0058094724077392e7	3107.0258978190304	-17.601149625914715	-8.54033636337359
1.0176344724077392e7	3100.846951153378	-17.656845320073554	-8.644175776974224
1.0294594724077392e7	3094.6802925674315	-17.71254101423239	-8.760060683009208
1.0412844724077392e7	3088.4501854785885	-17.768352617845437	-8.882290769560974
1.0531094724077392e7	3081.8756186602973	-17.82471190487294	-8.97474151995688
1.0649344724077392e7	3075.3150475117595	-17.881071191900446	-9.076618244792249
1.0767594724077392e7	3068.7684422395655	-17.93743047892795	-9.190063540231531
1.0885844724077392e7	3062.2357731137317	-17.99378976595545	-9.318045344306169
1.1004094724077392e7	3055.491047660031	-18.050337248326365	-9.43414229772654
1.1122344724077392e7	3048.5766489105267	-18.107038766999345	-9.537679344616418
1.1240594724077392e7	3041.6778970437394	-18.16374028567233	-9.653187710223865
1.1358844724077392e7	3034.794756651683	-18.220441804345313	-9.783802109338357
1.1477094724077392e7	3027.9181933926484	-18.27712999557504	-9.93266003484597
1.1595344724077392e7	3020.709784400627	-18.33330245159914	-10.04440498268009
1.1713594724077392e7	3013.518536096861	-18.389474907623242	-10.170226309136794
1.1831844724077392e7	3006.344407627789	-18.445647363647343	-10.314188508453228
1.1950094724077392e7	2999.1873582371018	-18.501819819671443	-10.482418365997084
1.2068344724077392e7	2991.5733412653185	-18.558827545019813	-10.640816514413686
1.2186594724077392e7	2983.6762797618426	-18.616369524336022	-10.796436767237859
1.2304844724077392e7	2975.800064673706	-18.673911503652228	-10.980819361198346
1.2423094724077392e7	2967.9446409711895	-18.731453482968437	-11.207062454980521
1.2541344724077392e7	2959.9757267212585	-18.79006578446361	-11.44216316054506
1.2659594724077392e7	2951.9286271634987	-18.84947431728475	-11.694836907103083
1.2777844724077392e7	2943.9034047484156	-18.908882850105886	-12.033760582671041
1.2896094724077392e7	2935.8999999999987	-18.968291382927024	-12.550329709907537
