-8.1785926470105685e6	5242.576030257724	-9.263341231895037
-7.9935926470105685e6	5196.696018193755	-9.311810333464312
-7.8085926470105685e6	5151.217521624247	-9.360279435033585
-7.6235926470105685e6	5114.931600906719	-9.399922778381471
-7.4385926470105685e6	5083.984203305577	-9.434435976360486
-7.2535926470105685e6	5053.224049932326	-9.4689491743395
-7.0685926470105685e6	5022.650007883916	-9.503462372318515
-6.8835926470105685e6	4977.724608984347	-9.556018082986654
-6.6985926470105685e6	4933.082082427586	-9.608723005746038
-6.5135926470105685e6	4890.3223669920435	-9.660461115008703
-6.3285926470105685e6	4849.138625279939	-9.71140647601547
-6.1435926470105685e6	4808.301711538288	-9.762351837022239
-5.9585926470105685e6	4779.6960165554365	-9.79925971942835
-5.7735926470105685e6	4751.841106582948	-9.83547877647938
-5.5885926470105685e6	4724.1485282748245	-9.871697833530412
-5.4035926470105685e6	4694.808181466109	-9.91048220708711
-5.2185926470105685e6	4658.107588376119	-9.9600391589183
-5.0335926470105685e6	4615.426058286895	-10.018792070609786
-4.8485926470105685e6	4571.50615989293	-10.080449209392865
-4.6635926470105685e6	4527.855798970422	-10.14296011801231
-4.4785926470105685e6	4484.238505092472	-10.206724376425003
-4.2935926470105685e6	4440.712256279172	-10.271746443170152
-4.1085926470105685e6	4397.894034077331	-10.336995071589605
-3.9235926470105685e6	4354.53604390746	-10.404476675263645
-3.7385926470105685e6	4311.715953502483	-10.4726500881096
-3.5535926470105685e6	4268.981181708733	-10.542113866652537
-3.3685926470105685e6	4227.141734147918	-10.611627387268081
-3.1835926470105685e6	4185.4982492460485	-10.68233501840233
-2.9985926470105685e6	4143.885578127723	-10.754566989604953
-2.8135926470105685e6	4102.847524847705	-10.827509368910386
-2.6285926470105685e6	4061.3628415194075	-10.903155117738041
-2.4435926470105685e6	4020.403006179184	-10.97969313376731
-2.2585926470105685e6	3979.7638098723587	-11.057451551665354
-2.0735926470105685e6	3938.980533861289	-11.137517211779075
-1.8885926470105685e6	3899.210456757138	-11.217609667818394
-1.7035926470105685e6	3859.2970868703164	-11.30027731257746
-1.5185926470105685e6	3820.3318004908524	-11.382856023944619
-1.3335926470105685e6	3781.1148819803207	-11.46819474864037
-1.1485926470105685e6	3741.9471370005467	-11.55553964483105
-963592.6470105685	3703.749749417345	-11.64297580006133
-778592.6470105685	3665.6490203138605	-11.732479085753813
-593592.6470105685	3630.2173868791374	-11.817853670878293
-408592.64701056853	3595.8628874543247	-11.902513367824014
-223592.64701056853	3561.8185013835773	-11.988275224166731
-38592.64701056853	3528.2352468002796	-12.07483051814018
146407.35298943147	3491.5912176146066	-12.171458913541173
331407.35298943147	3455.478057886183	-12.269139948851157
516407.35298943147	3421.6442298495144	-12.362559358841372
701407.3529894315	3387.6398142835865	-12.458736781278017
886407.3529894315	3358.3082513102618	-12.543393978962348
1.0714073529894315e6	3329.49314302355	-12.628172015705715
1.2564073529894315e6	3300.850045879062	-12.713472584602076
1.4414073529894315e6	3272.713313144735	-12.798893358142896
1.6264073529894315e6	3249.1707796624687	-12.879621802847275
1.8114073529894315e6	3233.4621603486316	-12.954778290259856
1.9964073529894315e6	3223.3968049586306	-13.025876135663875
2.1814073529894315e6	3211.6873922195023	-13.119333676784816
2.3664073529894315e6	3198.4871898793917	-13.23228661882177
2.5514073529894315e6	3184.1188801391904	-13.359959833456193
2.7364073529894315e6	3170.011332051558	-13.487513159594195
2.9214073529894315e6	3155.716914904942	-13.614481138479885
3.1064073529894315e6	3139.91321771071	-13.740762856932964
3.2914073529894315e6	3126.4050089483007	-13.862320419101817
3.4764073529894315e6	3113.473334191483	-13.982823733370278
3.6614073529894315e6	3099.797562301269	-14.102635380905365
3.8464073529894315e6	3085.050908735686	-14.221461632716267
4.0314073529894315e6	3070.3710997207036	-14.340286096640392
4.2164073529894315e6	3053.8804275590423	-14.458089415262481
4.4014073529894315e6	3037.4783252345424	-14.575892733884569
4.5864073529894315e6	3020.2468126111194	-14.693410056819108
4.7714073529894315e6	3002.4499774245437	-14.810719458198697
4.9564073529894315e6	2984.607614395027	-14.928091663981313
5.1414073529894315e6	2965.9405810071607	-15.045854919210413
5.3264073529894315e6	2947.3902993604074	-15.163618174439513
5.5114073529894315e6	2928.791971880453	-15.282524908666394
5.6964073529894315e6	2910.232769999697	-15.401980369397796
5.8814073529894315e6	2891.9353085897123	-15.521907996698957
6.0664073529894315e6	2874.360579364274	-15.643838679401252
6.2514073529894315e6	2856.8926544322867	-15.765769362103548
6.4364073529894315e6	2840.47602008964	-15.889631654592566
6.6214073529894315e6	2824.599016727421	-16.01440905042721
6.8064073529894315e6	2809.023650831954	-16.139574037179493
6.9914073529894315e6	2794.845985911331	-16.26713990093476
7.1764073529894315e6	2780.7398783029935	-16.39470576469003
7.3614073529894315e6	2768.4800721980946	-16.52552604653917
7.5464073529894315e6	2757.568533020806	-16.65872828351253
7.7314073529894315e6	2746.7000000000007	-16.79193052048589
