-8.22110606966964e7	6905.109869573979	-13.577826065870696	4.468322413975171
-7.77110606966964e7	6807.028139914797	-13.592641922785823	4.275227798527127
-7.32110606966964e7	6708.402903544121	-13.607463827284818	4.064684308593811
-6.87110606966964e7	6607.223321890814	-13.622298358740188	3.8726664406218485
-6.42110606966964e7	6507.561821004141	-13.637132883606105	3.6349210107193994
-5.97110606966964e7	6403.458535445869	-13.651962410413365	3.4407609567017943
-5.52110606966964e7	6301.020619247457	-13.666791937220625	3.1995926568707174
-5.07110606966964e7	6195.732750519392	-13.681621027840436	2.9798479743898434
-4.62110606966964e7	6090.973820712525	-13.696449996809495	2.731974351975521
-4.17110606966964e7	5984.747263265856	-13.711224633346127	2.4887943896112854
-3.72110606966964e7	5878.468803158957	-13.72596674111674	2.233460415047476
-3.27110606966964e7	5766.671574049752	-13.740991192353572	1.9462381173656884
-2.82110606966964e7	5647.749979635711	-13.756324423082518	1.6684439849389825
-2.37110606966964e7	5528.481288088562	-13.771675899117348	1.3880982666507036
-1.92110606966964e7	5409.3509506564105	-13.787122010897196	1.1071036201008715
-1.47110606966964e7	5291.367672309226	-13.802775281157109	0.8257644936924323
-1.02110606966964e7	5175.309542823934	-13.818787548758756	0.5623698582694019
-5.711060696696401e6	5062.741427023282	-13.835428609753675	0.3178121466547179
-1.2110606966964006e6	4953.59176800526	-13.852658491722663	0.07065367402726236
3.2889393033035994e6	4848.190561691411	-13.870723354461658	-0.15403417404209666
7.788939303303599e6	4747.722403739097	-13.890240267415097	-0.3539156053923161
1.22889393033036e7	4650.435271872681	-13.910360223209056	-0.5616207815398034
1.67889393033036e7	4560.156699697033	-13.933193330441064	-0.7219790124840652
2.12889393033036e7	4473.829690467263	-13.957049721693375	-0.8923440920168606
2.57889393033036e7	4393.889074025024	-13.983158392958707	-1.0438859882362883
3.02889393033036e7	4320.183813892848	-14.01142270363807	-1.189597461076591
3.47889393033036e7	4250.429221634264	-14.040923906435452	-1.3383913589288565
3.92889393033036e7	4189.018410765739	-14.073665177188646	-1.4701567666585176
4.37889393033036e7	4130.915252690654	-14.107525413165714	-1.6092095928224308
4.82889393033036e7	4077.9207510554506	-14.143402508095988	-1.7446338597576818
5.27889393033036e7	4029.3768619632338	-14.181258553967107	-1.8770375321483077
5.72889393033036e7	3983.1500192792864	-14.220049247519249	-2.016745131314596
6.17889393033036e7	3941.5258695150483	-14.261346443910703	-2.1442199724807813
6.62889393033036e7	3901.472604257652	-14.303416153218377	-2.2790810507551167
7.07889393033036e7	3863.9846312986324	-14.346968108359038	-2.4101850783382317
7.52889393033036e7	3828.4070810558446	-14.391803851013062	-2.5399296412852452
7.97889393033036e7	3794.1132777964212	-14.43743852663043	-2.6740280915915777
8.42889393033036e7	3761.789759393938	-14.484783455576004	-2.798479342153441
8.87889393033036e7	3730.110878939235	-14.532515908921756	-2.9330212463952097
9.32889393033036e7	3700.210152627192	-14.58191133479458	-3.0538286399082084
9.77889393033036e7	3670.7897719339353	-14.631701042854392	-3.184447351893859
1.022889393033036e8	3642.4939867765597	-14.682961441520447	-3.3057122771711556
1.067889393033036e8	3614.76147040436	-14.734794180074367	-3.4327970057632426
1.112889393033036e8	3587.9091667257194	-14.787744730622908	-3.5541297220532737
1.157889393033036e8	3561.617308971796	-14.84145882214724	-3.6783463043487816
1.202889393033036e8	3535.98542979687	-14.896168571103999	-3.799683055423789
1.247889393033036e8	3510.8777085199263	-14.95178236721007	-3.921707399214508
1.292889393033036e8	3486.272008102081	-15.008263833563856	-4.043262926643511
1.337889393033036e8	3462.2133095593767	-15.065527461859048	-4.163689281130394
1.382889393033036e8	3438.5895300280213	-15.123356448120466	-4.285970101475577
1.427889393033036e8	3415.348578330147	-15.18237625302265	-4.405669222829393
1.472889393033036e8	3392.3868229757036	-15.242056592289897	-4.529382814903586
1.517889393033036e8	3374.050217968909	-15.305834396171473	-4.648368186196528
1.562889393033036e8	3357.46385699018	-15.371132302451601	-4.77415810661203
1.607889393033036e8	3343.5551634844296	-15.43846277348264	-4.89194164474176
1.652889393033036e8	3330.200680124788	-15.506183473062494	-5.019828971340576
1.697889393033036e8	3317.972158838964	-15.575655391878293	-5.136260206004724
1.742889393033036e8	3305.919504413679	-15.645216540437362	-5.263948632798817
1.787889393033036e8	3294.7468286316043	-15.714684499890922	-5.38069468451079
1.832889393033036e8	3283.7252275253136	-15.784423709178881	-5.507488295611374
1.877889393033036e8	3273.2290205247955	-15.855336144804014	-5.626117592651735
1.922889393033036e8	3262.9181298707235	-15.926387147849198	-5.751343274934226
1.967889393033036e8	3252.962756110696	-15.99773400495614	-5.871749026547736
2.012889393033036e8	3243.230504094145	-16.06930165445735	-5.995131701475749
2.057889393033036e8	3233.762284077896	-16.141139189194988	-6.117174100626712
2.102889393033036e8	3224.478824391904	-16.213213748835795	-6.2384415891640845
2.147889393033036e8	3215.335167989424	-16.285459490976987	-6.361975791766394
2.192889393033036e8	3206.335705652819	-16.35800562636817	-6.480891656350724
2.237889393033036e8	3197.4093057695113	-16.430673698721314	-6.605796340151614
2.282889393033036e8	3188.6033223815084	-16.502951780736655	-6.722105992596951
2.327889393033036e8	3179.8394934526364	-16.575156606965887	-6.848168004951495
2.372889393033036e8	3171.107604646187	-16.646902576874737	-6.962089528356523
2.417889393033036e8	3162.387639636741	-16.718666855785585	-7.087900422521534
2.462889393033036e8	3153.343561776846	-16.791623012585156	-7.20063414280233
2.507889393033036e8	3144.3038750680807	-16.864393741909417	-7.323690661704109
2.552889393033036e8	3135.1602107525746	-16.936039603290208	-7.4364224369050325
2.597889393033036e8	3125.9374065841316	-17.00774242472048	-7.557726953488268
2.642889393033036e8	3116.3301875300444	-17.0796676319655	-7.670344109098316
2.687889393033036e8	3106.515252211761	-17.15155307692186	-7.789796483210383
2.732889393033036e8	3096.079684034145	-17.223328961181515	-7.90224502946821
2.777889393033036e8	3086.072735921391	-17.293742400867256	-8.015225177911622
2.822889393033036e8	3076.8973539598383	-17.361380651573278	-8.111543982093774
2.867889393033036e8	3067.749251858913	-17.429018902279303	-8.218138644031928
2.912889393033036e8	3058.62834851129	-17.496657152985325	-8.337466507510891
2.957889393033036e8	3049.401466259111	-17.564386192131078	-8.464897880531524
3.002889393033036e8	3039.4525919642006	-17.63262832761253	-8.559617095614389
3.047889393033036e8	3029.5361765307575	-17.70087046309398	-8.664255795011126
3.092889393033036e8	3019.6521140595855	-17.769112598575433	-8.78113729240728
3.137889393033036e8	3009.8002989970123	-17.837354734056888	-8.913510757407344
3.182889393033036e8	2999.6671565756283	-17.90605272144127	-9.008435720434806
3.227889393033036e8	2989.561635298671	-17.97476018528955	-9.11203236345562
3.272889393033036e8	2979.490158318949	-18.043467649137835	-9.22761492452312
3.317889393033036e8	2969.4526109452786	-18.112175112986115	-9.358324231853825
3.362889393033036e8	2959.4685281300845	-18.181531985556088	-9.461893529392166
3.407889393033036e8	2949.522457875909	-18.251036208874915	-9.565856895859632
3.452889393033036e8	2939.609813999661	-18.320540432193738	-9.681896235597966
3.497889393033036e8	2929.73048416324	-18.390044655512565	-9.813190191855107
3.542889393033036e8	2919.917642131492	-18.460427337961015	-9.925319195195764
3.587889393033036e8	2910.1531054726165	-18.531218823808075	-10.03160974124524
3.632889393033036e8	2900.4212225347887	-18.602010309655135	-10.150556532557655
3.677889393033036e8	2890.721884120248	-18.6728017955022	-10.285586175247289
3.722889393033036e8	2881.082729554664	-18.74419178160699	-10.405417713301894
3.767889393033036e8	2871.492259214737	-18.8159397602053	-10.517435626438816
3.812889393033036e8	2861.9337133733316	-18.88768773880361	-10.643603223506318
3.857889393033036e8	2852.406985761037	-18.959435717401917	-10.788019108256966
3.902889393033036e8	2842.8927695616603	-19.032083761966902	-10.916871284030265
3.947889393033036e8	2833.400078106564	-19.105212015546964	-11.040852022040479
3.992889393033036e8	2823.939083658126	-19.178340269127027	-11.182408750361475
4.037889393033036e8	2814.5096803770166	-19.251468522707093	-11.347361058323276
4.082889393033036e8	2804.977120356758	-19.325550585447935	-11.487903886920373
4.127889393033036e8	2795.4491598543073	-19.399829453045754	-11.638083623235786
4.172889393033036e8	2785.9535639763944	-19.47410832064358	-11.814872217499047
4.217889393033036e8	2776.4374711743544	-19.548736796749147	-12.014490453106017
4.262889393033036e8	2766.759253918268	-19.62465964475267	-12.194555737598563
4.307889393033036e8	2757.1147733806324	-19.700582492756187	-12.414324397023915
4.352889393033036e8	2747.50391196064	-19.7765053407597	-12.696406837813582
4.397889393033036e8	2738.2517858894794	-19.854927682079246	-12.973848786383494
4.442889393033036e8	2729.0604669814106	-19.933578652814987	-13.344414872498543
4.487889393033036e8	2719.9	-20.012229623550727	-13.939626938024942
