-3.9903949112623215e7	7231.256434088124	-13.228666542131045
-3.8918949112623215e7	7168.028219431408	-13.239132171274365
-3.7933949112623215e7	7105.352855743968	-13.249597800417686
-3.6948949112623215e7	7043.225509041549	-13.260063429561006
-3.5963949112623215e7	6978.92026682081	-13.270584135309555
-3.4978949112623215e7	6914.029585086165	-13.281128799369847
-3.3993949112623215e7	6849.742263243177	-13.291673463430138
-3.3008949112623215e7	6786.052691192666	-13.30221812749043
-3.2023949112623215e7	6720.431117513795	-13.312766151120183
-3.1038949112623215e7	6654.08893276564	-13.323315996557664
-3.0053949112623215e7	6588.401659198063	-13.333865841995145
-2.9068949112623215e7	6523.362831714139	-13.344415687432626
-2.8083949112623215e7	6456.413196341753	-13.355007401102984
-2.7098949112623215e7	6388.94615912152	-13.365619080088344
-2.6113949112623215e7	6322.184126518081	-13.376230759073705
-2.5128949112623215e7	6256.1197315040445	-13.386842438059066
-2.4143949112623215e7	6188.931551994927	-13.397477861949804
-2.3158949112623215e7	6121.642600365794	-13.408124168579777
-2.2173949112623215e7	6055.085245616238	-13.418770475209747
-2.1188949112623215e7	5989.251533483625	-13.429416781839722
-2.0203949112623215e7	5918.784136588886	-13.440469208731349
-1.9218949112623215e7	5843.423675029181	-13.451961636373884
-1.8233949112623215e7	5768.21048403104	-13.463470594673833
-1.7248949112623215e7	5692.920150878908	-13.475001106288502
-1.6263949112623215e7	5618.150072498399	-13.486632992487786
-1.5278949112623215e7	5542.866744082124	-13.498597057529103
-1.4293949112623215e7	5468.592213840389	-13.510561122570422
-1.3308949112623215e7	5393.558654182166	-13.522844808847491
-1.2323949112623215e7	5319.31730947503	-13.53517234013118
-1.1338949112623215e7	5245.56840061804	-13.547799406643287
-1.0353949112623215e7	5171.94407085265	-13.560941640233825
-9.368949112623215e6	5099.353097535878	-13.574083873824366
-8.383949112623215e6	5027.663668856701	-13.588031190818636
-7.398949112623215e6	4956.9507254061455	-13.60219682417923
-6.413949112623215e6	4887.675964570895	-13.616677120429681
-5.428949112623215e6	4820.762985372144	-13.632159758694916
-4.443949112623215e6	4754.766054376609	-13.64764239696015
-3.4589491126232147e6	4692.349315093748	-13.664231422466887
-2.4739491126232147e6	4631.535470262775	-13.681148504073606
-1.4889491126232147e6	4573.103876666354	-13.698672841872956
-503949.1126232147	4518.02050806382	-13.717204080711248
481050.8873767853	4463.729753875807	-13.735784651940003
1.4660508873767853e6	4414.569411970638	-13.756095881239906
2.4510508873767853e6	4365.9504870753435	-13.77640711053981
3.4360508873767853e6	4320.938268799926	-13.797934649993293
4.421050887376785e6	4277.741585243119	-13.820002709460454
5.406050887376785e6	4236.41640704406	-13.842702275248644
6.391050887376785e6	4198.221836088963	-13.866611045588844
7.376050887376785e6	4160.371618736141	-13.890519815929045
8.361050887376785e6	4126.385195401943	-13.916197932575859
9.346050887376785e6	4092.8285780894416	-13.941953077241518
1.0331050887376785e7	4061.158184006098	-13.968615055888234
1.1316050887376785e7	4031.1791617562667	-13.996096014094231
1.2301050887376785e7	4001.499612534367	-14.023631817580306
1.3286050887376785e7	3974.3128770410767	-14.052774638936132
1.4271050887376785e7	3947.3108519459747	-14.081917460291955
1.5256050887376785e7	3921.4201023572377	-14.11174502843687
1.6241050887376785e7	3896.70431019712	-14.142319118224135
1.7226050887376785e7	3872.1442958843595	-14.172893208011402
1.8211050887376785e7	3848.9922010640685	-14.2046729828613
1.9196050887376785e7	3826.203607545861	-14.23667056974826
2.0181050887376785e7	3803.713163998458	-14.268859191363754
2.1166050887376785e7	3782.320960430559	-14.302184951009274
2.2151050887376785e7	3761.0490672945343	-14.335510710654795
2.3136050887376785e7	3740.251131326634	-14.369328150597003
2.4121050887376785e7	3720.1693793998875	-14.403984348377968
2.5106050887376785e7	3700.1954482440633	-14.438640546158933
2.6091050887376785e7	3680.69537480454	-14.474008009322484
2.7076050887376785e7	3661.617906712114	-14.509999217437343
2.8061050887376785e7	3642.639319334276	-14.545990425552203
2.9046050887376785e7	3624.180775283075	-14.582743769293248
3.0031050887376785e7	3606.0427497948735	-14.619909413851905
3.1016050887376785e7	3587.995500123059	-14.657075058410562
3.2001050887376785e7	3570.3423702283485	-14.69520737203171
3.2986050887376785e7	3552.892321317484	-14.733711318979037
3.3971050887376785e7	3535.5275595234816	-14.77221526592636
3.4956050887376785e7	3518.5974759400037	-14.811576789927958
3.5941050887376785e7	3501.840744934721	-14.85116562322822
3.6926050887376785e7	3485.1638150535805	-14.890754456528482
3.7911050887376785e7	3468.8515382752603	-14.931342475077937
3.8896050887376785e7	3452.662648126034	-14.972096034632749
3.9881050887376785e7	3436.549310407153	-15.01284959418756
4.0866050887376785e7	3420.7431575472115	-15.054691840017199
4.1851050887376785e7	3405.019424769368	-15.09657991419052
4.2836050887376785e7	3389.9714452284325	-15.138979391991708
4.3821050887376785e7	3379.249589873895	-15.185002005007018
4.4806050887376785e7	3368.5616457732135	-15.231024618022328
4.5791050887376785e7	3358.4154237075854	-15.277554610882449
4.6776050887376785e7	3349.2937998554194	-15.325080364724062
4.7761050887376785e7	3340.196950788747	-15.372606118565677
4.8746050887376785e7	3331.5843030982746	-15.420660754669367
4.9731050887376785e7	3323.3233332194663	-15.469095549737492
5.0716050887376785e7	3315.082847175726	-15.517530344805621
5.1701050887376785e7	3307.3650087770247	-15.566480878379405
5.2686050887376785e7	3299.749259364471	-15.615517992219155
5.3671050887376785e7	3292.236949586414	-15.664638591177365
5.4656050887376785e7	3285.2223198641213	-15.714227265498925
5.5641050887376785e7	3278.2226359160522	-15.763815939820484
5.6626050887376785e7	3271.4585347566513	-15.813613058869121
5.7611050887376785e7	3264.9594406878064	-15.86364779436645
5.8596050887376785e7	3258.4732577481313	-15.913682529863777
5.9581050887376785e7	3252.316743597557	-15.963904727723238
6.0566050887376785e7	3246.249208784463	-16.014172781140545
6.1551050887376785e7	3240.2419494677765	-16.064477198166077
6.2536050887376785e7	3234.5229771840404	-16.114987864063142
6.3521050887376785e7	3228.8140987897395	-16.165498529960207
6.4506050887376785e7	3223.264679694329	-16.21610654854018
6.5491050887376785e7	3217.870153218253	-16.266809453194394
6.6476050887376785e7	3212.4846551400324	-16.317512357848614
6.746105088737679e7	3207.286719562238	-16.36822320637382
6.844605088737679e7	3202.1231861500046	-16.41893521313789
6.943105088737679e7	3197.00825673602	-16.469647875311807
7.041605088737679e7	3192.0294923105266	-16.520362622836828
7.140105088737679e7	3187.058481413718	-16.57107737036185
7.238605088737679e7	3182.1295464743102	-16.621799724987316
7.337105088737679e7	3177.2305613263316	-16.672527033958886
7.435605088737679e7	3172.3391183148838	-16.723254342930456
7.534105088737679e7	3167.491563904669	-16.773816157972767
7.632605088737679e7	3162.6524804779565	-16.824373124436075
7.731105088737679e7	3157.808228885712	-16.874876770155762
7.829605088737679e7	3152.9455866363473	-16.925270682442346
7.928105088737679e7	3148.0904322671727	-16.97566459472893
8.026605088737679e7	3143.1535675605064	-17.02607549207911
8.125105088737679e7	3138.1809999417483	-17.076494676426755
8.223605088737679e7	3133.220485500512	-17.126855987366408
8.322105088737679e7	3128.5113730651287	-17.17384509473265
8.420605088737679e7	3123.8093382484544	-17.220834202098892
8.519105088737679e7	3119.114370413101	-17.267823309465136
8.617605088737679e7	3114.42645893765	-17.31481241683138
8.716105088737679e7	3109.7455932166636	-17.361801524197624
8.814605088737679e7	3104.981889724539	-17.40874651633137
8.913105088737679e7	3100.021727921674	-17.455591334318605
9.011605088737679e7	3095.0694899025816	-17.50243615230584
9.110105088737679e7	3090.125163009136	-17.549280970293076
9.208605088737679e7	3085.188734603433	-17.596125788280307
9.307105088737679e7	3080.2601920677525	-17.64297060626754
9.405605088737679e7	3075.201158981563	-17.689745309993537
9.504105088737679e7	3070.042427772186	-17.736465190137913
9.602605088737679e7	3064.8923504707313	-17.783185070282293
9.701105088737679e7	3059.750912560052	-17.829904950426673
9.799605088737679e7	3054.6180995473346	-17.876624830571046
9.898105088737679e7	3049.4938969640857	-17.923344710715426
9.996605088737679e7	3044.197766897322	-17.970156090457593
1.0095105088737679e8	3038.8618609771124	-18.016992337025084
1.0193605088737679e8	3033.5353078960316	-18.063828583592574
1.0292105088737679e8	3028.218091260312	-18.110664830160065
1.0390605088737679e8	3022.910194704927	-18.157501076727556
1.0489105088737679e8	3017.608381851658	-18.20434068633236
1.0587605088737679e8	3012.1265831368983	-18.251378339928543
1.0686105088737679e8	3006.654742678267	-18.29841599352473
1.0784605088737679e8	3001.192842385555	-18.34545364712092
1.0883105088737679e8	2995.7408642014193	-18.392491300717108
1.0981605088737679e8	2990.298790101315	-18.439528954313296
1.1080105088737679e8	2984.803695111564	-18.48663854909996
1.1178605088737679e8	2979.1591969270503	-18.533930894041525
1.1277105088737679e8	2973.525372931861	-18.581223238983085
1.1375605088737679e8	2967.9022029402768	-18.628515583924646
1.1474105088737679e8	2962.289666804733	-18.675807928866206
1.1572605088737679e8	2956.687744415774	-18.723100273807766
1.1671105088737679e8	2950.907834951806	-18.771025396329613
1.1769605088737679e8	2945.0271828385908	-18.81932722683827
1.1868105088737679e8	2939.1582498542707	-18.867629057346928
1.1966605088737679e8	2933.301012644637	-18.915930887855588
1.2065105088737679e8	2927.4554479020203	-18.964232718364247
1.2163605088737679e8	2921.5778514411854	-19.01257578523437
1.2262105088737679e8	2915.540022021682	-19.061081590840075
1.2360605088737679e8	2909.514670580162	-19.109587396445775
1.2459105088737679e8	2903.5017713292154	-19.15809320205148
1.2557605088737679e8	2897.501298534741	-19.206599007657182
1.2656105088737679e8	2891.5081171138254	-19.255119437508583
1.2754605088737679e8	2885.1809497064082	-19.304633405906458
1.2853105088737679e8	2878.8676273396363	-19.354147374304333
1.2951605088737679e8	2872.568119717934	-19.4036613427022
1.3050105088737679e8	2866.2823966120227	-19.45317531110008
1.3148605088737679e8	2860.100513673146	-19.502816277036302
1.3247105088737679e8	2854.156883550723	-19.55277498938557
1.3345605088737679e8	2848.2256050008605	-19.602733701734834
1.344410508873768e8	2842.3066523555194	-19.652692414084097
1.354260508873768e8	2836.4	-19.702651126433363
