-3.646917568490499e7	7745.414668916933	-13.614706870286707
-3.490917568490499e7	7642.81139892387	-13.630048999691612
-3.3349175684904993e7	7541.567311293956	-13.645391129096517
-3.1789175684904993e7	7437.993326221814	-13.660638173622651
-3.0229175684904993e7	7330.307375739613	-13.675739783614466
-2.8669175684904993e7	7224.180483382712	-13.690841393606282
-2.7109175684904993e7	7110.354730998976	-13.705708733587837
-2.5549175684904993e7	6997.833382387235	-13.720563460536269
-2.3989175684904993e7	6881.141161908912	-13.735153575142572
-2.2429175684904993e7	6763.161006168888	-13.749597372866889
-2.0869175684904993e7	6642.977385253688	-13.763823797057256
-1.9309175684904993e7	6519.465594122739	-13.777763898843101
-1.7749175684904993e7	6392.637292094219	-13.791742567441855
-1.6189175684904993e7	6251.869218033191	-13.805701955179163
-1.4629175684904993e7	6109.117376456857	-13.819253859041794
-1.3069175684904993e7	5963.670448680452	-13.832663296812168
-1.1509175684904993e7	5817.423146222399	-13.845948772560448
-9.949175684904993e6	5672.456498806669	-13.859517099071226
-8.389175684904993e6	5531.070918381676	-13.873844088537037
-6.829175684904993e6	5393.869194786562	-13.888999158691407
-5.269175684904993e6	5263.064953009833	-13.906189568243516
-3.7091756849049926e6	5139.390755540282	-13.92533871433228
-2.1491756849049926e6	5021.781434357199	-13.946087555745057
-589175.6849049926	4913.198689618091	-13.969907158608553
970824.3150950074	4809.013021820267	-13.994755576229949
2.5308243150950074e6	4710.919069568503	-14.021613336128622
4.0908243150950074e6	4617.92590093165	-14.04992622111601
5.650824315095007e6	4529.06161577502	-14.079292790306686
7.210824315095007e6	4447.507691073401	-14.11096114770834
8.770824315095007e6	4371.701716939356	-14.144288009963052
1.0330824315095007e7	4300.793874054789	-14.179040435884492
1.1890824315095007e7	4237.8559124512285	-14.216593712276708
1.3450824315095007e7	4179.448199567459	-14.255726884965043
1.5010824315095007e7	4124.865375638114	-14.296204230725985
1.6570824315095007e7	4076.019780040273	-14.339186894039958
1.8130824315095007e7	4029.649022823518	-14.38327688599394
1.9690824315095007e7	3985.968536365595	-14.428643592884013
2.1250824315095007e7	3945.544405378446	-14.475904123362877
2.2810824315095007e7	3906.5660312677705	-14.523932976582643
2.4370824315095007e7	3869.785068523585	-14.573373292916871
2.5930824315095007e7	3834.553495139089	-14.623977691066251
2.7490824315095007e7	3800.390629710673	-14.675312250854361
2.9050824315095007e7	3769.2042997209214	-14.728998119333218
3.0610824315095007e7	3740.031899240567	-14.783773688798846
3.2170824315095007e7	3717.5870403428025	-14.842346162100267
3.373082431509501e7	3695.913156027974	-14.90169195427418
3.529082431509501e7	3675.212622152007	-14.962072989081316
3.685082431509501e7	3656.6381626895036	-15.023691233868597
3.841082431509501e7	3639.1884939671245	-15.085946951244452
3.997082431509501e7	3623.1221039611773	-15.149711256108532
4.153082431509501e7	3607.481843009857	-15.213803912676825
4.309082431509501e7	3593.526375724817	-15.278966583357617
4.465082431509501e7	3580.041824935549	-15.34447514895404
4.621082431509501e7	3567.541530247419	-15.410761067811585
4.777082431509501e7	3555.6940421554305	-15.477461017893113
4.933082431509501e7	3544.4387063447534	-15.544537888357652
5.089082431509501e7	3533.9349642461552	-15.612245897176003
5.245082431509501e7	3523.7153070295744	-15.68017752542453
5.401082431509501e7	3514.3955757016943	-15.74852521086611
5.557082431509501e7	3505.2451484275293	-15.816995260706793
5.713082431509501e7	3496.6092164288966	-15.885943038349474
5.869082431509501e7	3488.2074961039048	-15.954996720951264
6.025082431509501e7	3480.13521479579	-16.024204570937112
6.181082431509501e7	3472.313424896398	-16.093455904480592
6.337082431509501e7	3464.64170489326	-16.162732145450576
6.493082431509501e7	3457.231804794335	-16.23226032962383
6.649082431509501e7	3449.879246189619	-16.30182392293719
6.8050824315095e7	3442.57013327274	-16.37134876664025
6.9610824315095e7	3435.286823145555	-16.44085281439154
7.1170824315095e7	3428.039589427169	-16.510315115928513
7.2730824315095e7	3420.761123142693	-16.579719231799032
7.4290824315095e7	3413.462533734955	-16.649078755667432
7.5850824315095e7	3405.9050189971063	-16.718619962328443
7.7410824315095e7	3398.2838933140642	-16.78819365838145
7.8970824315095e7	3390.4025071437977	-16.857453106980834
8.0530824315095e7	3382.3506250496253	-16.92673920290131
8.2090824315095e7	3373.8214398893992	-16.996095547913843
8.3650824315095e7	3365.538136320954	-17.06310512285844
8.5210824315095e7	3357.485228591321	-17.12791238446196
8.6770824315095e7	3349.4515894957835	-17.192719646065484
8.8330824315095e7	3341.4371729292347	-17.25752690766901
8.9890824315095e7	3332.5773318011393	-17.322288059070434
9.1450824315095e7	3323.426822493679	-17.387032408424915
9.3010824315095e7	3314.301438430818	-17.4517767577794
9.4570824315095e7	3305.2011106242617	-17.516521107133876
9.6130824315095e7	3295.104380416327	-17.581427720700837
9.7690824315095e7	3284.9663749885067	-17.64634582850032
9.9250824315095e7	3274.8595610320845	-17.7112639362998
1.00810824315095e8	3264.673944650837	-17.776186759761302
1.02370824315095e8	3253.642072202407	-17.841147378252842
1.03930824315095e8	3242.6474782729956	-17.90610799674438
1.05490824315095e8	3231.6900368923257	-17.971068615235925
1.07050824315095e8	3220.536213333351	-18.036335900073283
1.08610824315095e8	3208.68914995423	-18.10256805618466
1.10170824315095e8	3196.8856671782846	-18.168800212296034
1.11730824315095e8	3185.1256046899234	-18.23503236840741
1.13290824315095e8	3173.2134505949343	-18.30100456175708
1.14850824315095e8	3161.0443714345543	-18.366574031958496
1.16410824315095e8	3148.9219599471608	-18.43214350215991
1.17970824315095e8	3136.8460371650763	-18.497712972361324
1.19530824315095e8	3124.460084887633	-18.564359375512375
1.21090824315095e8	3111.7275444220204	-18.63220592804098
1.22650824315095e8	3099.0468905487487	-18.700052480569592
1.24210824315095e8	3086.417911823876	-18.7678990330982
1.25770824315095e8	3073.395696348221	-18.837324590046144
1.27330824315095e8	3060.2429917055465	-18.907411421252917
1.28890824315095e8	3047.1465745235537	-18.977498252459686
1.30450824315095e8	3034.0368770295368	-19.04778653259431
1.32010824315095e8	3020.623491493175	-19.119125751239153
1.33570824315095e8	3007.26940612977	-19.190464969883994
1.35130824315095e8	2993.974358775039	-19.26180418852884
1.36690824315095e8	2981.918117444069	-19.335362675081253
1.38250824315095e8	2970.0353827897475	-19.409157067649645
1.39810824315095e8	2958.1999999999994	-19.482951460218036
