-5.8102161940841265e6	7878.04699039097	-12.45123819320561	4.780369961461457
-5.6919661940841265e6	7809.608582587749	-12.463841329795589	4.695037843593675
-5.5737161940841265e6	7741.764714988256	-12.47644446638557	4.601739059522188
-5.4554661940841265e6	7674.5102226848585	-12.489047602975546	4.498831434905045
-5.3372161940841265e6	7607.366046759515	-12.501662948787335	4.388122527336684
-5.2189661940841265e6	7536.375251728597	-12.514393566924998	4.305583214975908
-5.1007161940841265e6	7466.046932112709	-12.527124185062657	4.215613246631648
-4.9824661940841265e6	7396.37490579097	-12.539854803200319	4.116741164009977
-4.8642161940841265e6	7327.353048333158	-12.552585421337984	4.007009911332086
-4.7459661940841265e6	7255.835022055468	-12.565455897274965	3.915263084823358
-4.6277161940841265e6	7183.600477121906	-12.578390014479822	3.8297432071202566
-4.5094661940841265e6	7112.08505403523	-12.591324131684676	3.736219894981702
-4.3912161940841265e6	7041.2815936691495	-12.604258248889531	3.6330390015373166
-4.2729661940841265e6	6969.867579145459	-12.617253132389683	3.531261265969024
-4.1547161940841265e6	6896.132535730011	-12.630390180922562	3.451940391712882
-4.0364661940841265e6	6823.177543953384	-12.64352722945544	3.365781419364827
-3.9182161940841265e6	6750.994351558157	-12.656664277988321	3.271493166952317
-3.7999661940841265e6	6679.574793588504	-12.669801326521199	3.167380257090657
-3.6817161940841265e6	6605.240541159622	-12.683279376112909	3.0862154850976435
-3.5634661940841265e6	6530.696356970733	-12.696854907634217	3.0085777958926716
-3.4452161940841265e6	6456.993449547128	-12.710430439155525	2.9244012763017873
-3.3269661940841265e6	6384.122324565359	-12.724005970676831	2.832482351269039
-3.2087161940841265e6	6312.073594851234	-12.737581502198141	2.7312511449972985
-3.0904661940841265e6	6229.83902660399	-12.752501944059915	2.650288946277517
-2.9722161940841265e6	6148.4004572069525	-12.767456531775823	2.5630541444138144
-2.8539661940841265e6	6066.367333039229	-12.78268893487564	2.47912697533324
-2.7357161940841265e6	5984.391656406176	-12.798097374638946	2.3955173014484883
-2.6174661940841265e6	5903.111553951442	-12.813597656429586	2.3067671438200716
-2.4992161940841265e6	5820.657811058917	-12.829612543751393	2.2246290794425136
-2.3809661940841265e6	5739.355769206572	-12.845627431073202	2.1351356979652647
-2.2627161940841265e6	5657.986796494411	-12.862135733398354	2.047262348121398
-2.1444661940841265e6	5577.120198887207	-12.878915125659603	1.957170450156189
-2.0262161940841265e6	5497.303258138524	-12.89584694679649	1.860815530018984
-1.9079661940841265e6	5418.1096202640865	-12.913535067535232	1.7687580212798177
-1.7897161940841265e6	5340.056838548631	-12.931223188273972	1.667358678194802
-1.6714661940841265e6	5264.201883251013	-12.949703032812113	1.5693163768825442
-1.5532161940841265e6	5189.717029576902	-12.968401767386801	1.4651277108243252
-1.4349661940841265e6	5117.304405070095	-12.987722990896243	1.3593823425100848
-1.3167161940841265e6	5046.904872763219	-13.00766571249032	1.252869514423514
-1.1984661940841265e6	4978.399881681704	-13.028037094722833	1.1410917324228103
-1.0802161940841265e6	4912.777734929356	-13.049324673031109	1.0330548068114604
-961966.1940841265	4848.738802206422	-13.070924842621915	0.9172243647874948
-843716.1940841265	4788.1894222789815	-13.093695302148898	0.8085415965191829
-725466.1940841265	4728.9568010380535	-13.116701188195131	0.6905505303788432
-607216.1940841265	4673.6029937021785	-13.141044208218851	0.5820906078834385
-488966.1940841265	4619.325599797003	-13.16557614044224	0.46351312708605036
-370716.1940841265	4568.972015798321	-13.191576580871665	0.3560560259130432
-252466.1940841265	4519.485234980915	-13.217723959498555	0.23798009882804766
-134216.1940841265	4473.903160948708	-13.245444724736853	0.13221253924146248
-15966.194084126502	4428.95638739127	-13.273255035078979	0.015317495229379903
102283.8059158735	4387.65402795402	-13.30270963787758	-0.08822920738557599
220533.8059158735	4346.756618963566	-13.33217514808095	-0.2035796089798533
338783.8059158735	4309.255098268367	-13.36331776444271	-0.3046518683209536
457033.8059158735	4272.077120890112	-13.394460380804471	-0.4171003146415982
575283.8059158735	4237.452644370824	-13.427057344748011	-0.5169169938403089
693533.8059158735	4203.240521292174	-13.45974078930266	-0.6260515492046334
811783.8059158735	4171.072542403613	-13.493699402197793	-0.7250614673598316
930033.8059158735	4139.434532612909	-13.52786422998032	-0.8307770800938764
1.0482838059158735e6	4109.287436568997	-13.563120082363838	-0.9293909919541179
1.1665338059158735e6	4079.7713034730955	-13.598737307171012	-1.031653061421524
1.2847838059158735e6	4051.2742592730865	-13.635138766634139	-1.1301886140985509
1.4030338059158735e6	4023.4754816953587	-13.672028643754482	-1.2289525997948587
1.5212838059158735e6	3996.3166545148315	-13.709544485093009	-1.3279389222799765
1.6395338059158735e6	3969.8919622705353	-13.747833000568669	-1.4233728168903794
1.7577838059158735e6	3943.903825703891	-13.786398937752233	-1.5231151996974637
1.8760338059158735e6	3918.8487978904873	-13.825778517007883	-1.6152460268771898
1.9942838059158735e6	3893.9649364355837	-13.865183328262598	-1.7163480540700429
2.1125338059158735e6	3869.8889099926123	-13.90596363642484	-1.8055458408997744
2.2307838059158735e6	3845.961743402971	-13.946743944587084	-1.9034860383028438
2.3490338059158735e6	3822.67379716575	-13.988366322375917	-1.9948741224348236
2.4672838059158735e6	3799.682546769941	-14.030257148903553	-2.089469333862922
2.5855338059158735e6	3777.0490832221612	-14.072730935562184	-2.1840257518580284
2.7037838059158735e6	3754.8032342466163	-14.11588006592897	-2.2758377783999864
2.8220338059158735e6	3732.7568508341687	-14.159171953504202	-2.3739417977073063
2.9402838059158735e6	3711.23924394476	-14.203301622205863	-2.4633334413745485
3.0585338059158735e6	3689.845676049799	-14.247431290907528	-2.561507440110103
3.1767838059158735e6	3670.6689529300734	-14.293669617927481	-2.6528959603590425
3.2950338059158735e6	3652.1099598978653	-14.340432295776814	-2.7487296534217034
3.4132838059158735e6	3636.27134732141	-14.389119141809296	-2.8449151397911794
3.5315338059158735e6	3623.5920570775597	-14.440078210249837	-2.938598837241755
3.6497838059158735e6	3611.161340555191	-14.491206806034034	-3.0393494623827744
3.7680338059158735e6	3600.235075799563	-14.543551927053246	-3.1305710553455572
3.8862838059158735e6	3589.3418705641984	-14.595897048072459	-3.2309570047618297
4.0045338059158735e6	3579.4112822980787	-14.648851769003738	-3.3242280972455283
4.1227838059158735e6	3569.7490029908004	-14.701964823180948	-3.4218874272071687
4.2410338059158735e6	3560.532908710707	-14.755420602589423	-3.519674937222922
4.3592838059158735e6	3551.820837537014	-14.80926912405843	-3.614880306568208
4.4775338059158735e6	3543.2348225293085	-14.863226706213286	-3.716896327873887
4.5957838059158735e6	3535.27944693658	-14.917820811090017	-3.8097345776404716
4.7140338059158735e6	3527.341932988357	-14.97241491596675	-3.9120821201218083
4.8322838059158735e6	3519.94072135481	-15.027212495218036	-4.005908960194585
4.9505338059158735e6	3512.651164549784	-15.082047874233108	-4.105347163821237
5.0687838059158735e6	3505.6402835948406	-15.1369588037679	-4.203141103565921
5.1870338059158735e6	3498.8678711547345	-15.191934199487337	-4.299676156549207
5.3052838059158735e6	3492.187867958461	-15.246979617193087	-4.401202501949391
5.4235338059158735e6	3485.7774816963793	-15.302252194450844	-4.495077402102273
5.5417838059158735e6	3479.378862571005	-15.357524771708603	-4.598686480041593
5.6600338059158735e6	3473.192172717775	-15.412998261965065	-4.691375328511372
5.7782838059158735e6	3467.0290732991743	-15.468484410076096	-4.791962146445383
5.8965338059158735e6	3461.018622560427	-15.523830016717595	-4.888328943923896
6.0147838059158735e6	3455.0933935427956	-15.579101312937508	-4.985986375787648
6.1330338059158735e6	3449.2016460687446	-15.634365613595627	-5.085958854030457
6.2512838059158735e6	3443.3615645272844	-15.689617417530123	-5.1807509507007925
6.3695338059158735e6	3437.5313767077155	-15.74487704399327	-5.2840589202037975
6.4877838059158735e6	3431.7111413052253	-15.800252470035852	-5.375989446877472
6.6060338059158735e6	3425.900760399014	-15.855627896078431	-5.477234726873261
6.7242838059158735e6	3420.066281826788	-15.910786426740108	-5.5711682044411255
6.8425338059158735e6	3414.2319549325584	-15.96588231215506	-5.668921626700095
6.9607838059158735e6	3408.3440087679473	-16.020869771369643	-5.766128509219544
7.0790338059158735e6	3402.397370345696	-16.075739603962305	-5.86050690066109
7.1972838059158735e6	3396.4067963701896	-16.13062814629054	-5.960835550066955
7.3155338059158735e6	3390.171432656196	-16.185604809864948	-6.052105308064931
7.4337838059158735e6	3383.947516263739	-16.24058147343936	-6.152549597841597
7.5520338059158735e6	3377.9794781399332	-16.29235313467034	-6.233360134241145
7.6702838059158735e6	3372.0553140973707	-16.343686808178322	-6.316755318935696
7.7885338059158735e6	3366.141539614552	-16.39502048168631	-6.40774325899542
7.9067838059158735e6	3360.238136470688	-16.446354155194296	-6.507846282251464
8.0250338059158735e6	3354.3450864769416	-16.49768782870228	-6.619096086047835
8.1432838059158735e6	3347.9513141035604	-16.548785041153906	-6.698508775210621
8.2615338059158735e6	3341.54757520376	-16.599871982873196	-6.782659538420759
8.3797838059158735e6	3335.1560849503917	-16.65095892459249	-6.874547748500601
8.498033805915873e6	3328.7768199150514	-16.70204586631178	-6.97574169680739
8.616283805915873e6	3322.402650393407	-16.75313519432205	-7.087724223370205
8.734533805915873e6	3315.5478662383643	-16.80439034059498	-7.166400258188959
8.852783805915873e6	3308.7072248801937	-16.855645486867918	-7.251798880732306
8.971033805915873e6	3301.8806971394642	-16.90690063314085	-7.345177182227782
9.089283805915873e6	3295.068253896947	-16.958155779413786	-7.448181570428076
9.207533805915873e6	3288.241945554428	-17.009397047899352	-7.559582567874215
9.325783805915873e6	3281.10069115135	-17.06047439610764	-7.639953196321259
9.444033805915873e6	3273.974945800012	-17.111551744315925	-7.727352254730549
9.562283805915873e6	3266.864675818549	-17.16262909252421	-7.823127850717563
9.680533805915873e6	3259.7698475982625	-17.213706440732494	-7.929057502698484
9.798783805915873e6	3252.636392456438	-17.26487575416027	-8.042338217096905
9.917033805915873e6	3245.1014646405197	-17.316756531269053	-8.12540797172623
1.0035283805915873e7	3237.583991938042	-17.36863730837784	-8.216008621560722
1.0153533805915873e7	3230.0839339131726	-17.420518085486624	-8.315643003664094
1.0271783805915873e7	3222.6012502237754	-17.472398862595412	-8.42631417555797
1.0390033805915873e7	3215.080773446695	-17.52426269579184	-8.540218017966309
1.0508283805915873e7	3207.3863450800345	-17.57606752894042	-8.628039856184474
1.0626533805915873e7	3199.710331251622	-17.627872362088993	-8.724323457298809
1.0744783805915873e7	3192.052687891239	-17.679677195237574	-8.830874998348238
1.0863033805915873e7	3184.4133710341216	-17.73148202838615	-8.950148813344176
1.0981283805915873e7	3176.629494771574	-17.783749958423623	-9.068148449445351
1.1099533805915873e7	3168.5527352391982	-17.836907150753508	-9.164684346743305
1.1217783805915873e7	3160.496511323163	-17.890064343083388	-9.271545004709441
1.1336033805915873e7	3152.4607708104895	-17.943221535413272	-9.39120638846342
1.1454283805915873e7	3144.4454616209932	-17.996378727743153	-9.52715799597326
1.1572533805915873e7	3136.3198741873625	-18.049368770641756	-9.647427353921708
1.1690783805915873e7	3128.1433666547496	-18.102266568616376	-9.761371341650467
1.1809033805915873e7	3119.988175594344	-18.155164366590995	-9.889988373289727
1.1927283805915873e7	3111.8542454332755	-18.208062164565618	-10.03762391576406
1.2045533805915873e7	3103.70700604752	-18.261047529375585	-10.207386382670336
1.2163783805915873e7	3095.007194083051	-18.3154929026964	-10.342778092499781
1.2282033805915873e7	3086.3317680313216	-18.36993827601721	-10.499414590973698
1.2400283805915873e7	3077.68065953766	-18.424383649338022	-10.685226707888374
1.2518533805915873e7	3069.053800439012	-18.47882902265884	-10.91362905127297
1.2636783805915873e7	3060.8298051110587	-18.534284282760115	-11.123739773633536
1.2755033805915873e7	3052.6982866988833	-18.589927884855353	-11.370123878670023
1.2873283805915873e7	3044.5883707918774	-18.64557148695059	-11.697782330585653
1.2991533805915873e7	3036.4999999999986	-18.701215089045828	-12.18833961846491
