-3.284628926960191e7	8049.866028203456	-13.95998773198236
-3.118628926960191e7	7942.835169435449	-13.975873296395822
-2.952628926960191e7	7837.2273908390225	-13.99175886080928
-2.786628926960191e7	7726.113637164554	-14.007340771006035
-2.620628926960191e7	7611.308516021624	-14.02268773014465
-2.454628926960191e7	7495.598720622241	-14.037899462470431
-2.288628926960191e7	7371.545379511432	-14.052579354731783
-2.122628926960191e7	7249.545140762989	-14.067259246993133
-1.956628926960191e7	7116.271160048298	-14.08103461205786
-1.790628926960191e7	6985.167077235047	-14.094790536363682
-1.6246289269601911e7	6845.125097538019	-14.10767228522641
-1.4586289269601911e7	6705.735157697067	-14.120384495096786
-1.2926289269601911e7	6549.32757473918	-14.132518663820479
-1.1266289269601911e7	6381.961703323602	-14.144025619430082
-9.606289269601911e6	6211.671099619626	-14.154961220188929
-7.946289269601911e6	6041.261637130922	-14.165824166626383
-6.286289269601911e6	5873.498473620002	-14.177116602895175
-4.626289269601911e6	5712.969271630797	-14.189721400290354
-2.9662892696019113e6	5562.758391275882	-14.204664879508542
-1.3062892696019113e6	5419.7444340340835	-14.2209223793879
353710.7303980887	5292.938708136278	-14.241841852030714
2.0137107303980887e6	5170.659652217713	-14.26378300971853
3.6737107303980887e6	5054.5038250333	-14.288169806567822
5.333710730398089e6	4941.474212558822	-14.313977291229882
6.993710730398089e6	4831.47752199743	-14.340818206726256
8.653710730398089e6	4725.637631765073	-14.369505823742475
1.0313710730398089e7	4624.584782742836	-14.39967507013596
1.1973710730398089e7	4528.38577647054	-14.431255847787575
1.3633710730398089e7	4437.990636024874	-14.464592834478896
1.5293710730398089e7	4355.462946724051	-14.50043275559262
1.695371073039809e7	4279.165959162968	-14.538129150243034
1.861371073039809e7	4208.771376627718	-14.577680695516147
2.027371073039809e7	4145.493283474139	-14.619819386100861
2.193371073039809e7	4088.1353027531636	-14.66410170988608
2.359371073039809e7	4034.7990831951224	-14.709927913040216
2.525371073039809e7	3985.7262123151427	-14.757610853430489
2.691371073039809e7	3940.77801518548	-14.807361522617729
2.857371073039809e7	3898.732940420548	-14.858501703325114
3.023371073039809e7	3860.8328122358826	-14.911789457475205
3.189371073039809e7	3827.010121157896	-14.967304353588384
3.355371073039809e7	3795.23726515907	-15.023958015585645
3.521371073039809e7	3766.7935867360047	-15.082922234589553
3.687371073039809e7	3740.3071949948758	-15.142926678463045
3.853371073039809e7	3715.587531130609	-15.20388000923096
4.019371073039809e7	3693.383306674183	-15.266978097972231
4.185371073039809e7	3672.2123892307072	-15.330728356605265
4.351371073039809e7	3653.254216183014	-15.395730794128788
4.517371073039809e7	3635.256110476328	-15.461594570826271
4.683371073039809e7	3618.1203510896285	-15.528234909055831
4.849371073039809e7	3602.618959064493	-15.59585071635157
5.015371073039809e7	3587.6743431465065	-15.663835000300333
5.181371073039809e7	3573.882324878754	-15.732818775989923
5.347371073039809e7	3560.757570837236	-15.802209203029614
5.513371073039809e7	3548.350232582072	-15.872044227902972
5.679371073039809e7	3536.702406510149	-15.942590110962989
5.845371073039809e7	3525.3751569515443	-16.013370277452136
6.011371073039809e7	3514.822888047899	-16.084531023882704
6.177371073039809e7	3504.576167622708	-16.155960857024606
6.343371073039809e7	3494.710714531773	-16.227736808943632
6.509371073039809e7	3485.198738669817	-16.299736964283
6.675371073039809e7	3475.8451107472415	-16.37184501765295
6.841371073039809e7	3466.830059029316	-16.444327513205664
7.007371073039809e7	3457.9383771293856	-16.51693946106228
7.173371073039809e7	3449.2018241932874	-16.58972316007789
7.339371073039809e7	3440.5780408519804	-16.662306094504018
7.505371073039809e7	3431.9862815155793	-16.734882550230466
7.671371073039809e7	3423.2754531586797	-16.807914693612346
7.837371073039809e7	3414.5702588669974	-16.880934542722624
8.003371073039809e7	3405.8671730608307	-16.95393940788807
8.169371073039809e7	3396.9560833326045	-17.026989924808753
8.335371073039809e7	3387.960714627542	-17.100043538981698
8.501371073039809e7	3378.699653913703	-17.17304644868004
8.667371073039809e7	3369.176736487974	-17.246006293405607
8.833371073039809e7	3359.384402743464	-17.318921581345172
8.999371073039809e7	3350.0668267945907	-17.3881833336001
9.165371073039809e7	3340.8611856108378	-17.456738407437754
9.331371073039809e7	3331.6808405880224	-17.525293481275412
9.497371073039809e7	3322.1987910233515	-17.593964045919567
9.663371073039809e7	3311.9950781614666	-17.66289987424415
9.829371073039809e7	3301.822704711434	-17.731835702568738
9.995371073039809e7	3291.68157441822	-17.800771530893318
1.0161371073039809e8	3280.948032943327	-17.869789583709682
1.0327371073039809e8	3270.0686497545066	-17.938831563868987
1.0493371073039809e8	3259.225341802904	-18.007873544028296
1.0659371073039809e8	3248.2516961130905	-18.077044340228976
1.0825371073039809e8	3236.729827793315	-18.146670011826224
1.0991371073039809e8	3225.248828673958	-18.216295683423475
1.1157371073039809e8	3213.808553787951	-18.285921355020726
1.1323371073039809e8	3202.0050726685135	-18.356070697832738
1.1489371073039809e8	3190.0354309948375	-18.42649278468228
1.1655371073039809e8	3178.1105338854463	-18.49691487153183
1.1821371073039809e8	3166.1833715720786	-18.5673961795065
1.1987371073039809e8	3153.874523021128	-18.6384187001136
1.2153371073039809e8	3141.613526326767	-18.7094412207207
1.2319371073039809e8	3129.400195460224	-18.7804637413278
1.2485371073039809e8	3117.0097320658797	-18.852052905830977
1.2651371073039809e8	3104.484091773704	-18.92410872940728
1.2817371073039809e8	3092.0087855126026	-18.996164552983586
1.2983371073039809e8	3079.534606809317	-19.068407747977655
1.3149371073039809e8	3066.418220343609	-19.143309943231618
1.3315371073039809e8	3053.3576993302877	-19.218212138485576
1.348137107303981e8	3040.3528058266097	-19.29311433373954
1.364737107303981e8	3026.9582060190387	-19.368370045441836
1.381337107303981e8	3013.5087033905534	-19.44371664178487
1.397937107303981e8	3000.1189601339	-19.519063238127906
1.414537107303981e8	2987.002777165858	-19.596281048840044
1.431137107303981e8	2974.023188118381	-19.67419462623573
1.447737107303981e8	2961.099999999999	-19.752108203631416
