-2.725342761711242e8	7857.886313532044	-15.200583927038931
-2.6263427617112422e8	7775.202156572665	-15.207609176672655
-2.5273427617112422e8	7693.388038901104	-15.214634426306379
-2.4283427617112422e8	7603.1383709226575	-15.220861175876443
-2.3293427617112422e8	7510.792347155095	-15.226813485633528
-2.2303427617112422e8	7418.053213688964	-15.232634945158946
-2.1313427617112422e8	7313.728406150442	-15.237341819439067
-2.0323427617112422e8	7210.870784833754	-15.242048693719187
-1.9333427617112422e8	7098.782261150798	-15.245624651609138
-1.8343427617112422e8	6983.936733876726	-15.248716010306659
-1.7353427617112422e8	6863.102019399172	-15.250927549906834
-1.6363427617112422e8	6735.056704946045	-15.25207654024209
-1.5373427617112422e8	6600.022429289524	-15.252388755042379
-1.4383427617112422e8	6442.421501523334	-15.250306861818416
-1.3393427617112422e8	6278.260886902923	-15.246989316118833
-1.2403427617112422e8	6110.797709109946	-15.24281115099944
-1.1413427617112422e8	5944.74881188327	-15.238534131672122
-1.0423427617112422e8	5789.454739381199	-15.235623358263474
-9.433427617112422e7	5642.979312874239	-15.233784680322156
-8.443427617112422e7	5520.646896481584	-15.236666457606296
-7.453427617112422e7	5403.190049394946	-15.240067298805437
-6.463427617112422e7	5316.348217831723	-15.250155021701392
-5.473427617112422e7	5230.9021364901855	-15.260242744597353
-4.483427617112422e7	5155.697708230071	-15.272969155239561
-3.493427617112422e7	5086.910585863212	-15.28730419861388
-2.503427617112422e7	5019.041218661869	-15.301639241988198
-1.513427617112422e7	4958.406320918877	-15.318582116006667
-5.23427617112422e6	4899.352143447896	-15.335878502617426
4.66572382887578e6	4841.061883906791	-15.353206960057761
1.456572382887578e7	4787.270960887027	-15.372573376742674
2.446572382887578e7	4734.077729751528	-15.391939793427586
3.436572382887578e7	4681.848473536572	-15.411566841477269
4.426572382887578e7	4632.01532337842	-15.432479662887275
5.416572382887578e7	4582.712592534085	-15.453392484297277
6.406572382887578e7	4534.729051040478	-15.47486549582636
7.396572382887578e7	4488.376550394734	-15.497142619237865
8.386572382887578e7	4442.497849681011	-15.519419742649367
9.376572382887578e7	4398.788953803699	-15.542669404424558
1.0366572382887578e8	4356.071725140218	-15.56624330782989
1.1356572382887578e8	4314.185169608868	-15.590033617202097
1.2346572382887578e8	4274.793654918788	-15.614923008318465
1.3336572382887578e8	4235.761812187285	-15.639812399434835
1.4326572382887578e8	4198.852107327647	-15.665571619180401
1.5316572382887578e8	4163.3050137272685	-15.69184797503182
1.6306572382887578e8	4128.400117830361	-15.718281990089485
1.7296572382887578e8	4096.3907605550685	-15.745928255944973
1.8286572382887578e8	4064.6295863347036	-15.77357452180046
1.9276572382887578e8	4034.7365524266916	-15.802098532497396
2.0266572382887578e8	4006.136200868139	-15.831207256359132
2.1256572382887578e8	3977.964784410623	-15.86041160763104
2.2246572382887578e8	3952.8519619038166	-15.890833333707285
2.3236572382887578e8	3927.897676208788	-15.921255059783528
2.4226572382887578e8	3904.408331959992	-15.952409633396638
2.5216572382887578e8	3882.3552226567913	-15.984294655332636
2.6206572382887578e8	3860.4266750255747	-16.016179677268635
2.719657238288758e8	3840.8369738306646	-16.049105227623784
2.818657238288758e8	3821.596691993567	-16.082148786296933
2.917657238288758e8	3802.9990821816264	-16.115512185544063
3.016657238288758e8	3786.184048597394	-16.1498708060586
3.115657238288758e8	3769.4433630075546	-16.18422942657314
3.214657238288758e8	3753.805195291835	-16.219260040436307
3.313657238288758e8	3739.07710124804	-16.25484504463744
3.412657238288758e8	3724.4067930356555	-16.290430048838573
3.511657238288758e8	3711.097732081348	-16.3267520490545
3.610657238288758e8	3698.117788857881	-16.363233755356475
3.709657238288758e8	3685.286135607401	-16.399763993907793
3.808657238288758e8	3674.2441795752684	-16.43712006285509
3.907657238288758e8	3663.2353077565663	-16.47447613180239
4.006657238288758e8	3652.505643625168	-16.512046647110573
4.105657238288758e8	3642.544119914006	-16.55026059716816
4.204657238288758e8	3632.609764389373	-16.58847454722574
4.303657238288758e8	3623.177271614663	-16.626963907498208
4.402657238288758e8	3614.3866540371682	-16.665812285605455
4.501657238288758e8	3605.6173644134496	-16.704660663712698
4.600657238288758e8	3597.378231046015	-16.743874458769113
4.699657238288758e8	3589.4989665402413	-16.78333368120424
4.798657238288758e8	3581.6369598275496	-16.822792903639368
4.897657238288758e8	3574.331137223819	-16.86259296339339
4.996657238288758e8	3567.21638758309	-16.90250464877198
5.095657238288758e8	3560.1157999381326	-16.942416334150572
5.194657238288758e8	3553.625112115936	-16.982744934557346
5.293657238288758e8	3547.213015202515	-17.02312033245703
5.392657238288758e8	3540.830015464278	-17.063508967881234
5.491657238288758e8	3534.8301774041925	-17.10417880264501
5.590657238288758e8	3528.840505902956	-17.144848637408785
5.689657238288758e8	3522.9453888072817	-17.18559669487511
5.788657238288758e8	3517.41793788447	-17.226676895529593
5.887657238288758e8	3511.8991594530917	-17.26775709618407
5.986657238288758e8	3506.47812100038	-17.30887679135594
6.085657238288758e8	3501.232844240032	-17.350070813304413
6.184657238288758e8	3495.9954137936625	-17.391264835252894
6.283657238288758e8	3490.841556681459	-17.432639524661095
6.382657238288758e8	3485.7697573934497	-17.474192089386207
6.481657238288758e8	3480.705326858097	-17.515744654111316
6.580657238288758e8	3475.779808726592	-17.557269541018865
6.679657238288758e8	3470.9223142531723	-17.598781564969215
6.778657238288758e8	3466.071608257131	-17.64029358891957
6.877657238288758e8	3461.165784871443	-17.68211264521949
6.976657238288758e8	3456.256962956798	-17.72398108924517
7.075657238288758e8	3451.35499088361	-17.765850009656507
7.174657238288758e8	3446.4584928727595	-17.807725219863755
7.273657238288758e8	3441.5689416097384	-17.849600430071007
7.372657238288758e8	3436.6493431740155	-17.891510708015947
7.471657238288758e8	3431.6462194814794	-17.933506975880796
7.570657238288758e8	3426.6503794085925	-17.97550324374564
7.669657238288758e8	3421.5834300271868	-18.017467922136888
7.768657238288758e8	3416.4542972792256	-18.059404477743193
7.867657238288758e8	3411.3328533698636	-18.1013410333495
7.966657238288758e8	3406.0119260451615	-18.143487703328002
8.065657238288758e8	3400.64048459113	-18.185694120981918
8.164657238288758e8	3395.250416598691	-18.2278957520696
8.263657238288758e8	3389.446387516657	-18.270022627692825
8.362657238288758e8	3383.6522801633414	-18.31214950331605
8.461657238288758e8	3377.935434939048	-18.353451200545887
8.560657238288758e8	3372.3523222645345	-18.39323037272981
8.659657238288758e8	3366.7784374594517	-18.43300954491373
8.758657238288758e8	3361.213765271809	-18.472788717097647
8.857657238288758e8	3355.658290474833	-18.51256788928157
8.956657238288758e8	3350.1119978668976	-18.552347061465486
9.055657238288758e8	3344.0394742234503	-18.592133073496697
9.154657238288758e8	3337.6732190506377	-18.631922986203882
9.253657238288758e8	3331.3190837123066	-18.671712898911068
9.352657238288758e8	3324.9770451351706	-18.711502811618253
9.451657238288758e8	3318.647080289887	-18.751292724325438
9.550657238288758e8	3312.329166190934	-18.791082637032623
9.649657238288758e8	3305.2728855252426	-18.83101733107234
9.748657238288758e8	3298.203428419749	-18.87095747992865
9.847657238288758e8	3291.149091767397	-18.91089762878496
9.946657238288758e8	3284.109843227912	-18.950837777641272
1.0045657238288758e9	3277.0856505302127	-18.990777926497582
1.0144657238288758e9	3269.8232288118634	-19.030756803563392
1.0243657238288758e9	3261.9962221321503	-19.070824688577297
1.0342657238288758e9	3254.1879510320928	-19.1108925735912
1.0441657238288758e9	3246.3983706641575	-19.150960458605102
1.0540657238288758e9	3238.627436288163	-19.191028343619006
1.0639657238288758e9	3230.875103271023	-19.23109622863291
1.0738657238288758e9	3222.6762564229257	-19.27140769567471
1.0837657238288758e9	3214.1924132543077	-19.311879754136513
1.0936657238288758e9	3205.7309041922585	-19.35235181259831
1.1035657238288758e9	3197.291670441194	-19.39282387106011
1.1134657238288758e9	3188.874653360353	-19.433295929521908
1.1233657238288758e9	3180.479794463325	-19.473767987983706
1.1332657238288758e9	3171.5610111786505	-19.514418007388382
1.1431657238288758e9	3162.5691338055994	-19.555100094271925
1.1530657238288758e9	3153.602749827885	-19.595782181155467
1.1629657238288758e9	3144.661786967697	-19.636464268039013
1.1728657238288758e9	3135.7461731521385	-19.677146354922556
1.1827657238288758e9	3126.855836512668	-19.717828441806102
1.1926657238288758e9	3117.569847017892	-19.758657682185717
1.2025657238288758e9	3108.298983949188	-19.79949128922312
1.2124657238288758e9	3099.0556900790125	-19.84032489626052
1.2223657238288758e9	3089.8398834235572	-19.881158503297918
1.2322657238288758e9	3080.651482242803	-19.921992110335317
1.2421657238288758e9	3071.490405039798	-19.962825717372716
1.2520657238288758e9	3061.6223867128633	-20.005935670830755
1.2619657238288758e9	3051.7705167166832	-20.049094015462998
1.2718657238288758e9	3041.9503486517547	-20.092252360095237
1.2817657238288758e9	3032.1617805057185	-20.13541070472748
1.2916657238288758e9	3022.4047105944937	-20.17856904935972
1.3015657238288758e9	3012.5849661157476	-20.22186623069763
1.3114657238288758e9	3002.5433764403138	-20.265539154199757
1.3213657238288758e9	2992.5352575298075	-20.30921207770189
1.3312657238288758e9	2982.5604978190095	-20.35288500120402
1.3411657238288758e9	2972.618986114571	-20.396557924706148
1.3510657238288758e9	2962.710611593787	-20.440230848208277
1.3609657238288758e9	2953.062823679901	-20.48617000728631
1.3708657238288758e9	2943.500774910986	-20.53265189305774
1.3807657238288758e9	2933.9696881574832	-20.57913377882916
1.3906657238288758e9	2924.469463164055	-20.625615664600588
1.4005657238288758e9	2915.0	-20.672097550372012
