-4.803541068614222e6	5495.816326804022	-9.638991360943738
-4.600841068614222e6	5442.758919675651	-9.683516774850776
-4.398141068614222e6	5390.290650973557	-9.728415513184544
-4.195441068614222e6	5338.596163671698	-9.774627612143238
-3.992741068614222e6	5287.397441847157	-9.82083971110193
-3.790041068614222e6	5237.087176842021	-9.86843920152716
-3.587341068614222e6	5187.306196398925	-9.91621692921529
-3.384641068614222e6	5138.070450473284	-9.965021329585557
-3.181941068614222e6	5089.352594608168	-10.01455321981084
-2.979241068614222e6	5041.143009627949	-10.064616406907051
-2.776541068614222e6	4993.486609820356	-10.115796685133782
-2.573841068614222e6	4945.912071715733	-10.167502900253037
-2.371141068614222e6	4895.1684359191195	-10.224544879842968
-2.168441068614222e6	4847.230168868599	-10.279779197996344
-1.965741068614222e6	4799.063285104481	-10.336718167954196
-1.763041068614222e6	4749.448601930813	-10.39686956348956
-1.560341068614222e6	4702.388159080963	-10.455472772811461
-1.357641068614222e6	4655.850147831298	-10.5149821348398
-1.154941068614222e6	4608.450301704968	-10.577084245509738
-952241.0686142221	4561.425426656786	-10.640339066946344
-749541.0686142221	4516.233103700009	-10.702742617676423
-546841.0686142221	4471.73609426691	-10.765863219702387
-344141.0686142221	4426.410861177653	-10.831907714053523
-141441.0686142221	4396.556708097689	-10.876457914071963
61258.93138577789	4373.770399110882	-10.910980383587617
263958.9313857779	4351.343739683306	-10.945549691365871
466658.9313857779	4329.154665360284	-10.980142891698867
669358.9313857779	4296.107562769504	-11.032689455171425
872058.9313857779	4254.429243837935	-11.10064017173335
1.074758931385778e6	4212.439516552525	-11.171041258766104
1.277458931385778e6	4171.797314891134	-11.24096756642815
1.480158931385778e6	4133.145589025628	-11.309386584500478
1.682858931385778e6	4102.693981440303	-11.36452285063802
1.885558931385778e6	4066.546568307392	-11.431504338005459
2.088258931385778e6	4027.6032542911935	-11.505266441649304
2.290958931385778e6	3993.098545843275	-11.572171193008394
2.493658931385778e6	3962.939477968278	-11.631856413002074
2.696358931385778e6	3922.1203180268553	-11.714519163220505
2.899058931385778e6	3881.8634973987123	-11.798326488956034
3.101758931385778e6	3841.5903545534547	-11.884129652321118
3.304458931385778e6	3801.7573608090383	-11.971255850516203
3.507158931385778e6	3762.056697299793	-12.060203286435453
3.709858931385778e6	3722.8269152010107	-12.150241175857607
3.912558931385778e6	3683.7845136965784	-12.24216323789714
4.115258931385778e6	3644.9534784485263	-12.335730119000992
4.317958931385778e6	3606.5263243008185	-12.43068458653646
4.520658931385778e6	3568.3185387703857	-12.527151901948454
4.723358931385778e6	3535.3658247202343	-12.629235161279121
4.926058931385778e6	3516.3229355546396	-12.743318989062555
5.128758931385778e6	3510.4128048558655	-12.866859029450291
5.331458931385778e6	3507.027967733747	-12.99181306593767
5.534158931385778e6	3504.92193932317	-13.11622736886238
5.736858931385778e6	3503.5756100543467	-13.239947501510208
5.939558931385778e6	3502.6994528283076	-13.36291040167878
6.142258931385778e6	3502.2126381626963	-13.484560372703388
6.344958931385778e6	3501.9638584341797	-13.604456318828205
6.547658931385778e6	3501.840475059211	-13.723307191965887
6.750358931385778e6	3502.2418590478946	-13.841133330069349
6.953058931385778e6	3502.46398424244	-13.955403906736684
7.155758931385778e6	3500.7656905157855	-14.061317348946798
7.358458931385778e6	3499.068220267001	-14.167230791156909
7.561158931385778e6	3497.357865622438	-14.271280557700669
7.763858931385778e6	3495.6394471149524	-14.374119694798187
7.966558931385778e6	3493.921872948338	-14.476958831895708
8.169258931385778e6	3491.2453005735415	-14.576865314052302
8.371958931385778e6	3488.4975161669904	-14.676547748896606
8.574658931385778e6	3485.4330080297523	-14.775478700626003
8.777358931385778e6	3481.340666503463	-14.871978524533134
8.980058931385778e6	3477.253129906476	-14.968478348440264
9.182758931385778e6	3472.2758126293247	-15.063548315148342
9.385458931385778e6	3466.4870300253892	-15.157307684941408
9.588158931385778e6	3460.7078981536665	-15.251067054734476
9.790858931385778e6	3453.443566047607	-15.342914522626351
9.993558931385778e6	3445.799922721743	-15.434256146612451
1.0196258931385778e7	3438.0929087585305	-15.525520415179836
1.0398958931385778e7	3428.6161727362874	-15.615058678021706
1.0601658931385778e7	3419.1655583250704	-15.704596940863576
1.0804358931385778e7	3409.2249253983655	-15.794044924026736
1.1007058931385778e7	3398.0060865701525	-15.883263517009748
1.1209758931385778e7	3386.824165911719	-15.972482109992761
1.1412458931385778e7	3375.056705803748	-16.060562999770976
1.1615158931385778e7	3362.803288505081	-16.147677236051347
1.1817858931385778e7	3350.5943582324353	-16.234791472331718
1.2020558931385778e7	3338.612293864197	-16.323976832066432
1.2223258931385778e7	3326.735019945294	-16.413867481918366
1.2425958931385778e7	3314.900000000002	-16.503758131770304
