-8.165204112474996e7	6519.015908871654	-13.029128971595528
-7.970204112474996e7	6477.075876850934	-13.036078497014545
-7.775204112474996e7	6435.40566566061	-13.04302802243356
-7.580204112474996e7	6394.003539410722	-13.049977547852581
-7.385204112474996e7	6352.867773379131	-13.056927073271597
-7.190204112474996e7	6311.350219315459	-13.063919254839641
-6.995204112474996e7	6268.9022609147405	-13.070991268217574
-6.800204112474996e7	6226.739792798938	-13.078063281595508
-6.605204112474996e7	6184.860894859172	-13.08513529497344
-6.410204112474996e7	6143.263659900507	-13.092207308351373
-6.215204112474996e7	6101.2713706497325	-13.099336314276544
-6.020204112474996e7	6058.6159036747085	-13.106546134371394
-5.825204112474996e7	6016.258651408117	-13.11375595446624
-5.630204112474996e7	5974.197528958658	-13.120965774561089
-5.435204112474996e7	5932.430466010985	-13.128175594655938
-5.240204112474996e7	5890.003259884203	-13.135525586103363
-5.045204112474996e7	5847.499122972842	-13.142931982287333
-4.850204112474996e7	5805.301709432387	-13.150338378471302
-4.655204112474996e7	5763.408805849457	-13.157744774655272
-4.460204112474996e7	5721.631378123835	-13.165190705938807
-4.265204112474996e7	5679.424615601324	-13.172792709697443
-4.070204112474996e7	5637.529199735915	-13.180394713456081
-3.875204112474996e7	5595.942833816447	-13.187996717214718
-3.680204112474996e7	5554.6632380739775	-13.195598720973356
-3.485204112474996e7	5510.353113195259	-13.203632647544858
-3.290204112474996e7	5465.662645030262	-13.211762409943038
-3.095204112474996e7	5421.045622000491	-13.220031837636046
-2.900204112474996e7	5376.7153353832	-13.228339017257653
-2.705204112474996e7	5332.691090399336	-13.23674297306928
-2.510204112474996e7	5289.009561667387	-13.245177604420775
-2.315204112474996e7	5245.50018030297	-13.253764759432029
-2.120204112474996e7	5202.275114026239	-13.262412889287583
-1.925204112474996e7	5159.433910202682	-13.271204298118414
-1.730204112474996e7	5116.9601795718445	-13.280072310539513
-1.5352041124749959e7	5075.039172449602	-13.289065888960952
-1.3402041124749959e7	5033.630573072199	-13.298164805909323
-1.1452041124749959e7	4992.7994504532735	-13.307388067489278
-9.502041124749959e6	4952.713551020852	-13.316827920512273
-7.5520411247499585e6	4913.03236615161	-13.326302493458023
-5.6020411247499585e6	4874.479202699938	-13.336119159334103
-3.6520411247499585e6	4836.228570618163	-13.345935825210184
-1.7020411247499585e6	4799.153865893021	-13.356066930444257
247958.87525004148	4762.760243933829	-13.366341609728629
2.1979588752500415e6	4726.833046296153	-13.376678704866157
4.1479588752500415e6	4692.751819139651	-13.387535813835324
6.0979588752500415e6	4658.916323117106	-13.398392922804492
8.0479588752500415e6	4626.018430452717	-13.409490179895666
9.997958875250041e6	4594.910463361685	-13.421130408067873
1.1947958875250041e7	4564.0116838541035	-13.432770636240079
1.3897958875250041e7	4533.97225350863	-13.444651000834195
1.5847958875250041e7	4506.169050049433	-13.457287414639957
1.779795887525004e7	4478.536341264516	-13.469923828445722
1.974795887525004e7	4451.073081647258	-13.482560242251484
2.169795887525004e7	4426.292101640735	-13.496180299799391
2.364795887525004e7	4401.9653810937125	-13.509924771829425
2.559795887525004e7	4377.772359208899	-13.52366924385946
2.754795887525004e7	4354.351229850062	-13.53771656116563
2.949795887525004e7	4332.886461513453	-13.552636199881489
3.144795887525004e7	4311.527503722523	-13.56755583859735
3.339795887525004e7	4290.273834884343	-13.582475477313212
3.534795887525004e7	4269.923187551625	-13.597814616084499
3.729795887525004e7	4250.85448035412	-13.613779538082703
3.924795887525004e7	4231.87093056535	-13.629744460080909
4.119795887525004e7	4212.972157887687	-13.645709382079112
4.314795887525004e7	4194.7159048718995	-13.662041671992085
4.509795887525004e7	4177.465793441321	-13.67898670149207
4.704795887525004e7	4160.286620389203	-13.695931730992053
4.899795887525004e7	4143.178093992574	-13.712876760492033
5.094795887525004e7	4126.40666799587	-13.730035661097348
5.289795887525004e7	4110.498454649251	-13.747834747211185
5.484795887525004e7	4094.6515709950922	-13.76563383332502
5.679795887525004e7	4078.8657805938124	-13.783432919438859
5.874795887525004e7	4063.196674965468	-13.801283818469354
6.069795887525004e7	4048.356406625209	-13.81985077170096
6.264795887525004e7	4033.57034032883	-13.838417724932569
6.459795887525004e7	4018.8382781107807	-13.856984678164174
6.654795887525004e7	4004.160022728583	-13.87555163139578
6.849795887525004e7	3990.0787461069854	-13.894771362976517
7.044795887525004e7	3976.135607617748	-13.914097924731328
7.239795887525004e7	3962.2411927561134	-13.933424486486139
7.434795887525004e7	3948.3953312597055	-13.95275104824095
7.629795887525004e7	3934.921089006219	-13.972508802895888
7.824795887525004e7	3921.6696724020007	-13.99250325788583
8.019795887525004e7	3908.462881862199	-14.012497712875767
8.214795887525004e7	3895.300567102093	-14.032492167865707
8.409795887525004e7	3882.3582787172595	-14.052762792831908
8.604795887525004e7	3869.6998312190995	-14.073413216733915
8.799795887525004e7	3857.0826566487735	-14.09406364063592
8.994795887525004e7	3844.5066204357054	-14.114714064537923
9.189795887525004e7	3832.033271249544	-14.13547595883381
9.384795887525004e7	3819.8694732414788	-14.15672568758107
9.579795887525004e7	3807.7442860625756	-14.177975416328326
9.774795887525004e7	3795.657587152749	-14.199225145075584
9.969795887525004e7	3783.609254340948	-14.22047487382284
1.0164795887525004e8	3771.8233030239167	-14.242281491584931
1.0359795887525004e8	3760.092338081867	-14.26413365093827
1.0554795887525004e8	3748.3978582896953	-14.28598581029161
1.0749795887525004e8	3736.7397501728137	-14.307837969644947
1.0944795887525004e8	3725.2781277913455	-14.330003275370087
1.1139795887525004e8	3713.9467106514862	-14.352354909532341
1.1334795887525004e8	3702.6497610090773	-14.374706543694593
1.1529795887525004e8	3691.387174022131	-14.397058177856847
1.1724795887525004e8	3680.8515593464513	-14.42001867792433
1.1919795887525004e8	3672.3827435676194	-14.444773832307494
1.2114795887525004e8	3663.933412638826	-14.469528986690655
1.2309795887525004e8	3655.5035217298173	-14.494284141073816
1.2504795887525004e8	3647.0930261134386	-14.519039295456977
1.2699795887525004e8	3641.4727471543297	-14.545272900315805
1.2894795887525004e8	3636.2322133985745	-14.571704724520224
1.3089795887525004e8	3630.999221424937	-14.598136548724643
1.3284795887525004e8	3625.7737603798505	-14.62456837292906
1.3479795887525004e8	3620.8653105521676	-14.651275465162993
1.3674795887525004e8	3616.4062988136516	-14.678376880017556
1.3869795887525004e8	3611.9527782447744	-14.705478294872119
1.4064795887525004e8	3607.5047420833016	-14.73257970972668
1.4259795887525004e8	3603.0621835752922	-14.75968112458124
1.4454795887525004e8	3599.1721504932625	-14.787262034837742
1.4649795887525004e8	3595.32061678674	-14.814873038814522
1.4844795887525004e8	3591.4732046702034	-14.842484042791302
1.5039795887525004e8	3587.6299097330707	-14.870095046768084
1.5234795887525004e8	3584.0324326598693	-14.897753751948322
1.5429795887525004e8	3580.7093459535677	-14.92546594675908
1.5624795887525004e8	3577.3893403871452	-14.953178141569836
1.5819795887525004e8	3574.072413103794	-14.980890336380597
1.6014795887525004e8	3570.7585612493535	-15.008602531191352
1.6209795887525004e8	3567.857210090774	-15.036603930871351
1.6404795887525004e8	3564.978786175985	-15.064619871240655
1.6599795887525004e8	3562.102684474157	-15.09263581160996
1.6794795887525004e8	3559.2289031117894	-15.120651751979262
1.6989795887525004e8	3556.4970001231986	-15.148762923598444
1.7184795887525004e8	3553.9499407369713	-15.176998885907347
1.7379795887525004e8	3551.4047054803627	-15.20523484821625
1.7574795887525004e8	3548.8612930469844	-15.233470810525153
1.7769795887525004e8	3546.319702131384	-15.261706772834058
1.7964795887525004e8	3544.0591864950843	-15.289795740014494
1.8159795887525004e8	3541.8265310364377	-15.317870792271243
1.8354795887525004e8	3539.5952820865805	-15.345945844527995
1.8549795887525004e8	3537.3654387594593	-15.374020896784746
1.8744795887525004e8	3535.217426428742	-15.402131782702831
1.8939795887525004e8	3533.2250500562486	-15.43031147006845
1.9134795887525004e8	3531.233796546399	-15.45849115743407
1.9329795887525004e8	3529.243665266378	-15.486670844799688
1.9524795887525004e8	3527.254655583719	-15.514850532165307
1.9719795887525004e8	3525.4148843951466	-15.543061282679744
1.9914795887525004e8	3523.619960589159	-15.571281241874559
2.0109795887525004e8	3521.8259506476534	-15.599501201069371
2.0304795887525004e8	3520.032854105359	-15.627721160264185
2.0499795887525004e8	3518.261805092395	-15.655941285975828
2.0694795887525004e8	3516.57586039579	-15.684162075517108
2.0889795887525004e8	3514.8907236008363	-15.712382865058384
2.1084795887525004e8	3513.206394320381	-15.740603654599663
2.1279795887525004e8	3511.522872167479	-15.76882444414094
2.1474795887525004e8	3509.904355416913	-15.796832501939384
2.1669795887525004e8	3508.324288479119	-15.824715566791044
2.1864795887525004e8	3506.7449328460425	-15.852598631642705
2.2059795887525004e8	3505.1662881974735	-15.880481696494366
2.2254795887525004e8	3503.58880890202	-15.90836422436876
2.2449795887525004e8	3502.0731516865276	-15.936174548291644
2.2644795887525004e8	3500.558150146385	-15.963984872214528
2.2839795887525004e8	3499.0438039979267	-15.99179519613741
2.3034795887525004e8	3497.5301129576487	-16.019605520060296
2.3229795887525004e8	3496.024069237386	-16.04738257576639
2.3424795887525004e8	3494.529824067419	-16.075106560154303
2.3619795887525004e8	3493.0362175568443	-16.102830544542215
2.3814795887525004e8	3491.5432494327024	-16.130554528930126
2.4009795887525004e8	3490.0509194221336	-16.15827851331804
2.4204795887525004e8	3488.527133518309	-16.186157650340395
2.4399795887525004e8	3486.9941468599595	-16.21408450452328
2.4594795887525004e8	3485.4618338521295	-16.24201135870617
2.4789795887525004e8	3483.9301941987806	-16.269938212889056
2.4984795887525004e8	3482.401981707283	-16.297781560406673
2.5179795887525004e8	3480.8856967712145	-16.325283430973524
2.5374795887525004e8	3479.370072046121	-16.352785301540376
2.5569795887525004e8	3477.855107244544	-16.38028717210723
2.5764795887525004e8	3476.3408020791308	-16.407789042674082
2.5959795887525004e8	3474.7377909037714	-16.43424678511741
2.6154795887525004e8	3473.0699569302515	-16.459938143194723
2.6349795887525004e8	3471.402923497747	-16.48562950127204
2.6544795887525004e8	3469.7366902220324	-16.511320859349354
2.6739795887525004e8	3468.0712567190176	-16.537012217426668
2.6934795887525004e8	3466.4066226048385	-16.562703575503985
2.7129795887525004e8	3464.7427874957916	-16.5883949335813
2.7324795887525004e8	3463.0797510083644	-16.614086291658616
2.7519795887525004e8	3461.417512759221	-16.63977764973593
2.7714795887525004e8	3459.756072365235	-16.665469007813243
2.7909795887525004e8	3457.919189459481	-16.69096049345225
2.8104795887525004e8	3456.035217115177	-16.716397438560904
2.8299795887525004e8	3454.152271212383	-16.741834383669556
2.8494795887525004e8	3452.2703511918703	-16.76727132877821
2.8689795887525004e8	3450.3894564946972	-16.792708273886866
2.8884795887525004e8	3448.509586562245	-16.818145218995518
2.9079795887525004e8	3446.6307408361986	-16.843582164104173
2.9274795887525004e8	3444.752918758529	-16.86901910921283
2.9469795887525004e8	3442.8761197715303	-16.89445605432148
2.9664795887525004e8	3441.0003433177926	-16.919892999430132
2.9859795887525004e8	3438.7512451182974	-16.945350048744746
3.0054795887525004e8	3436.50354847113	-16.97080710174065
3.0249795887525004e8	3434.257321002702	-16.996264154736554
3.0444795887525004e8	3432.0125617527024	-17.021721207732455
3.0639795887525004e8	3429.769269761449	-17.04717826072836
3.0834795887525004e8	3427.527444069892	-17.072635313724263
3.1029795887525004e8	3425.287083719592	-17.098092366720163
3.1224795887525004e8	3423.0481877527523	-17.123549419716067
3.1419795887525004e8	3420.8107552121965	-17.149006472711967
3.1614795887525004e8	3418.4444319084237	-17.174402908071965
3.1809795887525004e8	3415.8084883510624	-17.199673107085175
3.2004795887525004e8	3413.174577355164	-17.224943306098385
3.2199795887525004e8	3410.542697353438	-17.250213505111592
3.2394795887525004e8	3407.9128467798023	-17.275483704124802
3.2589795887525004e8	3405.285024069364	-17.30075390313801
3.2784795887525004e8	3402.659227658455	-17.326024102151223
3.2979795887525004e8	3400.0354559846132	-17.35129430116443
3.3174795887525004e8	3397.413707486557	-17.376564500177636
3.3369795887525004e8	3394.7939806042505	-17.401834699190847
3.3564795887525004e8	3391.8940514365704	-17.427043554506803
3.3759795887525004e8	3388.850420425867	-17.45222060725007
3.3954795887525004e8	3385.8095205410677	-17.477397659993336
3.4149795887525004e8	3382.771349331472	-17.502574712736603
3.4344795887525004e8	3379.735904348583	-17.527751765479866
3.4539795887525004e8	3376.703183146066	-17.552928818223133
3.4734795887525004e8	3373.6731832798164	-17.578105870966397
3.4929795887525004e8	3370.645902307918	-17.603282923709664
3.5124795887525004e8	3367.621337790633	-17.62845997645293
3.5319795887525004e8	3364.5994105333234	-17.653637053412652
3.5514795887525004e8	3361.1285134886034	-17.67895677107101
3.5709795887525004e8	3357.6611969968126	-17.70427648872937
3.5904795887525004e8	3354.1974573642897	-17.729596206387725
3.6099795887525004e8	3350.73729090116	-17.754915924046088
3.6294795887525004e8	3347.280693921379	-17.780235641704444
3.6489795887525004e8	3343.827662742687	-17.805555359362803
3.6684795887525004e8	3340.378193686623	-17.830875077021165
3.6879795887525004e8	3336.932283078532	-17.85619479467952
3.7074795887525004e8	3333.4899272475495	-17.88151451233788
3.7269795887525004e8	3329.9047842706627	-17.90679555451445
3.7464795887525004e8	3326.09713652666	-17.932016704490298
3.7659795887525004e8	3322.293842715367	-17.957237854466143
3.7854795887525004e8	3318.4948978581856	-17.98245900444199
3.8049795887525004e8	3314.700296982214	-18.007680154417837
3.8244795887525004e8	3310.9100351202387	-18.032901304393683
3.8439795887525004e8	3307.124107310725	-18.05812245436953
3.8634795887525004e8	3303.3425085978065	-18.083343604345377
3.8829795887525004e8	3299.565234031301	-18.108564754321225
3.9024795887525004e8	3295.792278666668	-18.133785904297067
3.9219795887525004e8	3291.805146673958	-18.159157014491548
3.9414795887525004e8	3287.7219108085624	-18.184597482986863
3.9609795887525004e8	3283.643739889113	-18.210037951482178
3.9804795887525004e8	3279.570627632932	-18.23547841997749
3.9999795887525004e8	3275.5025677651174	-18.260918888472805
4.0194795887525004e8	3271.4395540185697	-18.28635935696812
4.0389795887525004e8	3267.381580133955	-18.31179982546343
4.0584795887525004e8	3263.328639859712	-18.337240293958747
4.0779795887525004e8	3259.280726952014	-18.362680762454062
4.0974795887525004e8	3255.237835174799	-18.388121230949373
4.1169795887525004e8	3251.063635760841	-18.413828387018462
4.1364795887525004e8	3246.882365854631	-18.439559878097523
4.1559795887525004e8	3242.706473578633	-18.46529136917658
4.1754795887525004e8	3238.5359520165493	-18.49102286025564
4.1949795887525004e8	3234.3707942609835	-18.516754351334697
4.2144795887525004e8	3230.2109934134055	-18.542485842413754
4.2339795887525004e8	3226.056542584175	-18.56821733349281
4.2534795887525004e8	3221.9074348925064	-18.59394882457187
4.2729795887525004e8	3217.76366346647	-18.619680315650925
4.2924795887525004e8	3213.651911537269	-18.64543845865982
4.3119795887525004e8	3210.149594100412	-18.67180063068269
4.3314795887525004e8	3206.6510935758297	-18.69816280270556
4.3509795887525004e8	3203.1564058037625	-18.724524974728432
4.3704795887525004e8	3199.665526628967	-18.750887146751303
4.3899795887525004e8	3196.1784519007456	-18.777249318774174
4.4094795887525004e8	3192.695177472923	-18.803611490797046
4.4289795887525004e8	3189.215699203827	-18.829973662819913
4.4484795887525004e8	3185.7400129563207	-18.85633583484279
4.4679795887525004e8	3182.2681145977544	-18.882698006865656
4.4874795887525004e8	3178.799999999998	-18.909060178888527
