-1.4516582888536745e8	8552.875510797074	-15.160879945986084
-1.4326082888536745e8	8509.971738162823	-15.165556614190976
-1.4135582888536745e8	8467.283183639012	-15.170233282395866
-1.3945082888536745e8	8424.808767627455	-15.174909950600759
-1.3754582888536745e8	8382.547415945539	-15.17958661880565
-1.3564082888536745e8	8340.498059799129	-15.184263287010541
-1.3373582888536745e8	8295.123101879639	-15.188652436793053
-1.3183082888536745e8	8246.10672786483	-15.192723600301097
-1.2992582888536745e8	8197.379994509001	-15.196794763809141
-1.2802082888536745e8	8148.941190308335	-15.200865927317189
-1.2611582888536745e8	8100.788613872374	-15.204937090825231
-1.2421082888536745e8	8050.058030372759	-15.208765777523036
-1.2230582888536745e8	7993.043747607788	-15.212031425019912
-1.2040082888536745e8	7936.433266706969	-15.215297072516787
-1.1849582888536745e8	7880.223727756317	-15.218562720013665
-1.1659082888536745e8	7824.4122910970555	-15.221828367510541
-1.1468582888536745e8	7761.82934371308	-15.224400123818027
-1.1278082888536745e8	7695.618834649727	-15.226568676912004
-1.1087582888536745e8	7629.973119182858	-15.22873723000598
-1.0897082888536745e8	7564.887379469967	-15.230905783099956
-1.0706582888536745e8	7496.5784373753695	-15.232652388806645
-1.0516082888536745e8	7420.054254483285	-15.233402857803181
-1.0325582888536745e8	7344.311221367225	-15.234153326799715
-1.0135082888536745e8	7269.341364142992	-15.234903795796248
-9.944582888536745e7	7193.8197639608425	-15.23554157318243
-9.754082888536745e7	7098.359254047078	-15.234384746986134
-9.563582888536745e7	7003.972599853929	-15.233205912906916
-9.373082888536745e7	6902.692295885634	-15.231084228546074
-9.182582888536745e7	6802.876546472011	-15.228962544185233
-8.992082888536745e7	6700.1993696012205	-15.22652583209123
-8.801582888536745e7	6598.20061904391	-15.2240243555643
-8.611082888536745e7	6498.663207600295	-15.221805218973959
-8.420582888536745e7	6402.359722669045	-15.220132536616205
-8.230082888536745e7	6307.483356040984	-15.218459854258452
-8.039582888536745e7	6218.711360595904	-15.217787514359458
-7.849082888536745e7	6140.981894912243	-15.219227524144943
-7.658582888536745e7	6064.223992223731	-15.220667533930428
-7.468082888536745e7	5988.425508684463	-15.222107543715914
-7.277582888536745e7	5923.66261077158	-15.22582701327567
-7.087082888536745e7	5867.484730932995	-15.231344780120075
-6.896582888536745e7	5811.839621846323	-15.236862546964478
-6.706082888536745e7	5756.722230905886	-15.24238031380888
-6.515582888536745e7	5702.71528169904	-15.24805655767816
-6.325082888536745e7	5658.023188242014	-15.256128372882872
-6.134582888536745e7	5613.681346045809	-15.264200188087583
-5.944082888536745e7	5569.687010196597	-15.272272003292295
-5.753582888536745e7	5526.037457292391	-15.280343818497009
-5.563082888536745e7	5482.729985274463	-15.288415633701723
-5.372582888536745e7	5444.894888679636	-15.298193766567685
-5.182082888536745e7	5407.546864548125	-15.308047505376466
-4.991582888536745e7	5370.455020735078	-15.317901244185247
-4.801082888536745e7	5333.61760002957	-15.327754982994026
-4.610582888536745e7	5297.032857273883	-15.337608721802807
-4.420082888536745e7	5262.06556682809	-15.348075369241908
-4.229582888536745e7	5228.591000176483	-15.359111622321548
-4.039082888536745e7	5195.329381576983	-15.370147875401187
-3.848582888536745e7	5162.279356363124	-15.381184128480829
-3.658082888536745e7	5129.4395784861335	-15.392220381560465
-3.467582888536745e7	5096.882215199376	-15.403303074369646
-3.2770828885367453e7	5065.78511050023	-15.415182744342601
-3.0865828885367453e7	5034.877735498533	-15.427062414315554
-2.8960828885367453e7	5004.158932615215	-15.438942084288511
-2.7055828885367453e7	4973.627551333802	-15.450821754261467
-2.5150828885367453e7	4943.282448157354	-15.46270142423442
-2.3245828885367453e7	4913.894678264201	-15.475128859755861
-2.1340828885367453e7	4884.907904327305	-15.487717758095592
-1.9435828885367453e7	4856.092121654619	-15.50030665643532
-1.7530828885367453e7	4827.446321578801	-15.512895554775051
-1.5625828885367453e7	4798.969501382579	-15.525484453114782
-1.3720828885367453e7	4771.457496151753	-15.538603005664706
-1.1815828885367453e7	4744.407384157409	-15.551924882108192
-9.910828885367453e6	4717.510623326616	-15.56524675855168
-8.005828885367453e6	4690.766344288521	-15.578568634995168
-6.100828885367453e6	4664.173682600843	-15.591890511438654
-4.195828885367453e6	4638.962029144518	-15.60585071680898
-2.290828885367453e6	4614.053099570667	-15.61989774037042
-385828.8853674531	4589.277918617437	-15.633944763931861
1.519171114632547e6	4564.635768120956	-15.647991787493302
3.424171114632547e6	4540.412397501999	-15.662185103408827
5.329171114632547e6	4517.590396702902	-15.677031784179093
7.234171114632547e6	4494.883108770135	-15.691878464949358
9.139171114632547e6	4472.2899571091375	-15.706725145719624
1.1044171114632547e7	4449.810368023545	-15.721571826489889
1.2949171114632547e7	4428.457335199745	-15.73688329762803
1.4854171114632547e7	4407.911295731426	-15.752519338878638
1.6759171114632547e7	4387.460580595235	-15.768155380129247
1.8664171114632547e7	4367.1047475293835	-15.783791421379854
2.0569171114632547e7	4346.910563263396	-15.79945802116633
2.2474171114632547e7	4328.53055723528	-15.8159105282069
2.4379171114632547e7	4310.228267234829	-15.832363035247464
2.6284171114632547e7	4292.003364656007	-15.848815542288037
2.8189171114632547e7	4273.855522282215	-15.865268049328604
3.0094171114632547e7	4256.658123874688	-15.882114058030488
3.1999171114632547e7	4240.402303471055	-15.899354475007115
3.390417111463255e7	4224.208562682293	-15.91659489198374
3.580917111463255e7	4208.076664431572	-15.933835308960369
3.771417111463255e7	4192.006372547411	-15.951075725936995
3.961917111463255e7	4177.534622740976	-15.969026988737845
4.152417111463255e7	4163.215414089657	-15.98702584404137
4.342917111463255e7	4148.945286955283	-16.005024699344894
4.533417111463255e7	4134.724073102634	-16.023023554648418
4.723917111463255e7	4121.081864867581	-16.04127921071819
4.914417111463255e7	4108.499507108667	-16.060027879734786
5.104917111463255e7	4095.9555654094097	-16.07877654875138
5.295417111463255e7	4083.4499224791102	-16.09752521776798
5.485917111463255e7	4070.982461385147	-16.116273886784576
5.676417111463255e7	4059.513172638759	-16.135484466384128
5.866917111463255e7	4048.4787150399743	-16.15488921338133
6.057417111463255e7	4037.474251001827	-16.174293960378538
6.247917111463255e7	4026.499698996647	-16.193698707375745
6.438417111463255e7	4015.571800164595	-16.21311209373659
6.628917111463255e7	4005.921411872916	-16.233167971756863
6.819417111463255e7	3996.294215793658	-16.253223849777132
7.009917111463255e7	3986.6901561903433	-16.2732797277974
7.200417111463255e7	3977.109177460422	-16.29333560581767
7.390917111463255e7	3967.847800828458	-16.31351059062413
7.581417111463255e7	3959.3789682685124	-16.333995884959105
7.771917111463255e7	3950.928211282166	-16.35448117929408
7.962417111463255e7	3942.4954912895546	-16.374966473629055
8.152917111463255e7	3934.0807697931623	-16.39545176796403
8.343417111463255e7	3926.109078007298	-16.416297451603178
8.533917111463255e7	3918.638466491251	-16.43755506085755
8.724417111463255e7	3911.182070076037	-16.458812670111925
8.914917111463255e7	3903.7398617131207	-16.480070279366302
9.105417111463255e7	3896.3118144054365	-16.50132788862068
9.295917111463255e7	3889.3690505785335	-16.522790562586668
9.486417111463255e7	3882.6652272513807	-16.544352016545986
9.676917111463255e7	3875.9729588182595	-16.565913470505308
9.867417111463255e7	3869.2922253628303	-16.587474924464622
1.0057917111463255e8	3862.6230070030815	-16.609036378423944
1.0248417111463255e8	3856.5756073434254	-16.630826914208022
1.0438917111463255e8	3850.6612229724287	-16.652663891165112
1.0629417111463255e8	3844.7559088093108	-16.674500868122202
1.0819917111463255e8	3838.85965094415	-16.69633784507929
1.1010417111463255e8	3832.972435488348	-16.71817482203638
1.1200917111463255e8	3827.6094984049973	-16.74038552435225
1.1391417111463255e8	3822.2888459345827	-16.76262148785737
1.1581917111463255e8	3816.9755895537505	-16.78485745136249
1.1772417111463255e8	3811.669718981391	-16.807093414867612
1.1962917111463255e8	3806.3873954327437	-16.829342670782527
1.2153417111463255e8	3801.47002738467	-16.851886284098818
1.2343917111463255e8	3796.5590119502517	-16.874429897415105
1.2534417111463255e8	3791.6543409227074	-16.896973510731396
1.2724917111463255e8	3786.7560061058834	-16.919517124047687
1.2915417111463255e8	3781.9241012281805	-16.94209775186798
1.3105917111463255e8	3777.437107684383	-16.964887255986895
1.3296417111463255e8	3772.955437650656	-16.987676760105813
1.3486917111463255e8	3768.479084811033	-17.010466264224732
1.3677417111463255e8	3764.0080428570204	-17.03325576834365
1.3867917111463255e8	3759.609942347486	-17.056088340855965
1.4058417111463255e8	3755.4099154445053	-17.079043905698136
1.4248917111463255e8	3751.2145805777345	-17.101999470540306
1.4439417111463255e8	3747.0239325054927	-17.124955035382477
1.4629917111463255e8	3742.8379659919533	-17.147910600224648
1.4820417111463255e8	3738.722638511068	-17.17099645985303
1.5010917111463255e8	3734.7244001331783	-17.19430490470983
1.5201417111463255e8	3730.73043752315	-17.217613349566633
1.5391917111463255e8	3726.740746108436	-17.240921794423436
1.5582417111463255e8	3722.7553213213564	-17.264230239280238
1.5772917111463255e8	3718.8629921232555	-17.287565255777945
1.5963417111463255e8	3715.052140975571	-17.31092345018748
1.6153917111463255e8	3711.2451949425545	-17.334281644597016
1.6344417111463255e8	3707.4421500225235	-17.357639839006556
1.6534917111463255e8	3703.6430022178483	-17.380998033416095
1.6725417111463255e8	3699.935736203424	-17.404350926263863
1.6915917111463255e8	3696.2700435376746	-17.42770153554645
1.7106417111463255e8	3692.6079826384484	-17.451052144829042
1.7296917111463255e8	3688.9495499075842	-17.47440275411163
1.7487417111463255e8	3685.2947417504924	-17.49775336339422
1.7677917111463255e8	3681.6477582415787	-17.521279060581527
1.7868417111463255e8	3678.0050417086654	-17.54483218747725
1.8058917111463255e8	3674.3659293727337	-17.56838531437298
1.8249417111463255e8	3670.730417667706	-17.591938441268702
1.8439917111463255e8	3667.097155902089	-17.615507305916815
1.8630417111463255e8	3663.4526316773477	-17.639249928036
1.8820917111463255e8	3659.8117295428547	-17.66299255015519
1.9011417111463255e8	3656.1744458988096	-17.68673517227438
1.9201917111463255e8	3652.5407771489886	-17.710477794393565
1.9392417111463255e8	3648.897565163559	-17.73427671944375
1.9582917111463255e8	3645.23413991949	-17.758177815531393
1.9773417111463255e8	3641.574392686184	-17.78207891161904
1.9963917111463255e8	3637.918319770994	-17.805980007706687
2.0154417111463255e8	3634.265917484959	-17.829881103794335
2.0344917111463255e8	3630.6044282645585	-17.853697273118954
2.0535417111463255e8	3626.9406478637234	-17.87747358133142
2.0725917111463255e8	3623.2805647224327	-17.901249889543884
2.0916417111463255e8	3619.6241751096154	-17.92502619775635
2.1106917111463255e8	3615.9701615336407	-17.948805623200734
2.1297417111463255e8	3612.153174324657	-17.972980905265413
2.1487917111463255e8	3608.340216294747	-17.997156187330088
2.1678417111463255e8	3604.531283190763	-18.021331469394763
2.1868917111463255e8	3600.726370764022	-18.04550675145944
2.2059417111463255e8	3596.898126930526	-18.069607571311145
2.2249917111463255e8	3593.039281524974	-18.09361388635709
2.2440417111463255e8	3589.1845759886533	-18.117620201403035
2.2630917111463255e8	3585.3340058801873	-18.14162651644898
2.2821417111463255e8	3581.4875667630004	-18.16563283149492
2.3011917111463255e8	3577.511882046389	-18.18974612230226
2.3202417111463255e8	3573.521259084886	-18.213874952242847
2.3392917111463255e8	3569.5350875611894	-18.238003782183434
2.3583417111463255e8	3565.5533625098274	-18.26213261212402
2.3773917111463255e8	3561.4957922506615	-18.286300474671
2.3964417111463255e8	3557.2991186306267	-18.31053829109061
2.4154917111463255e8	3553.107390143339	-18.334776107510223
2.4345417111463255e8	3548.9206009617233	-18.35901392392983
2.4535917111463255e8	3544.7387452655685	-18.38325174034944
2.4726417111463255e8	3540.742149202648	-18.4063512190565
2.4916917111463255e8	3536.7711887810474	-18.429317171396963
2.5107417111463255e8	3532.8046818118605	-18.452283123737423
2.5297917111463255e8	3528.8426233005175	-18.475249076077887
2.5488417111463255e8	3524.8850082580498	-18.49821502841835
2.5678917111463255e8	3520.931831701085	-18.521180980758814
2.5869417111463255e8	3516.9830886518384	-18.544146933099277
2.6059917111463255e8	3513.0387741381087	-18.567112885439737
2.6250417111463255e8	3509.098883193271	-18.590078837780197
2.6440917111463255e8	3504.970991863787	-18.61310401415065
2.6631417111463255e8	3500.6862402998713	-18.63617902572468
2.6821917111463255e8	3496.40672675249	-18.65925403729871
2.7012417111463255e8	3492.132444818256	-18.682329048872738
2.7202917111463255e8	3487.863388101647	-18.705404060446767
2.7393417111463255e8	3483.59955021496	-18.728479072020797
2.7583917111463255e8	3479.340924778262	-18.751554083594826
2.7774417111463255e8	3475.0875054194644	-18.774629095168855
2.7964917111463255e8	3470.839285774243	-18.797704106742884
2.8155417111463255e8	3466.4800790782906	-18.820839265966494
2.8345917111463255e8	3461.9151125748726	-18.844083926036014
2.8536417111463255e8	3457.3561576217026	-18.867328586105533
2.8726917111463255e8	3452.8032063022406	-18.890573246175055
2.8917417111463255e8	3448.256250710373	-18.913817906244574
2.9107917111463255e8	3443.715282950397	-18.937062566314097
2.9298417111463255e8	3439.180295137008	-18.960307226383616
2.9488917111463255e8	3434.651279395285	-18.983551886453135
2.9679417111463255e8	3430.128227860678	-19.006796546522654
2.9869917111463255e8	3425.5181228863885	-19.030069087785513
3.0060417111463255e8	3420.7051510516503	-19.053404386141487
3.0250917111463255e8	3415.8989416093655	-19.07673968449746
3.0441417111463255e8	3411.099485058126	-19.10007498285343
3.0631917111463255e8	3406.3067719098913	-19.123410281209406
3.0822417111463255e8	3401.520792689952	-19.146745579565376
3.1012917111463255e8	3396.7415379368936	-19.17008087792135
3.1203417111463255e8	3391.9689982026125	-19.193416176277324
3.1393917111463255e8	3387.2031640522805	-19.216751474633295
3.1584417111463255e8	3382.3458415608043	-19.24018427817387
3.1774917111463255e8	3377.2938003262534	-19.263817667081113
3.1965417111463255e8	3372.2493050736484	-19.28745105598835
3.2155917111463255e8	3367.212344531921	-19.311084444895588
3.2346417111463255e8	3362.1829074468615	-19.334717833802827
3.2536917111463255e8	3357.160982581045	-19.358351222710066
3.2727417111463255e8	3352.1465587138637	-19.381984611617305
3.2917917111463255e8	3347.1396246414256	-19.405618000524544
3.3108417111463255e8	3342.14016917661	-19.429251389431784
3.3298917111463255e8	3337.0372996496553	-19.452916612765833
3.3489417111463255e8	3331.7962079354575	-19.476623822722992
3.3679917111463255e8	3326.563347787134	-19.500331032680148
3.3870417111463255e8	3321.3387062763327	-19.524038242637303
3.4060917111463255e8	3316.122270495008	-19.547745452594462
3.4251417111463255e8	3310.914027555379	-19.571452662551618
3.4441917111463255e8	3305.7139645899206	-19.595159872508773
3.4632417111463255e8	3300.5220687513156	-19.61886708246593
3.4822917111463255e8	3295.338327212414	-19.642574292423088
3.5013417111463255e8	3290.055070649403	-19.66643083978079
3.5203917111463255e8	3284.659623099368	-19.69045503903232
3.5394417111463255e8	3279.2730236852035	-19.714479238283847
3.5584917111463255e8	3273.895257896607	-19.738503437535375
3.5775417111463255e8	3268.5263112470902	-19.762527636786903
3.5965917111463255e8	3263.166169273916	-19.786551836038427
3.6156417111463255e8	3257.8148175380707	-19.81057603528996
3.6346917111463255e8	3252.472241624202	-19.834600234541487
3.6537417111463255e8	3247.1384271406214	-19.85862443379302
3.6727917111463255e8	3241.744254295986	-19.88274190185387
3.6918417111463255e8	3236.27417286011	-19.906974108103583
3.7108917111463255e8	3230.813321575822	-19.931206314353297
3.7299417111463255e8	3225.3616848682896	-19.95543852060301
3.7489917111463255e8	3219.919247188938	-19.979670726852724
3.7680417111463255e8	3214.4859930154335	-20.00390293310244
3.7870917111463255e8	3209.061906851636	-20.028135139352155
3.8061417111463255e8	3203.646973227553	-20.052367345601866
3.8251917111463255e8	3198.241176699296	-20.07659955185158
3.8442417111463255e8	3192.8043938487667	-20.10093354897154
3.8632917111463255e8	3187.244899516876	-20.125603013058985
3.8823417111463255e8	3181.695085695726	-20.150272477146427
3.9013917111463255e8	3176.154935529055	-20.17494194123387
3.9204417111463255e8	3170.624432189953	-20.199611405321313
3.9394917111463255e8	3165.1035588808045	-20.22428086940876
3.9585417111463255e8	3159.592298833265	-20.248950333496204
3.9775917111463255e8	3154.0906353081496	-20.27361979758365
3.9966417111463255e8	3148.598551595464	-20.298289261671094
4.0156917111463255e8	3143.1160310142673	-20.322958725758536
4.0347417111463255e8	3138.037995700655	-20.348092278404938
4.0537917111463255e8	3133.069084634141	-20.373344603806935
4.0728417111463255e8	3128.1080415657907	-20.39859692920893
4.0918917111463255e8	3123.1548540370654	-20.42384925461093
4.1109417111463255e8	3118.209509609144	-20.44910158001293
4.1299917111463255e8	3113.271995862901	-20.474353905414922
4.1490417111463255e8	3108.342300398892	-20.499606230816923
4.1680917111463255e8	3103.4204108372846	-20.524858556218923
4.1871417111463255e8	3098.506314817867	-20.55011088162092
4.2061917111463255e8	3093.599999999997	-20.575363207022917
