-1.984279732336526e8	6708.234209064543	-13.865298152210936
-1.945429732336526e8	6676.273543822098	-13.868800870471368
-1.906579732336526e8	6644.465151754814	-13.8723035887318
-1.867729732336526e8	6612.808307373427	-13.875806306992231
-1.828879732336526e8	6581.3022886451545	-13.87930902525266
-1.790029732336526e8	6549.9463769772965	-13.882811743513091
-1.751179732336526e8	6518.7398572008005	-13.886314461773523
-1.712329732336526e8	6487.256812510128	-13.889810524331935
-1.673479732336526e8	6454.273067726494	-13.893280586770375
-1.634629732336526e8	6421.457025170711	-13.896750649208816
-1.595779732336526e8	6388.807832179186	-13.900220711647258
-1.556929732336526e8	6356.324640423633	-13.903690774085698
-1.518079732336526e8	6324.006605889035	-13.90716083652414
-1.479229732336526e8	6291.852888851606	-13.910630898962578
-1.440379732336526e8	6258.3632112913765	-13.91406392584152
-1.401529732336526e8	6224.607872195454	-13.917485927777207
-1.362679732336526e8	6191.034597143905	-13.920907929712893
-1.3238297323365259e8	6157.642404149395	-13.924329931648579
-1.2849797323365259e8	6124.430316521037	-13.927751933584265
-1.2461297323365259e8	6091.397362835884	-13.931173935519952
-1.2072797323365259e8	6056.827802071506	-13.934548312759219
-1.1684297323365259e8	6022.074779636973	-13.937912083936604
-1.1295797323365259e8	5987.52116398894	-13.941275855113988
-1.0907297323365259e8	5953.165810965996	-13.944639626291373
-1.0518797323365259e8	5919.007582971768	-13.948003397468758
-1.0130297323365259e8	5884.435052574052	-13.951341490098065
-9.741797323365259e7	5848.759160516909	-13.954624329927341
-9.353297323365259e7	5813.299562677077	-13.95790716975662
-8.964797323365259e7	5778.054947715581	-13.961190009585895
-8.576297323365259e7	5743.0240122437435	-13.964472849415174
-8.187797323365259e7	5707.326454927989	-13.96775081913451
-7.799297323365259e7	5668.565921461887	-13.971010468589412
-7.410797323365259e7	5630.068624901278	-13.974270118044313
-7.022297323365259e7	5590.8806195149755	-13.977454350735716
-6.633797323365259e7	5551.871378318506	-13.980631084896597
-6.245297323365259e7	5512.281801544062	-13.98376486487313
-5.856797323365259e7	5472.5693270785305	-13.986878079495849
-5.468297323365259e7	5432.627149987143	-13.989957363110497
-5.079797323365259e7	5392.4788171208675	-13.993003664388132
-4.691297323365259e7	5352.224056226293	-13.996028358496929
-4.302797323365259e7	5311.641759957036	-13.99901913459761
-3.914297323365259e7	5271.023872675449	-14.001987892167602
-3.525797323365259e7	5229.9740724314315	-14.00490865426276
-3.137297323365259e7	5189.0533189692	-14.00781859333959
-2.748797323365259e7	5147.947082868963	-14.01069959713255
-2.360297323365259e7	5107.025953456252	-14.013584898538163
-1.971797323365259e7	5065.998937550784	-14.016483492562188
-1.5832973233652592e7	5025.205707516558	-14.01938464014601
-1.1947973233652592e7	4984.397826400759	-14.022295008388632
-8.062973233652592e6	4943.905278979663	-14.025217626623732
-4.1779732336525917e6	4903.665573188457	-14.028198805862518
-292973.2336525917	4863.773107160398	-14.031193362521964
3.5920267663474083e6	4824.411263514688	-14.034328876446049
7.477026766347408e6	4785.367969830304	-14.03746439037013
1.1362026766347408e7	4747.522928665249	-14.040843096700566
1.5247026766347408e7	4710.041690857121	-14.044239723507221
1.913202676634741e7	4673.872771062845	-14.047931115737367
2.301702676634741e7	4638.4807441699495	-14.051768360933869
2.690202676634741e7	4604.0259493934955	-14.055784644115295
3.078702676634741e7	4571.6804390957495	-14.060300322794653
3.467202676634741e7	4539.562171660639	-14.064816001474009
3.855702676634741e7	4509.9138730686955	-14.069953361165839
4.244202676634741e7	4481.559795091992	-14.07539747481616
4.632702676634741e7	4453.383980771875	-14.080841588466475
5.021202676634741e7	4428.452508000797	-14.08719904099822
5.409702676634741e7	4404.194997076522	-14.093716452154386
5.798202676634741e7	4380.070360296245	-14.100233863310551
6.186702676634741e7	4358.571155576357	-14.107550130961357
6.575202676634741e7	4337.8078882342015	-14.115069307555325
6.963702676634741e7	4317.1435324975555	-14.122588484149295
7.352202676634741e7	4297.804388312074	-14.130529604831809
7.740702676634741e7	4279.785032295134	-14.13889665208518
8.129202676634741e7	4261.8412258290655	-14.147263699338552
8.517702676634741e7	4243.972652158117	-14.155630746591925
8.906202676634741e7	4227.955528923837	-14.164640639657772
9.294702676634741e7	4212.101001679392	-14.173687626444183
9.683202676634741e7	4196.305927764676	-14.182734613230595
1.0071702676634741e8	4180.719925235704	-14.19185094046945
1.0460202676634741e8	4166.324302279774	-14.201493211736533
1.0848702676634741e8	4151.978248289005	-14.21113548300362
1.1237202676634741e8	4137.681592580785	-14.220777754270703
1.1625702676634741e8	4123.434165060249	-14.230420025537788
1.2014202676634741e8	4110.451467134865	-14.240421006281666
1.2402702676634741e8	4097.521187592735	-14.250425403029308
1.2791202676634741e8	4084.631582932763	-14.260429799776947
1.3179702676634741e8	4071.782525203658	-14.27043419652459
1.356820267663474e8	4059.3138646180637	-14.280654634636049
1.395670267663474e8	4047.3293896844343	-14.291159332223462
1.434520267663474e8	4035.3802969962417	-14.301664029810876
1.473370267663474e8	4023.4664820930516	-14.31216872739829
1.512220267663474e8	4011.58784082286	-14.322673424985702
1.551070267663474e8	3999.9466380980525	-14.333434912957983
1.589920267663474e8	3988.639522436481	-14.344578550514813
1.628770267663474e8	3977.364369917473	-14.355722188071645
1.667620267663474e8	3966.1210901870577	-14.366865825628475
1.706470267663474e8	3954.9095931467346	-14.378009463185306
1.745320267663474e8	3943.7297889526453	-14.389153100742138
1.784170267663474e8	3934.038792136408	-14.39963345086198
1.823020267663474e8	3924.7551972769015	-14.4099388109346
1.861870267663474e8	3915.493509962806	-14.420244171007216
1.900720267663474e8	3906.253678496431	-14.430549531079834
1.939570267663474e8	3897.035651302061	-14.440854891152451
1.978420267663474e8	3887.839376925698	-14.451160251225069
2.017270267663474e8	3878.6648040347645	-14.461465611297687
2.056120267663474e8	3871.0772541360893	-14.472982201932071
2.094970267663474e8	3868.7888035751125	-14.488591952315442
2.133820267663474e8	3866.501705869071	-14.504201702698811
2.172670267663474e8	3864.215960218203	-14.51981145308218
2.211520267663474e8	3861.931565823212	-14.53542120346555
2.250370267663474e8	3859.6485218852954	-14.551030953848917
2.289220267663474e8	3857.3668276060935	-14.566640704232285
2.328070267663474e8	3855.0864821877485	-14.582250454615655
2.366920267663474e8	3852.2762622430273	-14.597062237945162
2.405770267663474e8	3849.4471601182377	-14.61184255534123
2.444620267663474e8	3846.6201356790325	-14.6266228727373
2.483470267663474e8	3843.7951873995517	-14.641403190133367
2.522320267663474e8	3840.9723137550823	-14.65618350752944
2.561170267663474e8	3838.15151322201	-14.670963824925508
2.600020267663474e8	3835.332784277847	-14.685744142321578
2.638870267663474e8	3832.649324900588	-14.70069313632909
2.677720267663474e8	3830.3128159915536	-14.716079390622246
2.716570267663474e8	3827.977731495098	-14.731465644915403
2.755420267663474e8	3825.644070542839	-14.746851899208558
2.794270267663474e8	3823.31183226695	-14.762238153501714
2.833120267663474e8	3820.9810158001083	-14.777624407794871
2.871970267663474e8	3818.6516202755456	-14.793010662088026
2.910820267663474e8	3816.323644826995	-14.808396916381184
2.949670267663474e8	3814.1920005928737	-14.823872391512277
2.988520267663474e8	3812.277620591447	-14.839446824122923
3.027370267663474e8	3810.3642014359384	-14.855021256733568
3.066220267663474e8	3808.451742644084	-14.870595689344215
3.105070267663474e8	3806.5402437338666	-14.886170121954862
3.143920267663474e8	3804.629704223507	-14.901744554565507
3.182770267663474e8	3802.720123631486	-14.917318987176154
3.221620267663474e8	3800.8115014765062	-14.9328934197868
3.260470267663474e8	3799.0440508718684	-14.948524770970527
3.299320267663474e8	3797.4730391274024	-14.964235564707202
3.338170267663474e8	3795.9026770405594	-14.979946358443875
3.377020267663474e8	3794.3329643426805	-14.995657152180552
3.415870267663474e8	3792.763900765225	-15.011367945917225
3.454720267663474e8	3791.195486039764	-15.027078739653902
3.493570267663474e8	3789.6277198979715	-15.042789533390577
3.532420267663474e8	3788.0606020716605	-15.05850032712725
3.571270267663474e8	3786.5294345573243	-15.074225634808956
3.610120267663474e8	3785.23206819409	-15.090046846895927
3.648970267663474e8	3783.935146343307	-15.1058680589829
3.687820267663474e8	3782.638668852681	-15.121689271069872
3.726670267663474e8	3781.3426355699403	-15.137510483156845
3.765520267663474e8	3780.047046342922	-15.153331695243818
3.804370267663474e8	3778.751901019447	-15.16915290733079
3.843220267663474e8	3777.4571994474354	-15.184974119417765
3.882070267663474e8	3776.162941474853	-15.200795331504738
3.920920267663474e8	3775.012246548266	-15.21663724661364
3.959770267663474e8	3773.941609288409	-15.232490694947092
3.998620267663474e8	3772.8712756737036	-15.248344143280544
4.037470267663474e8	3771.80124561802	-15.264197591613998
4.076320267663474e8	3770.731519035278	-15.28005103994745
4.115170267663474e8	3769.662095839396	-15.295904488280904
4.154020267663474e8	3768.5929759443434	-15.311757936614358
4.192870267663474e8	3767.5241592640873	-15.327611384947808
4.231720267663474e8	3766.455645712646	-15.343464833281262
4.270570267663474e8	3765.555317863119	-15.359340205636165
4.309420267663474e8	3764.6644279571096	-15.375216782659443
4.348270267663474e8	3763.773748826075	-15.391093359682724
4.387120267663474e8	3762.883280420147	-15.406969936706002
4.425970267663474e8	3761.9930226894708	-15.422846513729283
4.464820267663474e8	3761.102975584203	-15.43872309075256
4.503670267663474e8	3760.2131390545183	-15.45459966777584
4.542520267663474e8	3759.323513050583	-15.47047624479912
4.581370267663474e8	3758.44577367465	-15.486354626426193
4.620220267663474e8	3757.7140954032275	-15.50225555559656
4.659070267663474e8	3756.9825595718326	-15.51815648476693
4.697920267663474e8	3756.2511661527215	-15.534057413937298
4.736770267663474e8	3755.5199151181773	-15.549958343107665
4.775620267663474e8	3754.7888064404874	-15.565859272278033
4.814470267663474e8	3754.0578400919317	-15.5817602014484
4.853320267663474e8	3753.327016044796	-15.59766113061877
4.892170267663474e8	3752.596334271384	-15.613562059789137
4.931020267663474e8	3751.8703185764666	-15.629463537289245
4.969870267663474e8	3751.2365117703703	-15.645376176337788
5.008720267663474e8	3750.6028120338174	-15.661288815386332
5.047570267663474e8	3749.969219348734	-15.677201454434876
5.086420267663474e8	3749.335733697029	-15.69311409348342
5.125270267663474e8	3748.7023550606214	-15.709026732531964
5.164120267663474e8	3748.0690834214333	-15.724939371580511
5.202970267663474e8	3747.4359187613886	-15.740852010629053
5.241820267663474e8	3746.8028610624096	-15.756764649677597
5.280670267663474e8	3746.16991030644	-15.772677288726141
5.319520267663474e8	3745.631623468931	-15.788519675965867
5.358370267663474e8	3745.105154429791	-15.804353339421315
5.397220267663474e8	3744.5787593887585	-15.82018700287676
5.436070267663474e8	3744.0524383354314	-15.83602066633221
5.474920267663474e8	3743.526191259418	-15.851854329787656
5.513770267663474e8	3743.000018150306	-15.867687993243106
5.552620267663474e8	3742.4739189977136	-15.883521656698555
5.591470267663474e8	3741.9478937912313	-15.899355320154
5.630320267663474e8	3741.4219425204733	-15.915188983609447
5.669170267663474e8	3740.935904541312	-15.931014966289712
5.708020267663474e8	3740.479016072172	-15.946835340626816
5.746870267663474e8	3740.0221834038	-15.962655714963919
5.785720267663474e8	3739.5654065293747	-15.978476089301019
5.824570267663474e8	3739.1086854420823	-15.994296463638122
5.863420267663474e8	3738.6520201351022	-16.010116837975225
5.902270267663474e8	3738.1954106016415	-16.025937212312325
5.941120267663474e8	3737.7388568348692	-16.041757586649428
5.979970267663474e8	3737.2823588279743	-16.05757796098653
6.018820267663474e8	3736.834991359589	-16.073395235190052
6.057670267663474e8	3736.434506042003	-16.08919650998424
6.096520267663474e8	3736.0340636453616	-16.10499778477843
6.135370267663474e8	3735.6336641650655	-16.12079905957262
6.174220267663474e8	3735.233307596509	-16.136600334366808
6.213070267663474e8	3734.8329939351056	-16.152401609160997
6.251920267663474e8	3734.4327231762504	-16.168202883955185
6.290770267663474e8	3734.032495315339	-16.184004158749374
6.329620267663474e8	3733.632310347787	-16.199805433543567
6.368470267663474e8	3733.2321682689912	-16.215606708337752
6.407320267663474e8	3732.861979008166	-16.231380193124693
6.446170267663474e8	3732.506578630899	-16.247139970048984
6.485020267663474e8	3732.1512120907937	-16.26289974697327
6.523870267663474e8	3731.795879384615	-16.27865952389756
6.562720267663474e8	3731.4405805091546	-16.29441930082185
6.601570267663474e8	3731.085315461178	-16.310179077746135
6.640420267663474e8	3730.730084237479	-16.325938854670426
6.679270267663474e8	3730.374886834829	-16.341698631594717
6.718120267663474e8	3730.0197232500022	-16.357458408519
6.756970267663474e8	3729.6657926856174	-16.373216178910834
6.795820267663474e8	3729.322723088093	-16.388955831042686
6.834670267663474e8	3728.9796850474845	-16.404695483174542
6.873520267663474e8	3728.6366785608884	-16.420435135306395
6.912370267663474e8	3728.293703625403	-16.43617478743825
6.951220267663474e8	3727.950760238126	-16.451914439570103
6.990070267663474e8	3727.607848396155	-16.46765409170196
7.028920267663474e8	3727.2649680965887	-16.483393743833812
7.067770267663474e8	3726.922119336526	-16.499133395965668
7.106620267663474e8	3726.5793021130717	-16.51487304809752
7.145470267663474e8	3726.3851052654304	-16.530640924485642
7.184320267663474e8	3726.353875538648	-16.546439754662114
7.223170267663474e8	3726.3226460735928	-16.562238584838585
7.262020267663474e8	3726.2914168702687	-16.578037415015057
7.300870267663474e8	3726.2601879286613	-16.593836245191532
7.339720267663474e8	3726.2289592487737	-16.609635075368004
7.378570267663474e8	3726.197730830605	-16.625433905544476
7.417420267663474e8	3726.166502674152	-16.641232735720948
7.456270267663474e8	3726.135274779413	-16.65703156589742
7.495120267663474e8	3726.1040471463857	-16.672830396073895
7.533970267663474e8	3725.7115967566765	-16.687505048864896
7.572820267663474e8	3725.2654103348873	-16.702012311894
7.611670267663474e8	3724.819277347809	-16.716519574923105
7.650520267663474e8	3724.373197789043	-16.731026837952207
7.689370267663474e8	3723.92717165219	-16.74553410098131
7.728220267663474e8	3723.481198930846	-16.760041364010416
7.767070267663474e8	3723.0352796186276	-16.774548627039522
7.805920267663474e8	3722.5894137091313	-16.789055890068624
7.844770267663474e8	3722.1436011959618	-16.80356315309773
7.883620267663474e8	3721.697842072725	-16.818070416126833
7.922470267663474e8	3721.2521363330266	-16.83257767915594
7.961320267663474e8	3720.8064839704734	-16.84708494218504
8.000170267663474e8	3720.3608849786733	-16.861592205214148
8.039020267663474e8	3719.9153393512343	-16.87609946824325
8.077870267663474e8	3719.4698470817657	-16.890606731272356
8.116720267663474e8	3719.0244081638775	-16.905113994301463
8.155570267663474e8	3718.5790225911737	-16.919621257330565
8.194420267663474e8	3718.133690357279	-16.934128520359668
8.233270267663474e8	3717.6884114557993	-16.948635783388774
8.272120267663474e8	3717.243185880347	-16.96314304641788
8.310970267663474e8	3716.8335962156752	-16.977679361883027
8.349820267663474e8	3716.543769842687	-16.99231343343328
8.388670267663474e8	3716.253966069413	-17.006947504983536
8.427520267663474e8	3715.9641848940705	-17.02158157653379
8.466370267663474e8	3715.674426314904	-17.036215648084042
8.505220267663474e8	3715.384690330152	-17.050849719634297
8.544070267663474e8	3715.0949769380522	-17.06548379118455
8.582920267663474e8	3714.80528613685	-17.080117862734802
8.621770267663474e8	3714.515617924764	-17.094751934285057
8.660620267663474e8	3714.2259723000584	-17.10938600583531
8.699470267663474e8	3713.9363492609527	-17.124020077385566
8.738320267663474e8	3713.646748805693	-17.13865414893582
8.777170267663474e8	3713.3571709325165	-17.153288220486072
8.816020267663474e8	3713.067615639664	-17.167922292036327
8.854870267663474e8	3712.7780829253743	-17.182556363586578
8.893720267663474e8	3712.4885727878864	-17.197190435136832
8.932570267663474e8	3712.1990852254403	-17.211824506687087
8.971420267663474e8	3711.909620236282	-17.22645857823734
9.010270267663474e8	3711.6201778186382	-17.241092649787596
9.049120267663474e8	3711.3307579707557	-17.255726721337847
9.087970267663474e8	3711.0413606908737	-17.270360792888102
9.126820267663474e8	3710.729515629383	-17.284961075888564
9.165670267663474e8	3710.3962392494727	-17.299529090415895
9.204520267663474e8	3710.0629928025296	-17.314097104943226
9.243370267663474e8	3709.7297762858657	-17.32866511947056
9.282220267663474e8	3709.3965896967925	-17.34323313399789
9.321070267663474e8	3709.0634330326156	-17.357801148525226
9.359920267663474e8	3708.7303062906603	-17.372369163052557
9.398770267663474e8	3708.3972094682326	-17.386937177579888
9.437620267663474e8	3708.0641425626454	-17.401505192107223
9.476470267663474e8	3707.7311055712057	-17.416073206634554
9.515320267663474e8	3707.3980984912387	-17.43064122116189
9.554170267663474e8	3707.0651213200526	-17.44520923568922
9.593020267663474e8	3706.7321740549605	-17.459777250216554
9.631870267663474e8	3706.3992566932766	-17.474345264743885
9.670720267663474e8	3706.0663692323083	-17.488913279271216
9.709570267663474e8	3705.7335116693835	-17.50348129379855
9.748420267663474e8	3705.4006840018105	-17.51804930832588
9.787270267663474e8	3705.067886226904	-17.532617322853213
9.826120267663474e8	3704.735118341973	-17.547185337380547
9.864970267663474e8	3704.402380344345	-17.56175335190788
9.903820267663474e8	3704.069672231331	-17.576321366435213
9.942670267663474e8	3703.692520920538	-17.590920962210117
9.981520267663474e8	3703.303628582445	-17.605528923714996
1.0020370267663474e9	3702.9147770785266	-17.62013688521987
1.0059220267663474e9	3702.525966404508	-17.634744846724747
1.0098070267663474e9	3702.137196556089	-17.649352808229622
1.0136920267663474e9	3701.7484675289957	-17.6639607697345
1.0175770267663474e9	3701.359779318929	-17.678568731239377
1.0214620267663474e9	3700.97113192161	-17.693176692744252
1.0253470267663474e9	3700.5825253327594	-17.707784654249128
1.0292320267663474e9	3700.1939595480853	-17.722392615754003
1.0331170267663474e9	3699.8054345632972	-17.737000577258883
1.0370020267663474e9	3699.4169503741246	-17.751608538763755
1.0408870267663474e9	3699.02850697627	-17.766216500268634
1.0447720267663474e9	3698.6401043654632	-17.78082446177351
1.0486570267663474e9	3698.251742537416	-17.795432423278385
1.0525420267663474e9	3697.8634214878384	-17.810040384783264
1.0564270267663474e9	3697.4751412124624	-17.82464834628814
1.0603120267663474e9	3697.0869017069936	-17.839256307793015
1.0641970267663474e9	3696.698702967164	-17.853864269297894
1.0680820267663474e9	3696.3105449886802	-17.86847223080277
1.0719670267663474e9	3695.907966493595	-17.883034337924748
1.0758520267663474e9	3695.447548925976	-17.89741288579243
1.0797370267663474e9	3694.9871887148483	-17.911791433660106
1.0836220267663474e9	3694.526885853073	-17.92616998152779
1.0875070267663474e9	3694.0666403335126	-17.940548529395468
1.0913920267663474e9	3693.6064521490166	-17.95492707726315
1.0952770267663474e9	3693.146321292437	-17.96930562513083
1.0991620267663474e9	3692.6862477566438	-17.983684172998508
1.1030470267663474e9	3692.226231534484	-17.998062720866187
1.1069320267663474e9	3691.7662726188314	-18.01244126873387
1.1108170267663474e9	3691.3063710025394	-18.02681981660155
1.1147020267663474e9	3690.8465266784638	-18.04119836446923
1.1185870267663474e9	3690.3867396394744	-18.05557691233691
1.1224720267663474e9	3689.927009878441	-18.06995546020459
1.1263570267663474e9	3689.467337388215	-18.08433400807227
1.1302420267663474e9	3689.0077221616757	-18.09871255593995
1.1341270267663474e9	3688.5481641916754	-18.11309110380763
1.1380120267663474e9	3688.0886634710887	-18.12746965167531
1.1418970267663474e9	3687.6292199927902	-18.14184819954299
1.1457820267663474e9	3687.169833749642	-18.156226747410674
1.1496670267663474e9	3686.7105047345076	-18.17060529527835
1.1535520267663474e9	3686.2206969166423	-18.18504762029216
1.1574370267663474e9	3685.6672330212114	-18.1996230518709
1.1613220267663474e9	3685.1138522250535	-18.21419848344964
1.1652070267663474e9	3684.5605545156977	-18.228773915028384
1.1690920267663474e9	3684.00733988067	-18.243349346607125
1.1729770267663474e9	3683.454208307496	-18.257924778185867
1.1768620267663474e9	3682.9011597837057	-18.27250020976461
1.1807470267663474e9	3682.3481942968356	-18.28707564134335
1.1846320267663474e9	3681.7953118344053	-18.301651072922095
1.1885170267663474e9	3681.2425123839557	-18.31622650450084
1.1924020267663474e9	3680.689795933023	-18.33080193607958
1.1962870267663474e9	3680.137162469146	-18.34537736765832
1.2001720267663474e9	3679.58461197987	-18.359952799237064
1.2040570267663474e9	3679.0321444527244	-18.374528230815805
1.2079420267663474e9	3678.4797598752593	-18.389103662394547
1.2118270267663474e9	3677.927458235021	-18.403679093973288
1.2157120267663474e9	3677.375239519556	-18.41825452555203
1.2195970267663474e9	3676.823103716414	-18.43282995713077
1.2234820267663474e9	3676.2710508131468	-18.447405388709516
1.2273670267663474e9	3675.719080797307	-18.461980820288254
1.2312520267663474e9	3675.1671936564558	-18.476556251867
1.2351370267663474e9	3674.543124023112	-18.491056488195895
1.2390220267663474e9	3673.8877541044553	-18.50552403893524
1.2429070267663474e9	3673.2325010737322	-18.519991589674582
1.2467920267663474e9	3672.5773649100893	-18.53445914041393
1.2506770267663474e9	3671.922345592683	-18.548926691153277
1.2545620267663474e9	3671.2674431006726	-18.56339424189262
1.2584470267663474e9	3670.6126574132227	-18.577861792631964
1.2623320267663474e9	3669.9579885095	-18.59232934337131
1.2662170267663474e9	3669.3034363686756	-18.60679689411066
1.2701020267663474e9	3668.649000969925	-18.62126444485
1.2739870267663474e9	3667.99468229242	-18.635731995589346
1.2778720267663474e9	3667.340480315362	-18.650199546328693
1.2817570267663474e9	3666.686395017918	-18.664667097068037
1.2856420267663474e9	3666.032426379284	-18.679134647807384
1.2895270267663474e9	3665.378574378647	-18.693602198546728
1.2934120267663474e9	3664.724838995217	-18.708069749286075
1.2972970267663474e9	3664.071220208188	-18.72253730002542
1.3011820267663474e9	3663.4177179967655	-18.737004850764762
1.3050670267663474e9	3662.764332340157	-18.75147240150411
1.3089520267663474e9	3662.111063217575	-18.765939952243453
1.3128370267663474e9	3661.4579106082347	-18.7804075029828
1.3167220267663474e9	3660.7113212502713	-18.79475480493775
1.3206070267663474e9	3659.9350563939124	-18.809063759312245
1.3244920267663474e9	3659.1589561468472	-18.823372713686744
1.3283770267663474e9	3658.383020474169	-18.83768166806124
1.3322620267663474e9	3657.6072493409924	-18.851990622435736
1.3361470267663474e9	3656.83164271242	-18.866299576810235
1.3400320267663474e9	3656.0562005535685	-18.88060853118473
1.3439170267663474e9	3655.2809228295614	-18.89491748555923
1.3478020267663474e9	3654.5058095055233	-18.909226439933725
1.3516870267663474e9	3653.7308605466114	-18.923535394308225
1.3555720267663474e9	3652.9560759179467	-18.937844348682717
1.3594570267663474e9	3652.181455584702	-18.952153303057216
1.3633420267663474e9	3651.40699951203	-18.96646225743171
1.3672270267663474e9	3650.6327076651	-18.980771211806214
1.3711120267663474e9	3649.8585800090877	-18.995080166180706
1.3749970267663474e9	3649.084616509175	-19.009389120555205
1.3788820267663474e9	3648.310817130546	-19.0236980749297
1.3827670267663474e9	3647.5371818384115	-19.038007029304197
1.3866520267663474e9	3646.7637105979693	-19.052315983678696
1.3905370267663474e9	3645.9904033744324	-19.066624938053195
1.3944220267663474e9	3645.217260133021	-19.080933892427687
1.3983070267663474e9	3644.417592070585	-19.095224408707338
1.4021920267663474e9	3643.512343322863	-19.10944184538632
1.4060770267663474e9	3642.607319432818	-19.123659282065304
1.4099620267663474e9	3641.7025203446156	-19.137876718744288
1.4138470267663474e9	3640.7979460023903	-19.15209415542327
1.4177320267663474e9	3639.893596350337	-19.166311592102257
1.4216170267663474e9	3638.9894713326366	-19.180529028781237
1.4255020267663474e9	3638.085570893493	-19.194746465460224
1.4293870267663474e9	3637.181894977121	-19.208963902139207
1.4332720267663474e9	3636.2784435277513	-19.223181338818193
1.4371570267663474e9	3635.3752164896277	-19.237398775497176
1.4410420267663474e9	3634.4722138070015	-19.25161621217616
1.4449270267663474e9	3633.5694354241573	-19.265833648855143
1.4488120267663474e9	3632.666881285374	-19.28005108553413
1.4526970267663474e9	3631.7645513349507	-19.29426852221311
1.4565820267663474e9	3630.862445517201	-19.308485958892092
1.4604670267663474e9	3629.9605637764516	-19.322703395571075
1.4643520267663474e9	3629.058906057037	-19.336920832250062
1.4682370267663474e9	3628.157472303324	-19.351138268929045
1.4721220267663474e9	3627.256262459676	-19.365355705608028
1.4760070267663474e9	3626.355276470473	-19.379573142287015
1.4798920267663474e9	3625.4545142801135	-19.393790578965998
1.4837770267663474e9	3624.553975833006	-19.40800801564498
1.4876620267663474e9	3623.6199243546976	-19.422388419633766
1.4915470267663474e9	3622.672862046172	-19.43683285290475
1.4954320267663474e9	3621.726047260017	-19.45127728617573
1.4993170267663474e9	3620.779479931553	-19.465721719446716
1.5032020267663474e9	3619.833159996099	-19.4801661527177
1.5070870267663474e9	3618.887087388996	-19.49461058598868
1.5109720267663474e9	3617.9412620456037	-19.509055019259666
1.5148570267663474e9	3616.9956839012975	-19.52349945253065
1.5187420267663474e9	3616.0503528914696	-19.537943885801635
1.5226270267663474e9	3615.1052689515295	-19.55238831907262
1.5265120267663474e9	3614.1604320168976	-19.5668327523436
1.5303970267663474e9	3613.215842023029	-19.581277185614585
1.5342820267663474e9	3612.271498905378	-19.59572161888557
1.5381670267663474e9	3611.327402599415	-19.610166052156554
1.5420520267663474e9	3610.3835530406463	-19.624610485427535
1.5459370267663474e9	3609.439950164576	-19.63905491869852
1.5498220267663474e9	3608.496593906733	-19.653499351969508
1.5537070267663474e9	3607.5534842026595	-19.66794378524049
1.5575920267663474e9	3606.610620987918	-19.682388218511473
1.5614770267663474e9	3605.6680041980862	-19.696832651782458
1.5653620267663474e9	3604.7256337687527	-19.711277085053442
1.5692470267663474e9	3603.783509635542	-19.725721518324423
1.5731320267663474e9	3602.8416317340757	-19.74016595159541
1.5770170267663474e9	3601.9	-19.754610384866393
