-1.9070222200907135e8	7150.478285225327	-14.339718274027248
-1.8686722200907135e8	7117.06315378608	-14.34271218928739
-1.8303222200907135e8	7083.804175678747	-14.345706104547535
-1.7919722200907135e8	7050.700621178151	-14.348700019807676
-1.7536222200907135e8	7017.7517639692205	-14.351693935067818
-1.7152722200907135e8	6984.956881131011	-14.354687850327961
-1.6769222200907135e8	6952.315253120933	-14.357681765588104
-1.6385722200907135e8	6919.819486382762	-14.360675311644957
-1.6002222200907135e8	6884.565282998951	-14.363507151057906
-1.5618722200907135e8	6849.490688181329	-14.366338990470853
-1.5235222200907135e8	6814.594786883347	-14.3691708298838
-1.4851722200907135e8	6779.876668720334	-14.372002669296748
-1.4468222200907135e8	6745.33542794569	-14.374834508709696
-1.4084722200907135e8	6710.970163427345	-14.377666348122641
-1.3701222200907135e8	6675.288757559239	-14.380418789952616
-1.3317722200907135e8	6638.304839113151	-14.383091338091406
-1.2934222200907135e8	6601.525827192203	-14.385763886230198
-1.2550722200907135e8	6564.950586527723	-14.388436434368987
-1.2167222200907135e8	6528.577988140894	-14.391108982507777
-1.1783722200907135e8	6492.4069093079515	-14.393781530646566
-1.1400222200907135e8	6454.658794605234	-14.396339295383783
-1.1016722200907135e8	6415.749056271749	-14.398807327980197
-1.0633222200907135e8	6377.073872201384	-14.40127536057661
-1.0249722200907135e8	6338.631828462674	-14.403743393173025
-9.866222200907135e7	6300.421519647603	-14.406211425769438
-9.482722200907135e7	6261.976810448849	-14.408642052702618
-9.099222200907135e7	6221.0236835834585	-14.41085048921638
-8.715722200907135e7	6180.338388850128	-14.413058925730144
-8.332222200907135e7	6139.91917463533	-14.415267362243904
-7.948722200907135e7	6099.764300781036	-14.41747579875767
-7.565222200907135e7	6058.898655401079	-14.419631118111717
-7.181722200907135e7	6013.558687324101	-14.421525463685189
-6.798222200907135e7	5968.558007428391	-14.423419809258663
-6.414722200907135e7	5921.922762148725	-14.425112730694522
-6.031222200907135e7	5875.513721339151	-14.426791419575984
-5.647722200907135e7	5827.881244419843	-14.428298790389288
-5.264222200907135e7	5780.176710959957	-14.429756288176716
-4.880722200907135e7	5731.350036260318	-14.431076206305258
-4.497222200907135e7	5682.202846733019	-14.4323288770826
-4.113722200907135e7	5632.201505705181	-14.433429042832305
-3.730222200907135e7	5581.856042601021	-14.434434613299969
-3.346722200907135e7	5530.825469045202	-14.435318167127853
-2.963222200907135e7	5479.470540852424	-14.43611590888945
-2.579722200907135e7	5427.591825354471	-14.436817884382355
-2.196222200907135e7	5375.424055605558	-14.437444460649065
-1.812722200907135e7	5323.006033604235	-14.437989305368534
-1.429222200907135e7	5270.381606429827	-14.438455348408198
-1.045722200907135e7	5217.9790887931795	-14.438908266189202
-6.62222200907135e6	5165.634263936213	-14.439340594081123
-2.78722200907135e6	5113.848103751622	-14.439792962565
1.0477779909286499e6	5062.776899832453	-14.440363428649896
4.88277799092865e6	5012.215736066372	-14.440933894734792
8.71777799092865e6	4963.397715106067	-14.44181531511442
1.255277799092865e7	4915.608435635793	-14.4428370204114
1.638777799092865e7	4868.279287584224	-14.443858725708377
2.022277799092865e7	4825.305909654468	-14.445780696156236
2.405777799092865e7	4783.210818446035	-14.447818813776227
2.789277799092865e7	4741.482957157748	-14.44985693139622
3.172777799092865e7	4703.992421593385	-14.452845789021364
3.556277799092865e7	4670.014321619678	-14.456629736057806
3.939777799092865e7	4636.281653860642	-14.460413683094247
4.323277799092865e7	4602.792645498725	-14.46419763013069
4.706777799092865e7	4573.169884853854	-14.46897796514503
5.090277799092865e7	4547.92246363902	-14.474915195625805
5.473777799092865e7	4522.814427641461	-14.48085242610658
5.857277799092865e7	4497.845007347371	-14.486789656587355
6.240777799092865e7	4473.013437491278	-14.492726887068132
6.624277799092865e7	4451.754313007925	-14.499715655631114
7.007777799092865e7	4433.298195548031	-14.507534853004149
7.391277799092865e7	4414.918593602631	-14.515354050377185
7.774777799092865e7	4396.615189953128	-14.523173247750218
8.158277799092865e7	4378.387668696022	-14.530992445123257
8.541777799092865e7	4360.23571523752	-14.538811642496293
8.925277799092865e7	4345.649541982502	-14.547857046625538
9.308777799092865e7	4331.602356406124	-14.557075152273697
9.692277799092865e7	4317.600577947994	-14.56629325792186
1.0075777799092865e8	4303.644059830924	-14.575511363570019
1.0459277799092865e8	4289.732655752188	-14.584729469218182
1.0842777799092865e8	4275.866219881957	-14.593947574866341
1.1226277799092865e8	4263.602262760415	-14.603771765987442
1.1609777799092865e8	4252.659995332894	-14.614097813426932
1.1993277799092865e8	4241.745810547486	-14.624423860866422
1.2376777799092865e8	4230.85963633186	-14.634749908305913
1.2760277799092865e8	4220.001400798635	-14.645075955745403
1.3143777799092865e8	4209.171032244943	-14.655402003184893
1.3527277799092865e8	4198.368459151938	-14.665728050624384
1.3910777799092865e8	4188.6318853395705	-14.67654297741717
1.4294277799092865e8	4179.293288188816	-14.687535043209627
1.4677777799092865e8	4169.975511534865	-14.698527109002079
1.5061277799092865e8	4160.6785089582	-14.709519174794536
1.5444777799092865e8	4151.402234142799	-14.72051124058699
1.5828277799092865e8	4142.146640875923	-14.731503306379444
1.6211777799092865e8	4132.911683047844	-14.742495372171902
1.6595277799092865e8	4124.383566078553	-14.753861062301231
1.6978777799092865e8	4116.4243460513935	-14.765527478677992
1.7362277799092865e8	4108.480485697366	-14.777193895054753
1.7745777799092865e8	4100.551955375428	-14.788860311431513
1.8129277799092865e8	4092.6387255017435	-14.800526727808275
1.8512777799092865e8	4084.7407665495625	-14.812193144185034
1.8896277799092865e8	4076.8580490491186	-14.823859560561793
1.9279777799092865e8	4069.119279334329	-14.83559656553237
1.9663277799092865e8	4062.267409371206	-14.847812672566224
2.0046777799092865e8	4055.427077069865	-14.860028779600079
2.0430277799092865e8	4048.598263002369	-14.872244886633933
2.0813777799092865e8	4041.780947773518	-14.884460993667787
2.1197277799092865e8	4034.9751120207434	-14.896677100701641
2.1580777799092865e8	4028.1807364141073	-14.908893207735495
2.1964277799092865e8	4021.397801656201	-14.92110931476935
2.2347777799092865e8	4015.1190238326703	-14.933590230239115
2.2731277799092865e8	4009.316764444834	-14.946322332411336
2.3114777799092865e8	4003.5228899177714	-14.959054434583553
2.3498277799092865e8	3997.737388134497	-14.971786536755772
2.3881777799092865e8	3991.960246995536	-14.984518638927993
2.4265277799092865e8	3986.1914544188994	-14.99725074110021
2.4648777799092865e8	3980.4309983400567	-15.009982843272429
2.5032277799092865e8	3974.678866711912	-15.022714945444646
2.5415777799092865e8	3969.402708633046	-15.035771146876623
2.5799277799092865e8	3964.2809948558265	-15.048929655649602
2.6182777799092865e8	3959.1658896174513	-15.06208816442258
2.6566277799092865e8	3954.05738439094	-15.07524667319556
2.6949777799092865e8	3948.955470660309	-15.088405181968538
2.7333277799092865e8	3943.860139920562	-15.101563690741516
2.7716777799092865e8	3938.7713836776757	-15.114722199514496
2.8100277799092865e8	3933.6891934485884	-15.127880708287474
2.8483777799092865e8	3929.2763439075225	-15.141474218342678
2.8867277799092865e8	3924.9233945086976	-15.15510383051971
2.9250777799092865e8	3920.575267414748	-15.168733442696745
2.9634277799092865e8	3916.231957283405	-15.182363054873775
3.0017777799092865e8	3911.8934587783183	-15.19599266705081
3.0401277799092865e8	3907.5597665690493	-15.209622279227844
3.0784777799092865e8	3903.2308753310585	-15.223251891404875
3.1168277799092865e8	3898.9299427990095	-15.236893084436222
3.1551777799092865e8	3895.1281677684424	-15.250781728529864
3.1935277799092865e8	3891.330099778941	-15.264670372623506
3.2318777799092865e8	3887.535735215831	-15.278559016717146
3.2702277799092865e8	3883.745070467962	-15.29244766081079
3.3085777799092865e8	3879.958101927719	-15.306336304904432
3.3469277799092865e8	3876.174825991004	-15.320224948998074
3.3852777799092865e8	3872.3952390572144	-15.334113593091717
3.4236277799092865e8	3868.655862478351	-15.348024963514911
3.4619777799092865e8	3865.3743294225683	-15.362219218981672
3.5003277799092865e8	3862.0955798811515	-15.37641347444843
3.5386777799092865e8	3858.81961149303	-15.390607729915189
3.5770277799092865e8	3855.5464218991374	-15.40480198538195
3.6153777799092865e8	3852.276008742386	-15.41899624084871
3.6537277799092865e8	3849.008369667709	-15.43319049631547
3.6920777799092865e8	3845.7435023220364	-15.447384751782229
3.7304277799092865e8	3842.508262452912	-15.461597431212573
3.7687777799092865e8	3839.6492353299086	-15.47606651825586
3.8071277799092865e8	3836.7923354726213	-15.490535605299149
3.8454777799092865e8	3833.9375612982526	-15.505004692342439
3.8838277799092865e8	3831.084911225177	-15.519473779385729
3.9221777799092865e8	3828.234383672966	-15.533942866429017
3.9605277799092865e8	3825.3859770623385	-15.548411953472305
3.9988777799092865e8	3822.539689815217	-15.562881040515594
4.0372277799092865e8	3819.708797065974	-15.577356476618696
4.0755777799092865e8	3817.2277750242215	-15.591998337307984
4.1139277799092865e8	3814.748364484987	-15.60664019799727
4.1522777799092865e8	3812.270564401556	-15.621282058686557
4.1906277799092865e8	3809.794373727893	-15.635923919375845
4.2289777799092865e8	3807.319791418614	-15.650565780065131
4.2673277799092865e8	3804.8468164290634	-15.66520764075442
4.3056777799092865e8	3802.3754477152156	-15.679849501443709
4.3440277799092865e8	3799.90568423375	-15.694491362132993
4.3823777799092865e8	3797.716712220982	-15.709300650955571
4.4207277799092865e8	3795.5414797312137	-15.724117427165874
4.4590777799092865e8	3793.367493157543	-15.738934203376179
4.4974277799092865e8	3791.194751786334	-15.753750979586481
4.5357777799092865e8	3789.023254904376	-15.768567755796784
4.5741277799092865e8	3786.853001798863	-15.783384532007087
4.6124777799092865e8	3784.6839917573866	-15.79820130821739
4.6508277799092865e8	3782.5162240679524	-15.813018084427695
4.6891777799092865e8	3780.5764349257033	-15.827976076398642
4.7275277799092865e8	3778.676361211768	-15.84295819579987
4.7658777799092865e8	3776.777242452766	-15.857940315201098
4.8042277799092865e8	3774.8790781687558	-15.872922434602328
4.8425777799092865e8	3772.9818678800143	-15.887904554003555
4.8809277799092865e8	3771.085611107083	-15.902886673404783
4.9192777799092865e8	3769.1903073707413	-15.917868792806013
4.9576277799092865e8	3767.2959561919915	-15.932850912207241
4.9959777799092865e8	3765.564804568684	-15.94790656666597
5.0343277799092865e8	3763.8919912598476	-15.962988312352596
5.0726777799092865e8	3762.2199210810622	-15.978070058039226
5.1110277799092865e8	3760.5485937022004	-15.993151803725851
5.1493777799092865e8	3758.8780087932805	-16.00823354941248
5.1877277799092865e8	3757.2081660244685	-16.023315295099106
5.2260777799092865e8	3755.539065066076	-16.038397040785732
5.2644277799092865e8	3753.870705588561	-16.05347878647236
5.3027777799092865e8	3752.312729496276	-16.06860001171047
5.3411277799092865e8	3750.829120212677	-16.083747792205287
5.379477779909286e8	3749.346097526383	-16.0988955727001
5.417827779909286e8	3747.8636612054406	-16.11404335319492
5.456177779909286e8	3746.381811018037	-16.129191133689737
5.494527779909286e8	3744.9005467323964	-16.14433891418455
5.532877779909286e8	3743.419868116889	-16.15948669467937
5.571227779909286e8	3741.9397749399295	-16.174634475174184
5.609577779909286e8	3740.527121699244	-16.18982219469003
5.647927779909286e8	3739.2027130291603	-16.205062331630273
5.686277779909286e8	3737.878773292537	-16.220302468570512
5.724627779909286e8	3736.555302323338	-16.235542605510755
5.762977779909286e8	3735.232299955587	-16.250782742450994
5.801327779909286e8	3733.909766023367	-16.266022879391237
5.839677779909286e8	3732.587700360818	-16.281263016331476
5.878027779909286e8	3731.2661028021403	-16.29650315327172
5.916377779909286e8	3729.9779506818822	-16.311746513669362
5.954727779909286e8	3728.779936613367	-16.326998644220946
5.993077779909286e8	3727.5823073293614	-16.34225077477253
6.031427779909286e8	3726.3850627062634	-16.357502905324115
6.069777779909286e8	3725.1882026205394	-16.3727550358757
6.108127779909286e8	3723.9917269486687	-16.388007166427286
6.146477779909286e8	3722.79563556719	-16.40325929697887
6.184827779909286e8	3721.5999283526808	-16.418511427530458
6.223177779909286e8	3720.411874315875	-16.43377063650209
6.261527779909286e8	3719.3079754609903	-16.44911144848511
6.299877779909286e8	3718.204404148512	-16.46445226046813
6.338227779909286e8	3717.101160281266	-16.479793072451145
6.376577779909286e8	3715.9982437620893	-16.495133884434164
6.414927779909286e8	3714.8956544938455	-16.51047469641718
6.453277779909286e8	3713.793392379455	-16.5258155084002
6.491627779909286e8	3712.6914573218196	-16.54115632038322
6.529977779909286e8	3711.5898492239176	-16.55649713236624
6.568327779909286e8	3710.542381632706	-16.57185991814707
6.606677779909286e8	3709.4999880963055	-16.587224655651536
6.645027779909286e8	3708.457887396948	-16.602589393156
6.683377779909286e8	3707.416079452381	-16.61795413066046
6.721727779909286e8	3706.3745641803484	-16.633318868164928
6.760077779909286e8	3705.3333414986505	-16.64868360566939
6.798427779909286e8	3704.292411325064	-16.664048343173853
6.836777779909286e8	3703.251773577435	-16.679413080678316
6.875127779909286e8	3702.246789143238	-16.69477992032428
6.913477779909286e8	3701.25336283943	-16.710147431043342
6.951827779909286e8	3700.2602031023516	-16.725514941762405
6.990177779909286e8	3699.2673098604696	-16.74088245248147
7.028527779909286e8	3698.274683042287	-16.75624996320053
7.066877779909286e8	3697.282322576302	-16.77161747391959
7.105227779909286e8	3696.2902283910566	-16.786984984638657
7.143577779909286e8	3695.2984004150867	-16.802352495357717
7.181927779909286e8	3694.3128509248704	-16.81771284293591
7.220277779909286e8	3693.3316009004834	-16.833068379993254
7.258627779909286e8	3692.350611506869	-16.848423917050596
7.296977779909286e8	3691.3698826748	-16.86377945410794
7.335327779909286e8	3690.3894143350617	-16.879134991165287
7.373677779909286e8	3689.4092064184783	-16.894490528222633
7.412027779909286e8	3688.429258855865	-16.909846065279975
7.450377779909286e8	3687.449571578082	-16.92520160233732
7.488727779909286e8	3686.462193424036	-16.940572945982282
7.527077779909286e8	3685.4649182583303	-16.955964495714834
7.565427779909286e8	3684.467912879137	-16.971356045447383
7.603777779909286e8	3683.4711772134606	-16.986747595179935
7.642127779909286e8	3682.4747111883494	-17.002139144912483
7.680477779909286e8	3681.478514730853	-17.017530694645032
7.718827779909286e8	3680.48258776804	-17.03292224437758
7.757177779909286e8	3679.486930227013	-17.048313794110133
7.795527779909286e8	3678.486963777701	-17.063697442160677
7.833877779909286e8	3677.4770775625952	-17.079063495690797
7.872227779909286e8	3676.4674686001076	-17.094429549220916
7.910577779909286e8	3675.4581368141357	-17.109795602751035
7.948927779909286e8	3674.44908212857	-17.125161656281154
7.987277779909286e8	3673.4403044673495	-17.140527709811273
8.025627779909286e8	3672.4318037544067	-17.15589376334139
8.063977779909286e8	3671.423579913722	-17.171259816871512
8.102327779909286e8	3670.41852443848	-17.186640166849706
8.140677779909286e8	3669.4266556440757	-17.202084371220202
8.179027779909286e8	3668.435054885503	-17.2175285755907
8.217377779909286e8	3667.443722090336	-17.232972779961194
8.255727779909286e8	3666.4526571861693	-17.24841698433169
8.294077779909286e8	3665.461860100596	-17.26386118870219
8.332427779909286e8	3664.4713307612496	-17.279305393072686
8.370777779909286e8	3663.4810690957825	-17.294749597443186
8.409127779909286e8	3662.4745549097306	-17.310083554928905
8.447477779909286e8	3661.3347472780893	-17.324525871140377
8.485827779909286e8	3660.195294368759	-17.338968187351846
8.524177779909286e8	3659.0561960713517	-17.353410503563314
8.562527779909286e8	3657.917452275495	-17.367852819774786
8.600877779909286e8	3656.7790628708703	-17.382295135986254
8.639227779909286e8	3655.641027747187	-17.396737452197723
8.677577779909286e8	3654.5033467941935	-17.41117976840919
8.715927779909286e8	3653.366019901656	-17.425622084620663
8.754277779909286e8	3652.229046959392	-17.44006440083213
8.792627779909286e8	3651.0924278572547	-17.4545067170436
8.830977779909286e8	3649.9561624851117	-17.468949033255072
8.869327779909286e8	3648.8202507328842	-17.48339134946654
8.907677779909286e8	3647.6846924905212	-17.49783366567801
8.946027779909286e8	3646.549487648013	-17.512275981889477
8.984377779909286e8	3645.4146360953637	-17.526718298100946
9.022727779909286e8	3644.2801377226315	-17.541160614312414
9.061077779909286e8	3643.1459924199025	-17.555602930523886
9.099427779909286e8	3641.8777541168265	-17.57004877986865
9.137777779909286e8	3640.6042758757367	-17.584494778571823
9.176127779909286e8	3639.331242939772	-17.598940777274997
9.214477779909286e8	3638.05865515322	-17.61338677597817
9.252827779909286e8	3636.7865123604297	-17.627832774681345
9.291177779909286e8	3635.5148144057835	-17.642278773384515
9.329527779909286e8	3634.243561133739	-17.656724772087692
9.367877779909286e8	3632.9727523888014	-17.671170770790862
9.406227779909286e8	3631.70238801553	-17.685616769494032
9.444577779909286e8	3630.4324678585444	-17.70006276819721
9.482927779909286e8	3629.162991762501	-17.71450876690038
9.521277779909286e8	3627.893959572127	-17.728954765603554
9.559627779909286e8	3626.625371132201	-17.743400764306728
9.597977779909286e8	3625.357226287559	-17.7578467630099
9.636327779909286e8	3624.0895248830743	-17.77229276171307
9.674677779909286e8	3622.8222667636924	-17.786738760416245
9.713027779909286e8	3621.555451774413	-17.80118475911942
9.751377779909286e8	3620.109734731207	-17.815606387669185
9.789727779909286e8	3618.6395140639643	-17.83002460668417
9.828077779909286e8	3617.1698904915525	-17.844442825699158
9.866427779909286e8	3615.7008637714825	-17.858861044714146
9.904777779909286e8	3614.232433661344	-17.87327926372913
9.943127779909286e8	3612.764599918851	-17.88769748274412
9.981477779909286e8	3611.297362301791	-17.902115701759108
1.0019827779909286e9	3609.8307205680676	-17.916533920774093
1.0058177779909286e9	3608.364674475684	-17.93095213978908
1.0096527779909286e9	3606.899223782721	-17.94537035880407
1.0134877779909286e9	3605.434368247379	-17.959788577819054
1.0173227779909286e9	3603.970107627955	-17.974206796834043
1.0211577779909286e9	3602.5064416828245	-17.98862501584903
1.0249927779909286e9	3601.043370170489	-18.00304323486402
1.0288277779909286e9	3599.5808928495203	-18.017461453879005
1.0326627779909286e9	3598.1190094786084	-18.031879672893993
1.0364977779909286e9	3596.6577198165414	-18.046297891908978
1.0403327779909286e9	3594.991665218151	-18.060757696218115
1.0441677779909286e9	3593.2824182219397	-18.075226407749458
1.0480027779909286e9	3591.573983891122	-18.0896951192808
1.0518377779909286e9	3589.8663618393084	-18.10416383081214
1.0556727779909286e9	3588.159551680298	-18.118632542343484
1.0595077779909286e9	3586.453553028076	-18.133101253874827
1.0633427779909286e9	3584.748365496808	-18.14756996540617
1.0671777779909286e9	3583.0439887008397	-18.162038676937513
1.0710127779909286e9	3581.340422254717	-18.176507388468856
1.0748477779909286e9	3579.6376657731507	-18.190976100000196
1.0786827779909286e9	3577.9357188710424	-18.205444811531542
1.0825177779909286e9	3576.2345811634746	-18.219913523062885
1.0863527779909286e9	3574.5342522657143	-18.234382234594225
1.0901877779909286e9	3572.834731793211	-18.248850946125568
1.0940227779909286e9	3571.1360193615915	-18.26331965765691
1.0978577779909286e9	3569.4381145866823	-18.277788369188254
1.1016927779909286e9	3567.7410170844755	-18.292257080719597
1.1055277779909286e9	3565.824624544882	-18.306755628007725
1.1093627779909286e9	3563.8728384605415	-18.321259115410093
1.1131977779909286e9	3561.9221207038104	-18.335762602812466
1.1170327779909286e9	3559.9724706899424	-18.350266090214838
1.1208677779909286e9	3558.0238878344926	-18.36476957761721
1.1247027779909286e9	3556.0763715533426	-18.37927306501958
1.1285377779909286e9	3554.1299212626927	-18.39377655242195
1.1323727779909286e9	3552.1845363790644	-18.40828003982432
1.1362077779909286e9	3550.2402163192974	-18.42278352722669
1.1400427779909286e9	3548.29696050055	-18.437287014629064
1.1438777779909286e9	3546.3547683403012	-18.451790502031432
1.1477127779909286e9	3544.413639256348	-18.466293989433805
1.1515477779909286e9	3542.473572666805	-18.480797476836173
1.1553827779909286e9	3540.5345679901075	-18.495300964238545
1.1592177779909286e9	3538.5966246450075	-18.509804451640917
1.1630527779909286e9	3536.659742050576	-18.524307939043286
1.1668877779909286e9	3534.723919626201	-18.53881142644566
1.1707227779909286e9	3532.562000493109	-18.553383542910886
1.1745577779909286e9	3530.3717002270305	-18.56796463926852
1.1783927779909286e9	3528.1827580164586	-18.582545735626155
1.1822277779909286e9	3525.995173019344	-18.59712683198379
1.1860627779909286e9	3523.8089443941767	-18.611707928341424
1.1898977779909286e9	3521.624071299964	-18.626289024699055
1.1937327779909286e9	3519.440552896233	-18.64087012105669
1.1975677779909286e9	3517.258388343033	-18.655451217414324
1.2014027779909286e9	3515.0775768009344	-18.67003231377196
1.2052377779909286e9	3512.898117431027	-18.684613410129593
1.2090727779909286e9	3510.7200093949214	-18.699194506487224
1.2129077779909286e9	3508.5432518547536	-18.71377560284486
1.2167427779909286e9	3506.3678439731552	-18.728356699202493
1.2205777779909286e9	3504.1937849133137	-18.742937795560124
1.2244127779909286e9	3502.0210738389173	-18.75751889191776
1.2282477779909286e9	3499.849709914159	-18.772099988275393
1.2320827779909286e9	3497.6796923037705	-18.786681084633024
1.2359177779909286e9	3495.324532447895	-18.801298566370583
1.2397527779909286e9	3492.9433740751388	-18.81592143384878
1.2435877779909286e9	3490.5638378450885	-18.83054430132697
1.2474227779909286e9	3488.185922652675	-18.845167168805162
1.2512577779909286e9	3485.80962739358	-18.859790036283357
1.2550927779909286e9	3483.4349509642384	-18.874412903761552
1.2589277779909286e9	3481.061892261838	-18.889035771239747
1.2627627779909286e9	3478.690450184316	-18.903658638717943
1.2665977779909286e9	3476.3206236303613	-18.918281506196138
1.2704327779909286e9	3473.9524114994138	-18.932904373674333
1.2742677779909286e9	3471.5858126916614	-18.947527241152528
1.2781027779909286e9	3469.2208261080427	-18.962150108630723
1.2819377779909286e9	3466.8574506502446	-18.976772976108915
1.2857727779909286e9	3464.495685220702	-18.99139584358711
1.2896077779909286e9	3462.1355287225974	-19.006018711065302
1.2934427779909286e9	3459.776980059861	-19.020641578543497
1.2972777779909286e9	3457.4200381371693	-19.035264446021692
1.3011127779909286e9	3454.965082439945	-19.04994426600645
1.3049477779909286e9	3452.458717935866	-19.06465449527501
1.3087827779909286e9	3449.9541716449603	-19.079364724543577
1.3126177779909286e9	3447.4514422482266	-19.09407495381214
1.3164527779909286e9	3444.95052842762	-19.108785183080705
1.3202877779909286e9	3442.4514288660516	-19.123495412349268
1.3241227779909286e9	3439.9541422473885	-19.138205641617834
1.3279577779909286e9	3437.458667256458	-19.152915870886396
1.3317927779909286e9	3434.965002579023	-19.167626100154962
1.3356277779909286e9	3432.4731469018193	-19.182336329423528
1.3394627779909286e9	3429.9830989125285	-19.19704655869209
1.3432977779909286e9	3427.494857299784	-19.211756787960656
1.3471327779909286e9	3425.0084207531713	-19.22646701722922
1.3509677779909286e9	3422.523787963232	-19.24117724649778
1.3548027779909286e9	3420.040957621439	-19.25588747576635
1.3586377779909286e9	3417.559928420227	-19.270597705034913
1.3624727779909286e9	3415.0806990529986	-19.285307934303475
1.3663077779909286e9	3412.597503428306	-19.300056717426784
1.3701427779909286e9	3410.0737941198117	-19.3150887322637
1.3739777779909286e9	3407.5519511634634	-19.33012074710062
1.3778127779909286e9	3405.0319731790364	-19.345152761937538
1.3816477779909286e9	3402.5138587873453	-19.360184776774453
1.3854827779909286e9	3399.997606610206	-19.37521679161137
1.3893177779909286e9	3397.4832152704594	-19.390248806448284
1.3931527779909286e9	3394.970683391966	-19.405280821285203
1.3969877779909286e9	3392.460009599597	-19.420312836122122
1.4008227779909286e9	3389.9511925192646	-19.435344850959037
1.4046577779909286e9	3387.444230777856	-19.450376865795953
1.4084927779909286e9	3384.939123003308	-19.46540888063287
1.4123277779909286e9	3382.435867824569	-19.480440895469787
1.4161627779909286e9	3379.9344638715866	-19.495472910306702
1.4199977779909286e9	3377.434909775329	-19.51050492514362
1.4238327779909286e9	3374.937204167776	-19.52553693998054
1.4276677779909286e9	3372.4413456819143	-19.540568954817452
1.4315027779909286e9	3369.947332951758	-19.55560096965437
1.4353377779909286e9	3367.6233900014463	-19.57076249553958
1.4391727779909286e9	3365.628746744852	-19.58617645984787
1.4430077779909286e9	3363.6352849154064	-19.601590424156164
1.4468427779909286e9	3361.6430038133567	-19.61700438846446
1.4506777779909286e9	3359.6519027393642	-19.63241835277275
1.4545127779909286e9	3357.661980994486	-19.647832317081043
1.4583477779909286e9	3355.6732378802117	-19.663246281389338
1.4621827779909286e9	3353.6856726984443	-19.67866024569763
1.4660177779909286e9	3351.6992847514825	-19.694074210005923
1.4698527779909286e9	3349.714073342056	-19.709488174314217
1.4736877779909286e9	3347.7300377733077	-19.72490213862251
1.4775227779909286e9	3345.747177348775	-19.740316102930805
1.4813577779909286e9	3343.765491372427	-19.755730067239096
1.4851927779909286e9	3341.7849791486365	-19.771144031547387
1.4890277779909286e9	3339.805639982197	-19.78655799585568
1.4928627779909286e9	3337.8274731782944	-19.801971960163975
1.4966977779909286e9	3335.850478042544	-19.81738592447227
1.5005327779909286e9	3333.8746538809737	-19.83279988878056
1.5043677779909286e9	3331.900000000003	-19.848213853088854
