-1.2274117639539763e7	7991.074969593879	-13.104509947745077
-1.2004117639539763e7	7938.513861113755	-13.113086567389498
-1.1734117639539763e7	7886.298472093786	-13.121663187033917
-1.1464117639539763e7	7834.426528572332	-13.130239806678336
-1.1194117639539763e7	7782.895771544684	-13.138816426322759
-1.0924117639539763e7	7731.703956864656	-13.147393045967178
-1.0654117639539763e7	7676.432502380693	-13.15592138891788
-1.0384117639539763e7	7621.459218066377	-13.164448664156147
-1.0114117639539763e7	7566.879614278432	-13.172975939394416
-9.844117639539763e6	7512.69087175006	-13.181503214632684
-9.574117639539763e6	7458.8901914040525	-13.190030489870951
-9.304117639539763e6	7400.723018697299	-13.198505051543494
-9.034117639539763e6	7342.874677791926	-13.20697810582318
-8.764117639539763e6	7285.478513050564	-13.21545116010287
-8.494117639539763e6	7228.530990002214	-13.223924214382558
-8.224117639539763e6	7170.79282864935	-13.23237300956603
-7.954117639539763e6	7110.190309774547	-13.240755975290435
-7.684117639539763e6	7050.099960945892	-13.249138941014841
-7.414117639539763e6	6990.517453660845	-13.25752190673925
-7.144117639539763e6	6931.438495998362	-13.265904872463654
-6.874117639539763e6	6869.286646496499	-13.274210347285154
-6.604117639539763e6	6806.702986193775	-13.282494164254588
-6.334117639539763e6	6744.689503660355	-13.290777981224021
-6.064117639539763e6	6683.241004206672	-13.299061798193454
-5.794117639539763e6	6618.384067352298	-13.307437669325044
-5.524117639539763e6	6548.997386690033	-13.315934476482745
-5.254117639539763e6	6479.101785402805	-13.324404224690689
-4.984117639539763e6	6408.149265048637	-13.332834079875624
-4.714117639539763e6	6337.018500110376	-13.341239100854953
-4.444117639539763e6	6264.9508519534775	-13.349598724845297
-4.1741176395397633e6	6193.052799079055	-13.357956223651826
-3.9041176395397633e6	6120.047090609303	-13.366307328448652
-3.6341176395397633e6	6047.811959304693	-13.37466219647609
-3.3641176395397633e6	5974.792545831626	-13.383086306770554
-3.0941176395397633e6	5902.654746201676	-13.39151041706502
-2.8241176395397633e6	5830.606583020388	-13.40013106894251
-2.5541176395397633e6	5759.09408508034	-13.408839269188682
-2.2841176395397633e6	5688.526190628628	-13.417621480561097
-2.0141176395397633e6	5619.369286430391	-13.42701007488909
-1.7441176395397633e6	5551.053140846593	-13.436398669217084
-1.4741176395397633e6	5484.023806482102	-13.446063362587068
-1.2041176395397633e6	5419.290192555356	-13.45663829381187
-934117.6395397633	5355.320696531802	-13.467213225036675
-664117.6395397633	5292.424217254338	-13.47793736899189
-394117.63953976333	5233.684921482693	-13.490284442393499
-124117.63953976333	5175.597558497634	-13.502631515795104
145882.36046023667	5118.154892659839	-13.51497858919671
415882.36046023667	5064.9867214095275	-13.528881677212183
685882.3604602367	5013.355874318167	-13.543210413591062
955882.3604602367	4962.251335491349	-13.55753914996994
1.2258823604602367e6	4913.439684205536	-13.57264101344545
1.4958823604602367e6	4867.007080528353	-13.588579316625793
1.7658823604602367e6	4821.013270613335	-13.604517619806138
2.0358823604602367e6	4776.276544752704	-13.620802767141045
2.3058823604602367e6	4734.489675137372	-13.63816650607425
2.5758823604602367e6	4693.068392073808	-13.655530245007455
2.8458823604602367e6	4652.269011526064	-13.673005646930173
3.1158823604602367e6	4614.765199188857	-13.69175709432769
3.3858823604602367e6	4577.5637201725185	-13.710508541725208
3.6558823604602367e6	4540.662137246512	-13.729259989122728
3.9258823604602367e6	4507.094886722303	-13.749312688984407
4.195882360460237e6	4473.848227485314	-13.76939664985902
4.465882360460237e6	4440.846812774611	-13.789480610733637
4.735882360460237e6	4410.603976284826	-13.81074433717124
5.005882360460237e6	4380.831667919136	-13.83213297561365
5.275882360460237e6	4351.260327572834	-13.85352161405606
5.545882360460237e6	4323.82192306494	-13.875893353379084
5.815882360460237e6	4296.917719434638	-13.898449869302926
6.085882360460237e6	4270.180922368673	-13.921006385226773
6.355882360460237e6	4245.086537734987	-13.944383313730352
6.625882360460237e6	4220.583161777283	-13.968008169226563
6.895882360460237e6	4196.2212235566	-13.991633024722773
7.165882360460237e6	4173.228892547301	-14.016009962512207
7.435882360460237e6	4151.000496335176	-14.040779360869378
7.705882360460237e6	4128.890498037683	-14.06554875922655
7.975882360460237e6	4108.791251390757	-14.091241996944678
8.245882360460237e6	4090.737122702965	-14.117889771561714
8.515882360460237e6	4072.76232429571	-14.14453754617875
8.785882360460237e6	4055.3975693466887	-14.17151666325466
9.055882360460237e6	4039.5331074422916	-14.199389250583543
9.325882360460237e6	4023.7307063216376	-14.227261837912426
9.595882360460237e6	4007.991290202246	-14.255135146640837
9.865882360460237e6	3994.1616389203164	-14.284155173571838
1.0135882360460237e7	3980.3797071169743	-14.313175200502837
1.0405882360460237e7	3966.645330135252	-14.342195227433837
1.0675882360460237e7	3954.1209170621614	-14.371900699192178
1.0945882360460237e7	3942.1743048628127	-14.401924459428571
1.1215882360460237e7	3930.263787043488	-14.431948219664962
1.1485882360460237e7	3918.783029552996	-14.462329869175838
1.1755882360460237e7	3908.198431219267	-14.493497698817736
1.2025882360460237e7	3897.6424217921112	-14.524665528459634
1.2295882360460237e7	3887.1149240531313	-14.555833358101532
1.2565882360460237e7	3877.810604898951	-14.587719575647203
1.2835882360460237e7	3868.615544168986	-14.619658214653029
1.3105882360460237e7	3859.4422867580697	-14.651596853658855
1.3375882360460237e7	3850.842213502678	-14.683834971583394
1.3645882360460237e7	3842.779776968739	-14.716355257954774
1.3915882360460237e7	3834.73422060782	-14.748875544326154
1.4185882360460237e7	3826.7540356447803	-14.781442224429483
1.4455882360460237e7	3819.5275880842746	-14.814715033674638
1.4725882360460237e7	3812.31478695723	-14.847987842919792
1.4995882360460237e7	3805.1156064937095	-14.881260652164949
1.5265882360460237e7	3798.403881089651	-14.914687305969936
1.5535882360460237e7	3792.008510308498	-14.948212989212884
1.5805882360460237e7	3785.623907410056	-14.98173867245583
1.6075882360460237e7	3779.3201851735757	-15.015323229015024
1.6345882360460237e7	3773.551600790695	-15.049348909753764
1.6615882360460237e7	3767.7918213156154	-15.083374590492504
1.6885882360460237e7	3762.0408333089217	-15.117400271231244
1.7155882360460237e7	3756.639526805864	-15.15165947132589
1.7425882360460237e7	3751.448193931524	-15.186057380697171
1.7695882360460237e7	3746.2640350052893	-15.22045529006845
1.7965882360460237e7	3741.1497221984437	-15.254843463304454
1.8235882360460237e7	3736.4340779461627	-15.289170718098832
1.8505882360460237e7	3731.724377668967	-15.323497972893211
1.8775882360460237e7	3727.0206138745816	-15.357825227687592
1.9045882360460237e7	3722.508066504258	-15.392495154866463
1.9315882360460237e7	3718.118015733549	-15.427381777533782
1.9585882360460237e7	3713.7331422641178	-15.462268400201099
1.9855882360460237e7	3709.387114437118	-15.49716375202574
2.0125882360460237e7	3705.2819317339977	-15.532120287185787
2.0395882360460237e7	3701.1812922409904	-15.567076822345832
2.0665882360460237e7	3697.0851909301073	-15.60203335750588
2.0935882360460237e7	3693.1117570749584	-15.637017696747261
2.1205882360460237e7	3689.209802199298	-15.67201787080836
2.1475882360460237e7	3685.3119699315835	-15.70701804486946
2.1745882360460237e7	3681.4358083745383	-15.742066865684302
2.2015882360460237e7	3677.663496636764	-15.777392494546781
2.2285882360460237e7	3673.895050329922	-15.81271812340926
2.2555882360460237e7	3670.130465493163	-15.848043752271737
2.2825882360460237e7	3666.4414826043817	-15.88329691744458
2.3095882360460237e7	3662.7869964831093	-15.91851895426341
2.3365882360460237e7	3659.136152931574	-15.95374099108224
2.3635882360460237e7	3655.4930435916535	-15.988932457683578
2.3905882360460237e7	3651.8658423548018	-16.024032158807923
2.4175882360460237e7	3648.2422402463385	-16.05913185993227
2.4445882360460237e7	3644.622233695005	-16.094231561056613
2.4715882360460237e7	3640.963682846915	-16.129485898836904
2.4985882360460237e7	3637.2983053980493	-16.164778806557305
2.5255882360460237e7	3633.6366179041065	-16.20007171427771
2.5525882360460237e7	3629.9501397586077	-16.23529272285063
2.5795882360460237e7	3626.2226603368126	-16.27040065147641
2.6065882360460237e7	3622.499008544126	-16.30550858010219
2.6335882360460237e7	3618.779180450084	-16.340616508727972
2.6605882360460237e7	3614.95175623167	-16.375879870692337
2.6875882360460237e7	3611.1259582307157	-16.411146614989338
2.7145882360460237e7	3607.3042091718585	-16.446413359286343
2.7415882360460237e7	3603.3343994228226	-16.48151399573623
2.7685882360460237e7	3599.270225754701	-16.51650668785401
2.7955882360460237e7	3595.210636037374	-16.55149937997179
2.8225882360460237e7	3591.1982027138765	-16.5861034870455
2.8495882360460237e7	3587.3302600557345	-16.619428372543286
2.8765882360460237e7	3583.466483411158	-16.652753258041066
2.9035882360460237e7	3579.606868293093	-16.686078143538854
2.9305882360460237e7	3575.7514102192986	-16.719403029036638
2.9575882360460237e7	3571.9001047124066	-16.752727914534425
2.9845882360460237e7	3568.0529472998196	-16.786052800032206
3.0115882360460237e7	3564.1151943171644	-16.8193427166655
3.0385882360460237e7	3559.816323833474	-16.852497580627613
3.0655882360460237e7	3555.522638448028	-16.885652444589727
3.0925882360460237e7	3551.234131906794	-16.918807308551845
3.1195882360460237e7	3546.9507979632976	-16.95196217251396
3.1465882360460237e7	3542.672630378597	-16.985117036476073
3.1735882360460237e7	3538.399622921258	-17.018271900438187
3.2005882360460237e7	3534.024933711489	-17.051428279497717
3.2275882360460237e7	3529.3362608488965	-17.08458919392225
3.2545882360460237e7	3524.6538085573534	-17.11775010834678
3.2815882360460237e7	3519.97756858389	-17.15091102277131
3.3085882360460237e7	3515.3075326864796	-17.18407193719584
3.3355882360460237e7	3510.6436926340307	-17.21723285162037
3.362588236046024e7	3505.9860402063723	-17.2503937660449
3.389588236046024e7	3501.152609500391	-17.283648345641673
3.416588236046024e7	3496.0290145520294	-17.317055942712123
3.443588236046024e7	3490.912917484544	-17.35046353978257
3.470588236046024e7	3485.8043073255176	-17.383871136853017
3.497588236046024e7	3480.7031731185857	-17.417278733923464
3.524588236046024e7	3475.6095039234337	-17.45068633099391
3.551588236046024e7	3470.5232888157407	-17.484093928064357
3.578588236046024e7	3465.1884332879968	-17.51746639322306
3.605588236046024e7	3459.7060569827267	-17.55081746091149
3.632588236046024e7	3454.2323545058885	-17.584168528599914
3.659588236046024e7	3448.7673121343687	-17.61751959628834
3.686588236046024e7	3443.3109161667553	-17.650870663976765
3.713588236046024e7	3437.8631529233126	-17.684221731665193
3.740588236046024e7	3432.4240087459602	-17.71757279935362
3.767588236046024e7	3426.615646099553	-17.75113587818795
3.794588236046024e7	3420.76818612394	-17.78472645963292
3.821588236046024e7	3414.930704737015	-17.81831704107789
3.848588236046024e7	3409.1031849105143	-17.851907622522862
3.875588236046024e7	3403.285609645184	-17.88549820396783
3.902588236046024e7	3397.477961970823	-17.919088785412804
3.929588236046024e7	3391.6078322761778	-17.95271061992772
3.956588236046024e7	3385.4462148984812	-17.986462905521687
3.983588236046024e7	3379.2957914826416	-18.020215191115657
4.010588236046024e7	3373.1565416923136	-18.053967476709623
4.037588236046024e7	3367.0284452280907	-18.087719762303593
4.064588236046024e7	3360.911481827469	-18.121472047897562
4.091588236046024e7	3354.8056312647136	-18.15522433349153
4.118588236046024e7	3348.57742533892	-18.18913427197669
4.145588236046024e7	3342.2225215794792	-18.223207859198414
4.172588236046024e7	3335.8796781061374	-18.257281446420137
4.199588236046024e7	3329.5488720309895	-18.29135503364186
4.226588236046024e7	3323.2300805095456	-18.325428620863583
4.253588236046024e7	3316.923280740692	-18.359502208085306
4.280588236046024e7	3310.628449966564	-18.39357579530703
4.307588236046024e7	3304.264973474644	-18.42787687625611
4.334588236046024e7	3297.8878945901547	-18.46225102219428
4.361588236046024e7	3291.5231231735725	-18.496625168132447
4.388588236046024e7	3285.1706354720404	-18.530999314070613
4.415588236046024e7	3278.830407778562	-18.56537346000878
4.442588236046024e7	3272.5024164318875	-18.599747605946945
4.469588236046024e7	3266.1866378164323	-18.63412175188511
4.496588236046024e7	3260.8789721678513	-18.669285280048047
4.523588236046024e7	3255.644851482681	-18.704500339881676
4.550588236046024e7	3250.4191322192073	-18.7397153997153
4.577588236046024e7	3245.201800892098	-18.774930459548933
4.604588236046024e7	3239.9928440376493	-18.81014551938256
4.631588236046024e7	3234.7922482137856	-18.845360579216187
4.658588236046024e7	3229.6000000000017	-18.880575639049813
