-8.276726592659783e7	8387.351093511392	-14.945819496484496	4.556980545561775
-7.963726592659783e7	8312.921584947222	-14.953147106439742	4.427862503481155
-7.650726592659783e7	8239.152565217171	-14.960474716394987	4.279566154931179
-7.337726592659783e7	8161.247299718005	-14.967447674846158	4.12659890447022
-7.024726592659783e7	8076.714659604103	-14.97386988564137	3.9842425281961944
-6.711726592659783e7	7993.057592424378	-14.980292096436585	3.8182027339477824
-6.398726592659783e7	7903.811693170484	-14.986186321424114	3.6479514363931544
-6.085726592659783e7	7807.912111727631	-14.991447202386954	3.4838234810653197
-5.772726592659783e7	7713.176111867708	-14.996708083349796	3.287364357923434
-5.459726592659783e7	7606.230365036351	-15.00070527612375	3.1095631150460323
-5.146726592659783e7	7497.993233512295	-15.004436074120669	2.909964917896749
-4.833726592659783e7	7383.2473907379335	-15.007334678068798	2.698931872905573
-4.520726592659783e7	7260.084596718365	-15.009163802901842	2.492775334045666
-4.207726592659783e7	7132.636658557789	-15.01045343350718	2.2492282902301786
-3.894726592659783e7	6982.525455948161	-15.009515112086392	2.0149091008361495
-3.581726592659783e7	6821.983418808853	-15.007040438356062	1.7795290219581203
-3.2687265926597834e7	6652.757773046548	-15.003105190241172	1.5473577575296031
-2.9557265926597834e7	6476.824478544078	-14.997974975229127	1.3228800945394996
-2.6427265926597834e7	6299.15330571685	-14.99223817510862	1.1199180449781767
-2.3297265926597834e7	6128.322863400577	-14.987161916416529	0.9399660940706999
-2.0167265926597834e7	5968.981840131509	-14.983609719990254	0.7699418348425167
-1.7037265926597834e7	5823.374142976997	-14.98217198734722	0.621671401639326
-1.3907265926597834e7	5703.093839263664	-14.985297505488845	0.48997361206305867
-1.0777265926597834e7	5599.037790009738	-14.991353856982428	0.36885587222915384
-7.647265926597834e6	5507.4667787111375	-14.99985132071228	0.25159266118646045
-4.517265926597834e6	5433.387013148495	-15.012088913084103	0.1537394066207232
-1.3872659265978336e6	5360.3036787739575	-15.024326505455928	0.04526188009374746
1.7427340734021664e6	5298.241790944662	-15.039322300235254	-0.042844653989894274
4.872734073402166e6	5239.690898415892	-15.05509340382072	-0.12929657239951786
8.002734073402166e6	5181.787052049063	-15.070864507406183	-0.22393581479800817
1.1132734073402166e7	5131.707371284856	-15.08898385823332	-0.30079297398681315
1.4262734073402166e7	5083.811972333017	-15.107663899906578	-0.3769921564475509
1.7392734073402166e7	5036.363592097327	-15.126343941579838	-0.4594801495437451
2.0522734073402166e7	4992.562783320431	-15.146316867475255	-0.5340936607955385
2.3652734073402166e7	4951.498952608488	-15.167248097744483	-0.6026045159824304
2.6782734073402166e7	4910.772871919115	-15.18817932801371	-0.6761566040350451
2.9912734073402166e7	4871.154710291343	-15.209464931157923	-0.7513347577548504
3.3042734073402166e7	4834.892750241299	-15.232153484375768	-0.8147205624845442
3.617273407340217e7	4798.900732294275	-15.25484203759361	-0.8823976687868244
3.930273407340217e7	4763.17664694118	-15.277530590811455	-0.9549895984694494
4.243273407340217e7	4730.077898886167	-15.301415518391575	-1.0189241479176079
4.556273407340217e7	4697.8436764461085	-15.325624342317443	-1.0831079714068104
4.869273407340217e7	4665.829121656047	-15.34983316624331	-1.1516956281465258
5.182273407340217e7	4635.0656325101945	-15.374567302968755	-1.219249840695649
5.495273407340217e7	4606.111926488842	-15.400123895404741	-1.2815381150332248
5.808273407340217e7	4577.339084593014	-15.42568048784073	-1.3479654609910543
6.121273407340217e7	4548.818675059782	-15.451273265543302	-1.4186921096859195
6.434273407340217e7	4522.815805153259	-15.478037679977472	-1.4799208411014304
6.747273407340217e7	4496.961578068452	-15.504802094411644	-1.5451444612571177
7.060273407340217e7	4471.255144103458	-15.531566508845815	-1.6149208782094298
7.373273407340217e7	4447.392300411444	-15.559165693674622	-1.6794591092971638
7.686273407340217e7	4424.363136464957	-15.587114169931965	-1.7437911089630451
7.999273407340217e7	4401.453220463406	-15.615062646189308	-1.8125480081249719
8.312273407340217e7	4379.571313595266	-15.643445964792951	-1.8804402599955816
8.625273407340217e7	4359.1226120623405	-15.672465589204096	-1.943996460833225
8.938273407340217e7	4338.769387772385	-15.70148521361524	-2.011867860854405
9.251273407340217e7	4318.773640282473	-15.730628007613827	-2.0828794558546573
9.564273407340217e7	4300.731296781425	-15.760648142786577	-2.1455592086580677
9.877273407340217e7	4282.764327955263	-15.790668277959327	-2.212431995520166
1.0190273407340217e8	4264.872418914625	-15.820688413132075	-2.2840992883645566
1.0503273407340217e8	4248.782572442751	-15.85147078862214	-2.348123728060569
1.0816273407340217e8	4233.069946457737	-15.8823933347734	-2.413954766230823
1.1129273407340217e8	4217.415428086164	-15.913315880924658	-2.4844268485741403
1.1442273407340217e8	4202.803985537393	-15.94483158448106	-2.5515125448751994
1.1755273407340217e8	4189.00390275552	-15.9768068084927	-2.6162132473673165
1.2068273407340217e8	4175.249133123022	-16.008782032504342	-2.6853915011869707
1.2381273407340217e8	4161.962207824556	-16.04089402870377	-2.7551552658153704
1.2694273407340217e8	4149.717333720935	-16.0733305104007	-2.818590880432089
1.3007273407340217e8	4137.5084851587135	-16.105766992097628	-2.8863247749997534
1.3320273407340217e8	4125.335556147438	-16.138203473794555	-2.9589820483026252
1.3633273407340217e8	4114.870080696054	-16.171469140809958	-3.0213510401595505
1.3946273407340217e8	4104.4360477333885	-16.20473724050728	-3.087820479800592
1.4259273407340217e8	4094.0284722388087	-16.238005340204605	-3.1590246904133075
1.4572273407340217e8	4084.3374317627063	-16.27166879669836	-3.2246116287768167
1.4885273407340217e8	4074.965980813535	-16.305502574804166	-3.289725420224394
1.5198273407340217e8	4065.61603251795	-16.339336352909974	-3.3593761489773715
1.5511273407340217e8	4056.6712577090725	-16.37339762309983	-3.428023273963995
1.5824273407340217e8	4048.3247622516387	-16.407802637188937	-3.491696219872222
1.6137273407340217e8	4039.995439491233	-16.442207651278046	-3.5597007790696473
1.6450273407340217e8	4031.7703968547057	-16.476662725759166	-3.631185591973132
1.6763273407340217e8	4024.3594639146568	-16.511576741482276	-3.6936003760859686
1.7076273407340217e8	4016.962153260001	-16.546490757205383	-3.7601716294972607
1.7389273407340217e8	4009.5784398511773	-16.581404772928494	-3.831492694466909
1.7702273407340217e8	4002.807461281546	-16.616366762202727	-3.8957577453384706
1.8015273407340217e8	3996.1978904608764	-16.651340778699048	-3.9610984742964646
1.8328273407340217e8	3989.599233586694	-16.686314795195365	-4.0310089434190175
1.8641273407340217e8	3983.279491832578	-16.721592711828855	-4.0989223750083745
1.8954273407340217e8	3977.2727110481374	-16.757214656245345	-4.163023799827465
1.9267273407340217e8	3971.274988482041	-16.792836600661836	-4.231517366495471
1.9580273407340217e8	3965.363611578074	-16.828498980394368	-4.302471505394637
1.9893273407340217e8	3959.839583854751	-16.864359658992782	-4.365310559223516
2.0206273407340217e8	3954.323251486822	-16.900220337591197	-4.432364712346458
2.0519273407340217e8	3948.8146037541287	-16.936081016189608	-4.504240362297854
2.0832273407340217e8	3943.6610433558544	-16.97209436302554	-4.567877269688459
2.1145273407340217e8	3938.565976383958	-17.00813048730754	-4.633653340435036
2.1458273407340217e8	3933.477492053721	-17.04416661158954	-4.704062432219577
2.1771273407340217e8	3928.5292878481923	-17.08047070777622	-4.770992542945534
2.2084273407340217e8	3923.687362199236	-17.116975577272513	-4.83568647763283
2.2397273407340217e8	3918.851404240036	-17.1534804467688	-4.904856994185773
2.2710273407340217e8	3914.0811122940904	-17.189994653340193	-4.974561912685091
2.3023273407340217e8	3909.4517122576053	-17.226530010433947	-5.038330042229748
2.3336273407340217e8	3904.827787668379	-17.2630653675277	-5.10644319230793
2.3649273407340217e8	3900.2149057162883	-17.29960090782902	-5.178928932250351
2.3962273407340217e8	3895.7366804308363	-17.33614070015222	-5.241940962300291
2.4275273407340217e8	3891.263597041963	-17.372680492475418	-5.309192121058165
2.4588273407340217e8	3886.795649645752	-17.409220284798618	-5.381294186971114
2.4901273407340217e8	3882.334197261464	-17.44599095983277	-5.446850828152634
2.5214273407340217e8	3877.878257230172	-17.482827898257753	-5.513297301632033
2.5527273407340217e8	3873.427431493678	-17.519664836682736	-5.584475156905323
2.5840273407340217e8	3868.9824245936807	-17.55666978988115	-5.652657828882382
2.6153273407340217e8	3864.5431131915648	-17.593815521685038	-5.718272658880553
2.6466273407340217e8	3860.1088955023656	-17.630961253488927	-5.788497017809953
2.6779273407340217e8	3855.652381138561	-17.66806541443148	-5.858778650943034
2.7092273407340217e8	3851.148703904093	-17.705090077172585	-5.9236354103451285
2.7405273407340217e8	3846.65028728615	-17.742114739913696	-5.992992106759991
2.7718273407340217e8	3842.1501488271865	-17.77912257597347	-6.065369592397053
2.8031273407340217e8	3837.6135662121856	-17.816029693045316	-6.129591402170517
2.8344273407340217e8	3833.0823401244024	-17.852936810117157	-6.198222440593969
2.8657273407340217e8	3828.556464239155	-17.889843927189002	-6.271913075679753
2.8970273407340217e8	3823.840268300625	-17.927334010683403	-6.336487322877509
2.9283273407340217e8	3819.1181354559303	-17.964859136246496	-6.404563757359659
2.9596273407340217e8	3814.4018340626203	-18.002384261809585	-6.477615344755836
2.9909273407340217e8	3809.5466949311735	-18.03977786079461	-6.5437680255759565
3.0222273407340217e8	3804.663547206458	-18.077140335337752	-6.611418676598299
3.0535273407340217e8	3799.7866587912185	-18.1145028098809	-6.683980168143361
3.0848273407340217e8	3794.772808948257	-18.15176430080834	-6.751785762224995
3.1161273407340217e8	3789.6965190299866	-18.188977032637702	-6.819149128760431
3.1474273407340217e8	3784.6270196946125	-18.22618976446707	-6.891380196445122
3.1787273407340217e8	3779.6308032723086	-18.262507407775722	-6.956713483508959
3.2100273407340217e8	3774.6976379228504	-18.298064186797262	-7.015333633924452
3.2413273407340217e8	3769.770911329353	-18.333620965818806	-7.077605267432655
3.2726273407340217e8	3764.8506150879743	-18.369177744840343	-7.144013687002974
3.3039273407340217e8	3759.93674080582	-18.40473452386189	-7.215147875511424
3.3352273407340217e8	3755.0292801009773	-18.440291302883427	-7.291732309194818
3.3665273407340217e8	3750.121294424923	-18.47584922418632	-7.374229251913656
3.3978273407340217e8	3744.754381843143	-18.511483951682365	-7.432104405424053
3.4291273407340217e8	3739.3951500131107	-18.547118679178414	-7.493535973897802
3.4604273407340217e8	3734.0435879426554	-18.582753406674463	-7.558989822456274
3.4917273407340217e8	3728.6996846553575	-18.61838813417051	-7.629029809361145
3.5230273407340217e8	3723.363429190506	-18.654022861666554	-7.704347355640949
3.5543273407340217e8	3718.034810603057	-18.6896575891626	-7.785803084774482
3.5856273407340217e8	3712.4755906584	-18.725485472468662	-7.856582797273517
3.6169273407340217e8	3706.738841994776	-18.761464270692088	-7.917905688312016
3.6482273407340217e8	3701.0109581127317	-18.797443068915513	-7.98323617111306
3.6795273407340217e8	3695.2919253138534	-18.833421867138938	-8.053134910314782
3.7108273407340217e8	3689.581729920896	-18.869400665362363	-8.12828913514252
3.7421273407340217e8	3683.880358277756	-18.905379463585792	-8.209553856055338
3.7734273407340217e8	3678.1044559851284	-18.941344544076983	-8.291120971000332
3.8047273407340217e8	3672.0303154227145	-18.97725896239823	-8.35259858722715
3.8360273407340217e8	3665.966205892321	-19.013173380719472	-8.41810471576787
3.8673273407340217e8	3659.912110828384	-19.04908779904072	-8.48820457194917
3.8986273407340217e8	3653.8680136926764	-19.08500221736196	-8.563591358700979
3.9299273407340217e8	3647.8338979743035	-19.120916635683205	-8.645128086602309
3.9612273407340217e8	3641.809747189623	-19.15683105400445	-8.733908006434703
3.9925273407340217e8	3635.391480352752	-19.193241506826286	-8.800019404273344
4.0238273407340217e8	3628.9306035438062	-19.22971827528179	-8.866397188646824
4.0551273407340217e8	3622.481209110099	-19.266195043737287	-8.93749622593667
4.0864273407340217e8	3616.0432766449735	-19.302671812192788	-9.014039914341875
4.1177273407340217e8	3609.616785778032	-19.33914858064829	-9.096931809619479
4.1490273407340217e8	3603.201716175081	-19.37562534910379	-9.187320907888418
4.1803273407340217e8	3596.5715987733083	-19.412137679735046	-9.262536203916975
4.2116273407340217e8	3589.835357101893	-19.448668627476923	-9.330406309448772
4.2429273407340217e8	3583.1117321546576	-19.4851995752188	-9.403220346917218
4.2742273407340217e8	3576.4007003009647	-19.521730522960674	-9.481755577174473
4.3055273407340217e8	3569.7022379544164	-19.558261470702554	-9.566988314821442
4.3368273407340217e8	3563.016321572818	-19.594792418444428	-9.660168294911777
4.3681273407340217e8	3556.209988282415	-19.63139717783137	-9.74683470006743
4.3994273407340217e8	3549.228367201193	-19.668106685755603	-9.817120222867102
4.4307273407340217e8	3542.2604525751753	-19.70481619367984	-9.892721795055312
4.4620273407340217e8	3535.306217495586	-19.741525701604072	-9.974509860325318
4.4933273407340217e8	3528.3656351064787	-19.778235209528304	-10.06358786778486
4.5246273407340217e8	3521.438678604611	-19.81494471745254	-10.161383655060582
4.5559273407340217e8	3514.4910471535964	-19.85170054038227	-10.264421342167271
4.5872273407340217e8	3507.32120670908	-19.888775802560865	-10.33871444276945
4.6185273407340217e8	3500.165993307651	-19.925851064739454	-10.418973176958454
4.6498273407340217e8	3493.025377108995	-19.96292632691805	-10.5062399181927
4.6811273407340217e8	3485.899328333653	-20.00000158909664	-10.601856621193868
4.7124273407340217e8	3478.7878172629216	-20.03707685127523	-10.707591903954631
4.7437273407340217e8	3471.6908142387415	-20.074152113453827	-10.825843596084434
4.7750273407340217e8	3464.5575995954437	-20.11114891797659	-10.919574135400927
4.8063273407340217e8	3457.421939839879	-20.148119198049137	-11.008270499296879
4.8376273407340217e8	3450.300976806387	-20.185089478121682	-11.10560641827935
4.8689273407340217e8	3443.194680225364	-20.22205975819423	-11.213448423187934
4.9002273407340217e8	3436.103019889531	-20.259030038266776	-11.334342004947654
4.9315273407340217e8	3429.0259656538433	-20.296000318339324	-11.471886941051233
4.9628273407340217e8	3422.022697343198	-20.333023308712438	-11.627167220926822
4.9941273407340217e8	3415.929863958375	-20.37084558131138	-11.736671974397412
5.0254273407340217e8	3409.8478787244603	-20.408667853910316	-11.859659576646163
5.0567273407340217e8	3403.7767223265814	-20.44649012650925	-11.999922605246315
5.0880273407340217e8	3397.7163754842304	-20.484312399108184	-12.163119874833088
5.1193273407340217e8	3391.666818951252	-20.52213467170712	-12.358245745452065
5.1506273407340217e8	3385.6280335157353	-20.559956944306062	-12.600908523505266
5.1819273407340217e8	3379.5999999999976	-20.597779216904996	-12.921993948287211
