-3.0282110254047066e7	8475.788956345408	-14.30968694057471
-2.8992110254047066e7	8391.55240358899	-14.320908397037627
-2.7702110254047066e7	8308.153035058956	-14.332129853500547
-2.6412110254047066e7	8220.608374039966	-14.34308106582047
-2.5122110254047066e7	8126.604758649484	-14.353626670269517
-2.3832110254047066e7	8033.676085563076	-14.364172274718563
-2.2542110254047066e7	7933.519508452826	-14.374154020371671
-2.1252110254047066e7	7829.304110855379	-14.383769920546033
-1.9962110254047066e7	7725.454489768117	-14.393304037001823
-1.8672110254047066e7	7608.753892911434	-14.401661448458242
-1.7382110254047066e7	7493.816173478306	-14.41001885991466
-1.6092110254047066e7	7368.362191344883	-14.417291192706827
-1.4802110254047066e7	7240.25777303225	-14.424135149075822
-1.3512110254047066e7	7100.668851849901	-14.430101613651761
-1.2222110254047066e7	6944.2936385519915	-14.434670564428547
-1.0932110254047066e7	6779.408956440802	-14.43807193276059
-9.642110254047066e6	6608.705246298218	-14.44038513435229
-8.352110254047066e6	6434.288325629354	-14.441985987324081
-7.062110254047066e6	6258.967204673552	-14.443383877309438
-5.772110254047066e6	6090.897457128784	-14.445532070549294
-4.482110254047066e6	5936.176865728614	-14.449798498393035
-3.192110254047066e6	5790.210987027909	-14.455250257022705
-1.902110254047066e6	5676.100300574284	-14.467129393544745
-612110.254047066	5568.0872371742	-14.479898762777138
677889.745952934	5480.42327233151	-14.497324850590314
1.967889745952934e6	5399.712871298241	-14.516189206406105
3.257889745952934e6	5324.0964134104825	-14.536339668700686
4.547889745952934e6	5256.05828147667	-14.558665458362967
5.837889745952934e6	5188.88962804917	-14.580991248025246
7.127889745952934e6	5127.961875439813	-14.605610281514425
8.417889745952934e6	5069.062699688682	-14.630795069837411
9.707889745952934e6	5011.583797614488	-14.656367874457255
1.0997889745952934e7	4958.300822588112	-14.683810041607456
1.2287889745952934e7	4905.584350196894	-14.711252208757656
1.3577889745952934e7	4855.382776912883	-14.739795108018392
1.4867889745952934e7	4807.223334479757	-14.769207385787126
1.6157889745952934e7	4759.541574652126	-14.798619663555861
1.7447889745952934e7	4715.651916477956	-14.829867130211055
1.8737889745952934e7	4672.183819087561	-14.86112398921652
2.0027889745952934e7	4630.738791736281	-14.893163227416498
2.1317889745952934e7	4591.378130055821	-14.926037444038979
2.2607889745952934e7	4552.374195250519	-14.958922087161858
2.3897889745952934e7	4517.12524298888	-14.993430293399193
2.5187889745952934e7	4482.149222736398	-15.027938499636527
2.6477889745952934e7	4449.227133191187	-15.063352345810122
2.7767889745952934e7	4417.978557702925	-15.099498463442732
2.9057889745952934e7	4387.323201491011	-15.135811660668493
3.0347889745952934e7	4359.743972746613	-15.173413376948787
3.1637889745952934e7	4332.33811027208	-15.21101509322908
3.2927889745952934e7	4306.98751637584	-15.24957941738645
3.4217889745952934e7	4282.68211040534	-15.288604771064872
3.5507889745952934e7	4259.228187338578	-15.327928866285037
3.6797889745952934e7	4238.206104046156	-15.368221241341523
3.8087889745952934e7	4217.287778516066	-15.408513616398013
3.9377889745952934e7	4198.153887212236	-15.449718787160094
4.0667889745952934e7	4179.578907740231	-15.491181385790387
4.1957889745952934e7	4161.801822198029	-15.532965815808037
4.3247889745952934e7	4145.651504598927	-15.575450540316655
4.4537889745952934e7	4129.563860036576	-15.61793526482527
4.5827889745952934e7	4115.031835497608	-15.661255965786552
4.7117889745952934e7	4100.847088341299	-15.704743012162663
4.8407889745952934e7	4087.2460874534495	-15.748451967599856
4.9697889745952934e7	4074.6969606862904	-15.792579939574338
5.0987889745952934e7	4062.186363672234	-15.836707911548823
5.2277889745952934e7	4050.777298949243	-15.88158643452197
5.3567889745952934e7	4039.600825408181	-15.926606918438143
5.4857889745952934e7	4028.857184283079	-15.971822129367045
5.6147889745952934e7	4018.933486125203	-16.017421645646422
5.7437889745952934e7	4009.034231570229	-16.0630211619258
5.8727889745952934e7	3999.9204444073303	-16.108965605327537
6.0017889745952934e7	3990.98896309404	-16.154983439331232
6.1307889745952934e7	3982.2995359726574	-16.20118178315324
6.2597889745952934e7	3974.132314859822	-16.24779000385731
6.3887889745952934e7	3965.981843742838	-16.294398224561384
6.5177889745952934e7	3958.351852787952	-16.341275950068386
6.6467889745952934e7	3950.867482435142	-16.38822385632139
6.775788974595293e7	3943.5382612960743	-16.435277105758505
6.904788974595293e7	3936.581565596032	-16.48259900170354
7.033788974595293e7	3929.6371420262008	-16.529920897648577
7.162788974595293e7	3922.9918563350584	-16.577341022696153
7.291788974595293e7	3916.4393412928266	-16.624789110298803
7.420788974595293e7	3909.939602417312	-16.67237040008837
7.549788974595293e7	3903.5603833380796	-16.72030168041214
7.678788974595293e7	3897.1915722037634	-16.76823296073591
7.807788974595293e7	3890.989793867559	-16.81625925001079
7.936788974595293e7	3884.837718650106	-16.86430973791657
8.065788974595293e7	3878.7217265624695	-16.912367572375356
8.194788974595293e7	3872.6696359911516	-16.960440558725285
8.323788974595293e7	3866.6269886856544	-17.008513545075214
8.452788974595293e7	3860.5226051059494	-17.056851722951066
8.581788974595293e7	3854.416581268862	-17.10523199255907
8.710788974595293e7	3848.275535259639	-17.15365281767683
8.839788974595293e7	3842.083515072088	-17.202128881474344
8.968788974595293e7	3835.901458078077	-17.25060494527186
9.097788974595293e7	3829.5599594814157	-17.299350133565806
9.226788974595293e7	3823.228904701523	-17.34809538540065
9.355788974595293e7	3816.7919265898604	-17.396875632776222
9.484788974595293e7	3810.2883553461133	-17.445679201508568
9.613788974595293e7	3803.743849750791	-17.494497119848514
9.742788974595293e7	3797.022577360947	-17.543366994520326
9.871788974595293e7	3790.3131815601487	-17.592236869192142
1.0000788974595293e8	3783.2659637591028	-17.64111488305723
1.0129788974595293e8	3776.1696962641286	-17.689994346372075
1.0258788974595293e8	3769.26965369372	-17.737525694646287
1.0387788974595293e8	3762.5675674112967	-17.78368855758885
1.0516788974595293e8	3755.877398015874	-17.829851420531412
1.0645788974595293e8	3749.199124318206	-17.876014283473978
1.0774788974595293e8	3742.5327251667036	-17.922177146416537
1.0903788974595293e8	3735.455094404754	-17.96892190548095
1.1032788974595293e8	3728.0376000759343	-18.01615348088214
1.1161788974595293e8	3720.634834667889	-18.063385056283323
1.1290788974595293e8	3713.246768933383	-18.110616631684508
1.1419788974595293e8	3705.873373683283	-18.1578482070857
1.1548788974595293e8	3698.176070964075	-18.20474790934949
1.1677788974595293e8	3690.387602044383	-18.251542345633492
1.1806788974595293e8	3682.615535872147	-18.29833678191749
1.1935788974595293e8	3674.859837902679	-18.345131218201495
1.2064788974595293e8	3667.1204736640557	-18.391925654485497
1.2193788974595293e8	3658.887634587681	-18.43917763163454
1.2322788974595293e8	3650.658348632122	-18.48644304006961
1.2451788974595293e8	3642.447571347524	-18.533708448504683
1.2580788974595293e8	3634.2552611056294	-18.580973856939757
1.2709788974595293e8	3625.974279955119	-18.628226263634033
1.2838788974595293e8	3617.4071328344526	-18.675441551728774
1.2967788974595293e8	3608.860227448592	-18.722656839823507
1.3096788974595293e8	3600.333515972068	-18.769872127918248
1.3225788974595293e8	3591.826950692416	-18.81708741601299
1.3354788974595293e8	3583.0432932017407	-18.864774705434506
1.3483788974595293e8	3574.0379302833644	-18.912849200452136
1.3612788974595293e8	3565.055200795458	-18.960923695469766
1.3741788974595293e8	3556.0950478528002	-19.0089981904874
1.3870788974595293e8	3547.157414713134	-19.057072685505034
1.3999788974595293e8	3537.8597994198844	-19.10569611077303
1.4128788974595293e8	3528.5460191631923	-19.154377873521597
1.4257788974595293e8	3519.2567583921686	-19.203059636270154
1.4386788974595293e8	3509.991952556748	-19.25174139901872
1.4515788974595293e8	3500.729363368038	-19.30027122820047
1.4644788974595293e8	3491.426402433707	-19.34835577053877
1.4773788974595293e8	3482.148163513889	-19.396440312877075
1.4902788974595293e8	3472.894580911447	-19.44452485521538
1.5031788974595293e8	3463.665589103807	-19.492609397553686
1.5160788974595293e8	3454.3984943954692	-19.540909266156728
1.5289788974595293e8	3445.069010645494	-19.589509695566527
1.5418788974595293e8	3435.7647235447134	-19.63811012497633
1.5547788974595293e8	3426.4855650431527	-19.68671055438613
1.5676788974595293e8	3417.2314672746243	-19.73531098379593
1.5805788974595293e8	3408.5645230658597	-19.784215812716994
1.5934788974595293e8	3400.7962909373146	-19.833596481517606
1.6063788974595293e8	3393.0457628686386	-19.882977150318215
1.6192788974595293e8	3385.3128985116946	-19.932357819118828
1.6321788974595293e8	3377.5976576102953	-19.981738487919436
1.6450788974595293e8	3369.899999999998	-20.03111915672005
