-7.17928125108031e7	7734.809041921857	-14.20872187589056
-6.89628125108031e7	7663.60921892615	-14.215932521419818
-6.61328125108031e7	7593.064798638789	-14.223143166949075
-6.33028125108031e7	7523.169748001096	-14.23035381247833
-6.04728125108031e7	7449.924222105008	-14.237340651851817
-5.76428125108031e7	7373.51493653153	-14.244107988455678
-5.48128125108031e7	7297.889333952387	-14.250875325059535
-5.19828125108031e7	7220.761213406818	-14.257495342058249
-4.91528125108031e7	7138.761670573333	-14.263743498061565
-4.63228125108031e7	7057.6933211176765	-14.26999165406488
-4.34928125108031e7	6974.623645034903	-14.276041311819254
-4.06628125108031e7	6887.085095481465	-14.281716328350477
-3.78328125108031e7	6800.645242868249	-14.2873913448817
-3.50028125108031e7	6709.2897505792025	-14.292596187910627
-3.2172812510803103e7	6616.207569614116	-14.297566269006712
-2.9342812510803103e7	6521.419213164672	-14.302363813858676
-2.6512812510803103e7	6416.514333353873	-14.306472850460683
-2.3682812510803103e7	6307.169955088169	-14.310061445821974
-2.0852812510803103e7	6194.6948156675335	-14.31309031778561
-1.8022812510803103e7	6077.730449320848	-14.315409057889395
-1.5192812510803103e7	5957.35541245267	-14.317176814534323
-1.2362812510803103e7	5833.633870942176	-14.318377767428881
-9.532812510803103e6	5707.553792741265	-14.319036256572899
-6.702812510803103e6	5581.233784041683	-14.319461691188142
-3.8728125108031034e6	5456.526509058683	-14.31997066795649
-1.0428125108031034e6	5336.039261617089	-14.320987182754653
1.7871874891968966e6	5221.361358637552	-14.32279950012284
4.617187489196897e6	5116.4738275143845	-14.326321028368868
7.447187489196897e6	5023.859061196112	-14.33227417975069
1.0277187489196897e7	4940.932067919277	-14.340175388065799
1.3107187489196897e7	4871.064892653811	-14.351136373645428
1.5937187489196897e7	4813.449620970864	-14.365080572019075
1.8767187489196897e7	4757.647143472341	-14.379347892128886
2.1597187489196897e7	4717.6995394655105	-14.39800217432354
2.4427187489196897e7	4678.087355681702	-14.416656456518197
2.7257187489196897e7	4640.869589604643	-14.435997783742463
3.0087187489196897e7	4608.168158579648	-14.456755707975173
3.2917187489196897e7	4575.697154971419	-14.477513632207883
3.57471874891969e7	4545.113469612893	-14.498915271721412
3.85771874891969e7	4518.113817043482	-14.521636724052193
4.14071874891969e7	4491.2745523816	-14.544358176382975
4.42371874891969e7	4465.074337831553	-14.567286192493192
4.70671874891969e7	4442.07082230415	-14.591532327396589
4.98971874891969e7	4419.185818068284	-14.615778462299986
5.27271874891969e7	4396.418714568326	-14.64002459720338
5.55571874891969e7	4376.085640397499	-14.665334187710968
5.83871874891969e7	4356.435971405986	-14.690915482855926
6.12171874891969e7	4336.8745341181375	-14.716496778000884
6.40471874891969e7	4318.257902272076	-14.74251111380235
6.68771874891969e7	4301.273367897101	-14.769312953711308
6.97071874891969e7	4284.355636944808	-14.796114793620266
7.25371874891969e7	4267.504446664567	-14.822916633529225
7.53671874891969e7	4252.442699551776	-14.850553607704526
7.81971874891969e7	4237.734724905175	-14.87833675589739
8.10271874891969e7	4223.077620907155	-14.906119904090254
8.38571874891969e7	4209.048179107715	-14.934193760283275
8.66871874891969e7	4196.428609429653	-14.962956634816631
8.95171874891969e7	4183.846875749695	-14.991719509349986
9.23471874891969e7	4171.302864627901	-15.02048238388334
9.51771874891969e7	4159.751611612238	-15.049782085761333
9.80071874891969e7	4148.617266189734	-15.079298691880975
1.008371874891969e8	4137.512723904429	-15.10881529800062
1.036671874891969e8	4126.585397944713	-15.138394012557747
1.064971874891969e8	4116.940262879068	-15.168501805303158
1.093271874891969e8	4107.317671544239	-15.198609598048566
1.121571874891969e8	4097.717571248421	-15.228717390793976
1.149871874891969e8	4088.6721731868843	-15.259265535858152
1.178171874891969e8	4080.255493469176	-15.290318356587518
1.206471874891969e8	4071.8561397914314	-15.321371177316886
1.234771874891969e8	4063.4740764873627	-15.352423998046252
1.263071874891969e8	4056.0112066155807	-15.383739948126909
1.291371874891969e8	4048.7236619333203	-15.415103129117213
1.319671874891969e8	4041.449210979058	-15.446466310107517
1.347971874891969e8	4034.3619917924957	-15.47787576737375
1.376271874891969e8	4028.0067461560334	-15.509476728810405
1.404571874891969e8	4021.6615118044315	-15.54107769024706
1.432871874891969e8	4015.326272967109	-15.572678651683715
1.461171874891969e8	4009.340322258726	-15.604657626652742
1.489471874891969e8	4003.6941635683593	-15.637005731800226
1.517771874891969e8	3998.0559560882725	-15.669353836947712
1.546071874891969e8	3992.4256886211488	-15.701701942095195
1.574371874891969e8	3987.381868035852	-15.734114097523866
1.602671874891969e8	3982.4438174253314	-15.766537270712863
1.630971874891969e8	3977.5118821919204	-15.798960443901862
1.659271874891969e8	3972.676709723705	-15.831432618416455
1.687571874891969e8	3968.3045765368283	-15.864152184104771
1.715871874891969e8	3963.9372551053502	-15.896871749793087
1.744171874891969e8	3959.5747401336816	-15.929591315481403
1.772471874891969e8	3955.4425800724366	-15.962435192778667
1.800771874891969e8	3951.560673523983	-15.99541475155948
1.829071874891969e8	3947.6825767131622	-16.028394310340293
1.857371874891969e8	3943.8082859010706	-16.061373869121105
1.885671874891969e8	3940.2276933572857	-16.094494055582608
1.913971874891969e8	3936.7267679084566	-16.127651343306354
1.942271874891969e8	3933.228953061337	-16.1608086310301
1.970571874891969e8	3929.763947852354	-16.194013577970278
1.998871874891969e8	3926.555760720844	-16.227626058949934
2.027171874891969e8	3923.350192694402	-16.261238539929586
2.055471874891969e8	3920.147241634845	-16.294851020909242
2.083771874891969e8	3917.0677868309976	-16.328357356835397
2.112071874891969e8	3914.135933746545	-16.361736113085662
2.140371874891969e8	3911.206275100121	-16.395114869335927
2.168671874891969e8	3908.2788092492274	-16.428493625586196
2.196971874891969e8	3905.493767823337	-16.46215397430153
2.225271874891969e8	3902.7530399258185	-16.49589937930999
2.253571874891969e8	3900.0142353675387	-16.52964478431845
2.281871874891969e8	3897.2924876769503	-16.56335222505609
2.310171874891969e8	3894.685770579761	-16.59677569457692
2.338471874891969e8	3892.0807969940015	-16.63019916409775
2.366771874891969e8	3889.4775657535392	-16.663622633618584
2.395071874891969e8	3886.8859389795466	-16.697181387586227
2.423371874891969e8	3884.308992873411	-16.73091793360228
2.451671874891969e8	3881.733755243255	-16.76465447961834
2.479971874891969e8	3879.160224956377	-16.798391025634395
2.508271874891969e8	3876.585038257063	-16.832349020502882
2.536571874891969e8	3874.0106255503274	-16.866368667835644
2.564871874891969e8	3871.437922492863	-16.900388315168403
2.593171874891969e8	3868.87010933373	-16.934341393646513
2.621471874891969e8	3866.3196891018947	-16.967965954536545
2.649771874891969e8	3863.770950147325	-17.001590515426575
2.678071874891969e8	3861.223891361697	-17.035215076316604
2.706371874891969e8	3858.6333256333623	-17.068971666487602
2.734671874891969e8	3856.0026914544487	-17.10285049475861
2.762971874891969e8	3853.3738507178305	-17.13672932302962
2.791271874891969e8	3850.746802200803	-17.17060815130063
2.819571874891969e8	3848.066326536297	-17.204730228893816
2.847871874891969e8	3845.3819929640886	-17.23887753883032
2.876171874891969e8	3842.6995319289263	-17.27302484876683
2.904471874891969e8	3839.968325440705	-17.30639348033343
2.932771874891969e8	3837.13578883003	-17.338172241598805
2.961071874891969e8	3834.3053416281655	-17.369951002864184
2.989371874891969e8	3831.476982293861	-17.401729764129563
3.017671874891969e8	3828.650709287023	-17.433508525394938
3.045971874891969e8	3825.826521068674	-17.465287286660313
3.074271874891969e8	3823.0044161009723	-17.49706604792569
3.102571874891969e8	3820.1843928472363	-17.528844809191067
3.130871874891969e8	3817.1249568829853	-17.560831871714647
3.159171874891969e8	3813.957648140145	-17.59291417468482
3.187471874891969e8	3810.792967512656	-17.624996477655
3.215771874891969e8	3807.6309128197922	-17.65707878062517
3.244071874891969e8	3804.471481882658	-17.689161083595344
3.272371874891969e8	3801.314672524164	-17.72124338656552
3.300671874891969e8	3798.160482569015	-17.753325689535693
3.328971874891969e8	3794.9468249307492	-17.785408621641665
3.357271874891969e8	3791.3999828455585	-17.8174949606785
3.385571874891969e8	3787.8564557182276	-17.849581299715336
3.413871874891969e8	3784.3162404505083	-17.88166763875217
3.442171874891969e8	3780.77933394707	-17.913753977789007
3.470471874891969e8	3777.245733115474	-17.945840316825844
3.498771874891969e8	3773.715434866153	-17.977926655862678
3.527071874891969e8	3770.1884361124457	-18.010012994899515
3.555371874891969e8	3766.3800792035668	-18.042034712781096
3.583671874891969e8	3762.4309283832017	-18.07402355979876
3.611971874891969e8	3758.485918353689	-18.106012406816426
3.640271874891969e8	3754.545044773298	-18.13800125383409
3.668571874891969e8	3750.6083033048694	-18.16999010085176
3.696871874891969e8	3746.675689615754	-18.201978947869424
3.725171874891969e8	3742.74719937787	-18.233967794887093
3.753471874891969e8	3738.7401589651486	-18.266010177825862
3.781771874891969e8	3734.3416470280554	-18.2983091435979
3.810071874891969e8	3729.9483098039436	-18.33060810936994
3.838371874891969e8	3725.560141204944	-18.36290707514198
3.866671874891969e8	3721.177135150303	-18.39520604091402
3.894971874891969e8	3716.7992855664666	-18.427505006686054
3.923271874891969e8	3712.426586387	-18.459803972458097
3.951571874891969e8	3708.059031552613	-18.492102938230136
3.979871874891969e8	3703.372878277962	-18.5245902170258
4.008171874891969e8	3698.589058681422	-18.557137831536064
4.036471874891969e8	3693.811418567926	-18.58968544604633
4.064771874891969e8	3689.039949955154	-18.622233060556596
4.093071874891969e8	3684.2746448710977	-18.65478067506686
4.121371874891969e8	3679.5154953540255	-18.687328289577128
4.149671874891969e8	3674.7624934525174	-18.719875904087395
4.177971874891969e8	3669.8851018076675	-18.752397392235693
4.206271874891969e8	3664.7979103427037	-18.784875532187254
4.234571874891969e8	3659.7177707380324	-18.817353672138815
4.262871874891969e8	3654.644673218357	-18.849831812090372
4.291171874891969e8	3649.5786080219596	-18.88230995204193
4.319471874891969e8	3644.5195654006257	-18.91478809199349
4.347771874891969e8	3639.467535619682	-18.94726623194505
4.376071874891969e8	3634.4225089579218	-18.979744371896608
4.404371874891969e8	3629.1267956116562	-19.01267764789131
4.432671874891969e8	3623.8152620039154	-19.04565255853624
4.460971874891969e8	3618.5115022742602	-19.078627469181164
4.489271874891969e8	3613.2155050449633	-19.111602379826092
4.517571874891969e8	3607.9272589549564	-19.14457729047102
4.545871874891969e8	3602.646752659779	-19.177552201115947
4.574171874891969e8	3597.3739748315948	-19.210527111760875
4.602471874891969e8	3592.0937118392744	-19.243541131899875
4.630771874891969e8	3586.8029670476117	-19.276602125432902
4.659071874891969e8	3581.520014920261	-19.309663118965933
4.687371874891969e8	3576.2448439795025	-19.342724112498964
4.715671874891969e8	3570.977442764548	-19.37578510603199
4.743971874891969e8	3565.7177998314637	-19.408846099565025
4.772271874891969e8	3560.465903753197	-19.441907093098056
4.800571874891969e8	3555.221743119501	-19.474968086631083
4.828871874891969e8	3550.799088314892	-19.508578942258648
4.857171874891969e8	3546.555462489172	-19.5423071777757
4.885471874891969e8	3542.3169082993577	-19.576035413292757
4.913771874891969e8	3538.083419684242	-19.60976364880981
4.942071874891969e8	3533.8549905898576	-19.643491884326867
4.970371874891969e8	3529.631614969489	-19.677220119843923
4.998671874891969e8	3525.4132867836297	-19.710948355360976
5.026971874891969e8	3521.1999999999975	-19.744676590878033
