-1.0076507874632478e7	6894.996010291168	-11.93923689231873	4.649180293046075
-9.855007874632478e6	6852.114411235741	-11.947417589609655	4.578628459790413
-9.633507874632478e6	6809.499502912968	-11.955598286900578	4.502718660419021
-9.412007874632478e6	6767.149626710543	-11.963778984191503	4.420569709440519
-9.190507874632478e6	6725.063134331507	-11.971959681482428	4.33106340279921
-8.969007874632478e6	6683.238387730011	-11.980140378773351	4.232751067538158
-8.747507874632478e6	6640.552956673853	-11.988479527054688	4.150984862332211
-8.526007874632478e6	6597.6980825337905	-11.996881581488253	4.073542437155288
-8.304507874632478e6	6555.119772747563	-12.005283635921819	3.989595429366403
-8.083007874632478e6	6512.816242504366	-12.013685690355382	3.8979501402151233
-7.861507874632478e6	6470.785718511714	-12.02208774478895	3.79705077155113
-7.640007874632478e6	6428.439243473215	-12.030621132991921	3.7032125763733608
-7.418507874632478e6	6385.691586255519	-12.039307247995445	3.6228863421136634
-7.197007874632478e6	6343.228191224706	-12.047993362998966	3.535539784576665
-6.975507874632478e6	6301.047168101962	-12.056679478002488	3.4398272397624217
-6.754007874632478e6	6259.146639178402	-12.06536559300601	3.3339747246854667
-6.532507874632478e6	6217.126275470272	-12.074189938325645	3.235256271137879
-6.311007874632478e6	6174.930717634762	-12.083174006254215	3.1505280989488136
-6.089507874632478e6	6133.021540519555	-12.092158074182784	3.0579509014690767
-5.868007874632478e6	6091.396800462316	-12.101142142111353	2.9559205859133058
-5.646507874632478e6	6050.0545669923185	-12.11012621003992	2.8422847650809557
-5.425007874632478e6	6008.585977178521	-12.119332585536739	2.745512380811494
-5.203507874632478e6	5967.209641999023	-12.12864456639035	2.654601302445368
-4.982007874632478e6	5926.118232610626	-12.13795654724396	2.5545913177122896
-4.760507874632478e6	5885.309786956834	-12.14726852809757	2.44345643693201
-4.539007874632478e6	5844.558853923879	-12.15663528621222	2.3208380782965015
-4.317507874632478e6	5801.130626233098	-12.166732623204169	2.2176032778313814
-4.0960078746324778e6	5758.02509372041	-12.176829960196116	2.1024710475093147
-3.8745078746324778e6	5715.075361146686	-12.187117171754938	1.997852731830234
-3.6530078746324778e6	5672.437493856898	-12.197414270150448	1.8824699701696348
-3.4315078746324778e6	5630.2233127126565	-12.20791316907465	1.775287258276807
-3.2100078746324778e6	5588.340662314519	-12.218445522854559	1.6595124297460324
-2.9885078746324778e6	5546.792744713666	-12.22917039693073	1.5502549776830457
-2.7670078746324778e6	5505.5599147510065	-12.239947078055843	1.4340879490328606
-2.5455078746324778e6	5464.768902902874	-12.250910222684855	1.3232103268911009
-2.3240078746324778e6	5424.3284451900445	-12.261940466769863	1.2067572666701007
-2.1025078746324778e6	5384.304940751426	-12.273183320938184	1.0946465216512622
-1.8810078746324778e6	5344.62773853916	-12.284518973410524	0.9779815688003548
-1.6595078746324778e6	5305.614650087891	-12.296041499201083	0.8651572877329619
-1.4380078746324778e6	5267.0680710950655	-12.307656051569396	0.7485832676991271
-1.2165078746324778e6	5229.071605127105	-12.319488141734274	0.6351076612002293
-995007.8746324778	5191.501092287839	-12.33144343036273	0.5188189639273054
-773507.8746324778	5154.588581750152	-12.343600285599443	0.40508757484060376
-552007.8746324778	5118.185488608238	-12.35588632891205	0.2895733963066631
-330507.87463247776	5082.380608696724	-12.368372897630117	0.17567417352371714
-109007.87463247776	5047.084987322867	-12.38101264985214	0.06141773772712827
112492.12536752224	5012.489370910044	-12.393869045980265	-0.05257100477163971
333992.12536752224	4978.568952601337	-12.406935492954492	-0.16493272628637556
555492.1253675222	4945.292458432685	-12.420193863106592	-0.27909092662485313
776992.1253675222	4912.799996067562	-12.433714073975336	-0.38896697073676273
998492.1253675222	4880.860953285406	-12.447385094539595	-0.503513696372831
1.2199921253675222e6	4849.892882479156	-12.46139694165306	-0.6103409470130455
1.4414921253675222e6	4819.325255558517	-12.47549927822383	-0.7256300525192749
1.6629921253675222e6	4790.077145057066	-12.490104665756261	-0.8289663224604089
1.8844921253675222e6	4761.006539065593	-12.504710053288692	-0.9442247996066805
2.1059921253675222e6	4733.308664592319	-12.519868252878872	-1.0449527117112793
2.3274921253675222e6	4705.8280898779785	-12.53505255388737	-1.1554375446629106
2.5489921253675222e6	4679.462905327646	-12.550694292413318	-1.2585507393955926
2.7704921253675222e6	4653.632934726504	-12.566522493910139	-1.364023667010818
2.9919921253675222e6	4628.424995404496	-12.582588485182075	-1.4701001424449003
3.2134921253675222e6	4604.024648951607	-12.598989059203593	-1.5702915699607465
3.4349921253675222e6	4579.823136704444	-12.615430795833523	-1.6799136063881988
3.6564921253675222e6	4556.771986988035	-12.63247556943909	-1.7746982965389095
3.8779921253675222e6	4533.836858237376	-12.649520343044653	-1.8794169218425256
4.0994921253675222e6	4511.696188629257	-12.666899884486925	-1.977490448658873
4.320992125367522e6	4490.016223377232	-12.684454087034231	-2.075402862493206
4.542492125367522e6	4468.5922027800525	-12.70211768516945	-2.1791052441586722
4.763992125367522e6	4447.962119782984	-12.72028222423569	-2.2702613332568418
4.985492125367522e6	4427.427279382507	-12.73844676330193	-2.3705679504598103
5.206992125367522e6	4407.481199363684	-12.756930399677621	-2.4641824269469645
5.428492125367522e6	4387.910988897912	-12.77559961873353	-2.556106961803991
5.649992125367522e6	4368.427674579928	-12.79426883778944	-2.657344973198895
5.871492125367522e6	4349.684905781625	-12.813514571161885	-2.7410451780591427
6.092992125367522e6	4331.026858653501	-12.832764115951313	-2.832189672764251
6.314492125367522e6	4312.636421061907	-12.852136200886815	-2.925597285091024
6.535992125367522e6	4294.866518150759	-12.871864137603165	-3.006790171356856
6.757492125367522e6	4277.1698348247255	-12.891592074319519	-3.0951625580927353
6.978992125367522e6	4259.778699945584	-12.911513689012677	-3.1818123143470913
7.200492125367522e6	4242.830410837946	-12.931746367833405	-3.2587614766508
7.421992125367522e6	4225.949553520521	-12.951979046654134	-3.3421291410535807
7.643492125367522e6	4209.347494820966	-12.972392445501939	-3.4239005707630623
7.864992125367522e6	4193.203517083515	-12.993142613710608	-3.4945079099155727
8.086492125367522e6	4177.121455834905	-13.013892781919278	-3.5704819740056744
8.307992125367522e6	4161.155835194919	-13.034691970015226	-3.650187500211103
8.529492125367522e6	4145.742357530339	-13.055932442240882	-3.712406527522324
8.750992125367522e6	4130.385973448198	-13.077172914466539	-3.778755120050853
8.972492125367522e6	4115.08647146623	-13.098413386692194	-3.8498206643941133
9.193992125367522e6	4100.166543067206	-13.119901771275526	-3.9122417665079925
9.415492125367522e6	4085.551681844197	-13.141583530874737	-3.9672281281118806
9.636992125367522e6	4070.988914643798	-13.16326529047395	-4.02541481718554
9.858492125367522e6	4056.478055779175	-13.18494705007316	-4.0871975139131305
1.0079992125367522e7	4044.2462180668704	-13.208101604949416	-4.14019263374225
1.0301492125367522e7	4033.570357804605	-13.232263227823143	-4.186958371279738
1.0522992125367522e7	4022.9226793063135	-13.25642485069687	-4.236018899298348
1.0744492125367522e7	4012.3031081787426	-13.280586473570596	-4.287611101955384
1.0965992125367522e7	4002.957639281839	-13.30552512710842	-4.339717564315811
1.1187492125367522e7	4000.1868995095574	-13.334555659282824	-4.382026882013354
1.1408992125367522e7	3997.41807756892	-13.363586191457228	-4.426205665046882
1.1630492125367522e7	3994.651172132476	-13.392616723631633	-4.472426788569665
1.1851992125367522e7	3991.886181873665	-13.42164725580604	-4.520888274566541
1.2073492125367522e7	3989.441589605409	-13.45077233315278	-4.565997323714707
1.2294992125367522e7	3987.275607281993	-13.479979718472185	-4.607954335455475
1.2516492125367522e7	3985.1108009325376	-13.509187103791593	-4.651749127170385
1.2737992125367522e7	3982.947169918579	-13.538394489110999	-4.6975500981774605
1.2959492125367522e7	3980.784713601981	-13.567601874430405	-4.745549909962741
1.3180992125367522e7	3978.9780689482577	-13.596897925209007	-4.787285837395768
1.3402492125367522e7	3977.2489889973285	-13.626213171163219	-4.828886405057865
1.3623992125367522e7	3975.5206604246237	-13.65552841711743	-4.872292982732043
1.3845492125367522e7	3973.7930829036295	-13.684843663071645	-4.917669524084492
1.4066992125367522e7	3972.072666111746	-13.714152579562834	-4.96501030630884
1.4288492125367522e7	3970.6744170588818	-13.743143987425071	-5.004578057549356
1.4509992125367522e7	3969.2766602176607	-13.772135395287307	-5.045776145955297
1.4731492125367522e7	3967.8793954148073	-13.801126803149543	-5.088744718570725
1.4952992125367522e7	3966.4826224771286	-13.830118211011781	-5.133642808183132
1.5174492125367522e7	3965.1092596655053	-13.859096524791537	-5.179865937644997
1.5395992125367522e7	3963.994877641484	-13.887927099788413	-5.219068196654688
1.5617492125367522e7	3962.880808811176	-13.916757674785286	-5.259870199570355
1.5838992125367522e7	3961.7670530865603	-13.945588249782162	-5.302408084437459
1.6060492125367522e7	3960.653610379639	-13.974418824779038	-5.34683614258131
1.6281992125367522e7	3959.5493744913806	-14.00324913607858	-5.392822715450115
1.6503492125367522e7	3958.602823080538	-14.032074780072813	-5.431647200103514
1.6724992125367522e7	3957.6564979478626	-14.060900424067047	-5.472040124174945
1.6946492125367522e7	3956.710399039268	-14.089726068061278	-5.514133566387083
1.7167992125367522e7	3955.7645263006525	-14.118551712055513	-5.558077025185868
1.7389492125367522e7	3954.8188796779777	-14.147377356049747	-5.604040623460371
1.7610992125367522e7	3954.021619722293	-14.175860796547793	-5.642643427637401
1.7832492125367522e7	3953.2275385735525	-14.20433726496326	-5.682594352704839
1.8053992125367522e7	3952.4336168991294	-14.232813733378729	-5.724208012308315
1.8275492125367522e7	3951.6398546669757	-14.261290201794194	-5.767628843699242
1.8496992125367522e7	3950.846251845099	-14.289766670209662	-5.813020962367353
1.8718492125367522e7	3950.1311268035874	-14.318308174767306	-5.8527276542629325
1.8939992125367522e7	3949.433824768804	-14.346864374665042	-5.89223802420966
1.9161492125367522e7	3948.7366458261763	-14.375420574562778	-5.933373908298454
1.9382992125367522e7	3948.0395899539612	-14.403976774460514	-5.97627481881847
1.9604492125367522e7	3947.3426571304403	-14.432532974358251	-6.021099037305336
1.9825992125367522e7	3946.7153394692905	-14.460767465459632	-6.061864892665393
2.0047492125367522e7	3946.125242988432	-14.488830080342604	-6.100944727757772
2.0268992125367522e7	3945.535234736348	-14.516892695225575	-6.141614126771755
2.0490492125367522e7	3944.945314699846	-14.544955310108547	-6.184007902916205
2.0711992125367522e7	3944.3554828657375	-14.573017924991518	-6.228278782366717
2.0933492125367522e7	3943.780690172077	-14.601055830678646	-6.270897401854278
2.1154992125367522e7	3943.2286639129497	-14.629056243794023	-6.3095664824767494
2.1376492125367522e7	3942.676714923069	-14.657056656909397	-6.349791218281152
2.1597992125367522e7	3942.1248431916333	-14.685057070024772	-6.391702042783161
2.1819492125367522e7	3941.573048707815	-14.71305748314015	-6.435446514272639
2.2040992125367522e7	3941.0239859313538	-14.741040630706516	-6.479879169850548
2.2262492125367522e7	3940.4909581669185	-14.768919964548962	-6.518145367996934
2.2483992125367522e7	3939.9580024950587	-14.796799298391406	-6.557934331708079
2.2705492125367522e7	3939.4251189060383	-14.824678632233852	-6.59937229561156
2.2926992125367522e7	3938.892307390101	-14.852557966076297	-6.642601872591384
2.3148492125367522e7	3938.359567937491	-14.880437299918741	-6.687785015686021
2.3369992125367522e7	3938.1307780400466	-14.9081753262794	-6.726853423022855
2.3591492125367522e7	3937.940259491615	-14.935895561822942	-6.766433265376166
2.3812992125367522e7	3937.7497501600733	-14.963615797366485	-6.807644462128311
2.4034492125367522e7	3937.5592500449757	-14.991336032910027	-6.850627294331236
2.4255992125367522e7	3937.368759145869	-15.01905626845357	-6.8955409533999195
2.4477492125367522e7	3936.853794135932	-15.045522091120414	-6.933658821016908
2.4698992125367522e7	3936.1556411777497	-15.07127933283556	-6.968088782549632
2.4920492125367522e7	3935.457612028472	-15.097036574550708	-7.003746565796156
2.5141992125367522e7	3934.7597066661415	-15.122793816265855	-7.040722991283926
2.5363492125367522e7	3934.0619250688	-15.148551057981003	-7.079119344655605
2.5584992125367522e7	3933.3642672145133	-15.174308299696149	-7.119049048953914
2.5806492125367522e7	3932.6667330813298	-15.200065541411295	-7.1606396848868545
2.6027992125367522e7	3931.9693226473023	-15.225822783126443	-7.204035449752891
2.6249492125367522e7	3931.272035890508	-15.25158002484159	-7.2494001745307175
2.6470992125367522e7	3930.5748727890073	-15.277337266556739	-7.296921058435216
2.6692492125367522e7	3929.877833320871	-15.303094508271885	-7.346813335944438
2.6913992125367522e7	3929.225345664028	-15.328780219289474	-7.387944568896443
2.7135492125367522e7	3928.6024130624155	-15.354418512800237	-7.423040054268993
2.7356992125367522e7	3927.9795792194554	-15.380056806311003	-7.459412172580571
2.7578492125367522e7	3927.356844119504	-15.405695099821767	-7.497157318891177
2.7799992125367522e7	3926.7342077468934	-15.43133339333253	-7.536383235864515
2.8021492125367522e7	3926.111670085978	-15.456971686843293	-7.577210867887057
2.8242992125367522e7	3925.4892311211083	-15.482609980354056	-7.619776610061777
2.8464492125367522e7	3924.8668908366376	-15.508248273864819	-7.664235057500081
2.8685992125367522e7	3924.2446492169274	-15.533886567375584	-7.710762394707762
2.8907492125367522e7	3923.6225062463227	-15.559524860886347	-7.759560612669177
2.9128992125367522e7	3923.0004619091974	-15.58516315439711	-7.810862808691753
2.9350492125367522e7	3922.262722674577	-15.610629062306622	-7.851823415344895
2.9571992125367522e7	3921.4700655438764	-15.636012988402033	-7.888087012009848
2.9793492125367522e7	3920.6775686026813	-15.661396914497445	-7.9257153009382
3.0014992125367522e7	3919.885231818619	-15.686780840592858	-7.964815026010212
3.0236492125367522e7	3919.09305515933	-15.712164766688272	-8.005505966625691
3.0457992125367522e7	3918.3010385924404	-15.737548692783683	-8.047923150625582
3.0679492125367522e7	3917.509182085611	-15.762932618879095	-8.0922195576907
3.0900992125367522e7	3916.7174856064803	-15.78831654497451	-8.13856944974555
3.1122492125367522e7	3915.925949122716	-15.81370047106992	-8.187172511398916
3.1343992125367522e7	3915.1345726019836	-15.839084397165331	-8.238259048989333
3.1565492125367522e7	3914.3433560119634	-15.864468323260747	-8.292096590610862
3.1786992125367522e7	3913.3086052653084	-15.889705847719364	-8.329747307933816
3.2008492125367522e7	3912.2600028902993	-15.914934883821765	-8.367722302364236
3.2229992125367522e7	3911.211681496686	-15.940163919924167	-8.40719651714895
3.2451492125367522e7	3910.163641009191	-15.965392956026566	-8.448293210975098
3.2672992125367522e7	3909.1158813525435	-15.990621992128967	-8.491151497208406
3.2894492125367522e7	3908.0684024514712	-16.015851028231364	-8.535929185346893
3.3115992125367522e7	3907.021204230765	-16.041080064333766	-8.582806289006543
3.3337492125367522e7	3905.974286615207	-16.066309100436165	-8.631989397335522
3.355899212536752e7	3904.9276495296067	-16.091538136538567	-8.683717178141602
3.378049212536752e7	3903.881292898794	-16.116767172640966	-8.738267383609333
3.400199212536752e7	3902.702169233021	-16.141962624617094	-8.786678132259851
3.422349212536752e7	3901.357081566966	-16.167116079395463	-8.825461645458796
3.444499212536752e7	3900.0124574927318	-16.192269534173825	-8.865810222296165
3.466649212536752e7	3898.6682968505515	-16.217422988952194	-8.907855506355046
3.488799212536752e7	3897.324599480695	-16.242576443730556	-8.951746482797931
3.510949212536752e7	3895.981365223492	-16.267729898508925	-8.997652664720322
3.533099212536752e7	3894.6385939193287	-16.29288335328729	-9.04576804671582
3.555249212536752e7	3893.296285408646	-16.318036808065656	-9.096316058592624
3.577399212536752e7	3891.954439531932	-16.343190262844022	-9.149555839112306
3.599549212536752e7	3890.6130561297523	-16.368343717622388	-9.205790275727066
3.621699212536752e7	3889.2161357080695	-16.393451817046135	-9.261644263731663
3.643849212536752e7	3887.5463327957127	-16.41833840652149	-9.301685047151125
3.665999212536752e7	3885.8772467994754	-16.44322499599684	-9.343396210698737
3.688149212536752e7	3884.2088774115623	-16.46811158547219	-9.386923210770412
3.710299212536752e7	3882.5412243243104	-16.49299817494754	-9.432431371556644
3.732449212536752e7	3880.874287230168	-16.517884764422895	-9.480109676664732
3.754599212536752e7	3879.208065821737	-16.542771353898246	-9.530175510759637
3.776749212536752e7	3877.542559791749	-16.567657943373597	-9.582880652002899
3.798899212536752e7	3875.87776883305	-16.592544532848947	-9.638518933387292
3.821049212536752e7	3874.213692638636	-16.6174311223243	-9.697436163782
3.843199212536752e7	3872.550330901629	-16.642317711799652	-9.760043158904915
3.865349212536752e7	3870.5437241244695	-16.667099384667438	-9.802587550132925
3.887499212536752e7	3868.527428247072	-16.69187778310791	-9.846241441940373
3.909649212536752e7	3866.512182725743	-16.71665618154838	-9.89188832892827
3.931799212536752e7	3864.4979870133047	-16.74143457998885	-9.939718931285222
3.953949212536752e7	3862.484840562889	-16.766212978429323	-9.989952727497895
3.976099212536752e7	3860.472742827894	-16.790991376869794	-10.04284404363252
3.998249212536752e7	3858.4616932620006	-16.815769775310265	-10.098689844821251
4.020399212536752e7	3856.451691319198	-16.840548173750733	-10.157839833947069
4.042549212536752e7	3854.4427364537287	-16.865326572191208	-10.2207097292674
4.064699212536752e7	3852.434828120157	-16.89010497063168	-10.287799002963775
4.086849212536752e7	3850.16239751991	-16.914688122289416	-10.337824513995697
4.108999212536752e7	3847.817916277702	-16.939217282326354	-10.384193435991078
4.131149212536752e7	3845.4748626615783	-16.96374644236329	-10.432817423520627
4.153299212536752e7	3843.133235802221	-16.98827560240023	-10.483927081112578
4.175449212536752e7	3840.7930348308346	-17.01280476243717	-10.5377903010421
4.197599212536752e7	3838.454258879159	-17.037333922474108	-10.594720762621378
4.219749212536752e7	3836.1169070794426	-17.061863082511046	-10.655089000240329
4.241899212536752e7	3833.780978564483	-17.086392242547983	-10.719337032062295
4.264049212536752e7	3831.4464724675986	-17.11092140258492	-10.78799801905452
4.286199212536752e7	3829.1133879226427	-17.135450562621863	-10.861723184379864
4.308349212536752e7	3826.6732413690047	-17.159863446028115	-10.929788406275284
4.330499212536752e7	3824.034209872496	-17.18406134319978	-10.980279448458827
4.352649212536752e7	3821.3969983608154	-17.208259240371447	-11.033456032591078
4.374799212536752e7	3818.761605578832	-17.23245713754311	-11.089619966259143
4.396949212536752e7	3816.1280302722557	-17.256655034714775	-11.149126978763185
4.419099212536752e7	3813.4962711877074	-17.28085293188644	-11.21240038414162
4.441249212536752e7	3810.866327072618	-17.305050829058104	-11.279949366153087
4.463399212536752e7	3808.2381966753305	-17.329248726229768	-11.35239389847268
4.485549212536752e7	3805.6118787450237	-17.35344662340143	-11.43049941711005
4.507699212536752e7	3802.987372031745	-17.3776445205731	-11.515226216584914
4.529849212536752e7	3800.3646752864056	-17.40184241774476	-11.607801775052335
4.551999212536752e7	3797.742987845732	-17.425999253284544	-11.696713901242674
4.574149212536752e7	3795.1211398162163	-17.4500548736513	-11.759509773836472
4.596299212536752e7	3792.5011018320783	-17.474110494018056	-11.826514758465056
4.618449212536752e7	3789.882872643697	-17.49816611438481	-11.89833391466537
4.640599212536752e7	3787.2664510023465	-17.52222173475156	-11.975712941375702
4.662749212536752e7	3784.651835660138	-17.54627735511832	-12.05958545206745
4.684899212536752e7	3782.0390253700634	-17.570332975485073	-12.151141951504417
4.707049212536752e7	3779.428018885968	-17.594388595851825	-12.251933688248164
4.729199212536752e7	3776.8188149625657	-17.61844421621858	-12.364034948404646
4.751349212536752e7	3774.2114123554084	-17.642499836585333	-12.490308318221675
4.773499212536752e7	3771.6058098209282	-17.66655545695209	-12.634862859328784
4.795649212536752e7	3769.002006116416	-17.690611077318845	-12.803902670510855
4.817799212536752e7	3766.3999999999996	-17.714666697685598	-13.00744861687394
