-1.3319840986014962e8	8924.053263192847	-15.557612062836236
-1.3148340986014962e8	8886.391496303266	-15.561364699389756
-1.2976840986014962e8	8848.888671616673	-15.565117335943278
-1.2805340986014962e8	8811.5441183567	-15.568869972496799
-1.2633840986014962e8	8774.357168577773	-15.57262260905032
-1.2462340986014962e8	8737.327157153284	-15.57637524560384
-1.2290840986014962e8	8695.651398552598	-15.579736473128223
-1.2119340986014962e8	8651.412427588964	-15.582871394756763
-1.1947840986014962e8	8607.398521598869	-15.586006316385303
-1.1776340986014962e8	8563.608535568303	-15.589141238013845
-1.1604840986014962e8	8520.041330308457	-15.592276159642385
-1.1433340986014962e8	8475.645016560087	-15.595319555943314
-1.1261840986014962e8	8422.494584072845	-15.597575712270729
-1.1090340986014962e8	8369.677455831836	-15.599831868598141
-1.0918840986014962e8	8317.191541699414	-15.602088024925553
-1.0747340986014962e8	8265.034764645061	-15.604344181252968
-1.0575840986014962e8	8210.123644646905	-15.606292172948427
-1.0404340986014962e8	8146.079401839626	-15.607283209924745
-1.0232840986014962e8	8082.534745300995	-15.608274246901065
-1.0061340986014962e8	8019.48577793691	-15.609265283877383
-9.889840986014962e7	7956.928633053157	-15.6102563208537
-9.718340986014962e7	7881.93579582588	-15.60980955477519
-9.546840986014962e7	7804.836192329604	-15.609046476136303
-9.375340986014962e7	7728.490762555755	-15.608283397497416
-9.203840986014962e7	7652.892129319854	-15.60752031885853
-9.032340986014962e7	7563.52018759687	-15.605374993134944
-8.860840986014962e7	7464.264176050925	-15.602174790709572
-8.689340986014962e7	7359.859030592415	-15.598265492110727
-8.517840986014962e7	7251.285735270463	-15.593728277006214
-8.346340986014962e7	7141.966339078005	-15.588970303807038
-8.174840986014962e7	7029.692963773181	-15.583772766891947
-8.003340986014962e7	6919.18455209376	-15.578575229976853
-7.831840986014962e7	6814.5345714596415	-15.57434914651687
-7.660340986014962e7	6712.505359137964	-15.57037139857894
-7.488840986014962e7	6612.003758138501	-15.566393650641011
-7.317340986014962e7	6526.302231816204	-15.564911827920586
-7.145840986014962e7	6449.135042188118	-15.564839667085561
-6.974340986014962e7	6372.880279680871	-15.564767506250533
-6.802840986014962e7	6297.527155729348	-15.56469534541551
-6.631340986014962e7	6235.286789174185	-15.567110452190214
-6.459840986014962e7	6180.059168044641	-15.570838569450093
-6.288340986014962e7	6125.320712889146	-15.574566686709975
-6.116840986014962e7	6071.067091032385	-15.578294803969856
-5.945340986014962e7	6017.294008174718	-15.582022921229736
-5.773840986014962e7	5972.556919284533	-15.587745694259018
-5.602340986014962e7	5930.506150674251	-15.594020551515161
-5.430840986014962e7	5888.751447411627	-15.600295408771306
-5.259340986014962e7	5847.290724999911	-15.60657026602745
-5.087840986014962e7	5806.121913618635	-15.612845123283595
-4.916340986014962e7	5765.355142192061	-15.619152118807595
-4.744840986014962e7	5731.673967191108	-15.627419569584122
-4.573340986014962e7	5698.189557440761	-15.635687020360649
-4.401840986014962e7	5664.90076343945	-15.643954471137176
-4.230340986014962e7	5631.806442400991	-15.652221921913707
-4.058840986014962e7	5598.905458215316	-15.660489372690233
-3.887340986014962e7	5566.1966814095385	-15.668756823466762
-3.715840986014962e7	5535.856994704072	-15.677795856922984
-3.544340986014962e7	5507.48671783521	-15.687477261583341
-3.372840986014962e7	5479.261833560544	-15.697158666243698
-3.2013409860149622e7	5451.181596769047	-15.706840070904056
-3.0298409860149622e7	5423.24526616825	-15.716521475564415
-2.8583409860149622e7	5395.452104264649	-15.726202880224774
-2.6868409860149622e7	5367.801377344289	-15.735884284885131
-2.5153409860149622e7	5341.783645515534	-15.746280241286941
-2.3438409860149622e7	5316.565548873197	-15.757000424355015
-2.1723409860149622e7	5291.46650467485	-15.76772060742309
-2.0008409860149622e7	5266.485950884245	-15.778440790491166
-1.8293409860149622e7	5241.623328118457	-15.789160973559241
-1.6578409860149622e7	5216.878079635361	-15.799881156627315
-1.4863409860149622e7	5192.2496513211545	-15.81060133969539
-1.3148409860149622e7	5168.74948590677	-15.821929578212107
-1.1433409860149622e7	5145.629620465164	-15.83342313980405
-9.718409860149622e6	5122.613170400817	-15.844916701395995
-8.003409860149622e6	5099.699673135765	-15.856410262987943
-6.288409860149622e6	5076.88866816117	-15.867903824579887
-4.573409860149622e6	5054.179697028019	-15.879397386171831
-2.858409860149622e6	5031.638337261095	-15.890931598140433
-1.143409860149622e6	5010.170663132603	-15.903067502577109
571590.139850378	4988.794581642857	-15.915203407013784
2.286590139850378e6	4967.509702008414	-15.927339311450458
4.001590139850378e6	4946.315635113128	-15.939475215887132
5.716590139850378e6	4925.211993501033	-15.951611120323808
7.431590139850378e6	4904.198391369252	-15.963747024760481
9.146590139850378e6	4883.8835726160405	-15.976259683586532
1.0861590139850378e7	4864.075217281086	-15.989034607596077
1.2576590139850378e7	4844.347201891834	-16.001809531605623
1.4291590139850378e7	4824.699200600606	-16.01458445561517
1.6006590139850378e7	4805.130888881296	-16.027359379624716
1.7721590139850378e7	4785.641943524039	-16.040134303634265
1.9436590139850378e7	4766.632781759451	-16.05312804760046
2.1151590139850378e7	4748.426637504745	-16.066520579106776
2.2866590139850378e7	4730.290031581149	-16.07991311061309
2.4581590139850378e7	4712.222698387142	-16.093305642119404
2.6296590139850378e7	4694.224373335673	-16.10669817362572
2.8011590139850378e7	4676.29479285028	-16.120090705132036
2.9726590139850378e7	4658.8244588822945	-16.133677643736835
3.1441590139850378e7	4642.300570258965	-16.14770455571732
3.3156590139850378e7	4625.835288457509	-16.1617314676978
3.487159013985038e7	4609.428405611634	-16.17575837967828
3.658659013985038e7	4593.07971459231	-16.189785291658758
3.830159013985038e7	4576.789009005123	-16.203812203639238
4.001659013985038e7	4561.051556826231	-16.21808346079332
4.173159013985038e7	4546.136656093694	-16.23273493138594
4.344659013985038e7	4531.27052794378	-16.24738640197856
4.516159013985038e7	4516.453012887323	-16.26203787257118
4.687659013985038e7	4501.68395195673	-16.276689343163802
4.859159013985038e7	4486.963186704216	-16.291340813756424
5.030659013985038e7	4473.030521905548	-16.30632908108967
5.202159013985038e7	4459.7051656417025	-16.321574837924434
5.373659013985038e7	4446.419506205035	-16.33682059475919
5.545159013985038e7	4433.1734253369295	-16.35206635159395
5.716659013985038e7	4419.966805131076	-16.36731210842871
5.888159013985038e7	4406.799528032413	-16.38255786526347
6.059659013985038e7	4394.663713508665	-16.39827562967372
6.231159013985038e7	4382.8291616593815	-16.414121140227216
6.402659013985038e7	4371.026479510862	-16.429966650780717
6.574159013985038e7	4359.255581240007	-16.445812161334217
6.745659013985038e7	4347.516381254841	-16.461657671887714
6.917159013985038e7	4335.849517089352	-16.47752103192867
7.088659013985038e7	4325.387370145981	-16.493900026928053
7.260159013985038e7	4314.950467740795	-16.51027902192744
7.431659013985038e7	4304.538748960224	-16.52665801692682
7.603159013985038e7	4294.152153037667	-16.543037011926202
7.774659013985038e7	4283.790619353168	-16.559416006925584
7.946159013985038e7	4273.733619145049	-16.575928964095766
8.117659013985038e7	4264.433448055828	-16.592794092360744
8.289159013985038e7	4255.153515285143	-16.609659220625723
8.460659013985038e7	4245.893776791903	-16.6265243488907
8.632159013985038e7	4236.654188630895	-16.64338947715568
8.803659013985038e7	4227.434706952481	-16.660254605420658
8.975159013985038e7	4218.7362019385555	-16.677345067677855
9.146659013985038e7	4210.541074570087	-16.69465434541864
9.318159013985038e7	4202.361866687774	-16.711963623159427
9.489659013985038e7	4194.19854736715	-16.729272900900213
9.661159013985038e7	4186.051085743797	-16.746582178640995
9.832659013985038e7	4177.9194510132775	-16.76389145638178
1.0004159013985038e8	4170.4428616276455	-16.781548844754667
1.0175659013985038e8	4163.234771948285	-16.79934539583669
1.0347159013985038e8	4156.039140551787	-16.81714194691871
1.0518659013985038e8	4148.855945905562	-16.83493849800074
1.0690159013985038e8	4141.685166514236	-16.85273504908276
1.0861659013985038e8	4134.526780919604	-16.87053160016478
1.1033159013985038e8	4127.942435477689	-16.88868017791898
1.1204659013985038e8	4121.413168718006	-16.90685674692962
1.1376159013985038e8	4114.8942294580675	-16.92503331594026
1.1547659013985038e8	4108.385601362595	-16.943209884950896
1.1719159013985038e8	4101.887268122183	-16.961386453961538
1.1890659013985038e8	4095.488235794627	-16.97961197418047
1.2062159013985038e8	4089.650106425259	-16.9981408816079
1.2233659013985038e8	4083.820299324822	-17.016669789035323
1.2405159013985038e8	4077.998802629907	-17.035198696462746
1.2576659013985038e8	4072.1856044940164	-17.053727603890174
1.2748159013985038e8	4066.380693087525	-17.072256511317597
1.2919659013985038e8	4060.778569115852	-17.090820457774733
1.3091159013985038e8	4055.548213852914	-17.109450069448815
1.3262659013985038e8	4050.324595380885	-17.128079681122898
1.3434159013985038e8	4045.1077050226722	-17.14670929279698
1.3605659013985038e8	4039.897534112338	-17.165338904471064
1.3777159013985038e8	4034.694073995106	-17.183968516145146
1.3948659013985038e8	4029.676229075329	-17.202817495218206
1.4120159013985038e8	4024.84261728191	-17.221884975145134
1.4291659013985038e8	4020.014803424025	-17.240952455072065
1.4463159013985038e8	4015.1927805470214	-17.260019934998997
1.4634659013985038e8	4010.376541704588	-17.279087414925925
1.4806159013985038e8	4005.5660799587686	-17.298154894852857
1.4977659013985038e8	4000.997764380736	-17.31736326988737
1.5149159013985038e8	3996.5284060832873	-17.336627585672893
1.5320659013985038e8	3992.0640403313973	-17.355891901458417
1.5492159013985038e8	3987.6046615480814	-17.37515621724394
1.5663659013985038e8	3983.150264162585	-17.394420533029464
1.5835159013985038e8	3978.7008426103966	-17.413684848814988
1.6006659013985038e8	3974.5233553263247	-17.433068821704936
1.6178159013985038e8	3970.369606434085	-17.452461477327397
1.6349659013985038e8	3966.2201985982124	-17.471854132949858
1.6521159013985038e8	3962.075127281868	-17.49124678857232
1.6692659013985038e8	3957.9343879530043	-17.51063944419478
1.6864159013985038e8	3953.827045538554	-17.530046814700906
1.7035659013985038e8	3949.894365801981	-17.549540528823524
1.7207159013985038e8	3945.9655977109364	-17.569034242946145
1.7378659013985038e8	3942.0407373747034	-17.588527957068766
1.7550159013985038e8	3938.119780906428	-17.608021671191384
1.7721659013985038e8	3934.2027244231294	-17.627515385314005
1.7893159013985038e8	3930.3217994004567	-17.647170433507373
1.8064659013985038e8	3926.5018180295565	-17.667111615825263
1.8236159013985038e8	3922.6855493973117	-17.68705279814315
1.8407659013985038e8	3918.872989895223	-17.70699398046104
1.8579159013985038e8	3915.0641359182696	-17.726935162778926
1.8750659013985038e8	3911.258983864977	-17.746876345096815
1.8922159013985038e8	3907.555067517438	-17.766685830121293
1.9093659013985038e8	3903.89737798487	-17.78643758095943
1.9265159013985038e8	3900.243112253755	-17.80618933179757
1.9436659013985038e8	3896.5922671192166	-17.825941082635705
1.9608159013985038e8	3892.944839379399	-17.84569283347384
1.9779659013985038e8	3889.300825835417	-17.865444584311973
1.9951159013985038e8	3885.6699208197765	-17.88558044389211
2.0122659013985038e8	3882.0426813150584	-17.90572723917787
2.0294159013985038e8	3878.4188278072575	-17.925874034463632
2.0465659013985038e8	3874.7983571356012	-17.946020829749397
2.0637159013985038e8	3871.1812661422214	-17.966167625035162
2.0808659013985038e8	3867.5741294805375	-17.98630036084842
2.0980159013985038e8	3863.981599973873	-18.006409036873396
2.1151659013985038e8	3860.3924075120385	-18.026517712898368
2.1323159013985038e8	3856.806548995306	-18.046626388923343
2.1494659013985038e8	3853.2240213268256	-18.06673506494832
2.1666159013985038e8	3849.6448214126235	-18.08684374097329
2.1837659013985038e8	3846.067354692731	-18.10705508044087
2.2009159013985038e8	3842.4927208877766	-18.12729816296072
2.2180659013985038e8	3838.9214094393133	-18.147541245480568
2.2352159013985038e8	3835.3534172594636	-18.167784328000423
2.2523659013985038e8	3831.7887412632012	-18.188027410520274
2.2695159013985038e8	3828.2193910441506	-18.208255853538617
2.2866659013985038e8	3824.624576224334	-18.22843148053066
2.3038159013985038e8	3821.033137045329	-18.2486071075227
2.3209659013985038e8	3817.4450703373004	-18.268782734514744
2.3381159013985038e8	3813.860372933394	-18.288958361506786
2.3552659013985038e8	3810.279041669731	-18.309133988498832
2.3724159013985038e8	3806.648131993446	-18.329537700334033
2.3895659013985038e8	3802.9946995582777	-18.35005346030095
2.4067159013985038e8	3799.3447735067034	-18.37056922026786
2.4238659013985038e8	3795.69835047347	-18.391084980234776
2.4410159013985038e8	3792.05542709656	-18.411600740201692
2.4581659013985038e8	3788.402291847221	-18.432094885357394
2.4753159013985038e8	3784.710009520711	-18.45252168950722
2.4924659013985038e8	3781.021325795334	-18.472948493657043
2.5096159013985038e8	3777.3362371637927	-18.49337529780687
2.5267659013985038e8	3773.654740122202	-18.513802101956692
2.5439159013985038e8	3769.976831170112	-18.534228906106517
2.5610659013985038e8	3766.2037838986594	-18.554945391806285
2.5782159013985038e8	3762.412254727338	-18.575727255448946
2.5953659013985038e8	3758.6245425808734	-18.596509119091607
2.6125159013985038e8	3754.8406436165724	-18.617290982734268
2.6296659013985038e8	3751.060553995619	-18.63807284637693
2.6468159013985038e8	3747.2555485851603	-18.65879855351277
2.6639659013985038e8	3743.426551358317	-18.679469748999683
2.6811159013985038e8	3739.6014666534707	-18.7001409444866
2.698265901398504e8	3735.7802904727528	-18.72081213997351
2.715415901398504e8	3731.96301882238	-18.741483335460423
2.732565901398504e8	3728.1146966260335	-18.76217726466163
2.749715901398504e8	3724.127891995604	-18.782963947904697
2.766865901398504e8	3720.1453508099594	-18.803750631147764
2.784015901398504e8	3716.1670685098193	-18.824537314390827
2.801165901398504e8	3712.193040540785	-18.845323997633898
2.818315901398504e8	3708.2232623533087	-18.86611068087696
2.835465901398504e8	3704.4947288154135	-18.88581453777472
2.852615901398504e8	3700.784062229657	-18.90545382823808
2.869765901398504e8	3697.0771124926323	-18.92509311870144
2.886915901398504e8	3693.3738758812856	-18.9447324091648
2.904065901398504e8	3689.6743486763107	-18.96437169962816
2.921215901398504e8	3685.9785271621217	-18.98401099009152
2.938365901398504e8	3682.2864076268606	-19.00365028055488
2.955515901398504e8	3678.5979863623743	-19.02328957101824
2.972665901398504e8	3674.913259664223	-19.042928861481602
2.989815901398504e8	3671.232223831693	-19.062568151944962
3.006965901398504e8	3667.5548751677684	-19.08220744240832
3.024115901398504e8	3663.6578808045374	-19.10207093406439
3.041265901398504e8	3659.7335170675965	-19.12196609366654
3.058415901398504e8	3655.8133569520683	-19.141861253268694
3.075565901398504e8	3651.897395955214	-19.16175641287084
3.092715901398504e8	3647.9856295791005	-19.181651572472994
3.109865901398504e8	3644.07805333061	-19.201546732075144
3.127015901398504e8	3640.1746627214534	-19.221441891677294
3.144165901398504e8	3636.2754532681465	-19.241337051279444
3.161315901398504e8	3632.3804204919898	-19.261232210881595
3.178465901398504e8	3628.489559919101	-19.28112737048375
3.195615901398504e8	3624.5948691389926	-19.301026371838216
3.212765901398504e8	3620.554912524379	-19.320997237299668
3.229915901398504e8	3616.519458826653	-19.34096810276112
3.247065901398504e8	3612.4885030268783	-19.360938968222573
3.264215901398504e8	3608.4620401117318	-19.380909833684026
3.281365901398504e8	3604.4400650734583	-19.400880699145475
3.298515901398504e8	3600.4225729098844	-19.420851564606927
3.315665901398504e8	3596.409558624432	-19.44082243006838
3.332815901398504e8	3592.401017226073	-19.460793295529832
3.349965901398504e8	3588.396943729347	-19.480764160991285
3.367115901398504e8	3584.3973331543525	-19.500735026452737
3.384265901398504e8	3580.3395696687207	-19.52080202295171
3.401415901398504e8	3576.1564953335865	-19.541068702757308
3.418565901398504e8	3571.9783082753574	-19.561335382562905
3.435715901398504e8	3567.8050027840054	-19.581602062368503
3.452865901398504e8	3563.6365731561727	-19.601868742174098
3.470015901398504e8	3559.473013695165	-19.622135421979696
3.487165901398504e8	3555.3143187109367	-19.642402101785294
3.504315901398504e8	3551.160482520105	-19.66266878159089
3.521465901398504e8	3547.011499445931	-19.68293546139649
3.538615901398504e8	3542.867363818278	-19.703202141202087
3.555765901398504e8	3538.72806997366	-19.723468821007685
3.572915901398504e8	3534.499441770107	-19.74376167200426
3.590065901398504e8	3530.248658451713	-19.764062093671093
3.607215901398504e8	3526.0029873589942	-19.784362515337925
3.624365901398504e8	3521.7624223437147	-19.80466293700476
3.641515901398504e8	3517.5269572650304	-19.824963358671596
3.658665901398504e8	3513.296585989465	-19.845263780338428
3.675815901398504e8	3509.071302390943	-19.86556420200526
3.692965901398504e8	3504.8511003507324	-19.885864623672095
3.710115901398504e8	3500.635973757478	-19.906165045338927
3.727265901398504e8	3496.425916507174	-19.926465467005762
3.744415901398504e8	3492.1867748077234	-19.94682437031947
3.761565901398504e8	3487.8238150478555	-19.967404400976474
3.778715901398504e8	3483.4663061470324	-19.987984431633482
3.795865901398504e8	3479.1142412952227	-20.008564462290487
3.813015901398504e8	3474.7676136909217	-20.029144492947495
3.830165901398504e8	3470.426416541098	-20.049724523604503
3.847315901398504e8	3466.0906430612263	-20.07030455426151
3.864465901398504e8	3461.760286475249	-20.09088458491852
3.881615901398504e8	3457.435340015582	-20.111464615575528
3.898765901398504e8	3453.1157969230844	-20.132044646232536
3.915915901398504e8	3448.801650447059	-20.152624676889545
3.933065901398504e8	3444.4139275944535	-20.173303325312936
3.950215901398504e8	3439.993786562006	-20.19402949221617
3.967365901398504e8	3435.5793177998426	-20.21475565911941
3.984515901398504e8	3431.1705140288564	-20.23548182602265
4.001665901398504e8	3426.767367979283	-20.256207992925887
4.018815901398504e8	3422.3698723906978	-20.276934159829125
4.035965901398504e8	3417.9780200120003	-20.297660326732363
4.053115901398504e8	3413.591803601358	-20.3183864936356
4.070265901398504e8	3409.211215926269	-20.339112660538838
4.087415901398504e8	3404.8362497635057	-20.359838827442076
4.104565901398504e8	3400.466897899093	-20.380564994345313
4.121715901398504e8	3396.0598033667143	-20.401289115553453
4.138865901398504e8	3391.6577469410477	-20.422013204932465
4.156015901398504e8	3387.261396569425	-20.442737294311474
4.173165901398504e8	3382.8707448555183	-20.463461383690486
4.190315901398504e8	3378.4857844125877	-20.4841854730695
4.207465901398504e8	3374.1065078634724	-20.50490956244851
4.224615901398504e8	3369.732907840558	-20.525633651827526
4.241765901398504e8	3365.3649769857966	-20.546357741206535
4.258915901398504e8	3361.0027079506735	-20.567081830585547
4.276065901398504e8	3356.6460933961976	-20.587805919964563
4.293215901398504e8	3352.2951259928927	-20.608530009343575
4.310365901398504e8	3347.943034290413	-20.629308093899454
4.327515901398504e8	3343.5955213361294	-20.650094741488832
4.344665901398504e8	3339.253653898724	-20.670881389078204
4.361815901398504e8	3334.9174246471293	-20.69166803666758
4.378965901398504e8	3330.5868262598146	-20.712454684256954
4.396115901398504e8	3326.2618514247574	-20.73324133184633
4.413265901398504e8	3321.9424928394124	-20.754027979435705
4.430415901398504e8	3317.6287432107406	-20.77481462702508
4.447565901398504e8	3313.32059525515	-20.795601274614455
4.464715901398504e8	3309.01804169853	-20.81638792220383
4.481865901398504e8	3304.7210752761935	-20.837174569793202
4.499015901398504e8	3300.4383314619845	-20.857967101755786
4.516165901398504e8	3296.679028872607	-20.87911266743906
4.533315901398504e8	3292.9240082465803	-20.900258233122333
4.550465901398504e8	3289.1732647066087	-20.92140379880561
4.567615901398504e8	3285.426793380957	-20.942549364488883
4.584765901398504e8	3281.6845894034336	-20.96369493017216
4.601915901398504e8	3277.946647913407	-20.984840495855433
4.619065901398504e8	3274.212964055765	-21.005986061538707
4.636215901398504e8	3270.4835329809302	-21.027131627221983
4.653365901398504e8	3266.7583498448507	-21.04827719290526
4.670515901398504e8	3263.0374098089906	-21.069422758588537
4.687665901398504e8	3259.3207080403267	-21.09056832427181
4.704815901398504e8	3255.608239711333	-21.111713889955084
4.721965901398504e8	3251.900000000002	-21.132859455638357
