-1.4097734896548587e8	8757.644619513945	-15.397268515636455	4.597126970296941
-1.3765734896548587e8	8683.696005530695	-15.404680440896097	4.463234820007232
-1.3433734896548587e8	8610.371805730454	-15.41209236615574	4.308602927420938
-1.3101734896548587e8	8527.370016975947	-15.418729154985979	4.16373433317413
-1.2769734896548587e8	8440.831526657672	-15.425036007318226	4.012952849636728
-1.2437734896548587e8	8355.171256739286	-15.431342859650472	3.835329178162395
-1.2105734896548587e8	8254.442083815407	-15.43623754859776	3.6779614982189766
-1.1773734896548587e8	8152.865423913799	-15.440947119889028	3.500097398588189
-1.1441734896548587e8	8043.7716276287665	-15.444780658341461	3.311321735712028
-1.1109734896548587e8	7922.56004843622	-15.447237161733097	3.131240968394123
-1.0777734896548587e8	7799.7760349582195	-15.449328136078302	2.9211627604626664
-1.0445734896548587e8	7654.773968915372	-15.448779559587914	2.742070950833138
-1.0113734896548587e8	7512.467569909944	-15.448230983097526	2.5237525454687724
-9.781734896548587e7	7331.355561471574	-15.443708972318941	2.3263117053430182
-9.449734896548587e7	7133.05131961013	-15.436748931928873	2.143556796384736
-9.117734896548587e7	6924.258871084229	-15.428076164639107	1.9813286517831812
-8.785734896548587e7	6717.158340861359	-15.419278934418704	1.8406953718117893
-8.453734896548587e7	6521.937247644545	-15.411878237262567	1.7145461876981558
-8.121734896548587e7	6345.540581684247	-15.407242650155538	1.60998875897342
-7.789734896548587e7	6198.899525183629	-15.407576006018822	1.5176973767453985
-7.457734896548587e7	6072.6681874233445	-15.41136272162629	1.4344552609935124
-7.125734896548587e7	5961.456822796393	-15.417861247129304	1.35605032119117
-6.793734896548587e7	5868.398988055024	-15.42792728376089	1.2884699016196293
-6.461734896548587e7	5776.793778211255	-15.437993320392478	1.215989206510626
-6.129734896548587e7	5700.918823240447	-15.451817187365165	1.15519024913581
-5.797734896548587e7	5628.837126763428	-15.466384627973495	1.0940783500351934
-5.465734896548587e7	5557.6668221388645	-15.480952068581823	1.0289872941189429
-5.133734896548587e7	5496.444834139038	-15.498306888134975	0.9720975877050338
-4.801734896548587e7	5437.543237200804	-15.516173901806042	0.9142419942961135
-4.469734896548587e7	5379.272847929819	-15.534040915477108	0.8528324640325949
-4.137734896548587e7	5325.237968757753	-15.553243896170965	0.7940467742789445
-3.805734896548587e7	5274.50378747957	-15.57347694289497	0.737007668843147
-3.473734896548587e7	5224.2529568357	-15.593709989618976	0.6765172519689109
-3.141734896548587e7	5175.021727579042	-15.61419553847489	0.6136133835380869
-2.809734896548587e7	5129.450161758387	-15.636186680017227	0.5558880070193343
-2.477734896548587e7	5084.279902003798	-15.658177821559566	0.49462516772385595
-2.145734896548587e7	5039.507414388912	-15.6801689631019	0.4293628406944159
-1.813734896548587e7	4997.139038520033	-15.70315607408151	0.3674282798805842
-1.481734896548587e7	4955.88850970804	-15.726523709838427	0.3046039703900575
-1.149734896548587e7	4914.97849696218	-15.749891345595342	0.23756660648031588
-8.177348965485871e6	4875.256971909629	-15.773751676789635	0.17009529426397546
-4.857348965485871e6	4837.260553430591	-15.798431561780696	0.10553393094402055
-1.5373489654858708e6	4799.560268637542	-15.823111446771758	0.03651495346686094
1.7826510345141292e6	4762.461150256492	-15.84794735529651	-0.03603155457696499
5.102651034514129e6	4727.791258611042	-15.873879087570963	-0.10224963708103404
8.42265103451413e6	4693.373757767069	-15.899810819845417	-0.17316546783495773
1.174265103451413e7	4659.206810363293	-15.925742552119871	-0.2494968437724716
1.506265103451413e7	4627.561143126006	-15.952826009181337	-0.31757292844413615
1.838265103451413e7	4596.227752792987	-15.979959121222617	-0.3899536099261419
2.170265103451413e7	4565.106522022936	-16.007092233263897	-0.4679849087816879
2.502265103451413e7	4536.435117241886	-16.035278865989227	-0.5384862282202352
2.834265103451413e7	4508.322367348069	-16.063644699684122	-0.6117647483062738
3.166265103451413e7	4480.383835025143	-16.092010533379025	-0.6908406306441107
3.498265103451413e7	4454.600676489903	-16.12127370522461	-0.7628988293563318
3.830265103451413e7	4429.4717543175275	-16.150767137016995	-0.8367586393199559
4.162265103451413e7	4404.484587327125	-16.18026056880938	-0.9165119022528531
4.494265103451413e7	4381.443723105195	-16.21062363332048	-0.9894852547818433
4.826265103451413e7	4359.091756388904	-16.241261843622247	-1.0635603822857669
5.158265103451413e7	4336.853818391827	-16.271900053924014	-1.1435647725646023
5.490265103451413e7	4316.533497111638	-16.303338845404202	-1.2168984855991036
5.822265103451413e7	4296.95297793704	-16.335064932318485	-1.2907933658586839
6.154265103451413e7	4277.461279278118	-16.366791019232764	-1.3705875236996665
6.486265103451413e7	4259.420423150643	-16.39911438159718	-1.4440014843835547
6.818265103451413e7	4241.999612191941	-16.431677165585334	-1.5175170989952413
7.150265103451413e7	4224.650051456112	-16.464239949573496	-1.5968691660608159
7.482265103451413e7	4208.696144144686	-16.497590500856802	-1.6704486620898793
7.814265103451413e7	4193.425840839467	-16.53131306742344	-1.7434857111790987
8.146265103451413e7	4178.210942380559	-16.565035633990078	-1.822280456412241
8.478265103451413e7	4164.148434640888	-16.599097537424534	-1.89567900190156
8.810265103451413e7	4150.705080282621	-16.63333685550707	-1.9680890733735605
9.142265103451413e7	4137.3051258605565	-16.667576173589612	-2.046154533681864
9.474265103451413e7	4124.725798367654	-16.70251875925997	-2.119921274390897
9.806265103451413e7	4112.694617390437	-16.73792397479557	-2.1918640497717776
1.0138265103451413e8	4100.698529489168	-16.77332919033117	-2.269386605534784
1.0470265103451413e8	4089.440345834383	-16.80890499451761	-2.342997527034741
1.0802265103451413e8	4078.7156569524413	-16.84460308806557	-2.4144394759939374
1.1134265103451413e8	4068.019093912159	-16.880301181613522	-2.4913807800661383
1.1466265103451413e8	4057.879756021468	-16.916307136870774	-2.5653220334053906
1.1798265103451413e8	4048.2340920396136	-16.952586245864623	-2.636203040814173
1.2130265103451413e8	4038.6113560002423	-16.98886535485848	-2.7124940705352727
1.2462265103451413e8	4029.417351552623	-17.025378962006393	-2.786784621032279
1.2794265103451413e8	4020.6860486023234	-17.062148372688917	-2.8573117876751333
1.3126265103451413e8	4011.9736654224484	-17.098917783371437	-2.933193030516222
1.3458265103451413e8	4003.5646564604285	-17.13585709976883	-3.0080243037325562
1.3790265103451413e8	3995.5524840972184	-17.173023344829772	-3.0784561183606716
1.4122265103451413e8	3987.556346171195	-17.210189589890717	-3.154226986494383
1.4454265103451413e8	3979.7712250602062	-17.247454350499734	-3.229758814668673
1.4786265103451413e8	3972.3200320104193	-17.28488042800117	-3.300098252880504
1.5118265103451413e8	3964.882789581096	-17.322306505502606	-3.3757622123621136
1.5450265103451413e8	3957.5950561917175	-17.359926209651064	-3.4520325888522883
1.5782265103451413e8	3950.5967858166214	-17.397940868108066	-3.522328850077271
1.6114265103451413e8	3943.6108905803458	-17.43595552656507	-3.5979428474712924
1.6446265103451413e8	3936.728475772565	-17.474003265809188	-3.674531066985529
1.6778265103451413e8	3930.060262403655	-17.512124529276914	-3.7449945927212
1.7110265103451413e8	3923.403343963975	-17.55024579274464	-3.820802165521655
1.7442265103451413e8	3916.806003644882	-17.58849295616363	-3.8979486661702247
1.7774265103451413e8	3910.336429580368	-17.627044732376863	-3.968816961235501
1.8106265103451413e8	3903.8775416178887	-17.665596508590095	-4.045093263231654
1.8438265103451413e8	3897.4507011230653	-17.70426623275592	-4.122573749140652
1.8770265103451413e8	3891.0828962239966	-17.74320372290564	-4.194088362526715
1.9102265103451413e8	3884.7254952895623	-17.782141213055358	-4.27111396085137
1.9434265103451413e8	3878.4160674204586	-17.82105090790446	-4.348646108857892
1.9766265103451413e8	3872.1865174069617	-17.85990902737626	-4.420845819024157
2.0098265103451413e8	3865.9669733579412	-17.898767146848066	-4.498666813715396
2.0430265103451413e8	3859.7588655368754	-17.937577046071777	-4.576299464743288
2.0762265103451413e8	3853.5629521	-17.976312639279612	-4.6492408123510565
2.1094265103451413e8	3847.3769847101776	-18.015048232487445	-4.727924175996691
2.1426265103451413e8	3841.1306728452873	-18.054069827821273	-4.805763516688522
2.1758265103451413e8	3834.8041940829976	-18.093459562157193	-4.879673172733297
2.2090265103451413e8	3828.488135256122	-18.132849296493113	-4.95948456130995
2.2422265103451413e8	3822.165665075868	-18.17215354624662	-5.036739031596197
2.2754265103451413e8	3815.839461645171	-18.21138561278593	-5.111836406362292
2.3086265103451413e8	3809.5237289405964	-18.250617679325238	-5.193034655688366
2.3418265103451413e8	3803.0414909449064	-18.29026546224032	-5.269920701745918
2.3750265103451413e8	3796.4741187920085	-18.330139550144818	-5.346476208579771
2.4082265103451413e8	3789.9180876610653	-18.370013638049315	-5.429381965264136
2.4414265103451413e8	3783.2907728302725	-18.40973354772654	-5.504965030704208
2.4746265103451413e8	3776.6562064799227	-18.449418230503113	-5.583089951433984
2.5078265103451413e8	3770.0332748341993	-18.489102913279684	-5.667839584536631
2.5410265103451413e8	3763.2868180282107	-18.528554822453263	-5.742030912815299
2.5742265103451413e8	3756.5496611679437	-18.568001946901582	-5.821764681212359
2.6074265103451413e8	3749.761321156908	-18.60754243261504	-5.905833257903971
2.6406265103451413e8	3742.6134860557613	-18.64763273978288	-5.981140834612225
2.6738265103451413e8	3735.4792762342686	-18.68772304695071	-6.062584902161194
2.707026510345141e8	3728.5085891714475	-18.727000670738956	-6.141290447318899
2.740226510345141e8	3721.8044531875753	-18.764901429034488	-6.208592718561977
2.773426510345141e8	3715.1123717392475	-18.802802187330023	-6.280753543041499
2.806626510345141e8	3708.4323231514913	-18.840702945625555	-6.358529359973839
2.839826510345141e8	3701.764285788355	-18.87860370392109	-6.442868292698366
2.873026510345141e8	3695.1082380527428	-18.91650446221662	-6.534980938310363
2.906226510345141e8	3688.193976096666	-18.954608305460546	-6.616460499805131
2.939426510345141e8	3681.0558179437153	-18.992890513201147	-6.686358943872478
2.972626510345141e8	3673.9314750353387	-19.031172720941747	-6.761512827495239
3.005826510345141e8	3666.820920633409	-19.06945492868235	-6.842777149431774
3.039026510345141e8	3659.7241280515473	-19.10773713642295	-6.931234179018237
3.072226510345141e8	3652.6410706550246	-19.14601934416355	-7.0282819051497984
3.105426510345141e8	3645.260172307124	-19.184415425354132	-7.103325392557599
3.138626510345141e8	3637.821472099161	-19.222838140116167	-7.176395538699277
3.171826510345141e8	3630.397951674853	-19.261260854878195	-7.255228809103974
3.205026510345141e8	3622.9895800575823	-19.29968356964023	-7.340812734430714
3.238226510345141e8	3615.5963263339213	-19.338106284402258	-7.4344126575520715
3.271426510345141e8	3608.1705242812163	-19.376569008651114	-7.531931113022291
3.304626510345141e8	3600.483599277492	-19.41526435094866	-7.603495633258595
3.337826510345141e8	3592.81305066608	-19.453959693246208	-7.680579133610029
3.371026510345141e8	3585.158843558345	-19.49265503554376	-7.764104518156951
3.404226510345141e8	3577.520943140005	-19.531350377841306	-7.855247484757525
3.437426510345141e8	3569.899314670921	-19.570045720138854	-7.955538210588338
3.470626510345141e8	3562.097109653383	-19.608971107694167	-8.043954608957334
3.503826510345141e8	3554.1447799540965	-19.648092337387826	-8.119790479802267
3.537026510345141e8	3546.210203714555	-19.687213567081486	-8.20185285005164
3.570226510345141e8	3538.2933413004266	-19.72633479677515	-8.29125637185636
3.603426510345141e8	3530.394153165842	-19.765456026468808	-8.389444699488946
3.636626510345141e8	3522.512599853237	-19.80457725616247	-8.498334238207189
3.669826510345141e8	3514.370131440183	-19.843958084078125	-8.573993248527454
3.703026510345141e8	3506.2424530069957	-19.883342678828022	-8.655132492773655
3.736226510345141e8	3498.133571443302	-19.92272727357792	-8.74344132872226
3.769426510345141e8	3490.0434432776115	-19.962111868327817	-8.84031068463776
3.802626510345141e8	3481.972025138974	-20.001496463077718	-8.947580167307628
3.835826510345141e8	3473.82835383885	-20.0409452075162	-9.047572033249903
3.869026510345141e8	3465.5785242455004	-20.08048250162025	-9.128328877173596
3.902226510345141e8	3457.348286779736	-20.120019795724296	-9.216184891403405
3.935426510345141e8	3449.1375949131466	-20.15955708982835	-9.31250957850227
3.968626510345141e8	3440.9464022278185	-20.199094383932398	-9.41911144686326
4.001826510345141e8	3432.774662416068	-20.238631678036448	-9.538448343512009
4.035026510345141e8	3424.4521847233877	-20.27841022421727	-9.631159937120046
4.068226510345141e8	3416.099259990472	-20.31826072844223	-9.719600659954754
4.101426510345141e8	3407.7667097139106	-20.358111232667184	-9.816628755948532
4.134626510345141e8	3399.454484196335	-20.397961736892142	-9.924092962722689
4.167826510345141e8	3391.162533861576	-20.4378122411171	-10.044511850972032
4.201026510345141e8	3382.890809254407	-20.477662745342055	-10.181442437968652
4.234226510345141e8	3374.620349383932	-20.517468126134716	-10.274466141493528
4.267426510345141e8	3366.3694207373555	-20.557271860559993	-10.374472630059277
4.300626510345141e8	3358.138665567047	-20.597075594985267	-10.485603192770702
4.333826510345141e8	3349.928034548971	-20.636879329410544	-10.610645923660417
4.367026510345141e8	3341.737478479677	-20.67668306383582	-10.753589327244981
4.400226510345141e8	3333.5669482760118	-20.71648679826109	-10.920428760861318
4.433426510345141e8	3326.1857272715856	-20.75669604453159	-11.049167790988125
4.466626510345141e8	3319.0330969226984	-20.797017397061218	-11.175054687671935
4.499826510345141e8	3311.8958475913196	-20.83733874959085	-11.319102769566253
4.533026510345141e8	3304.773946202107	-20.877660102120473	-11.487449990459094
4.566226510345141e8	3297.667359750842	-20.917981454650104	-11.689991506479783
4.599426510345141e8	3290.576055304287	-20.958302807179734	-11.94425288532667
4.632626510345141e8	3283.4999999999977	-20.99862415970936	-12.286051617339291
