-3.9979717147124596e6	8564.184978985877	-12.829872001698124
-3.9104717147124596e6	8514.031856688356	-12.83848734889579
-3.8229717147124596e6	8464.172438424845	-12.847102696093458
-3.7354717147124596e6	8414.605004221445	-12.855718043291127
-3.6479717147124596e6	8365.327844176729	-12.864333390488792
-3.5604717147124596e6	8316.339258402697	-12.87294873768646
-3.4729717147124596e6	8264.208781889065	-12.881503001578393
-3.3854717147124596e6	8210.70612318319	-12.89002679828397
-3.2979717147124596e6	8157.549841797185	-12.898550594989548
-3.2104717147124596e6	8104.737695277097	-12.907074391695126
-3.1229717147124596e6	8052.267455686683	-12.915598188400706
-3.0354717147124596e6	7998.920944781271	-12.924098872467683
-2.9479717147124596e6	7942.097013682702	-12.932526232333188
-2.8604717147124596e6	7885.676756925696	-12.940953592198696
-2.7729717147124596e6	7829.657306828057	-12.949380952064203
-2.6854717147124596e6	7774.035816079512	-12.95780831192971
-2.5979717147124596e6	7717.802798641295	-12.966211039268263
-2.5104717147124596e6	7657.577189301045	-12.974505293765684
-2.4229717147124596e6	7597.821548436946	-12.982799548263108
-2.3354717147124596e6	7538.532208666091	-12.991093802760531
-2.2479717147124596e6	7479.705531223912	-12.999388057257955
-2.1604717147124596e6	7418.804806336365	-13.007610003562965
-2.0729717147124596e6	7355.3836117201845	-13.0157451082264
-1.9854717147124596e6	7292.504586365961	-13.023880212889836
-1.8979717147124596e6	7230.163095427113	-13.03201531755327
-1.8104717147124596e6	7168.354543678971	-13.040150422216707
-1.7229717147124596e6	7098.199012126686	-13.048478020536717
-1.6354717147124596e6	7028.591702480943	-13.05680865168195
-1.5479717147124596e6	6956.482978452852	-13.064983053999201
-1.4604717147124596e6	6884.9058685632945	-13.073147133505344
-1.3729717147124596e6	6811.2686903064605	-13.081187139202708
-1.2854717147124596e6	6738.154886791348	-13.089215293429316
-1.1979717147124596e6	6662.350219990264	-13.097155700353639
-1.1104717147124596e6	6586.952094901723	-13.105084709287212
-1.0229717147124596e6	6510.0080833188495	-13.112917207677249
-935471.7147124596	6433.556915121146	-13.12073317904692
-847971.7147124596	6356.156637591006	-13.128531522520348
-760471.7147124596	6279.109650435007	-13.136324282109923
-672971.7147124596	6202.163454770994	-13.144228486314816
-585471.7147124596	6125.5100248378285	-13.152220747683916
-497971.7147124596	6049.797691262448	-13.160292279136376
-410471.7147124596	5974.9953911505545	-13.168693636452634
-322971.7147124596	5901.117978842779	-13.177094993768886
-235471.7147124596	5829.593091778609	-13.186065401407303
-147971.7147124596	5760.0218126024665	-13.195470692888923
-60471.714712459594	5691.280807994378	-13.204875984370542
27028.285287540406	5626.821804591337	-13.215364849097835
114528.2852875404	5565.595756804906	-13.226645732937317
202028.2852875404	5505.035916170183	-13.2379266167768
289528.2852875404	5446.689150645065	-13.249693535300308
377028.2852875404	5395.791039083732	-13.263617753907763
464528.2852875404	5345.368559174742	-13.277541972515216
552028.2852875404	5295.417266244973	-13.291466191122671
639528.2852875404	5250.804873797797	-13.306858766444087
727028.2852875404	5211.861392837948	-13.323858553818805
814528.2852875404	5173.206742780365	-13.34085834119352
902028.2852875404	5134.838781461873	-13.357858128568239
989528.2852875404	5099.198294807603	-13.37586789111592
1.0770282852875404e6	5065.265278426641	-13.394485286879238
1.1645282852875404e6	5031.558071973846	-13.413102682642556
1.2520282852875404e6	4998.07517277929	-13.431720078405878
1.3395282852875404e6	4967.0284196644125	-13.45131190666842
1.4270282852875404e6	4936.98497718999	-13.471262663945437
1.5145282852875404e6	4907.12325472185	-13.491213421222453
1.6020282852875404e6	4877.442153112993	-13.51116417849947
1.6895282852875404e6	4850.191972701636	-13.532144499394345
1.7770282852875404e6	4823.510955136176	-13.553316494944687
1.8645282852875404e6	4796.976710461828	-13.57448849049503
1.9520282852875404e6	4770.588431277571	-13.595660486045372
2.0395282852875404e6	4746.853929414251	-13.618026899723574
2.1270282852875404e6	4723.304588552919	-13.640425401880883
2.2145282852875404e6	4699.872076956446	-13.662823904038191
2.3020282852875404e6	4676.855541898009	-13.685364186249744
2.3895282852875404e6	4655.933465925463	-13.708846275775496
2.4770282852875404e6	4635.104985587651	-13.73232836530125
2.5645282852875404e6	4614.369682181245	-13.755810454827
2.6520282852875404e6	4594.405398297028	-13.779593228232732
2.7395282852875404e6	4576.1073506161765	-13.80407925026158
2.8270282852875404e6	4557.882178208606	-13.828565272290431
2.9145282852875404e6	4539.729590835389	-13.85305129431928
3.0020282852875404e6	4522.655490381606	-13.878015064208778
3.0895282852875404e6	4506.837747586633	-13.90354687130686
3.1770282852875404e6	4491.075326490971	-13.92907867840494
3.2645282852875404e6	4475.36803360998	-13.95461048550302
3.3520282852875404e6	4460.683018040797	-13.980600774327133
3.4395282852875404e6	4446.655662439221	-14.0068808293914
3.5270282852875404e6	4432.67241817762	-14.033160884455668
3.6145282852875404e6	4418.7331465406	-14.059440939519938
3.7020282852875404e6	4406.298398877171	-14.086403052981236
3.7895282852875404e6	4394.394610619447	-14.113597356486508
3.8770282852875404e6	4382.522980913435	-14.140791659991784
3.9645282852875404e6	4370.683422881529	-14.167985963497058
4.0520282852875404e6	4359.693726848338	-14.195720962022696
4.1395282852875404e6	4348.857853163987	-14.223539585280566
4.22702828528754e6	4338.048911683087	-14.251358208538436
4.31452828528754e6	4327.266835466573	-14.279176831796308
4.40202828528754e6	4318.176817213185	-14.307682559691232
4.48952828528754e6	4309.148126294728	-14.336205746417267
4.57702828528754e6	4300.138313079342	-14.364728933143303
4.66452828528754e6	4291.198372101339	-14.393286736323088
4.75202828528754e6	4283.053871022929	-14.42237252757603
4.83952828528754e6	4274.924827840448	-14.451458318828973
4.92702828528754e6	4266.8112132155	-14.480544110081913
5.01452828528754e6	4258.842046968562	-14.509683846607363
5.10202828528754e6	4251.637103525971	-14.539137376391551
5.18952828528754e6	4244.444349126663	-14.568590906175741
5.27702828528754e6	4237.26376314968	-14.59804443595993
5.36452828528754e6	4230.260610409183	-14.627580725760122
5.45202828528754e6	4223.889688487463	-14.657428269777444
5.53952828528754e6	4217.528361399223	-14.687275813794766
5.62702828528754e6	4211.176614694312	-14.717123357812092
5.71452828528754e6	4204.998733562269	-14.74706538598154
5.80202828528754e6	4199.290250180317	-14.777272509068485
5.88952828528754e6	4193.589516332809	-14.80747963215543
5.97702828528754e6	4187.896521499387	-14.837686755242373
6.06452828528754e6	4182.377843914291	-14.867985321571467
6.15202828528754e6	4177.228626729919	-14.89848294849735
6.23952828528754e6	4172.085749106097	-14.928980575423235
6.32702828528754e6	4166.949203237763	-14.959478202349118
6.41452828528754e6	4161.977474710094	-14.990059813286688
6.50202828528754e6	4157.2849729698855	-15.020786405818079
6.58952828528754e6	4152.5977618812285	-15.051512998349471
6.67702828528754e6	4147.9158354790825	-15.082239590880864
6.76452828528754e6	4143.389963269677	-15.113028591732261
6.85202828528754e6	4139.077525401098	-15.14390398288351
6.93952828528754e6	4134.769575915342	-15.174779374034758
7.02702828528754e6	4130.46611014091	-15.205654765186006
7.11452828528754e6	4126.291570986015	-15.236669988524744
7.20202828528754e6	4122.259768529351	-15.267841005970414
7.28952828528754e6	4118.231905549762	-15.299012023416081
7.37702828528754e6	4114.20797819799	-15.330183040861751
7.46452828528754e6	4110.305823973659	-15.361375492024365
7.55202828528754e6	4106.503551776835	-15.39258545333713
7.63952828528754e6	4102.704796903174	-15.423795414649899
7.72702828528754e6	4098.909556098935	-15.455005375962664
7.81452828528754e6	4095.198857449607	-15.486289715602107
7.90202828528754e6	4091.539400293763	-15.517618045280472
7.98952828528754e6	4087.8832132176317	-15.548946374958836
8.07702828528754e6	4084.2302932990656	-15.580274704637201
8.16452828528754e6	4080.656366216323	-15.611630050777682
8.25202828528754e6	4077.1153144298614	-15.642996018755415
8.33952828528754e6	4073.5773354450916	-15.674361986733153
8.42702828528754e6	4070.0424265955207	-15.705727954710886
8.51452828528754e6	4066.546528297461	-15.737218699203815
8.60202828528754e6	4063.0616139709277	-15.768737174213822
8.68952828528754e6	4059.5796861165145	-15.800255649223825
8.77702828528754e6	4056.1007421749155	-15.831774124233833
8.86452828528754e6	4052.593721325286	-15.863383175189126
8.95202828528754e6	4049.0878316169064	-15.894997775273302
9.03952828528754e6	4045.5849748458245	-15.926612375357474
9.12702828528754e6	4042.0831113974605	-15.958226273487062
9.21452828528754e6	4038.5637001838813	-15.989833073859181
9.30202828528754e6	4035.047353295052	-16.021439874231305
9.38952828528754e6	4031.5340680628738	-16.053046674603422
9.47702828528754e6	4028.0154278261293	-16.084677370430796
9.56452828528754e6	4024.474596072628	-16.116379873893422
9.65202828528754e6	4020.9368768914846	-16.148082377356047
9.73952828528754e6	4017.4022675466035	-16.179784880818673
9.82702828528754e6	4013.8103384655187	-16.211514208629563
9.91452828528754e6	4010.1426093023333	-16.24327864283061
1.000202828528754e7	4006.478231627149	-16.275043077031654
1.008952828528754e7	4002.817202377465	-16.3068075112327
1.017702828528754e7	3999.064431676354	-16.338360369181803
1.026452828528754e7	3995.2617408919364	-16.369794208294316
1.035202828528754e7	3991.46266606757	-16.401228047406825
1.043952828528754e7	3987.667203764843	-16.432661886519337
1.052702828528754e7	3984.010941705335	-16.463082700919056
1.061452828528754e7	3980.3869450055686	-16.493287307868705
1.070202828528754e7	3976.7662448208716	-16.523491914818358
1.078952828528754e7	3973.1488381526046	-16.553696521768007
1.087702828528754e7	3969.5347220048825	-16.583901128717656
1.096452828528754e7	3965.9238933845254	-16.614105735667305
1.105202828528754e7	3962.316349301082	-16.644310342616958
1.113952828528754e7	3958.712086766815	-16.674514949566607
1.122702828528754e7	3954.7865824182722	-16.70490085054915
1.131452828528754e7	3950.83422249052	-16.7353039468794
1.140202828528754e7	3946.885812497523	-16.765707043209655
1.148952828528754e7	3942.941348491784	-16.796110139539906
1.157702828528754e7	3939.00082652973	-16.82651323587016
1.166452828528754e7	3935.0642426717363	-16.856916332200413
1.175202828528754e7	3931.131592982108	-16.887319428530663
1.183952828528754e7	3927.167401783887	-16.91769957631665
1.192702828528754e7	3922.9627296319973	-16.94792139276264
1.201452828528754e7	3918.762559266273	-16.97814320920863
1.210202828528754e7	3914.5668858668328	-17.00836502565462
1.218952828528754e7	3910.3757046189344	-17.038586842100607
1.227702828528754e7	3906.1890107129925	-17.068808658546594
1.236452828528754e7	3902.0067993445896	-17.09903047499258
1.245202828528754e7	3897.8290657144257	-17.12925229143857
1.253952828528754e7	3893.549358323319	-17.159579087841635
1.262702828528754e7	3889.0735361512407	-17.19010415649391
1.271452828528754e7	3884.602859151927	-17.220629225146187
1.280202828528754e7	3880.137321410747	-17.251154293798464
1.288952828528754e7	3875.6769170198845	-17.281679362450742
1.297702828528754e7	3871.2216400783122	-17.31220443110302
1.306452828528754e7	3866.7714846917747	-17.342729499755297
1.315202828528754e7	3862.326444972791	-17.373254568407578
1.323952828528754e7	3857.727989035574	-17.403734310202687
1.332702828528754e7	3853.060103773393	-17.434192608686736
1.341452828528754e7	3848.3978666939984	-17.464650907170782
1.350202828528754e7	3843.741270963038	-17.495109205654828
1.358952828528754e7	3839.0903097544237	-17.525567504138877
1.367702828528754e7	3834.4449762503464	-17.55602580262292
1.376452828528754e7	3829.80526364122	-17.58648410110697
1.385202828528754e7	3825.169419533093	-17.616946051308663
1.393952828528754e7	3820.2609117731786	-17.647990870151038
1.402702828528754e7	3815.3587026750524	-17.679035688993416
1.411452828528754e7	3810.462784156181	-17.710080507835794
1.420202828528754e7	3805.5731481444045	-17.741125326678173
1.428952828528754e7	3800.6897865779333	-17.772170145520548
1.437702828528754e7	3795.8126914053237	-17.803214964362926
1.446452828528754e7	3790.941854585443	-17.834259783205304
1.455202828528754e7	3786.042696198973	-17.865168737871876
1.463952828528754e7	3781.1088581754802	-17.895916313190916
1.472702828528754e7	3776.1814497566224	-17.926663888509957
1.481452828528754e7	3771.260462563551	-17.957411463828997
1.490202828528754e7	3766.345888228363	-17.988159039148034
1.498952828528754e7	3761.43771839404	-18.018906614467078
1.507702828528754e7	3756.5359447144556	-18.049654189786114
1.516452828528754e7	3751.6405588543776	-18.080401765105155
1.525202828528754e7	3746.6679374277896	-18.111535506229554
1.533952828528754e7	3741.6765156537986	-18.1427866713713
1.542702828528754e7	3736.691743599436	-18.174037836513047
1.551452828528754e7	3731.7136124057556	-18.205289001654794
1.560202828528754e7	3726.7421132255936	-18.23654016679654
1.568952828528754e7	3721.777237223592	-18.267791331938287
1.577702828528754e7	3716.8189755761637	-18.299042497080034
1.586452828528754e7	3711.877338393486	-18.33028797666017
1.595202828528754e7	3707.081100444825	-18.36145456983938
1.603952828528754e7	3702.291059871882	-18.392621163018593
1.612702828528754e7	3697.5072086668124	-18.423787756197804
1.621452828528754e7	3692.729538832138	-18.45495434937701
1.630202828528754e7	3687.9580423807147	-18.486120942556223
1.638952828528754e7	3683.192711335706	-18.517287535735434
1.647702828528754e7	3678.4335377305824	-18.548454128914646
1.656452828528754e7	3673.77475948264	-18.57973884205252
1.665202828528754e7	3669.88855674881	-18.611985547849955
1.673952828528754e7	3666.006464928864	-18.64423225364739
1.682702828528754e7	3662.1284796741957	-18.676478959444825
1.691452828528754e7	3658.2545966407747	-18.70872566524226
1.700202828528754e7	3654.384811489184	-18.740972371039696
1.708952828528754e7	3650.519119884597	-18.77321907683713
1.717702828528754e7	3646.6575174967593	-18.80546578263456
1.726452828528754e7	3642.799999999999	-18.837712488431997
