-1.6616898258950815e7	9019.694153695595	-14.061665754636106	4.71121557731227
-1.6374398258950815e7	8976.31444269031	-14.068610162045367	4.650010652436676
-1.6131898258950815e7	8933.143363961783	-14.075554569454624	4.5848140471459935
-1.5889398258950815e7	8890.179914104821	-14.082498976863885	4.5150685488059255
-1.5646898258950815e7	8847.423094540067	-14.089443384273144	4.440091456598564
-1.5404398258950815e7	8804.87191149075	-14.096387791682403	4.359033819902865
-1.5161898258950815e7	8761.837638681442	-14.103303786810079	4.273501176756576
-1.4919398258950815e7	8712.77345451836	-14.109960611516762	4.206412404836374
-1.4676898258950815e7	8663.98401799006	-14.116617436223443	4.134496974903394
-1.4434398258950815e7	8615.467790575847	-14.123274260930128	4.057006172097495
-1.4191898258950815e7	8567.223242370372	-14.12993108563681	3.9730023107085297
-1.3949398258950815e7	8519.248852035396	-14.136587910343492	3.881289250572262
-1.3706898258950815e7	8467.722992644687	-14.14302142428915	3.7956692835886536
-1.3464398258950815e7	8412.496670974406	-14.149218868049605	3.7195686601735636
-1.3221898258950815e7	8357.630534280417	-14.155416311810061	3.6371961630851466
-1.2979398258950815e7	8303.12223344341	-14.161613755570514	3.5474243822950218
-1.2736898258950815e7	8248.969434665021	-14.16781119933097	3.448791628181116
-1.2494398258950815e7	8191.496889427004	-14.173738296810562	3.35401600040318
-1.2251898258950815e7	8129.264838042287	-14.17928272535243	3.2719254931724855
-1.2009398258950815e7	8067.5055730446875	-14.184827153894297	3.18248857051494
-1.1766898258950815e7	8006.215502603917	-14.190371582436164	3.0842599485778988
-1.1524398258950815e7	7945.39106217736	-14.19591601097803	2.9753208424810746
-1.1281898258950815e7	7877.288055971496	-14.200808546582305	2.884148918698711
-1.1039398258950815e7	7807.221975719393	-14.205484602183972	2.7950030931570367
-1.0796898258950815e7	7737.779111930483	-14.210160657785636	2.697125546754971
-1.0554398258950815e7	7668.953921283993	-14.2148367133873	2.5886181608728176
-1.0311898258950815e7	7594.9489616209285	-14.219197657061375	2.478961851750695
-1.0069398258950815e7	7511.646338908742	-14.223008023006098	2.3792248390858735
-9.826898258950815e6	7426.705370783531	-14.226580710401414	2.27664132114526
-9.584398258950815e6	7337.81146690806	-14.229690324090283	2.180029896356649
-9.341898258950815e6	7247.6663598456435	-14.232589685511723	2.08060290843934
-9.099398258950815e6	7153.231559236719	-14.234992554195383	1.9897675439867422
-8.856898258950815e6	7058.756025145814	-14.237291117421236	1.8947865285665768
-8.614398258950815e6	6960.2046779829425	-14.239146806233748	1.8127887122678499
-8.371898258950815e6	6863.029262782164	-14.241002495046258	1.7234618134117194
-8.129398258950815e6	6763.610423541227	-14.24270975450277	1.6516097613304068
-7.886898258950815e6	6665.420219992642	-14.244408160905365	1.5758604603238398
-7.644398258950815e6	6569.151595819594	-14.246427873309656	1.5049128751854388
-7.401898258950815e6	6474.913179784609	-14.248867988612622	1.4438947075104074
-7.159398258950815e6	6382.026670297561	-14.251308103915587	1.3789099804221145
-6.916898258950815e6	6295.672122704592	-14.255008755666266	1.3201271501500658
-6.674398258950815e6	6215.75216948762	-14.26000254133525	1.2692483224534783
-6.431898258950815e6	6136.846754321178	-14.264996327004233	1.2156414183448991
-6.189398258950815e6	6058.942998225574	-14.269990112673218	1.1589972260003019
-5.946898258950815e6	6000.07632780951	-14.279091306493541	1.1149522356647608
-5.704398258950815e6	5942.414538550929	-14.288337734630394	1.069465130850493
-5.461898258950815e6	5885.306889233051	-14.297584162767247	1.0218099376648064
-5.219398258950815e6	5828.74805447354	-14.3068305909041	0.9717695880195037
-4.976898258950815e6	5781.271943155085	-14.31838157090741	0.9297578730032753
-4.734398258950815e6	5735.33798970833	-14.330246682203187	0.8874131989846444
-4.491898258950815e6	5689.768995408982	-14.342111793498962	0.8431958641721661
-4.249398258950815e6	5644.562060546257	-14.353976904794736	0.7969325397080019
-4.0068982589508146e6	5601.759512414837	-14.36651069754222	0.7518690455115388
-3.7643982589508146e6	5562.86327125032	-14.38022389515946	0.7110162157768903
-3.5218982589508146e6	5524.237109080336	-14.3939370927767	0.6684230837422511
-3.2793982589508146e6	5485.879150590944	-14.407650290393937	0.6239347552182749
-3.0368982589508146e6	5447.787533489588	-14.421363488011176	0.5773746896243096
-2.7943982589508146e6	5412.053450837036	-14.435891292752697	0.533656604756171
-2.5518982589508146e6	5377.975116334181	-14.450975756698924	0.4915831685055744
-2.3093982589508146e6	5344.111364501857	-14.46606022064515	0.4476615126790499
-2.0668982589508146e6	5310.460844167133	-14.481144684591376	0.401721767894398
-1.8243982589508146e6	5277.0222126651	-14.496229148537605	0.3535695129958144
-1.5818982589508146e6	5245.649903501551	-14.512145653593224	0.3095762366755763
-1.3393982589508146e6	5215.039927973564	-14.528321814935339	0.26570391254431497
-1.0968982589508146e6	5184.608571037946	-14.544497976277457	0.21981813496381564
-854398.2589508146	5154.3547904004545	-14.560674137619571	0.17172516836041646
-611898.2589508146	5124.277549848925	-14.57685029896169	0.1212018956503768
-369398.2589508146	5096.2533123083185	-14.593960129844358	0.07713483560252862
-126898.2589508146	5068.4125588606885	-14.611085069781625	0.031190247615263154
115601.7410491854	5040.72389902086	-14.628210009718892	-0.016967328347306788
358101.7410491854	5013.1865019037905	-14.645334949656156	-0.06756191154997637
600601.7410491854	4986.4158538698	-14.662747659821811	-0.11783276128456444
843101.7410491854	4961.146730699141	-14.680797994919336	-0.1637438291793528
1.0856017410491854e6	4936.005661145454	-14.698848330016862	-0.21186457885070986
1.3281017410491854e6	4910.9919962852	-14.716898665114389	-0.2624185150365032
1.5706017410491854e6	4886.105090483313	-14.734949000211913	-0.315664867818377
1.8131017410491854e6	4862.668634990804	-14.75365002639453	-0.36409439392729337
2.0556017410491854e6	4839.813127912605	-14.77258232654512	-0.41208318012080813
2.2981017410491854e6	4817.065046250985	-14.791514626695708	-0.46249148748148977
2.5406017410491854e6	4794.423885085178	-14.810446926846298	-0.5155763075310767
2.7831017410491854e6	4772.393489442777	-14.829595279420595	-0.5688802825743572
3.0256017410491854e6	4751.9753403763925	-14.849393771685076	-0.6164578957496557
3.2681017410491854e6	4731.644548065518	-14.869192263949554	-0.6664127105547071
3.5106017410491854e6	4711.400738764113	-14.888990756214037	-0.7189948304472272
3.7531017410491854e6	4691.243540325133	-14.908789248478516	-0.7744960309271748
3.9956017410491854e6	4672.662519195192	-14.929284430635857	-0.8235850580104097
4.238101741049185e6	4654.505910974279	-14.949944273777154	-0.8728155672663973
4.480601741049185e6	4636.41985405485	-14.97060411691845	-0.9245957845556861
4.723101741049185e6	4618.404074295048	-14.991263960059747	-0.9792043094909576
4.965601741049185e6	4601.217001111023	-15.012241188930167	-1.0321251645054959
5.208101741049185e6	4585.209219943459	-15.033686638307152	-1.0804954019242141
5.450601741049185e6	4569.257130358763	-15.05513208768414	-1.1313247718113721
5.693101741049185e6	4553.3605386041345	-15.076577537061127	-1.1848767737143198
5.935601741049185e6	4537.527598617906	-15.09802689648124	-1.2413988641441491
6.178101741049185e6	4523.370690125567	-15.12023809224112	-1.2888083960353705
6.420601741049185e6	4509.257950633564	-15.142449288001	-1.338577942836008
6.663101741049185e6	4495.189242336361	-15.164660483760876	-1.3909548298898122
6.905601741049185e6	4481.164427858335	-15.186871679520756	-1.4462274217328432
7.148101741049185e6	4468.253452654232	-15.209479046933668	-1.4971661067807516
7.390601741049185e6	4456.063348251255	-15.232340208618512	-1.5457557775744268
7.633101741049185e6	4443.906500387303	-15.255201370303354	-1.5968275207776026
7.875601741049185e6	4431.782818333283	-15.278062531988198	-1.650648631620286
8.118101741049185e6	4419.880509801087	-15.301078981387704	-1.7052313426189796
8.360601741049185e6	4408.805229551091	-15.324752803688906	-1.7527124614564267
8.603101741049185e6	4397.757701597176	-15.34842662599011	-1.8025609071395148
8.845601741049185e6	4386.737856398013	-15.372100448291313	-1.8550251855725985
9.088101741049185e6	4375.7456245865105	-15.395774270592518	-1.9103951104540415
9.330601741049185e6	4366.03535339814	-15.419811442618759	-1.9590428203238288
9.573101741049185e6	4356.650817655392	-15.443936904618834	-2.007645199886664
9.815601741049185e6	4347.286453419296	-15.468062366618913	-2.0587309838849532
1.0058101741049185e7	4337.942217332364	-15.492187828618988	-2.112567688547924
1.0300601741049185e7	4328.890245344454	-15.516496672721928	-2.1649408831388746
1.0543101741049185e7	4320.312437526174	-15.541112876486984	-2.212239504647515
1.0785601741049185e7	4311.7516268556155	-15.565729080252044	-2.261886836052423
1.1028101741049185e7	4303.207779652483	-15.5903452840171	-2.3141283814075457
1.1270601741049185e7	4294.680862303243	-15.61496148778216	-2.3692502705330076
1.1513101741049185e7	4287.127246578897	-15.63985285445285	-2.4160457222425986
1.1755601741049185e7	4279.644044361562	-15.664760684159557	-2.4644180123469295
1.1998101741049185e7	4272.173904111422	-15.689668513866264	-2.5152496489924068
1.2240601741049185e7	4264.716803028741	-15.714576343572972	-2.568804167056842
1.2483101741049185e7	4257.598192473051	-15.73980555098087	-2.6198419647280433
1.2725601741049185e7	4250.851991532398	-15.765391314568259	-2.667168950323542
1.2968101741049185e7	4244.116480005143	-15.790977078155645	-2.71684753423426
1.3210601741049185e7	4237.3916409538115	-15.81656284174303	-2.769123685391692
1.3453101741049185e7	4230.708694474354	-15.842151442992622	-2.8237325080292783
1.3695601741049185e7	4224.653875093666	-15.867796231998435	-2.8699947076166383
1.3938101741049185e7	4218.607721125886	-15.89344102100425	-2.9185013508845055
1.4180601741049185e7	4212.570220169418	-15.919085810010063	-2.969481373558366
1.4423101741049185e7	4206.541359840437	-15.944730599015879	-3.0232006302095407
1.4665601741049185e7	4200.792589525744	-15.970679883292018	-3.0731554683232942
1.4908101741049185e7	4195.249580144691	-15.996851445960282	-3.1205257169635976
1.5150601741049185e7	4189.713884848392	-16.02302300862855	-3.1702519731420225
1.5393101741049185e7	4184.185493985786	-16.049194571296812	-3.2225809160429915
1.5635601741049185e7	4178.721174158144	-16.07539989325557	-3.2760805310515044
1.5878101741049185e7	4173.581742005605	-16.101794389647797	-3.3224689772134894
1.6120601741049185e7	4168.448630868933	-16.128188886040018	-3.3711144349535753
1.6363101741049185e7	4163.3218329738775	-16.154583382432243	-3.422247815014556
1.6605601741049185e7	4158.201340555747	-16.180977878824464	-3.4761373836871496
1.6848101741049185e7	4153.329468311743	-16.207473933794347	-3.5247042632621577
1.7090601741049185e7	4148.5546040509	-16.234008296385934	-3.5724386366969276
1.7333101741049185e7	4143.785229200166	-16.26054265897752	-3.6225662998934895
1.7575601741049185e7	4139.021337448634	-16.287077021569104	-3.6753399669360864
1.7818101741049185e7	4134.337516964466	-16.313638420010204	-3.7276694963152393
1.8060601741049185e7	4129.831108705021	-16.3402622670985	-3.774674127214875
1.8303101741049185e7	4125.329612409169	-16.36688611418679	-3.823997639569829
1.8545601741049185e7	4120.8330227229035	-16.393509961275086	-3.875880755197209
1.8788101741049185e7	4116.341334298048	-16.420133808363378	-3.9306037416773663
1.9030601741049185e7	4111.979248831554	-16.44701285957501	-3.978317564236014
1.9273101741049185e7	4107.638869067892	-16.473926906832858	-4.026963650513906
1.9515601741049185e7	4103.303070771043	-16.50084095409071	-4.07809772506344
1.9758101741049185e7	4098.971849105075	-16.52775500134856	-4.1319880651301055
2.0000601741049185e7	4094.683899696957	-16.554793162603126	-4.183239745788439
2.0243101741049185e7	4090.43938157021	-16.581956353779372	-4.2312258318842915
2.0485601741049185e7	4086.199263278608	-16.609119544955615	-4.281631159963372
2.0728101741049185e7	4081.963540261323	-16.63628273613186	-4.334712675886323
2.0970601741049185e7	4077.743707805544	-16.66344096543625	-4.388987323264632
2.1213101741049185e7	4073.5895096738514	-16.690572730419728	-4.436364092724128
2.1455601741049185e7	4069.4395436281734	-16.717704495403204	-4.486097534677495
2.1698101741049185e7	4065.293805357076	-16.74483626038668	-4.5384344354863755
2.1940601741049185e7	4061.152290553517	-16.77196802537016	-4.593662498236922
2.2183101741049185e7	4057.0045952574746	-16.79925796756892	-4.642566701672568
2.2425601741049185e7	4052.858828342965	-16.82658304549024	-4.69176514621019
2.2668101741049185e7	4048.7172978997	-16.853908123411557	-4.743509891867859
2.2910601741049185e7	4044.5799995985203	-16.881233201332876	-4.7980789648108235
2.3153101741049185e7	4040.4371773621788	-16.90851298798557	-4.849815843589636
2.3395601741049185e7	4036.2896444886333	-16.935751145324808	-4.8986028371114765
2.3638101741049185e7	4032.146369082333	-16.96298930266404	-4.949892627110754
2.3880601741049185e7	4028.0073467729544	-16.990227460003275	-5.003955954630684
2.4123101741049185e7	4023.8391886274735	-17.01756159623481	-5.058568075204945
2.4365601741049185e7	4019.5600696764245	-17.04522748861374	-5.1070817475700245
2.4608101741049185e7	4015.285501319507	-17.072893380992667	-5.1580695346684
2.4850601741049185e7	4011.0154787174356	-17.1005592733716	-5.2117974128258675
2.5093101741049185e7	4006.7492065743027	-17.12822386290622	-5.268445224167151
2.5335601741049185e7	4002.4209395089706	-17.15577867512536	-5.316801663710486
2.5578101741049185e7	3998.0973480284642	-17.1833334873445	-5.367615797008545
2.5820601741049185e7	3993.7784270820102	-17.21088829956364	-5.421150886208264
2.6063101741049185e7	3989.4641716242922	-17.238443111782775	-5.477714899106839
2.6305601741049185e7	3985.066690105134	-17.266129043140108	-5.528200534977506
2.6548101741049185e7	3980.6520488583383	-17.293847843672527	-5.578882257338008
2.6790601741049185e7	3976.242298133805	-17.32156664420495	-5.63227039251168
2.7033101741049185e7	3971.837432513819	-17.349285444737365	-5.688670373103867
2.7275601741049185e7	3967.336276607122	-17.377085570418075	-5.7409436346668565
2.7518101741049185e7	3962.780358170178	-17.404933872783133	-5.79143512325347
2.7760601741049185e7	3958.2296715541297	-17.432782175148194	-5.844612202550399
2.8003101741049185e7	3953.6842107509647	-17.460630477513252	-5.90077668859582
2.8245601741049185e7	3949.0366422171905	-17.488406007412014	-5.954339695797848
2.8488101741049185e7	3944.2860617687425	-17.516107898148014	-6.0046081303947885
2.8730601741049185e7	3939.541196135486	-17.543809788884012	-6.057537849087411
2.8973101741049185e7	3934.80203844266	-17.571511679620013	-6.113426465845146
2.9215601741049185e7	3930.1611093313604	-17.59873449894833	-6.166187136694983
2.9458101741049185e7	3925.6858033497215	-17.625127174832873	-6.210200034488093
2.9700601741049185e7	3921.2155934349034	-17.651519850717417	-6.25623960958706
2.9943101741049185e7	3916.7504737839804	-17.67791252660196	-6.3045015556311155
3.0185601741049185e7	3912.2904386006153	-17.704305202486502	-6.355211354417045
3.0428101741049185e7	3907.83548209509	-17.730697878371046	-6.408630646304275
3.0670601741049185e7	3903.3855984842808	-17.75709055425559	-6.46506540023038
3.0913101741049185e7	3898.940781991628	-17.783483230140135	-6.524876530119062
3.1155601741049185e7	3894.5010268471765	-17.80987590602468	-6.588493893035882
3.1398101741049185e7	3889.8112122636285	-17.836485072041146	-6.6386335506265555
3.1640601741049185e7	3885.0324645356186	-17.863174599433044	-6.684539756712674
3.1883101741049185e7	3880.2595876400487	-17.889864126824946	-6.732655165254042
3.2125601741049185e7	3875.492574364427	-17.916553654216845	-6.783203206429384
3.2368101741049185e7	3870.731417505131	-17.943243181608743	-6.836443019451841
3.2610601741049185e7	3865.97610986736	-17.969932709000645	-6.892677492329664
3.2853101741049185e7	3861.2266442652003	-17.996622236392543	-6.952263699942185
3.3095601741049185e7	3856.483013521518	-18.02331176378444	-7.015626653726317
3.3338101741049185e7	3851.683579903339	-18.05001410349741	-7.076724645770131
3.3580601741049185e7	3846.7193696924087	-18.076751985478452	-7.122646972572109
3.3823101741049185e7	3841.7615575623395	-18.103489867459494	-7.1707800913653585
3.4065601741049185e7	3836.8101352670237	-18.130227749440536	-7.221347679617535
3.4308101741049185e7	3831.8650945709837	-18.156965631421578	-7.274609177931565
3.4550601741049185e7	3826.926427249335	-18.183703513402623	-7.330867845457322
3.4793101741049185e7	3821.9941250878132	-18.210441395383665	-7.390481219385473
3.5035601741049185e7	3817.068179882736	-18.23717927736471	-7.453874894460081
3.5278101741049185e7	3812.148583440999	-18.263917159345755	-7.521560973342004
3.5520601741049185e7	3807.059206379383	-18.29084299865229	-7.571088802482138
3.5763101741049185e7	3801.949892551158	-18.317797404615085	-7.619552444514562
3.6005601741049185e7	3796.847435744687	-18.344751810577876	-7.670484970012109
3.6248101741049185e7	3791.751826757407	-18.371706216540666	-7.724151489551011
3.6490601741049185e7	3786.6630563991316	-18.398660622503456	-7.780862250204836
3.6733101741049185e7	3781.5811154919625	-18.42561502846625	-7.840983501603487
3.6975601741049185e7	3776.5059948703724	-18.45256943442904	-7.904951842410192
3.7218101741049185e7	3771.43768538108	-18.479523840391835	-7.973293477073367
3.7460601741049185e7	3766.2627783167363	-18.50663556004561	-8.031511877455339
3.7703101741049185e7	3761.0052964808424	-18.533871856333537	-8.080753009666255
3.7945601741049185e7	3755.755153781078	-18.561108152621465	-8.132544979139983
3.8188101741049185e7	3750.512339972453	-18.588344448909396	-8.187166575653675
3.8430601741049185e7	3745.276844824259	-18.615580745197327	-8.24494494926531
3.8673101741049185e7	3740.048658120069	-18.642817041485255	-8.306267485552175
3.8915601741049185e7	3734.8277696577297	-18.670053337773183	-8.371597565701926
3.9158101741049185e7	3729.6141692493316	-18.69728963406111	-8.441495843948976
3.9400601741049185e7	3724.3594760822803	-18.724611518836348	-8.507431036553614
3.9643101741049185e7	3719.0119464459	-18.752111024883696	-8.557792453679127
3.9885601741049185e7	3713.6720949279766	-18.779610530931045	-8.610825273239296
4.0128101741049185e7	3708.339910504061	-18.807110036978397	-8.666828855852385
4.0370601741049185e7	3703.0153821655526	-18.83460954302575	-8.726155884657757
4.0613101741049185e7	3697.698498919649	-18.862109049073094	-8.789225832975028
4.0855601741049185e7	3692.389249789333	-18.889608555120446	-8.85654297214891
4.1098101741049185e7	3687.0876238133483	-18.91710806116779	-8.928720889913063
4.1340601741049185e7	3681.7825884151885	-18.944618431364468	-9.003087617357249
4.1583101741049185e7	3676.4001694068315	-18.972212725226235	-9.055180289253595
4.1825601741049185e7	3671.025618987598	-18.999807019088003	-9.110136457849546
4.2068101741049185e7	3665.6589256543266	-19.02740131294977	-9.168289337098853
4.2310601741049185e7	3660.300077920711	-19.05499560681154	-9.230033915893836
4.2553101741049185e7	3654.949064317237	-19.08258990067331	-9.295843239772442
4.2795601741049185e7	3649.60587339112	-19.110184194535076	-9.366290437482713
4.3038101741049185e7	3644.270493706362	-19.137778488396844	-9.442079110764285
4.3280601741049185e7	3638.942913843658	-19.165372782258615	-9.524086213279121
4.3523101741049185e7	3633.5803358050316	-19.193146025094656	-9.585290212975979
4.3765601741049185e7	3628.2152499882995	-19.22096287261704	-9.643296390477506
4.4008101741049185e7	3622.858085875001	-19.248779720139424	-9.70487560627794
4.4250601741049185e7	3617.508831768519	-19.276596567661812	-9.770497103343336
4.4493101741049185e7	3612.167475989489	-19.3044134151842	-9.84072909943733
4.4735601741049185e7	3606.8340068758152	-19.332230262706585	-9.91626874129407
4.4978101741049185e7	3601.508412782591	-19.36004711022897	-9.99798432498131
4.5220601741049185e7	3596.190682082148	-19.387863957751357	-10.086976352042822
4.5463101741049185e7	3590.9006659561887	-19.415704163538493	-10.171673117581552
4.5705601741049185e7	3585.6598252602093	-19.44359311892521	-10.235082229222966
4.5948101741049185e7	3580.426633456175	-19.47148207431193	-10.302785906987895
4.6190601741049185e7	3575.201079380707	-19.499371029698647	-10.375408410225399
4.6433101741049185e7	3569.983151886704	-19.527259985085365	-10.453720855154964
4.6675601741049185e7	3564.77283984333	-19.555148940472087	-10.538691228489338
4.6918101741049185e7	3559.5701321360148	-19.58303789585881	-10.631557689938738
4.7160601741049185e7	3554.375017666391	-19.610926851245523	-10.733939525830545
4.7403101741049185e7	3549.187485352288	-19.638815806632245	-10.848011645584227
4.7645601741049185e7	3544.390645503383	-19.666972661830243	-10.952490323364596
4.7888101741049185e7	3540.0819036198823	-19.695466703596594	-11.035777995821293
4.8130601741049185e7	3535.77839966258	-19.723960745362948	-11.126637956385439
4.8373101741049185e7	3531.480127263992	-19.7524547871293	-11.226586073471225
4.8615601741049185e7	3527.1870800643565	-19.780948828895653	-11.337644547343547
4.8858101741049185e7	3522.8992517116617	-19.809442870662004	-11.462595992835206
4.9100601741049185e7	3518.6166358616115	-19.837936912428354	-11.60542006893706
4.9343101741049185e7	3514.3392261776216	-19.866430954194705	-11.7720968667243
4.9585601741049185e7	3510.067016330818	-19.894924995961055	-11.972222843432837
4.9828101741049185e7	3505.800000000001	-19.92341903772741	-12.222681884142856
