-1.6932315230477452e8	8469.893471858044	-15.638084282121074
-1.6618315230477452e8	8440.303159977786	-15.639529887151172
-1.6304315230477452e8	8410.816224433971	-15.64097549218127
-1.5990315230477452e8	8381.432304072361	-15.642421097211368
-1.5676315230477452e8	8352.151039000382	-15.643866702241466
-1.5362315230477452e8	8322.9720705829	-15.645312307271567
-1.5048315230477452e8	8293.895041437552	-15.646757912301663
-1.4734315230477452e8	8264.919595430625	-15.648203517331764
-1.4420315230477452e8	8233.771840656917	-15.649447558926845
-1.4106315230477452e8	8199.719208846325	-15.650422557519237
-1.3792315230477452e8	8165.807409421631	-15.651397556111625
-1.3478315230477452e8	8132.035859938525	-15.652372554704014
-1.3164315230477452e8	8098.403980361582	-15.653347553296404
-1.2850315230477452e8	8064.911193054196	-15.654322551888795
-1.2536315230477452e8	8031.556922768724	-15.655297550481183
-1.2222315230477452e8	7994.4227718857965	-15.655907453684968
-1.1908315230477452e8	7954.908828187808	-15.656278387208488
-1.1594315230477452e8	7915.590189615808	-15.65664932073201
-1.1280315230477452e8	7876.465890837318	-15.657020254255528
-1.0966315230477452e8	7837.534971291247	-15.657391187779048
-1.0652315230477452e8	7798.796475164192	-15.65776212130257
-1.0338315230477452e8	7755.235348016327	-15.657613747111554
-1.0024315230477452e8	7709.2997366743575	-15.657192591574509
-9.710315230477452e7	7663.636209968724	-15.656771436037467
-9.396315230477452e7	7618.243156294679	-15.656350280500419
-9.082315230477452e7	7573.118973593288	-15.655929124963375
-8.768315230477452e7	7524.478333847339	-15.655087910647186
-8.454315230477452e7	7470.8803781287215	-15.653657529990996
-8.140315230477452e7	7417.66420845955	-15.652227149334806
-7.826315230477452e7	7364.827105322155	-15.650796768678614
-7.512315230477452e7	7312.36636857039	-15.649366388022425
-7.198315230477452e7	7251.151750306591	-15.647002464290019
-6.884315230477452e7	7186.951308568637	-15.6442774110073
-6.570315230477452e7	7119.039262415164	-15.64103177345892
-6.256315230477452e7	7049.118659182288	-15.637460544918111
-5.942315230477452e7	6975.6375542305295	-15.633367881816433
-5.628315230477452e7	6899.722675358424	-15.628878033092223
-5.314315230477452e7	6820.753259945345	-15.623884900753755
-5.000315230477452e7	6739.44241330767	-15.618465798679736
-4.686315230477452e7	6655.885599048385	-15.612656759173909
-4.372315230477452e7	6570.0203054135645	-15.606436823869545
-4.058315230477452e7	6483.7280831117805	-15.60003471712131
-3.744315230477452e7	6395.6524134612455	-15.593281636196664
-3.430315230477452e7	6308.76804907399	-15.586529163942968
-3.1163152304774523e7	6222.468980787603	-15.57984834658419
-2.8023152304774523e7	6137.3504170195665	-15.573167529225415
-2.4883152304774523e7	6055.456761764624	-15.56689023133311
-2.1743152304774523e7	5978.916332151758	-15.561458104355687
-1.8603152304774523e7	5903.343366694899	-15.556025977378265
-1.5463152304774523e7	5829.154911103543	-15.550676447092943
-1.2323152304774523e7	5771.417205666197	-15.548346636062867
-9.183152304774523e6	5714.251391468664	-15.546016825032792
-6.043152304774523e6	5657.65180393548	-15.543687014002717
-2.903152304774523e6	5601.612834598696	-15.54135720297264
236847.69522547722	5561.633109622584	-15.542197200592039
3.376847695225477e6	5523.9436018603465	-15.54344938814235
6.516847695225477e6	5486.50950450858	-15.544701575692656
9.656847695225477e6	5449.329086728056	-15.545953763242967
1.2796847695225477e7	5412.40062940896	-15.547205950793275
1.5936847695225477e7	5383.131544266157	-15.55008296343472
1.9076847695225477e7	5354.920547826751	-15.553158224263905
2.2216847695225477e7	5326.857394759481	-15.556233485093092
2.5356847695225477e7	5298.941310272034	-15.559308745922278
2.8496847695225477e7	5271.17152363253	-15.562384006751465
3.1636847695225477e7	5243.547268148176	-15.565459267580652
3.477684769522548e7	5222.105850306516	-15.569986012872752
3.791684769522548e7	5200.784443065912	-15.574520558366705
4.105684769522548e7	5179.550089289905	-15.579055103860657
4.419684769522548e7	5158.40243354671	-15.58358964935461
4.733684769522548e7	5137.341121855735	-15.588124194848564
5.047684769522548e7	5116.365801681679	-15.592658740342516
5.361684769522548e7	5096.173260536742	-15.597372819141565
5.675684769522548e7	5079.596836197237	-15.603000856802895
5.989684769522548e7	5063.074330323576	-15.608628894464225
6.303684769522548e7	5046.60556753409	-15.614256932125553
6.617684769522548e7	5030.19037301758	-15.619884969786884
6.931684769522548e7	5013.828572531454	-15.625513007448212
7.245684769522548e7	4997.519992399886	-15.631141045109542
7.559684769522548e7	4981.264459511977	-15.636769082770872
7.873684769522548e7	4966.286320694785	-15.642744605012624
8.187684769522548e7	4953.15541688173	-15.649232926629944
8.501684769522548e7	4940.0592312914705	-15.655721248247266
8.815684769522548e7	4926.997672128727	-15.662209569864586
9.129684769522548e7	4913.970647840926	-15.668697891481909
9.443684769522548e7	4900.97806711756	-15.67518621309923
9.757684769522548e7	4888.01983888955	-15.681674534716551
1.0071684769522548e8	4875.0958723286	-15.688162856333873
1.0385684769522548e8	4862.206076846568	-15.694651177951194
1.0699684769522548e8	4851.064374070752	-15.701676768263821
1.1013684769522548e8	4840.469544314044	-15.708866114311212
1.1327684769522548e8	4829.897853895204	-15.716055460358604
1.1641684769522548e8	4819.349252277417	-15.723244806405994
1.1955684769522548e8	4808.823689034232	-15.730434152453384
1.2269684769522548e8	4798.321113849366	-15.737623498500776
1.2583684769522548e8	4787.841476516376	-15.744812844548166
1.2897684769522548e8	4777.384726938503	-15.752002190595558
1.3211684769522548e8	4766.950815128394	-15.759191536642948
1.3525684769522548e8	4757.136848867613	-15.766584826791622
1.3839684769522548e8	4748.3534234129775	-15.774323825116324
1.4153684769522548e8	4739.586215394412	-15.782062823441027
1.4467684769522548e8	4730.835194868568	-15.78980182176573
1.4781684769522548e8	4722.100331947358	-15.797540820090433
1.5095684769522548e8	4713.381596797909	-15.805279818415134
1.5409684769522548e8	4704.678959642424	-15.813018816739836
1.5723684769522548e8	4695.992390758057	-15.820757815064539
1.6037684769522548e8	4687.3218604769	-15.82849681338924
1.6351684769522548e8	4678.667339185755	-15.836235811713943
1.6665684769522548e8	4670.4576078900955	-15.844146844963623
1.6979684769522548e8	4663.037630341858	-15.852369447402564
1.7293684769522548e8	4655.629440946166	-15.860592049841504
1.7607684769522548e8	4648.233020975161	-15.868814652280445
1.7921684769522548e8	4640.848351730677	-15.877037254719385
1.8235684769522548e8	4633.47541454429	-15.885259857158326
1.8549684769522548e8	4626.114190777226	-15.893482459597264
1.8863684769522548e8	4618.764661820329	-15.901705062036203
1.9177684769522548e8	4611.426809093983	-15.909927664475145
1.9491684769522548e8	4604.100614048117	-15.918150266914083
1.9805684769522548e8	4596.786058162117	-15.926372869353026
2.0119684769522548e8	4590.3646714292645	-15.934959547085674
2.0433684769522548e8	4584.043466039325	-15.94358394327017
2.0747684769522548e8	4577.730965325464	-15.952208339454664
2.1061684769522548e8	4571.427157300832	-15.960832735639158
2.1375684769522548e8	4565.132029995078	-15.969457131823653
2.1689684769522548e8	4558.845571454336	-15.978081528008147
2.2003684769522548e8	4552.5677697412	-15.986705924192641
2.2317684769522548e8	4546.298612934713	-15.995330320377137
2.2631684769522548e8	4540.038089130305	-16.00395471656163
2.2945684769522548e8	4533.786186439828	-16.012579112746128
2.3259684769522548e8	4527.665250387518	-16.021256539613987
2.3573684769522548e8	4522.2270509056025	-16.030226657873044
2.3887684769522548e8	4516.795383270006	-16.0391967761321
2.4201684769522548e8	4511.370239635308	-16.04816689439116
2.4515684769522548e8	4505.951612165476	-16.057137012650216
2.4829684769522548e8	4500.539493033946	-16.066107130909273
2.5143684769522548e8	4495.133874423494	-16.07507724916833
2.5457684769522548e8	4489.734748526342	-16.084047367427388
2.5771684769522548e8	4484.342107544041	-16.093017485686445
2.6085684769522548e8	4478.955943687539	-16.101987603945503
2.6399684769522548e8	4473.5762491771275	-16.110957722204557
2.6713684769522548e8	4468.326923646917	-16.119987466491544
2.702768476952255e8	4463.565948217696	-16.129249504620407
2.734168476952255e8	4458.810045579117	-16.138511542749267
2.765568476952255e8	4454.05921032616	-16.14777358087813
2.796968476952255e8	4449.3134370595635	-16.15703561900699
2.828368476952255e8	4444.572720385804	-16.16629765713585
2.859768476952255e8	4439.837054917112	-16.175559695264717
2.891168476952255e8	4435.106435271459	-16.184821733393573
2.922568476952255e8	4430.380856072544	-16.194083771522436
2.953968476952255e8	4425.660311949815	-16.203345809651296
2.985368476952255e8	4420.944797538415	-16.21260784778016
3.016768476952255e8	4416.32342670244	-16.221913865430814
3.048168476952255e8	4412.247566080947	-16.231486963535612
3.079568476952255e8	4408.175467104205	-16.24106006164041
3.110968476952255e8	4404.107126300548	-16.250633159745206
3.142368476952255e8	4400.042540201541	-16.260206257850008
3.173768476952255e8	4395.981705341923	-16.269779355954803
3.205168476952255e8	4391.924618259651	-16.2793524540596
3.236568476952255e8	4387.871275495872	-16.2889255521644
3.267968476952255e8	4383.821673594932	-16.2984986502692
3.299368476952255e8	4379.775809104342	-16.308071748373997
3.330768476952255e8	4375.733678574833	-16.317644846478796
3.362168476952255e8	4371.715819465411	-16.32722753477864
3.393568476952255e8	4368.085792317557	-16.33698972921397
3.424968476952255e8	4364.458779340265	-16.3467519236493
3.456368476952255e8	4360.834778030721	-16.356514118084633
3.487768476952255e8	4357.213785888214	-16.366276312519965
3.519168476952255e8	4353.5958004141	-16.376038506955293
3.550568476952255e8	4349.98081911182	-16.385800701390625
3.581968476952255e8	4346.368839486869	-16.395562895825957
3.613368476952255e8	4342.759859046814	-16.40532509026129
3.644768476952255e8	4339.153875301311	-16.415087284696618
3.676168476952255e8	4335.55088576208	-16.42484947913195
3.707568476952255e8	4331.950887942884	-16.434611673567282
3.738968476952255e8	4328.823947651714	-16.44457644165443
3.770368476952255e8	4325.750021597745	-16.45456309775643
3.801768476952255e8	4322.678278358656	-16.464549753858435
3.833168476952255e8	4319.608716384437	-16.474536409960436
3.864568476952255e8	4316.54133412615	-16.484523066062437
3.895968476952255e8	4313.476130035965	-16.49450972216444
3.927368476952255e8	4310.41310256715	-16.504496378266442
3.958768476952255e8	4307.352250174074	-16.514483034368446
3.990168476952255e8	4304.293571312199	-16.524469690470447
4.021568476952255e8	4301.237064438087	-16.534456346572448
4.052968476952255e8	4298.1827280093885	-16.54444300267445
4.084368476952255e8	4295.31060554576	-16.554553992975475
4.115768476952255e8	4292.502437911326	-16.564707850821797
4.147168476952255e8	4289.69610618731	-16.574861708668124
4.178568476952255e8	4286.891609173426	-16.585015566514446
4.209968476952255e8	4284.088945670201	-16.59516942436077
4.241368476952255e8	4281.288114478923	-16.605323282207095
4.272768476952255e8	4278.489114401665	-16.615477140053418
4.304168476952255e8	4275.691944241296	-16.625630997899744
4.335568476952255e8	4272.896602801471	-16.63578485574607
4.366968476952255e8	4270.103088886603	-16.645938713592393
4.398368476952255e8	4267.311401301915	-16.65609257143872
4.429768476952255e8	4264.731272055756	-16.666343650061684
4.461168476952255e8	4262.291455021177	-16.67665908285331
4.492568476952255e8	4259.853033785478	-16.686974515644934
4.523968476952255e8	4257.4160075501495	-16.69728994843656
4.555368476952255e8	4254.980375517114	-16.707605381228184
4.586768476952255e8	4252.546136888754	-16.717920814019806
4.618168476952255e8	4250.113290867921	-16.728236246811434
4.649568476952255e8	4247.681836657924	-16.738551679603056
4.680968476952255e8	4245.251773462504	-16.748867112394684
4.712368476952255e8	4242.823100485889	-16.75918254518631
4.743768476952255e8	4240.395816932732	-16.76949797797793
4.775168476952255e8	4238.092624629714	-16.779872792816796
4.806568476952255e8	4235.931269406918	-16.79031567928339
4.837968476952255e8	4233.771016438557	-16.80075856574998
4.869368476952255e8	4231.611865162509	-16.811201452216572
4.900768476952255e8	4229.453815016924	-16.821644338683164
4.932168476952255e8	4227.296865440235	-16.832087225149756
4.963568476952255e8	4225.141015871184	-16.842530111616348
4.994968476952255e8	4222.986265748774	-16.852972998082937
5.026368476952255e8	4220.832614512319	-16.86341588454953
5.057768476952255e8	4218.680061601391	-16.87385877101612
5.089168476952255e8	4216.52860645587	-16.884301657482712
5.120568476952255e8	4214.447669559897	-16.894790810949093
5.151968476952255e8	4212.505069454317	-16.905371520137077
5.183368476952255e8	4210.563364767424	-16.915952229325065
5.214768476952255e8	4208.6225550864865	-16.92653293851305
5.246168476952255e8	4206.6826399989395	-16.937113647701032
5.277568476952255e8	4204.74361909246	-16.947694356889016
5.308968476952255e8	4202.805491954863	-16.958275066077004
5.340368476952255e8	4200.868258174185	-16.96885577526499
5.371768476952255e8	4198.931917338642	-16.979436484452975
5.403168476952255e8	4196.9964690366505	-16.990017193640963
5.434568476952255e8	4195.061912856791	-17.000597902828947
5.465968476952255e8	4193.176051239028	-17.0112028524017
5.497368476952255e8	4191.439076568328	-17.021882903279714
5.528768476952255e8	4189.7028214192915	-17.032562954157733
5.560168476952255e8	4187.967285493864	-17.043243005035748
5.591568476952255e8	4186.232468494125	-17.053923055913764
5.622968476952255e8	4184.498370122258	-17.06460310679178
5.654368476952255e8	4182.764990080574	-17.075283157669798
5.685768476952255e8	4181.032328071518	-17.085963208547817
5.717168476952255e8	4179.300383797657	-17.096643259425832
5.748568476952255e8	4177.569156961682	-17.107323310303848
5.779968476952255e8	4175.838647266389	-17.118003361181863
5.811368476952255e8	4174.132653471177	-17.128699623989107
5.842768476952255e8	4172.544885298854	-17.1394759787419
5.874168476952255e8	4170.957721086198	-17.150252333494688
5.905568476952255e8	4169.37116060348	-17.161028688247477
5.936968476952255e8	4167.7852036210315	-17.17180504300027
5.968368476952255e8	4166.19984990932	-17.18258139775306
5.999768476952255e8	4164.615099238841	-17.19335775250585
6.031168476952255e8	4163.030951380239	-17.20413410725864
6.062568476952255e8	4161.447406104184	-17.21491046201143
6.093968476952255e8	4159.864463181494	-17.22568681676422
6.125368476952255e8	4158.282122383023	-17.23646317151701
6.156768476952255e8	4156.717882934196	-17.247246825919678
6.188168476952255e8	4155.275329573059	-17.258081012665055
6.219568476952255e8	4153.833276837719	-17.268915199410433
6.250968476952255e8	4152.391724554436	-17.27974938615581
6.282368476952255e8	4150.950672549543	-17.290583572901188
6.313768476952255e8	4149.510120649397	-17.301417759646565
6.345168476952255e8	4148.070068680473	-17.312251946391942
6.376568476952255e8	4146.63051646925	-17.32308613313732
6.407968476952255e8	4145.191463842301	-17.333920319882697
6.439368476952255e8	4143.7529106262555	-17.344754506628075
6.470768476952255e8	4142.314856647783	-17.355588693373452
6.502168476952255e8	4140.88501393037	-17.366428918913652
6.533568476952255e8	4139.5382680865005	-17.377333846032943
6.564968476952255e8	4138.191960246664	-17.38823877315223
6.596368476952255e8	4136.846090268424	-17.39914370027152
6.627768476952255e8	4135.500658009364	-17.410048627390807
6.659168476952255e8	4134.155663327119	-17.4209535545101
6.690568476952255e8	4132.81110607939	-17.431858481629387
6.721968476952255e8	4131.466986123901	-17.442763408748675
6.753368476952255e8	4130.1233033184235	-17.453668335867967
6.784768476952255e8	4128.7800575207975	-17.46457326298725
6.816168476952255e8	4127.437248588881	-17.47547819010654
6.847568476952255e8	4126.100631545299	-17.486388011933375
6.878968476952255e8	4124.83215020329	-17.49735543247249
6.910368476952255e8	4123.564058828732	-17.508322853011606
6.941768476952255e8	4122.296357301724	-17.519290273550716
6.973168476952255e8	4121.0290455024215	-17.53025769408983
7.004568476952255e8	4119.7621233110185	-17.541225114628944
7.035968476952255e8	4118.495590607725	-17.552192535168057
7.067368476952255e8	4117.229447272807	-17.563159955707167
7.098768476952255e8	4115.9636931865625	-17.57412737624628
7.130168476952255e8	4114.698328229332	-17.585094796785395
7.161568476952255e8	4113.433352281473	-17.59606221732451
7.192968476952255e8	4112.174583352329	-17.607035278613914
7.224368476952255e8	4110.966422618223	-17.61805704631021
7.255768476952255e8	4109.758616842876	-17.629078814006512
7.287168476952255e8	4108.5511659219865	-17.64010058170281
7.318568476952255e8	4107.344069751313	-17.65112234939911
7.349968476952255e8	4106.137328226616	-17.662144117095412
7.381368476952255e8	4104.930941243712	-17.67316588479171
7.412768476952255e8	4103.724908698424	-17.684187652488013
7.444168476952255e8	4102.519230486631	-17.695209420184312
7.475568476952255e8	4101.313906504217	-17.70623118788061
7.506968476952255e8	4100.108936647114	-17.71725295557691
7.538368476952255e8	4098.908119966031	-17.72827718165479
7.569768476952255e8	4097.7272351433385	-17.739314081471168
7.601168476952255e8	4096.546690530515	-17.75035098128755
7.632568476952255e8	4095.3664860295394	-17.76138788110393
7.663968476952255e8	4094.1866215424266	-17.77242478092031
7.695368476952255e8	4093.0070969712197	-17.783461680736693
7.726768476952255e8	4091.8279122179893	-17.79449858055307
7.758168476952255e8	4090.6490671848346	-17.80553548036945
7.789568476952255e8	4089.470561773884	-17.816572380185832
7.820968476952255e8	4088.2923958872925	-17.827609280002214
7.852368476952255e8	4087.1145694272514	-17.838646179818593
7.883768476952255e8	4085.940680698755	-17.849699425741363
7.915168476952255e8	4084.779640941528	-17.860809524037563
7.946568476952255e8	4083.618931099343	-17.871919622333767
7.977968476952255e8	4082.4585510784595	-17.88302972062997
8.009368476952255e8	4081.2985007851644	-17.894139818926174
8.040768476952255e8	4080.138780125757	-17.905249917222378
8.072168476952255e8	4078.979389006563	-17.91636001551858
8.103568476952255e8	4077.8203273339486	-17.927470113814785
8.134968476952255e8	4076.6615950143077	-17.938580212110992
8.166368476952255e8	4075.503191954039	-17.949690310407192
8.197768476952255e8	4074.345118059588	-17.960800408703395
8.229168476952255e8	4073.1861152154415	-17.971913854080864
8.260568476952255e8	4072.025171309423	-17.98303334273172
8.291968476952255e8	4070.8645582968907	-17.99415283138258
8.323368476952255e8	4069.704276083533	-18.005272320033434
8.354768476952255e8	4068.544324575065	-18.01639180868429
8.386168476952255e8	4067.384703677228	-18.027511297335145
8.417568476952255e8	4066.225413295785	-18.038630785986
8.448968476952255e8	4065.066453336546	-18.049750274636857
8.480368476952255e8	4063.907823705327	-18.060869763287712
8.511768476952255e8	4062.749524307976	-18.07198925193857
8.543168476952255e8	4061.5915550503632	-18.083108740589424
8.574568476952255e8	4060.433371697756	-18.094259138492713
8.605968476952255e8	4059.2749502260417	-18.10544183180311
8.637368476952255e8	4058.116859246205	-18.1166245251135
8.668768476952255e8	4056.9590986639796	-18.127807218423893
8.700168476952255e8	4055.8016683850974	-18.13898991173429
8.731568476952255e8	4054.6445683153242	-18.15017260504468
8.762968476952255e8	4053.4877983604465	-18.161355298355073
8.794368476952255e8	4052.3313584263055	-18.172537991665468
8.825768476952255e8	4051.175248418726	-18.183720684975864
8.857168476952255e8	4050.0194682435813	-18.194903378286256
8.888568476952255e8	4048.864017806787	-18.206086071596648
8.919968476952255e8	4047.6874816643654	-18.217259074403326
8.951368476952255e8	4046.5014376612176	-18.22842761886166
8.982768476952255e8	4045.315741189934	-18.239596163319995
9.014168476952255e8	4044.1303921486824	-18.250764707778327
9.045568476952255e8	4042.945390435659	-18.26193325223666
9.076968476952255e8	4041.7607359490908	-18.273101796694995
9.108368476952255e8	4040.576428587234	-18.284270341153327
9.139768476952255e8	4039.3924682483753	-18.29543888561166
9.171168476952255e8	4038.2088548308375	-18.30660743006999
9.202568476952255e8	4037.0255882329525	-18.317775974528328
9.233968476952255e8	4035.8426683531034	-18.328944518986663
9.265368476952255e8	4034.6293024870542	-18.34014500103959
9.296768476952255e8	4033.412078773954	-18.351349864085805
9.328168476952255e8	4032.1952222900304	-18.362554727132014
9.359568476952255e8	4030.978732924471	-18.373759590178224
9.390968476952255e8	4029.76261056654	-18.384964453224438
9.422368476952255e8	4028.5468551055064	-18.396169316270647
9.453768476952255e8	4027.331466430686	-18.40737417931686
9.485168476952255e8	4026.116444431401	-18.418579042363067
9.516568476952255e8	4024.9017889970482	-18.42978390540928
9.547968476952255e8	4023.6875000170303	-18.44098876845549
9.579368476952255e8	4022.4724188271643	-18.45220002690625
9.610768476952255e8	4021.247743102128	-18.46346629096725
9.642168476952255e8	4020.023440239967	-18.474732555028247
9.673568476952255e8	4018.799510127167	-18.485998819089247
9.704968476952255e8	4017.5759526502275	-18.497265083150243
9.736368476952255e8	4016.352767695703	-18.50853134721124
9.767768476952255e8	4015.129955150175	-18.51979761127224
9.799168476952255e8	4013.9075149002697	-18.53106387533324
9.830568476952255e8	4012.685446832623	-18.542330139394235
9.861968476952255e8	4011.463750833921	-18.55359640345523
9.893368476952255e8	4010.2424267909055	-18.56486266751623
9.924768476952255e8	4009.005099096438	-18.57582313506016
9.956168476952255e8	4007.7427586127833	-18.586309234976824
9.987568476952255e8	4006.480815610164	-18.59679533489349
1.0018968476952255e9	4005.2192699634224	-18.607281434810155
1.0050368476952255e9	4003.958121547441	-18.617767534726816
1.0081768476952255e9	4002.6973702371406	-18.62825363464348
1.0113168476952255e9	4001.4370159074824	-18.638739734560147
1.0144568476952255e9	4000.1770584334668	-18.64922583447681
1.0175968476952255e9	3998.917497690133	-18.659711934393474
1.0207368476952255e9	3997.6583335525606	-18.67019803431014
1.0238768476952255e9	3996.399565895867	-18.6806841342268
1.0270168476952255e9	3995.1411945952104	-18.691170234143467
1.0301568476952255e9	3993.8832195257874	-18.701656334060132
1.0332968476952255e9	3992.625640562834	-18.712142433976794
1.0364368476952255e9	3991.3684575816333	-18.722628533893463
1.0395768476952255e9	3990.111670457479	-18.733114633810125
1.0427168476952255e9	3988.8552790657523	-18.74360073372679
1.0458568476952255e9	3987.599283281819	-18.754086833643452
1.0489968476952255e9	3986.34368298114	-18.764572933560117
1.0521368476952255e9	3985.0884780391652	-18.775059033476783
1.0552768476952255e9	3983.8336683314133	-18.785545133393445
1.0584168476952255e9	3982.5792537334337	-18.79603123331011
1.0615568476952255e9	3981.3252341208163	-18.806517333226775
1.0646968476952255e9	3980.019106272965	-18.817110144010126
1.0678368476952255e9	3978.64138074259	-18.82784939602818
1.0709768476952255e9	3977.2641321264036	-18.838588648046237
1.0741168476952255e9	3975.8873602593376	-18.849327900064292
1.0772568476952255e9	3974.511064976353	-18.860067152082348
1.0803968476952255e9	3973.1352461124825	-18.870806404100403
1.0835368476952255e9	3971.7599035027947	-18.88154565611846
1.0866768476952255e9	3970.385036982436	-18.892284908136514
1.0898168476952255e9	3969.010646386603	-18.90302416015457
1.0929568476952255e9	3967.63673155055	-18.913763412172624
1.0960968476952255e9	3966.2632923095866	-18.92450266419068
1.0992368476952255e9	3964.8903284990747	-18.93524191620873
1.1023768476952255e9	3963.5178399544598	-18.945981168226787
1.1055168476952255e9	3962.145826511202	-18.956720420244846
1.1086568476952255e9	3960.774288004847	-18.967459672262898
1.1117968476952255e9	3959.4032242709914	-18.978198924280953
1.1149368476952255e9	3958.032635145287	-18.98893817629901
1.1180768476952255e9	3956.662520463443	-18.999677428317064
1.1212168476952255e9	3955.292880061226	-19.01041668033512
1.1243568476952255e9	3953.9237137744585	-19.021155932353174
1.1274968476952255e9	3952.5550214390214	-19.03189518437123
1.1306368476952255e9	3951.186802890858	-19.042634436389285
1.1337768476952255e9	3949.819057965948	-19.05337368840734
1.1369168476952255e9	3948.363993413203	-19.0639446343868
1.1400568476952255e9	3946.908224555832	-19.074513201651353
1.1431968476952255e9	3945.452992443039	-19.085081768915906
1.1463368476952255e9	3943.9982968769255	-19.095650336180455
1.1494768476952255e9	3942.5441376596727	-19.106218903445008
1.1526168476952255e9	3941.090514593514	-19.116787470709557
1.1557568476952255e9	3939.6374274807763	-19.12735603797411
1.1588968476952255e9	3938.184876123853	-19.137924605238663
1.1620368476952255e9	3936.7328603252095	-19.148493172503215
1.1651768476952255e9	3935.281379887385	-19.159061739767765
1.1683168476952255e9	3933.8304346129903	-19.169630307032318
1.1714568476952255e9	3932.380024304717	-19.18019887429687
1.1745968476952255e9	3930.930148765309	-19.19076744156142
1.1777368476952255e9	3929.4808077976018	-19.201336008825976
1.1808768476952255e9	3928.032001204498	-19.211904576090525
1.1840168476952255e9	3926.583728788974	-19.222473143355074
1.1871568476952255e9	3925.135990354076	-19.233041710619627
1.1902968476952255e9	3923.688785702925	-19.24361027788418
1.1934368476952255e9	3922.242114638714	-19.254178845148733
1.1965768476952255e9	3920.7959769647164	-19.264747412413286
1.1997168476952255e9	3919.350372484255	-19.275315979677835
1.2028568476952255e9	3917.9053010007406	-19.285884546942388
1.2059968476952255e9	3916.437245976349	-19.29647903437815
1.2091368476952255e9	3914.851331967361	-19.307204085895346
1.2122768476952255e9	3913.266060155116	-19.31792913741254
1.2154168476952255e9	3911.6814302795647	-19.32865418892974
1.2185568476952255e9	3910.0974420807684	-19.339379240446934
1.2216968476952255e9	3908.514095298875	-19.35010429196413
1.2248368476952255e9	3906.931389674164	-19.360829343481328
1.2279768476952255e9	3905.349324946993	-19.371554394998522
1.2311168476952255e9	3903.767900857851	-19.382279446515717
1.2342568476952255e9	3902.187117147307	-19.393004498032912
1.2373968476952255e9	3900.6069735560604	-19.40372954955011
1.2405368476952255e9	3899.0274698248886	-19.414454601067305
1.2436768476952255e9	3897.4486056946957	-19.4251796525845
1.2468168476952255e9	3895.870380906489	-19.435904704101695
1.2499568476952255e9	3894.2927952013683	-19.446629755618893
1.2530968476952255e9	3892.715848320538	-19.457354807136085
1.2562368476952255e9	3891.13954000532	-19.468079858653283
1.2593768476952255e9	3889.5638699971423	-19.47880491017048
1.2625168476952255e9	3887.9888380375164	-19.489529961687676
1.2656568476952255e9	3886.414443868079	-19.50025501320487
1.2687968476952255e9	3884.840687230572	-19.510980064722066
1.2719368476952255e9	3883.2675678668197	-19.52170511623926
1.2750768476952255e9	3881.6950855187733	-19.532430167756456
1.2782168476952255e9	3880.047942172324	-19.543217605379258
1.2813568476952255e9	3878.355652505781	-19.55404304368588
1.2844968476952255e9	3876.6641009343225	-19.564868481992505
1.2876368476952255e9	3874.973287136021	-19.575693920299127
1.2907768476952255e9	3873.2832107891086	-19.58651935860575
1.2939168476952255e9	3871.593871571938	-19.59734479691237
1.2970568476952255e9	3869.905269163002	-19.608170235218992
1.3001968476952255e9	3868.2174032409534	-19.618995673525614
1.3033368476952255e9	3866.5302734845595	-19.629821111832236
1.3064768476952255e9	3864.8438795727534	-19.64064655013886
1.3096168476952255e9	3863.158221184589	-19.65147198844548
1.3127568476952255e9	3861.4732979992586	-19.6622974267521
1.3158968476952255e9	3859.78910969611	-19.673122865058723
1.3190368476952255e9	3858.105655954629	-19.683948303365348
1.3221768476952255e9	3856.422936454429	-19.694773741671966
1.3253168476952255e9	3854.7409508752694	-19.70559917997859
1.3284568476952255e9	3853.0596988970487	-19.716424618285213
1.3315968476952255e9	3851.3791801997927	-19.727250056591835
1.3347368476952255e9	3849.6993944637065	-19.738075494898457
1.3378768476952255e9	3848.0203413690942	-19.748900933205082
1.3410168476952255e9	3846.342020596406	-19.7597263715117
1.3441568476952255e9	3844.6644318262524	-19.770551809818322
1.3472968476952255e9	3842.967616918797	-19.781386863427453
1.3504368476952255e9	3841.1844492517394	-19.792263900080243
1.3535768476952255e9	3839.4021089887274	-19.803140936733026
1.3567168476952255e9	3837.620595745833	-19.814017973385816
1.3598568476952255e9	3835.839909139311	-19.824895010038603
1.3629968476952255e9	3834.0600487855972	-19.83577204669139
1.3661368476952255e9	3832.2810143013094	-19.846649083344175
1.3692768476952255e9	3830.5028053032174	-19.85752611999696
1.3724168476952255e9	3828.725421408316	-19.868403156649748
1.3755568476952255e9	3826.948862233724	-19.879280193302534
1.3786968476952255e9	3825.173127396791	-19.89015722995532
1.3818368476952255e9	3823.3982165149987	-19.901034266608107
1.3849768476952255e9	3821.624129206031	-19.911911303260894
1.3881168476952255e9	3819.8508650877434	-19.922788339913684
1.3912568476952255e9	3818.0784237781695	-19.93366537656647
1.3943968476952255e9	3816.3068048955197	-19.944542413219256
1.3975368476952255e9	3814.5360080581804	-19.955419449872043
1.4006768476952255e9	3812.766032884717	-19.96629648652483
1.4038168476952255e9	3810.99687899387	-19.977173523177616
1.4069568476952255e9	3809.228546004558	-19.9880505598304
1.4100968476952255e9	3807.461033535877	-19.99892759648319
1.4132368476952255e9	3805.6943412070978	-20.009804633135975
1.4163768476952255e9	3803.928468637669	-20.02068166978876
1.4195168476952255e9	3802.086184123662	-20.03164464127216
1.4226568476952255e9	3800.211810271202	-20.042644329472985
1.4257968476952255e9	3798.3383604581163	-20.05364401767381
1.4289368476952255e9	3796.4658342288603	-20.06464370587464
1.4320768476952255e9	3794.5942311281265	-20.07564339407547
1.4352168476952255e9	3792.723550700833	-20.086643082276296
1.4383568476952255e9	3790.853792492109	-20.097642770477123
1.4414968476952255e9	3788.984956047306	-20.108642458677952
1.4446368476952255e9	3787.117040912022	-20.119642146878782
1.4477768476952255e9	3785.2500466320503	-20.130641835079608
1.4509168476952255e9	3783.383972753437	-20.141641523280434
1.4540568476952255e9	3781.5188188224233	-20.152641211481267
1.4571968476952255e9	3779.654584385502	-20.163640899682093
1.4603368476952255e9	3777.7912689893687	-20.17464058788292
1.4634768476952255e9	3775.928872180943	-20.18564027608375
1.4666168476952255e9	3774.0673935073814	-20.196639964284575
1.4697568476952255e9	3772.2068325160626	-20.207639652485405
1.4728968476952255e9	3770.347188754576	-20.21863934068623
1.4760368476952255e9	3768.488461770734	-20.229639028887057
1.4791768476952255e9	3766.6306511125917	-20.240638717087887
1.4823168476952255e9	3764.7737563284004	-20.251638405288716
1.4854568476952255e9	3762.9177769666608	-20.262638093489542
1.4885968476952255e9	3761.0409972593393	-20.273679458969028
1.4917368476952255e9	3759.0948013504067	-20.284855917559664
1.4948768476952255e9	3757.1496125239664	-20.296032376150308
1.4980168476952255e9	3755.2054302588713	-20.307208834740944
1.5011568476952255e9	3753.262254034291	-20.31838529333158
1.5042968476952255e9	3751.3200833296173	-20.32956175192222
1.5074368476952255e9	3749.378917624539	-20.34073821051286
1.5105768476952255e9	3747.4387563990067	-20.351914669103497
1.5137168476952255e9	3745.4995991332407	-20.363091127694137
1.5168568476952255e9	3743.561445307736	-20.374267586284773
1.5199968476952255e9	3741.624294403238	-20.385444044875413
1.5231368476952255e9	3739.6881459007786	-20.396620503466053
1.5262768476952255e9	3737.752999281661	-20.40779696205669
1.5294168476952255e9	3735.8188540274336	-20.41897342064733
1.5325568476952255e9	3733.885709619936	-20.430149879237966
1.5356968476952255e9	3731.953565541267	-20.441326337828606
1.5388368476952255e9	3730.0224212737953	-20.452502796419246
1.5419768476952255e9	3728.0922763001563	-20.463679255009882
1.5451168476952255e9	3726.1631301032535	-20.47485571360052
1.5482568476952255e9	3724.234982166264	-20.486032172191162
1.5513968476952255e9	3722.30783197262	-20.497208630781802
1.5545368476952255e9	3720.381679006014	-20.508385089372435
1.5576768476952255e9	3718.456522750445	-20.519561547963075
1.5608168476952255e9	3716.5134859358814	-20.530768703531358
1.5639568476952255e9	3714.5671747199026	-20.541982838608828
1.5670968476952255e9	3712.6218827730218	-20.553196973686305
1.5702368476952255e9	3710.6776095614623	-20.564411108763775
1.5733768476952255e9	3708.734354551713	-20.575625243841248
1.5765168476952255e9	3706.7921172105416	-20.586839378918725
1.5796568476952255e9	3704.85089700501	-20.598053513996195
1.5827968476952255e9	3702.9106934024585	-20.609267649073672
1.5859368476952255e9	3700.9715058704915	-20.620481784151146
1.5890768476952255e9	3699.033333876995	-20.63169591922862
1.5922168476952255e9	3697.096176890151	-20.64291005430609
1.5953568476952255e9	3695.1600343783953	-20.654124189383563
1.5984968476952255e9	3693.2249058104676	-20.665338324461032
1.6016368476952255e9	3691.2907906553596	-20.67655245953851
1.6047768476952255e9	3689.357688382368	-20.687766594615983
1.6079168476952255e9	3687.42559846104	-20.698980729693456
1.6110568476952255e9	3685.4945203612274	-20.71019486477093
1.6141968476952255e9	3683.564453553034	-20.721408999848403
1.6173368476952255e9	3681.635397506867	-20.732623134925873
1.6204768476952255e9	3679.7073516933838	-20.743837270003347
1.6236168476952255e9	3677.7803155835463	-20.755051405080824
1.6267568476952255e9	3675.854288648567	-20.766265540158294
1.6298968476952255e9	3673.94067343402	-20.777490128444917
1.6330368476952255e9	3672.3267826656675	-20.78898869226351
1.6361768476952255e9	3670.7136008481716	-20.8004872560821
1.6393168476952255e9	3669.101127670111	-20.81198581990069
1.6424568476952255e9	3667.4893628201935	-20.823484383719283
1.6455968476952255e9	3665.878305987265	-20.834982947537878
1.6487368476952255e9	3664.267956860307	-20.84648151135647
1.6518768476952255e9	3662.6583151284444	-20.857980075175064
1.6550168476952255e9	3661.0493804809194	-20.869478638993655
1.6581568476952255e9	3659.4411526071367	-20.880977202812247
1.6612968476952255e9	3657.8336311966045	-20.892475766630838
1.6644368476952255e9	3656.2268159390137	-20.90397433044943
1.6675768476952255e9	3654.620706524145	-20.91547289426802
1.6707168476952255e9	3653.0153026419425	-20.926971458086612
1.6738568476952255e9	3651.410603982479	-20.938470021905207
1.6769968476952255e9	3649.806610235964	-20.949968585723802
1.6801368476952255e9	3648.2033210927493	-20.96146714954239
1.6832768476952255e9	3646.6007362433033	-20.972965713360985
1.6864168476952255e9	3644.99885537825	-20.984464277179576
1.6895568476952255e9	3643.39767818835	-20.99596284099817
1.6926968476952255e9	3641.7972043644713	-21.00746140481676
1.6958368476952255e9	3640.1974335976665	-21.018959968635354
1.6989768476952255e9	3638.598365579069	-21.030458532453945
1.7021168476952255e9	3637.0000000000027	-21.041957096272537
