-3.5211321736278236e6	7465.083749567101	-11.747542572257379
-3.4462821736278236e6	7419.975451077504	-11.755793684876485
-3.3714321736278236e6	7375.139722683687	-11.76404479749559
-3.2965821736278236e6	7330.574917361484	-11.772295910114694
-3.2217321736278236e6	7286.279398039016	-11.7805470227338
-3.1468821736278236e6	7242.251537536513	-11.788798135352906
-3.0720321736278236e6	7198.100660440578	-11.797077307815858
-2.9971821736278236e6	7152.2649399632055	-11.805498295264936
-2.9223321736278236e6	7106.721089990399	-11.813919282714014
-2.8474821736278236e6	7061.467251963132	-11.822340270163092
-2.7726321736278236e6	7016.5015791572605	-11.830761257612172
-2.6977821736278236e6	6971.822236608094	-11.839182245061252
-2.6229321736278236e6	6926.22352402289	-11.847739087537622
-2.5480821736278236e6	6880.223228763987	-11.856375433877218
-2.4732321736278236e6	6834.5284430163965	-11.865011780216816
-2.3983821736278236e6	6789.137137748281	-11.87364812655641
-2.3235321736278236e6	6744.047297403622	-11.882284472896009
-2.2486821736278236e6	6698.599186314137	-11.891005224083779
-2.1738321736278236e6	6652.474112976707	-11.89985302262783
-2.0989821736278236e6	6606.666646698773	-11.90870082117188
-2.0241321736278236e6	6561.174600508337	-11.917548619715932
-1.9492821736278236e6	6515.995802492412	-11.926396418259984
-1.8744321736278236e6	6470.448538568487	-11.935366274165872
-1.7995821736278236e6	6424.310199735868	-11.944500649971188
-1.7247321736278236e6	6378.500856072204	-11.953635025776501
-1.6498821736278236e6	6333.018161636508	-11.962769401581815
-1.5750321736278236e6	6287.859787215772	-11.971903777387128
-1.5001821736278236e6	6240.281597845075	-11.981550696393104
-1.4253321736278236e6	6191.888292063526	-11.991419032174155
-1.3504821736278236e6	6143.667788151999	-12.001340732012935
-1.2756321736278236e6	6095.649453733892	-12.011308478714515
-1.2007821736278236e6	6047.818040413216	-12.021369774334548
-1.1259321736278236e6	6000.083585065637	-12.031570400154159
-1.0510821736278236e6	5952.608283812452	-12.041831739146808
-976232.1736278236	5905.244610547086	-12.0522304662266
-901382.1736278236	5858.215317009508	-12.062682522325005
-826532.1736278236	5811.4255261937005	-12.073305454477103
-751682.1736278236	5765.009472149547	-12.083975775023795
-676832.1736278236	5718.964250078626	-12.094848116490745
-601982.1736278236	5673.290723513931	-12.105763932446463
-527132.1736278236	5628.003020995274	-12.116914501720412
-452282.1736278236	5583.110411611209	-12.128100288261367
-377432.1736278236	5538.79869053081	-12.139521615243488
-302582.1736278236	5494.88618178908	-12.150977500281883
-227732.1736278236	5451.7481841457975	-12.162745906154946
-152882.1736278236	5408.98523296346	-12.174536299735085
-78032.17362782359	5367.149694663867	-12.186687206051053
-3182.1736278235912	5325.6377313398725	-12.19883811236702
71667.82637217641	5285.368053344859	-12.211423787471979
146517.8263721764	5245.405929169009	-12.224010915556757
221367.8263721764	5206.7510956210635	-12.237050434526385
296217.8263721764	5168.486640531537	-12.250137793274357
371067.8263721764	5131.583175744757	-12.263655481201976
445917.8263721764	5095.259955759376	-12.277300295052857
520767.8263721764	5060.158354439364	-12.29132988700573
595617.8263721764	5025.967511576673	-12.305628151682189
670467.8263721764	4992.588553429477	-12.320159685049967
745317.8263721764	4960.512452448526	-12.335128239219713
820167.8263721764	4928.708061023025	-12.350123804495182
895017.8263721764	4898.690072839606	-12.365774773284524
969867.8263721764	4868.854907335756	-12.381425742073867
1.0447178263721764e6	4840.185078208386	-12.39755305178367
1.1195678263721764e6	4812.1994982733195	-12.413931407912198
1.1944178263721764e6	4784.649644721695	-12.430433426227527
1.2692678263721764e6	4758.405249334677	-12.447456507309653
1.3441178263721764e6	4732.304807704029	-12.464479588391779
1.4189678263721764e6	4707.234837305119	-12.481865005205842
1.4938178263721764e6	4682.814740770069	-12.499462659591845
1.5686678263721764e6	4658.521330311976	-12.517060313977852
1.6435178263721764e6	4635.352496208421	-12.53531789529493
1.7183678263721764e6	4612.356213069843	-12.553613545228563
1.7932178263721764e6	4589.6263143616825	-12.571991514434202
1.8680678263721764e6	4568.000525521861	-12.590908312716468
1.9429178263721764e6	4546.4766349000965	-12.609825110998734
2.0177678263721764e6	4525.195258056931	-12.628842775688874
2.0926178263721764e6	4504.7981561937795	-12.64842395783678
2.1674678263721764e6	4484.492993294728	-12.668005139984684
2.2423178263721764e6	4464.279354949288	-12.68758632213259
2.3171678263721764e6	4445.1024382616715	-12.70769679508034
2.3920178263721764e6	4426.035750778834	-12.727822923399689
2.4668678263721764e6	4407.05084736659	-12.74794905171904
2.5417178263721764e6	4388.606338584025	-12.768392709108266
2.6165678263721764e6	4370.685496538715	-12.78914652122615
2.6914178263721764e6	4352.837834121485	-12.809900333344034
2.7662678263721764e6	4335.063052503849	-12.830654145461917
2.8411178263721764e6	4320.60115478273	-12.85314561111683
2.9159678263721764e6	4307.825537699025	-12.876517936764378
2.9908178263721764e6	4295.087696930695	-12.899890262411926
3.0656678263721764e6	4282.387520776693	-12.923262588059476
3.1405178263721764e6	4272.94733885195	-12.948279068303963
3.2153678263721764e6	4267.360145023551	-12.975253504217587
3.2902178263721764e6	4261.780256863199	-13.002227940131206
3.3650678263721764e6	4256.207664818203	-13.029202376044827
3.4399178263721764e6	4250.720651432221	-13.056202828458103
3.5147678263721764e6	4246.112919384393	-13.083493457553978
3.5896178263721764e6	4241.510182064839	-13.11078408664985
3.6644678263721764e6	4236.912434059333	-13.13807471574572
3.7393178263721764e6	4232.319669959521	-13.165365344841597
3.8141678263721764e6	4228.165407590346	-13.192872445756999
3.8890178263721764e6	4224.29979715526	-13.22052177112013
3.9638678263721764e6	4220.437720863843	-13.248171096483258
4.0387178263721764e6	4216.579175485003	-13.275820421846385
4.1135678263721764e6	4212.7521107827715	-13.303478879713612
4.1884178263721764e6	4209.512629102112	-13.331328331092857
4.263267826372176e6	4206.275638486987	-13.359177782472102
4.338117826372176e6	4203.041137021834	-13.387027233851349
4.412967826372176e6	4199.8091227925715	-13.414876685230594
4.487817826372176e6	4196.776357275265	-13.442786287454554
4.562667826372176e6	4194.029975679173	-13.470782825952117
4.637517826372176e6	4191.2853913225	-13.498779364449678
4.712367826372176e6	4188.5426030291055	-13.526775902947238
4.787217826372176e6	4185.801609623663	-13.554772441444797
4.862067826372176e6	4183.3512174176485	-13.582774112852544
4.936917826372176e6	4181.021640407773	-13.6107779071261
5.011767826372176e6	4178.69336066622	-13.638781701399655
5.086617826372176e6	4176.366377470587	-13.66678549567321
5.161467826372176e6	4174.040690098878	-13.694789289946765
5.236317826372176e6	4172.002657330322	-13.722888027080035
5.311167826372176e6	4169.98405556752	-13.750992879424869
5.386017826372176e6	4167.966430494671	-13.779097731769701
5.460867826372176e6	4165.949781639208	-13.807202584114535
5.535717826372176e6	4163.971753954415	-13.835294617180118
5.610567826372176e6	4162.242233842031	-13.863302309397948
5.685417826372176e6	4160.513432091833	-13.89131000161578
5.760267826372176e6	4158.785348405431	-13.91931769383361
5.835117826372176e6	4157.057982484583	-13.947325386051443
5.909967826372176e6	4155.388558128845	-13.975330809184813
5.984817826372176e6	4153.873314128955	-14.003330142958555
6.059667826372176e6	4152.3586226560665	-14.031329476732296
6.134517826372176e6	4150.844483508696	-14.059328810506038
6.209367826372176e6	4149.330896485453	-14.087328144279779
6.284217826372176e6	4147.881247700784	-14.115327924255801
6.359067826372176e6	4146.533414410387	-14.143328417622737
6.433917826372176e6	4145.186019091692	-14.171328910989672
6.508767826372176e6	4143.839061602374	-14.199329404356607
6.583617826372176e6	4142.492541800158	-14.227329897723545
6.658467826372176e6	4141.208133428161	-14.2552626907909
6.733317826372176e6	4139.989447816843	-14.283123755063757
6.808167826372176e6	4138.7711208435285	-14.310984819336618
6.883017826372176e6	4137.553152402669	-14.338845883609473
6.957867826372176e6	4136.335542388764	-14.36670694788233
7.032717826372176e6	4135.162769084587	-14.394543817915027
7.107567826372176e6	4134.025255255532	-14.422361684049068
7.182417826372176e6	4132.888054337428	-14.450179550183112
7.257267826372176e6	4131.751166244197	-14.477997416317152
7.332117826372176e6	4130.614590889786	-14.505815282451193
7.406967826372176e6	4129.515982169892	-14.53357942704522
7.481817826372176e6	4128.439288784675	-14.561312713571732
7.556667826372176e6	4127.36287612694	-14.589046000098243
7.631517826372176e6	4126.286744123497	-14.616779286624755
7.706367826372176e6	4125.21089270118	-14.644512573151268
7.781217826372176e6	4124.177561386908	-14.672153292344806
7.856067826372176e6	4123.161655712145	-14.699756381649387
7.930917826372176e6	4122.146000284701	-14.727359470953965
8.005767826372176e6	4121.130595042915	-14.754962560258544
8.080617826372176e6	4120.115439925175	-14.782565649563123
8.155467826372176e6	4119.2540702895585	-14.810229070298412
8.230317826372176e6	4118.434242705953	-14.837908747149797
8.305167826372176e6	4117.61457828714	-14.865588424001182
8.380017826372176e6	4116.795077000669	-14.893268100852566
8.454867826372176e6	4115.975738814042	-14.920947777703953
8.529717826372176e6	4114.91102991857	-14.946911117923365
8.604567826372176e6	4113.821592057055	-14.972699620885336
8.679417826372176e6	4112.7324426282285	-14.998488123847308
8.754267826372176e6	4111.643581555721	-15.024276626809277
8.829117826372176e6	4110.555008763203	-15.050065129771248
8.903967826372176e6	4109.466724174336	-15.075853632733217
8.978817826372176e6	4108.37872771284	-15.101642135695187
9.053667826372176e6	4107.291019302403	-15.127430638657158
9.128517826372176e6	4106.203598866783	-15.153219141619129
9.203367826372176e6	4105.116466329732	-15.179007644581098
9.278217826372176e6	4104.0450726468935	-15.204811144801946
9.353067826372176e6	4102.983553650289	-15.230623960696809
9.427917826372176e6	4101.922309217582	-15.256436776591674
9.502767826372176e6	4100.861339277741	-15.282249592486536
9.577617826372176e6	4099.800643759774	-15.308062408381401
9.652467826372176e6	4098.740222592704	-15.333875224276266
9.727317826372176e6	4097.680075705569	-15.35968804017113
9.802167826372176e6	4096.620203027425	-15.385500856065994
9.877017826372176e6	4095.560604487348	-15.411313671960858
9.951867826372176e6	4094.501280014431	-15.437126487855723
1.0026717826372176e7	4093.3549155777205	-15.462932724605588
1.0101567826372176e7	4092.13043491319	-15.488733049304567
1.0176417826372176e7	4090.906320538146	-15.514533374003545
1.0251267826372176e7	4089.682572343031	-15.540333698702522
1.0326117826372176e7	4088.459190218292	-15.566134023401503
1.0400967826372176e7	4087.2361740544306	-15.59193434810048
1.0475817826372176e7	4086.013523741974	-15.61773467279946
1.0550667826372176e7	4084.7912391714813	-15.643534997498437
1.0625517826372176e7	4083.5693202335456	-15.669335322197412
1.0700367826372176e7	4082.3477668187916	-15.695135646896393
1.0775217826372176e7	4080.8988425739753	-15.72090026762862
1.0850067826372176e7	4079.3598049833836	-15.74665067437346
1.0924917826372176e7	4077.821347813127	-15.772401081118302
1.0999767826372176e7	4076.2834708443256	-15.798151487863144
1.1074617826372176e7	4074.7461738581524	-15.823901894607985
1.1149467826372176e7	4073.209456635891	-15.849652301352824
1.1224317826372176e7	4071.6733189588876	-15.875402708097665
1.1299167826372176e7	4070.1377606085694	-15.901153114842506
1.1374017826372176e7	4068.6027813664687	-15.926903521587349
1.1448867826372176e7	4066.9633428030525	-15.95262222408253
1.1523717826372176e7	4064.9438395540674	-15.978225957016532
1.1598567826372176e7	4062.9253391155253	-16.003829689950532
1.1673417826372176e7	4060.9078409894832	-16.029433422884534
1.1748267826372176e7	4058.8913446782367	-16.055037155818532
1.1823117826372176e7	4056.8758496843143	-16.080640888752534
1.1897967826372176e7	4054.861355510499	-16.106244621686535
1.1972817826372176e7	4052.8478616598136	-16.131848354620537
1.2047667826372176e7	4050.8353676355487	-16.15745208755454
1.2122517826372176e7	4048.8238729412137	-16.183055820488537
1.2197367826372176e7	4046.222583916027	-16.208235215630353
1.2272217826372176e7	4043.6158735440667	-16.233409512836516
1.2347067826372176e7	4041.0108425011163	-16.258583810042673
1.2421917826372176e7	4038.4074897052883	-16.283758107248833
1.2496767826372176e7	4035.805814075415	-16.308932404454993
1.2571617826372176e7	4033.205814530997	-16.334106701661153
1.2646467826372176e7	4030.6074899922583	-16.359280998867312
1.2721317826372176e7	4028.0108393800906	-16.38445529607347
1.2796167826372176e7	4025.4158616161094	-16.409629593279632
1.2871017826372176e7	4022.186187085275	-16.434711556145803
1.2945867826372176e7	4018.8709522010427	-16.45978071717211
1.3020717826372176e7	4015.558449856237	-16.484849878198414
1.3095567826372176e7	4012.2486777985982	-16.50991903922472
1.3170417826372176e7	4008.9416337777147	-16.53498820025102
1.3245267826372176e7	4005.6373155450588	-16.56005736127733
1.3320117826372176e7	4002.335720853914	-16.585126522303632
1.3394967826372176e7	3999.0368474594434	-16.610195683329938
1.3469817826372176e7	3995.7406931186533	-16.635264844356243
1.3544667826372176e7	3991.8723131927222	-16.660081518119295
1.3619517826372176e7	3987.918990942336	-16.68485920362396
1.3694367826372176e7	3983.969583836421	-16.70963688912863
1.3769217826372176e7	3980.024087997641	-16.7344145746333
1.3844067826372176e7	3976.0824995525013	-16.75919226013797
1.3918917826372176e7	3972.144814631342	-16.78396994564264
1.3993767826372176e7	3968.211029368343	-16.808747631147305
1.4068617826372176e7	3964.281139901492	-16.833525316651976
1.4143467826372176e7	3960.3551423726226	-16.858303002156646
1.4218317826372176e7	3956.1105652003143	-16.882966609649994
1.4293167826372176e7	3951.7005786887476	-16.90757002339094
1.4368017826372176e7	3947.2955081118303	-16.932173437131887
1.4442867826372176e7	3942.895347989647	-16.95677685087283
1.4517717826372176e7	3938.5000928483705	-16.981380264613776
1.4592567826372176e7	3934.109737220282	-17.005983678354724
1.4667417826372176e7	3929.7242756437586	-17.030587092095672
1.4742267826372176e7	3925.343702663257	-17.055190505836617
1.4817117826372176e7	3920.968012829337	-17.079793919577565
1.4891967826372176e7	3916.5972006986062	-17.10439733331851
1.4966817826372176e7	3912.354382256532	-17.12890519246866
1.5041667826372176e7	3908.1284623081056	-17.153403493623202
1.5116517826372176e7	3903.907106976701	-17.17790179477774
1.5191367826372176e7	3899.690311331852	-17.20240009593228
1.5266217826372176e7	3895.4780704484383	-17.226898397086817
1.5341067826372176e7	3891.2703794066383	-17.251396698241358
1.5415917826372176e7	3887.0672332919526	-17.275894999395895
1.5490767826372176e7	3882.8686271951815	-17.300393300550436
1.5565617826372176e7	3878.6745562124497	-17.324891601704973
1.5640467826372176e7	3874.485015445152	-17.34938990285951
1.5715317826372176e7	3870.3	-17.37388820401405
