-9.65899149408301e6	7580.683496627178	-12.587803978776165
-9.46604149408301e6	7540.662213741064	-12.594024163101185
-9.27309149408301e6	7500.852218278381	-12.600244347426203
-9.08014149408301e6	7461.252394773242	-12.606464531751223
-8.88719149408301e6	7421.861633648762	-12.612684716076242
-8.69424149408301e6	7382.678831185883	-12.61890490040126
-8.50129149408301e6	7343.702889492541	-12.625125084726278
-8.30834149408301e6	7303.743877515208	-12.631368833589605
-8.11539149408301e6	7262.608542645203	-12.637640364706392
-7.92244149408301e6	7221.704885638392	-12.64391189582318
-7.72949149408301e6	7181.031601664454	-12.650183426939968
-7.53654149408301e6	7140.587393241972	-12.656454958056754
-7.34359149408301e6	7100.3709701970865	-12.662726489173542
-7.15064149408301e6	7059.662095393751	-12.669013848003624
-6.95769149408301e6	7017.42508809875	-12.675340217272971
-6.76474149408301e6	6975.440779128573	-12.681666586542317
-6.57179149408301e6	6933.707656623158	-12.687992955811662
-6.37884149408301e6	6892.224217767738	-12.694319325081008
-6.18589149408301e6	6850.988968738681	-12.700645694350355
-5.99294149408301e6	6808.576376029392	-12.7069909948947
-5.79999149408301e6	6765.196683251845	-12.71335274762533
-5.60704149408301e6	6722.09337684959	-12.719714500355957
-5.41409149408301e6	6679.264695873585	-12.726076253086587
-5.22114149408301e6	6636.7088905943665	-12.732438005817215
-5.02819149408301e6	6594.04561151346	-12.738811528963065
-4.83524149408301e6	6549.758921395487	-12.74524443957477
-4.64229149408301e6	6505.769667940412	-12.75167735018648
-4.44934149408301e6	6462.075853514888	-12.758110260798187
-4.25639149408301e6	6418.675493902003	-12.764543171409894
-4.0634414940830097e6	6374.926703735671	-12.77101770735128
-3.8704914940830097e6	6327.508896760104	-12.777752168397779
-3.6775414940830097e6	6280.443791630826	-12.784486629444277
-3.4845914940830097e6	6232.691446280273	-12.791224220100897
-3.2916414940830097e6	6185.135127150266	-12.797962318664315
-3.0986914940830097e6	6137.1827442708145	-12.804729072941363
-2.9057414940830097e6	6089.178434962615	-12.811511951723391
-2.7127914940830097e6	6041.044524137388	-12.818305414314066
-2.5198414940830097e6	5992.740721358562	-12.825110502796681
-2.3268914940830097e6	5944.39128181218	-12.831935034693311
-2.1339414940830097e6	5895.66840826181	-12.838794224272577
-1.9409914940830097e6	5847.120011238673	-12.845673847631199
-1.7480414940830097e6	5798.407522750503	-12.852605136374567
-1.5550914940830097e6	5749.953051806546	-12.859553387634005
-1.3621414940830097e6	5701.419890103332	-12.866557608236857
-1.1691914940830097e6	5653.154171184555	-12.873580757474995
-976241.4940830097	5604.718954129747	-12.88068151656315
-783291.4940830097	5556.651949595299	-12.887815008975982
-590341.4940830097	5508.76967188529	-12.895109101677932
-397391.49408300966	5461.312927302883	-12.902429795026892
-204441.49408300966	5414.351546515795	-12.909930112315244
-11491.49408300966	5367.82026427447	-12.917447088744831
181458.50591699034	5322.093400164827	-12.92522269535043
374408.50591699034	5276.756069608535	-12.932998301956028
567358.5059169903	5232.827608699866	-12.941160450328242
760308.5059169903	5189.325737553512	-12.94934580454794
953258.5059169903	5147.527908042761	-12.957991635745975
1.1462085059169903e6	5106.500167985954	-12.966787324256787
1.3391585059169903e6	5066.926051629235	-12.975927186830205
1.5321085059169903e6	5028.918053060527	-12.98545470967288
1.7250585059169903e6	4991.403050379102	-12.995042025468367
1.9180085059169903e6	4956.940117904589	-13.005432429886529
2.1109585059169903e6	4922.7151332982	-13.015822834304693
2.3039085059169903e6	4890.209061051136	-13.026703911800194
2.4968585059169903e6	4859.2258096298065	-13.03802068630528
2.6898085059169903e6	4828.438861036568	-13.049337460810365
2.8827585059169903e6	4800.053936981686	-13.061383866624821
3.0757085059169903e6	4772.257054110162	-13.073570299492301
3.2686585059169903e6	4744.621141658455	-13.085756732359783
3.4616085059169903e6	4719.305272407656	-13.09870566348247
3.6545585059169903e6	4694.1740422584935	-13.111672179837809
3.8475085059169903e6	4669.176640860046	-13.124638696193152
4.0404585059169903e6	4646.046611700969	-13.138250472012839
4.23340850591699e6	4623.188036282776	-13.151920893688807
4.42635850591699e6	4600.441925184005	-13.165591315364775
4.61930850591699e6	4578.807895184259	-13.179651382262037
4.81225850591699e6	4557.912315538752	-13.193960626977649
5.00520850591699e6	4537.11209373719	-13.208269871693263
5.19815850591699e6	4516.406794610098	-13.222579116408875
5.39110850591699e6	4497.2388027752095	-13.23749249488679
5.58405850591699e6	4478.173823905393	-13.25241498100868
5.77700850591699e6	4459.189666498534	-13.26733746713057
5.96995850591699e6	4440.285987931187	-13.282259953252462
6.16290850591699e6	4422.703293974161	-13.297789870597772
6.35585850591699e6	4405.265745352392	-13.313356899245262
6.54880850591699e6	4387.896948370007	-13.328923927892752
6.74175850591699e6	4370.596631957471	-13.344490956540243
6.93470850591699e6	4355.794837380201	-13.361123151064405
7.12765850591699e6	4347.246526022194	-13.380480705983675
7.32060850591699e6	4338.714990850801	-13.399838260902948
7.51355850591699e6	4330.20019894253	-13.41919581582222
7.70650850591699e6	4321.702117438453	-13.438553370741493
7.89945850591699e6	4313.875023998076	-13.458195562993469
8.09240850591699e6	4308.071724498387	-13.478713292366232
8.28535850591699e6	4302.276231966894	-13.499231021738996
8.47830850591699e6	4296.488535901151	-13.519748751111761
8.67125850591699e6	4290.708625812872	-13.540266480484526
8.86420850591699e6	4284.945744754827	-13.560788455078157
9.05715850591699e6	4280.020782786792	-13.58169176391127
9.25010850591699e6	4275.10148139227	-13.602595072744382
9.44305850591699e6	4270.187834065209	-13.623498381577495
9.63600850591699e6	4265.279834307014	-13.644401690410607
9.82895850591699e6	4260.377475626581	-13.66530499924372
1.002190850591699e7	4255.953700509611	-13.686487714948774
1.021485850591699e7	4251.828167451268	-13.70784407586806
1.040780850591699e7	4247.706633501997	-13.729200436787348
1.060075850591699e7	4243.5890947852295	-13.750556797706635
1.079370850591699e7	4239.4755474281565	-13.771913158625921
1.098665850591699e7	4235.435039336587	-13.793276956723078
1.117960850591699e7	4231.982369541903	-13.814703707962874
1.137255850591699e7	4228.532514317292	-13.836130459202671
1.156550850591699e7	4225.085471368357	-13.857557210442469
1.175845850591699e7	4221.641238402565	-13.878983961682263
1.195140850591699e7	4218.199813129258	-13.90041071292206
1.214435850591699e7	4214.964743017614	-13.922016493829897
1.233730850591699e7	4212.014754080209	-13.943871008574131
1.253025850591699e7	4209.066829794657	-13.965725523318362
1.272320850591699e7	4206.120968715923	-13.987580038062596
1.291615850591699e7	4203.177169400016	-14.00943455280683
1.310910850591699e7	4200.235430403933	-14.031289067551064
1.330205850591699e7	4197.603859451277	-14.053225359806216
1.349500850591699e7	4195.117606375822	-14.07519980618748
1.368795850591699e7	4192.632825915347	-14.097174252568745
1.388090850591699e7	4190.149517197627	-14.11914869895001
1.407385850591699e7	4187.667679350934	-14.141123145331274
1.426680850591699e7	4185.187311504091	-14.163097591712539
1.445975850591699e7	4183.008240981165	-14.185092085352078
1.465270850591699e7	4180.885782981508	-14.207090290160803
1.484565850591699e7	4178.764401916839	-14.229088494969528
1.503860850591699e7	4176.644097240744	-14.251086699778254
1.523155850591699e7	4174.524868407039	-14.273084904586979
1.542450850591699e7	4172.406714869852	-14.295083109395703
1.561745850591699e7	4170.571675613855	-14.317200398185808
1.581040850591699e7	4168.767942064728	-14.339330569434448
1.600335850591699e7	4166.964988613624	-14.36146074068309
1.619630850591699e7	4165.162814923157	-14.38359091193173
1.638925850591699e7	4163.361420656095	-14.40572108318037
1.658220850591699e7	4161.56080547533	-14.427851254429012
1.677515850591699e7	4159.966950467757	-14.45003537884221
1.696810850591699e7	4158.393903194512	-14.47222479546051
1.716105850591699e7	4156.821450752368	-14.494414212078812
1.735400850591699e7	4155.249592916396	-14.516603628697112
1.754695850591699e7	4153.6783294617535	-14.538793045315412
1.773990850591699e7	4152.1076601636805	-14.560982461933712
1.793285850591699e7	4150.731288963446	-14.583166422914282
1.812580850591699e7	4149.384883946826	-14.605349552500424
1.831875850591699e7	4148.038915674089	-14.627532682086567
1.851170850591699e7	4146.69338400355	-14.64971581167271
1.870465850591699e7	4145.3482887935925	-14.671898941258851
1.889760850591699e7	4144.003629902639	-14.694082070844992
1.909055850591699e7	4142.758978249061	-14.716357537805415
1.928350850591699e7	4141.54374083261	-14.738659943103464
1.947645850591699e7	4140.328859894055	-14.760962348401513
1.966940850591699e7	4139.114335328807	-14.783264753699562
1.986235850591699e7	4137.900167032355	-14.805567158997615
2.005530850591699e7	4136.68635490017	-14.827869564295662
2.024825850591699e7	4135.578279184545	-14.8500890444232
2.044120850591699e7	4134.519705995701	-14.87226979428695
2.063415850591699e7	4133.461403767075	-14.894450544150702
2.082710850591699e7	4132.403372429304	-14.916631294014454
2.102005850591699e7	4131.345611913063	-14.938812043878206
2.121300850591699e7	4130.288122149016	-14.960992793741955
2.140595850591699e7	4129.265049119111	-14.98318590709055
2.159890850591699e7	4128.271506258041	-15.005389623410334
2.179185850591699e7	4127.278202453408	-15.027593339730116
2.198480850591699e7	4126.285137647699	-15.049797056049899
2.217775850591699e7	4125.292311783408	-15.07200077236968
2.237070850591699e7	4124.299724803044	-15.094204488689465
2.256365850591699e7	4123.338967858467	-15.116401432569631
2.275660850591699e7	4122.426673123827	-15.138588032919941
2.294955850591699e7	4121.514580235729	-15.160774633270252
2.314250850591699e7	4120.6026891495	-15.182961233620562
2.333545850591699e7	4119.690999820497	-15.205147833970871
2.352840850591699e7	4118.779512204083	-15.227334434321182
2.372135850591699e7	4117.8784199418615	-15.249554101708572
2.391430850591699e7	4117.007400877644	-15.271870704016054
2.410725850591699e7	4116.136566052525	-15.294187306323538
2.430020850591699e7	4115.265915427528	-15.31650390863102
2.449315850591699e7	4114.395448963697	-15.338820510938504
2.468610850591699e7	4113.525166622079	-15.361137113245984
2.487905850591699e7	4112.661531504273	-15.383407430981165
2.507200850591699e7	4111.830406026489	-15.40544618797617
2.526495850591699e7	4110.999448510383	-15.427484944971175
2.545790850591699e7	4110.168658922012	-15.449523701966179
2.565085850591699e7	4109.338037227466	-15.471562458961182
2.584380850591699e7	4108.507583392782	-15.493601215956186
2.603675850591699e7	4107.681853346725	-15.515647159999695
2.622970850591699e7	4107.018309492113	-15.537948737777716
2.642265850591699e7	4106.354872824588	-15.560250315555738
2.661560850591699e7	4105.691543326848	-15.58255189333376
2.680855850591699e7	4105.028320981552	-15.604853471111781
2.700150850591699e7	4104.365205771406	-15.6271550488898
2.719445850591699e7	4103.702197679111	-15.64945662666782
2.738740850591699e7	4102.782802391956	-15.670230445864345
2.758035850591699e7	4101.86276020346	-15.690999183730325
2.777330850591699e7	4100.942924332897	-15.711767921596302
2.796625850591699e7	4100.023294733984	-15.73253665946228
2.815920850591699e7	4099.10387136047	-15.753305397328258
2.835215850591699e7	4098.1846541661125	-15.774074135194237
2.854510850591699e7	4097.265643104675	-15.794842873060214
2.873805850591699e7	4096.346838129941	-15.815611610926194
2.893100850591699e7	4095.4282391956785	-15.836380348792172
2.912395850591699e7	4094.5098462556925	-15.85714908665815
2.931690850591699e7	4093.5916592637964	-15.877917824524129
2.950985850591699e7	4092.673678173792	-15.898686562390107
2.970280850591699e7	4091.761145954087	-15.919473299540236
2.989575850591699e7	4090.8632824674633	-15.940309706953405
3.008870850591699e7	4089.965616000869	-15.961146114366572
3.028165850591699e7	4089.068146511042	-15.981982521779742
3.047460850591699e7	4088.1708739547885	-16.00281892919291
3.066755850591699e7	4087.273798288873	-16.023655336606076
3.086050850591699e7	4086.3769194700994	-16.044491744019247
3.105345850591699e7	4085.480237455273	-16.065328151432414
3.124640850591699e7	4084.583752201215	-16.086164558845585
3.143935850591699e7	4083.6874636647362	-16.107000966258752
3.163230850591699e7	4082.7913718026775	-16.12783737367192
3.182525850591699e7	4081.8954765718818	-16.14867378108509
3.201820850591699e7	4080.9997779292025	-16.169510188498258
3.221115850591699e7	4079.999538965496	-16.19036284592221
3.240410850591699e7	4078.9694810224123	-16.21122016904193
3.259705850591699e7	4077.9396831331246	-16.232077492161643
3.279000850591699e7	4076.9101452319846	-16.252934815281364
3.298295850591699e7	4075.880867253341	-16.273792138401085
3.317590850591699e7	4074.851849131579	-16.294649461520798
3.336885850591699e7	4073.8230908010937	-16.31550678464052
3.356180850591699e7	4072.7945921962973	-16.336364107760232
3.375475850591699e7	4071.766353251625	-16.357221430879953
3.394770850591699e7	4070.7383739014995	-16.37807875399967
3.414065850591699e7	4069.7106540804048	-16.39893607711939
3.433360850591699e7	4068.683193722811	-16.419793400239108
3.452655850591699e7	4067.524036285153	-16.44060431387124
3.471950850591699e7	4066.2867273629618	-16.46138761666567
3.491245850591699e7	4065.049794820437	-16.482170919460106
3.510540850591699e7	4063.813238543101	-16.502954222254537
3.529835850591699e7	4062.5770584164898	-16.52373752504897
3.549130850591699e7	4061.3412543261816	-16.5445208278434
3.568425850591699e7	4060.1058261577887	-16.56530413063783
3.587720850591699e7	4058.870773796959	-16.586087433432265
3.607015850591699e7	4057.636097129375	-16.606870736226696
3.626310850591699e7	4056.4017960407523	-16.627654039021124
3.645605850591699e7	4055.1678704168444	-16.64843734181556
3.664900850591699e7	4053.934320143437	-16.66922064460999
3.684195850591699e7	4052.4100368823897	-16.69006175268153
3.703490850591699e7	4050.8180751196805	-16.710916419159453
3.722785850591699e7	4049.2267387483384	-16.731771085637373
3.742080850591699e7	4047.6360275226825	-16.752625752115296
3.761375850591699e7	4046.0459411971297	-16.77348041859322
3.780670850591699e7	4044.456479526191	-16.79433508507114
3.799965850591699e7	4042.8676422644826	-16.815189751549063
3.819260850591699e7	4041.2794291666955	-16.836044418026987
3.838555850591699e7	4039.691839987638	-16.85689908450491
3.857850850591699e7	4038.1048744822087	-16.877753750982833
3.877145850591699e7	4036.5185324054005	-16.898608417460753
3.896440850591699e7	4034.7369427264653	-16.91935422585472
3.915735850591699e7	4032.686666663334	-16.939950196028956
3.935030850591699e7	4030.63743246042	-16.960546166203194
3.954325850591699e7	4028.5892395883093	-16.981142136377432
3.973620850591699e7	4026.542087517836	-17.00173810655167
3.992915850591699e7	4024.4959757201113	-17.022334076725908
4.012210850591699e7	4022.450903666514	-17.042930046900146
4.031505850591699e7	4020.4068708286777	-17.06352601707438
4.050800850591699e7	4018.3638766785466	-17.084121987248622
4.070095850591699e7	4016.321920688291	-17.10471795742286
4.089390850591699e7	4014.281002330364	-17.125313927597098
4.108685850591699e7	4012.111153196845	-17.145882095129608
4.127980850591699e7	4009.4950789918003	-17.16635449693991
4.147275850591699e7	4006.8807105830274	-17.186826898750212
4.166570850591699e7	4004.2680468582785	-17.207299300560518
4.185865850591699e7	4001.6570867060095	-17.22777170237082
4.205160850591699e7	3999.0478290154306	-17.248244104181126
4.224455850591699e7	3996.4402726764465	-17.268716505991428
4.243750850591699e7	3993.8344165797153	-17.289188907801734
4.263045850591699e7	3991.230259616582	-17.30966130961204
4.282340850591699e7	3988.627800679165	-17.33013371142234
4.301635850591699e7	3986.0270386602547	-17.350606113232644
4.320930850591699e7	3983.340479993295	-17.37105917483553
4.340225850591699e7	3980.1325467629986	-17.391396499458867
4.359520850591699e7	3976.9271970014347	-17.411733824082205
4.378815850591699e7	3973.724428628054	-17.432071148705543
4.398110850591699e7	3970.52423956396	-17.45240847332888
4.417405850591699e7	3967.3266277319317	-17.472745797952218
4.436700850591699e7	3964.131591056442	-17.493083122575555
4.455995850591699e7	3960.939127463607	-17.51342044719889
4.475290850591699e7	3957.7492348812398	-17.53375777182223
4.494585850591699e7	3954.5619112388035	-17.554095096445565
4.513880850591699e7	3951.3771544674273	-17.574432421068902
4.533175850591699e7	3948.194962499928	-17.59476974569224
4.552470850591699e7	3944.6450717849943	-17.614721046196333
4.571765850591699e7	3941.0459280534737	-17.634617617117392
4.591060850591699e7	3937.450068225921	-17.65451418803845
4.610355850591699e7	3933.8574893060595	-17.67441075895951
4.629650850591699e7	3930.268188300349	-17.69430732988057
4.648945850591699e7	3926.682162217978	-17.71420390080163
4.668240850591699e7	3923.0994080708674	-17.734100471722684
4.687535850591699e7	3919.5199228736606	-17.753997042643743
4.706830850591699e7	3915.943703643727	-17.773893613564802
4.726125850591699e7	3912.3707474011576	-17.793790184485857
4.745420850591699e7	3908.8010511687608	-17.813686755406916
4.764715850591699e7	3905.2346119720632	-17.833583326327975
4.784010850591699e7	3901.7504979315595	-17.85339882925097
4.803305850591699e7	3898.2975691941815	-17.873185520896964
4.822600850591699e7	3894.8476961921388	-17.892972212542954
4.841895850591699e7	3891.4008762211993	-17.912758904188948
4.861190850591699e7	3887.9571065795258	-17.932545595834938
4.880485850591699e7	3884.516384567677	-17.952332287480928
4.899780850591699e7	3881.078707488581	-17.97211897912692
4.919075850591699e7	3877.644072647574	-17.99190567077291
4.938370850591699e7	3874.2124773523683	-18.011692362418902
4.957665850591699e7	3870.783918913067	-18.031479054064896
4.976960850591699e7	3867.358394642132	-18.051265745710886
4.996255850591699e7	3863.9359018544264	-18.07105243735688
5.015550850591699e7	3860.5164378671793	-18.09083912900287
5.034845850591699e7	3857.0999999999967	-18.11062582064886
