-3.5189699062044322e6	8250.358134257358	-12.464906635837593
-3.4480199062044322e6	8207.276038488892	-12.471940001419306
-3.3770699062044322e6	8164.4189107697475	-12.478973367001018
-3.3061199062044322e6	8121.785576351553	-12.48600673258273
-3.2351699062044322e6	8079.374866620229	-12.493040098164442
-3.1642199062044322e6	8037.185619064065	-12.500073463746155
-3.0932699062044322e6	7995.2166772417895	-12.507106829327867
-3.0223199062044322e6	7951.329150453415	-12.514124515417121
-2.9513699062044322e6	7906.180034329071	-12.521131117901604
-2.8804199062044322e6	7861.287283228516	-12.528137720386088
-2.8094699062044322e6	7816.649441463788	-12.535144322870568
-2.7385199062044322e6	7772.265061612565	-12.542150925355052
-2.6675699062044322e6	7728.132704471253	-12.549157527839535
-2.5966199062044322e6	7682.975496704855	-12.556168538684982
-2.5256699062044322e6	7635.973958672572	-12.563186880611124
-2.4547199062044322e6	7589.259958271816	-12.570205222537266
-2.3837699062044322e6	7542.831736456117	-12.57722356446341
-2.3128199062044322e6	7496.687544940187	-12.584241906389552
-2.2418699062044322e6	7450.825646134071	-12.591260248315693
-2.1709199062044322e6	7402.953149396243	-12.598277513965765
-2.0999699062044322e6	7353.876601397711	-12.605294064746573
-2.0290199062044322e6	7305.12539755774	-12.612310615527377
-1.9580699062044322e6	7256.697381065716	-12.619327166308185
-1.8871199062044322e6	7208.590409409164	-12.626343717088993
-1.8161699062044322e6	7159.968740457986	-12.633362278953456
-1.7452199062044322e6	7109.1295335381965	-12.640387024949801
-1.6742699062044322e6	7058.651309334103	-12.647411770946148
-1.6033199062044322e6	7008.531504695565	-12.654436516942493
-1.5323699062044322e6	6958.767574672009	-12.661461262938838
-1.4614199062044322e6	6907.879303581475	-12.668548473066558
-1.3904699062044322e6	6853.022474951687	-12.67582060089837
-1.3195199062044322e6	6798.601275190747	-12.68309272873018
-1.2485699062044322e6	6742.8403750735315	-12.690305060359766
-1.1776199062044322e6	6687.517105234858	-12.697516721217141
-1.1066699062044322e6	6631.048992392459	-12.704777556486256
-1.0357199062044322e6	6574.6150252207435	-12.712052125124677
-964769.9062044322	6517.403509758176	-12.719283252445777
-893819.9062044322	6460.003850065648	-12.726490476366978
-822869.9062044322	6402.066514685557	-12.733688352979275
-751919.9062044322	6343.812652211675	-12.740878668641967
-680969.9062044322	6285.295123427308	-12.748081046451468
-610019.9062044322	6226.5153980374935	-12.755295726835543
-539069.9062044322	6167.607230252805	-12.762522629813645
-468119.90620443225	6108.473181316122	-12.769763785383217
-397169.90620443225	6049.2832682952185	-12.777019012178288
-326219.90620443225	5989.865112040102	-12.784292532498784
-255269.90620443225	5930.711961750584	-12.79162822784869
-184319.90620443225	5871.663216444424	-12.799058483935127
-113369.90620443225	5813.099245954767	-12.806550079467335
-42419.90620443225	5754.9050175256425	-12.814170455931205
28530.09379556775	5697.401609420748	-12.82186391173228
99480.09379556775	5640.956462639991	-12.829887194727846
170430.09379556775	5585.0705277269435	-12.837910477723408
241380.09379556775	5531.362852395262	-12.846510900566841
312330.09379556775	5478.28209892853	-12.855150936996552
383280.09379556775	5427.385372451034	-12.86426742443289
454230.09379556775	5378.368331377877	-12.873787802901242
525180.0937955678	5329.793984189647	-12.88330818136959
596130.0937955678	5285.713534097362	-12.893973257628303
667080.0937955678	5242.225778801948	-12.904703239239595
738030.0937955678	5199.571994512067	-12.915570509591099
808980.0937955678	5161.402938168657	-12.927639974128098
879930.0937955678	5123.514073514792	-12.939709438665096
950880.0937955678	5085.903343717283	-12.951778903202094
1.0218300937955678e6	5052.510708869683	-12.96504899282702
1.0927800937955678e6	5019.47851333785	-12.978362352515036
1.1637300937955678e6	4986.662274981482	-12.991675712203053
1.2346800937955678e6	4955.747738110992	-13.005542384212875
1.3056300937955678e6	4926.794049805233	-13.01999268908585
1.3765800937955678e6	4898.0095218584775	-13.034442993958825
1.4475300937955678e6	4869.393165960462	-13.048893298831796
1.5184800937955678e6	4842.578268657643	-13.064025081760404
1.5894300937955678e6	4816.947082168419	-13.079591160339543
1.6603800937955678e6	4791.451558477894	-13.095157238918679
1.7313300937955678e6	4766.090979539131	-13.110723317497818
1.8022800937955678e6	4744.356468359297	-13.127446107162287
1.8732300937955678e6	4732.061100742484	-13.147272850147804
1.9441800937955678e6	4719.797597524109	-13.16709959313332
2.0151300937955678e6	4707.565876125111	-13.186926336118837
2.0860800937955678e6	4695.365854180441	-13.206753079104356
2.1570300937955678e6	4682.938228646575	-13.226622212151575
2.2279800937955678e6	4670.448780775936	-13.246506875610418
2.2989300937955678e6	4657.992642400417	-13.26639153906926
2.3698800937955678e6	4645.569724683236	-13.286276202528102
2.4408300937955678e6	4633.28748387262	-13.306206804443011
2.5117800937955678e6	4623.483207114409	-13.327184493311679
2.5827300937955678e6	4613.699676714607	-13.348162182180346
2.6536800937955678e6	4603.9368487728425	-13.369139871049011
2.7246300937955678e6	4594.194679481641	-13.390117559917677
2.7955800937955678e6	4584.757083879286	-13.411203214886974
2.8665300937955678e6	4576.189846548242	-13.432613049860173
2.9374800937955678e6	4567.638618256303	-13.454022884833371
3.0084300937955678e6	4559.103369088429	-13.475432719806568
3.0793800937955678e6	4550.58406918547	-13.496842554779764
3.1503300937955678e6	4542.508731277251	-13.518480941745402
3.2212800937955678e6	4535.264379984282	-13.540556095121994
3.2922300937955678e6	4528.0315819163525	-13.562631248498587
3.3631800937955678e6	4520.810318648493	-13.584706401875179
3.4341300937955678e6	4513.600571785119	-13.606781555251771
3.5050800937955678e6	4506.7478694752235	-13.629034112153883
3.5760300937955678e6	4500.447889665336	-13.651565491151185
3.6469800937955678e6	4494.156716592988	-13.674096870148485
3.7179300937955678e6	4487.874337947231	-13.696628249145785
3.7888800937955678e6	4481.600741434357	-13.719159628143087
3.8598300937955678e6	4475.620730348864	-13.741807909798329
3.9307800937955678e6	4470.087156466644	-13.764636382503967
4.0017300937955678e6	4464.5604241918245	-13.787464855209604
4.0726800937955678e6	4459.040525065578	-13.810293327915243
4.1436300937955678e6	4453.527450639503	-13.83312180062088
4.214580093795568e6	4448.269539873959	-13.856067495214903
4.285530093795568e6	4443.4965027779745	-13.879239372455977
4.356480093795568e6	4438.728587197862	-13.902411249697053
4.427430093795568e6	4433.965787638216	-13.925583126938129
4.498380093795568e6	4429.208098609463	-13.948755004179201
4.569330093795568e6	4424.614338509518	-13.971994703630921
4.640280093795568e6	4420.472380132271	-13.99542548553285
4.711230093795568e6	4416.33429911425	-14.018856267434781
4.782180093795568e6	4412.200091825785	-14.042287049336712
4.853130093795568e6	4408.0697546406045	-14.065717831238643
4.924080093795568e6	4404.0184498025465	-14.08917538421243
4.995030093795568e6	4400.367477195172	-14.112774315729927
5.065980093795568e6	4396.71953127833	-14.136373247247427
5.136930093795568e6	4393.074609542873	-14.159972178764924
5.207880093795568e6	4389.4327094817345	-14.183571110282424
5.278830093795568e6	4385.806500101938	-14.207176846348686
5.349780093795568e6	4382.6044116257535	-14.231008900659495
5.420730093795568e6	4379.404661002507	-14.254840954970305
5.491680093795568e6	4376.207246525325	-14.278673009281114
5.562630093795568e6	4373.012166488583	-14.302505063591925
5.633580093795568e6	4369.819419187897	-14.326337117902732
5.704530093795568e6	4366.941793198453	-14.350269016604283
5.775480093795568e6	4364.100828141719	-14.374212019660686
5.846430093795568e6	4361.261711308035	-14.398155022717088
5.917380093795568e6	4358.424441494998	-14.422098025773487
5.988330093795568e6	4355.589017501028	-14.446041028829889
6.059280093795568e6	4352.969403360961	-14.470081746403421
6.130230093795568e6	4350.4200473033015	-14.494153848060602
6.201180093795568e6	4347.872184299165	-14.518225949717785
6.272130093795568e6	4345.325813474134	-14.542298051374967
6.343080093795568e6	4342.780933954298	-14.566370153032146
6.414030093795568e6	4340.376419536371	-14.590497116876929
6.484980093795568e6	4338.060352632008	-14.614658513980219
6.555930093795568e6	4335.745521603381	-14.638819911083509
6.626880093795568e6	4333.4319257910165	-14.662981308186797
6.697830093795568e6	4331.119564535782	-14.687142705290086
6.768780093795568e6	4328.897425768992	-14.711325939535302
6.839730093795568e6	4326.775775538974	-14.735533565136544
6.910680093795568e6	4324.655165157956	-14.759741190737788
6.981630093795568e6	4322.535594116303	-14.78394881633903
7.052580093795568e6	4320.417061904631	-14.808156441940273
7.123530093795568e6	4318.347514516679	-14.83239040803487
7.194480093795568e6	4316.375891671656	-14.856677651195849
7.265430093795568e6	4314.405169008155	-14.880964894356826
7.336380093795568e6	4312.435346115182	-14.905252137517802
7.407330093795568e6	4310.4664225819315	-14.92953938067878
7.478280093795568e6	4308.51613644731	-14.95384135938374
7.549230093795568e6	4306.635874003123	-14.978200800000545
7.620180093795568e6	4304.756432116822	-15.002560240617349
7.691130093795568e6	4302.877810430303	-15.026919681234151
7.762080093795568e6	4301.0000085856245	-15.051279121850957
7.833030093795568e6	4299.130010971373	-15.075634387710661
7.903980093795568e6	4297.327878582711	-15.099949559640713
7.974930093795568e6	4295.526501621573	-15.124264731570761
8.045880093795568e6	4293.725879771297	-15.148579903500814
8.116830093795568e6	4291.926012715351	-15.172895075430864
8.187780093795568e6	4290.126900137336	-15.197210247360912
8.258730093795568e6	4288.334126666285	-15.221608183390558
8.329680093795568e6	4286.542187121747	-15.246007375955006
8.400630093795568e6	4284.7509963638495	-15.270406568519457
8.471580093795568e6	4282.960554079707	-15.294805761083904
8.542530093795568e6	4281.170859956569	-15.319204953648354
8.613480093795568e6	4279.373888679795	-15.34360499567903
8.684430093795568e6	4277.576824803371	-15.36800512738937
8.755380093795568e6	4275.780515579066	-15.39240525909971
8.826330093795568e6	4273.984960689983	-15.41680539081005
8.897280093795568e6	4272.1901598193335	-15.44120552252039
8.968230093795568e6	4270.36768823317	-15.465634176719846
9.039180093795568e6	4268.540513403484	-15.490068332888868
9.110130093795568e6	4266.714120372486	-15.514502489057891
9.181080093795568e6	4264.888508805667	-15.538936645226917
9.252030093795568e6	4263.063678368665	-15.563370801395939
9.322980093795568e6	4261.248186738576	-15.587798444245156
9.393930093795568e6	4259.435598116908	-15.61222446541997
9.464880093795568e6	4257.62378050817	-15.636650486594782
9.535830093795568e6	4255.812733584428	-15.661076507769595
9.606780093795568e6	4254.002457017847	-15.685502528944408
9.677730093795568e6	4252.125290248238	-15.708760935428362
9.748680093795568e6	4250.229611878547	-15.731685441243874
9.819630093795568e6	4248.334778638337	-15.754609947059386
9.890580093795568e6	4246.440790150845	-15.777534452874896
9.961530093795568e6	4244.547646039461	-15.800458958690406
1.0032480093795568e7	4242.6553459277475	-15.823383464505916
1.0103430093795568e7	4240.763889439433	-15.84630797032143
1.0174380093795568e7	4238.873276198415	-15.86923247613694
1.0245330093795568e7	4236.983505828764	-15.89215698195245
1.0316280093795568e7	4235.094577954697	-15.915081487767962
1.0387230093795568e7	4233.180086181149	-15.938008139389213
1.0458180093795568e7	4231.123100144332	-15.9609464462091
1.0529130093795568e7	4229.06711363776	-15.98388475302899
1.0600080093795568e7	4227.012126175746	-16.006823059848877
1.0671030093795568e7	4224.958137272838	-16.02976136666877
1.0741980093795568e7	4222.905146443821	-16.052699673488657
1.0812930093795568e7	4220.853153203705	-16.075637980308546
1.0883880093795568e7	4218.802157067735	-16.098576287128434
1.0954830093795568e7	4216.752157551404	-16.121514593948326
1.1025780093795568e7	4214.703154170444	-16.144452900768215
1.1096730093795568e7	4212.655146440797	-16.1673912075881
1.1167680093795568e7	4210.460303016302	-16.190415183660043
1.1238630093795568e7	4208.18025860144	-16.213489224603414
1.1309580093795568e7	4205.901448874045	-16.236563265546785
1.1380530093795568e7	4203.623873165495	-16.259637306490156
1.1451480093795568e7	4201.347530807559	-16.282711347433526
1.1522430093795568e7	4199.072421132342	-16.305785388376897
1.1593380093795568e7	4196.798543472329	-16.328859429320264
1.1664330093795568e7	4194.525897160366	-16.351933470263635
1.1735280093795568e7	4192.254481529642	-16.375007511207006
1.1806230093795568e7	4189.984295913734	-16.398081552150376
1.1877180093795568e7	4187.651541079908	-16.421117421099037
1.1948130093795568e7	4185.136450887295	-16.444043353528723
1.2019080093795568e7	4182.622871249848	-16.466969285958406
1.2090030093795568e7	4180.110801260328	-16.48989521838809
1.2160980093795568e7	4177.600240012059	-16.51282115081777
1.2231930093795568e7	4175.091186598887	-16.535747083247458
1.2302880093795568e7	4172.583640115214	-16.558673015677137
1.2373830093795568e7	4170.0775996559805	-16.581598948106823
1.2444780093795568e7	4167.573064316674	-16.604524880536506
1.2515730093795568e7	4165.070033193318	-16.627450812966188
1.2586680093795568e7	4162.568505382497	-16.65037674539587
1.2657630093795568e7	4159.83220251427	-16.67346827088869
1.2728580093795568e7	4157.069296658508	-16.696579715214792
1.2799530093795568e7	4154.308225888489	-16.719691159540893
1.2870480093795568e7	4151.548988985373	-16.74280260386699
1.2941430093795568e7	4148.791584731123	-16.765914048193096
1.3012380093795568e7	4146.036011908532	-16.789025492519194
1.3083330093795568e7	4143.282269301172	-16.812136936845295
1.3154280093795568e7	4140.530355693453	-16.835248381171397
1.3225230093795568e7	4137.78026987057	-16.858359825497498
1.3296180093795568e7	4135.032010618526	-16.881471269823596
1.3367130093795568e7	4132.098869982068	-16.90475644839586
1.3438080093795568e7	4129.072007852726	-16.928130838996605
1.3509030093795568e7	4126.0473629729295	-16.951505229597352
1.3579980093795568e7	4123.024933718493	-16.9748796201981
1.3650930093795568e7	4120.004718466415	-16.998254010798842
1.3721880093795568e7	4116.986715594889	-17.02162840139959
1.3792830093795568e7	4113.970923483288	-17.045002792000336
1.3863780093795568e7	4110.957340512174	-17.068377182601083
1.3934730093795568e7	4107.94596506331	-17.091751573201826
1.4005680093795568e7	4104.936795519627	-17.115125963802573
1.4076630093795568e7	4101.848539332396	-17.138360115253413
1.4147580093795568e7	4098.697615594223	-17.161482061107595
1.4218530093795568e7	4095.5491123063193	-17.184604006961777
1.4289480093795568e7	4092.4030276093645	-17.20772595281596
1.4360430093795568e7	4089.2593596454576	-17.23084789867014
1.4431380093795568e7	4086.118106558148	-17.253969844524324
1.4502330093795568e7	4082.9792664923884	-17.277091790378506
1.4573280093795568e7	4079.8428375945646	-17.300213736232685
1.4644230093795568e7	4076.7088180124847	-17.323335682086867
1.4715180093795568e7	4073.577205895374	-17.346457627941046
1.4786130093795568e7	4070.3959389756833	-17.36964384281376
1.4857080093795568e7	4067.098236545008	-17.392976983150096
1.4928030093795568e7	4063.8032058056237	-17.416310123486436
1.4998980093795568e7	4060.510844592991	-17.439643263822774
1.5069930093795568e7	4057.221150744353	-17.46297640415911
1.5140880093795568e7	4053.934122098706	-17.486309544495448
1.5211830093795568e7	4050.649756496768	-17.509642684831785
1.5282780093795568e7	4047.3680517810553	-17.532975825168123
1.5353730093795568e7	4044.089005795783	-17.55630896550446
1.5424680093795568e7	4040.812616386942	-17.5796421058408
1.5495630093795568e7	4037.5313795592215	-17.602991588730617
1.5566580093795568e7	4034.1080597329506	-17.62665666205639
1.5637530093795568e7	4030.687642452218	-17.65032173538216
1.5708480093795568e7	4027.2701252560073	-17.67398680870793
1.5779430093795568e7	4023.855505685419	-17.697651882033703
1.5850380093795568e7	4020.4437812836363	-17.721316955359473
1.5921330093795568e7	4017.0349495959063	-17.744982028685243
1.5992280093795568e7	4013.629008169584	-17.768647102011016
1.6063230093795568e7	4010.2259545540765	-17.792312175336786
1.6134180093795568e7	4006.82578630089	-17.815977248662556
1.6205130093795568e7	4003.428500963606	-17.83964232198833
1.6276080093795568e7	4000.321190519526	-17.863181191142722
1.6347030093795568e7	3997.308884521296	-17.88667932769496
1.6417980093795568e7	3994.298846837775	-17.9101774642472
1.6488930093795568e7	3991.291075760893	-17.933675600799443
1.6559880093795568e7	3988.285569583866	-17.95717373735168
1.6630830093795568e7	3985.282326601174	-17.980671873903923
1.6701780093795568e7	3982.2813451086026	-18.004170010456164
1.6772730093795568e7	3979.2826234032204	-18.027668147008406
1.6843680093795568e7	3976.286159783357	-18.051166283560647
1.6914630093795568e7	3973.2919525486454	-18.07466442011289
1.6985580093795568e7	3970.299999999998	-18.098162556665127
