-6.0112617207107306e7	8396.112741005669	-14.819447227991336
-5.7900617207107306e7	8337.574005678554	-14.823928779232125
-5.5688617207107306e7	8279.443409646317	-14.828410330472913
-5.3476617207107306e7	8221.718107311339	-14.8328918817137
-5.1264617207107306e7	8161.320571386609	-14.837144384931383
-4.9052617207107306e7	8095.563483497934	-14.840961142048512
-4.6840617207107306e7	8030.336211166653	-14.84477789916564
-4.4628617207107306e7	7965.6344855826055	-14.84859465628277
-4.2416617207107306e7	7895.076512417368	-14.851881407090055
-4.0204617207107306e7	7821.250126975374	-14.854841492588182
-3.7992617207107306e7	7748.114087621725	-14.857801578086308
-3.5780617207107306e7	7671.937552228766	-14.860428220164918
-3.3568617207107306e7	7588.791358910259	-14.862356432362523
-3.1356617207107306e7	7506.546279478081	-14.864284644560128
-2.9144617207107306e7	7420.154718059505	-14.865716554630424
-2.6932617207107306e7	7327.206276423173	-14.866395258739491
-2.4720617207107306e7	7235.42215185717	-14.867073962848556
-2.2508617207107306e7	7131.1160368430465	-14.866544226368674
-2.0296617207107306e7	7018.93717232609	-14.865079891255514
-1.8084617207107306e7	6900.421338769506	-14.862709144259451
-1.5872617207107306e7	6775.221611563159	-14.85931735452101
-1.3660617207107306e7	6642.990742806347	-14.854821076253952
-1.1448617207107306e7	6504.018396367228	-14.849204836977254
-9.236617207107306e6	6359.186939841809	-14.842501205526862
-7.0246172071073055e6	6209.674425790217	-14.834831053483859
-4.8126172071073055e6	6057.879954408598	-14.826510484747274
-2.6006172071073055e6	5906.810025965264	-14.817964643683808
-388617.2071073055	5759.552653132957	-14.809670306805149
1.8233827928926945e6	5624.096945201694	-14.803104938482479
4.0353827928926945e6	5500.496627276201	-14.79833608753555
6.2473827928926945e6	5393.67726772741	-14.79651632692454
8.459382792892694e6	5304.214991957827	-14.798026770315053
1.0671382792892694e7	5234.745614267595	-14.803625334391569
1.2883382792892694e7	5170.053015826504	-14.810109395235116
1.5095382792892694e7	5123.1868087211915	-14.820533221915223
1.7307382792892694e7	5076.745440850926	-14.830957048595328
1.9519382792892694e7	5035.698527571776	-14.842671077335094
2.1731382792892694e7	4998.361412311372	-14.85526780476421
2.3943382792892694e7	4961.301132562127	-14.867864532193328
2.6155382792892694e7	4929.979185145954	-14.881909399509093
2.8367382792892694e7	4901.255493954483	-14.896594065056057
3.0579382792892694e7	4872.699156499131	-14.91127873060302
3.2791382792892694e7	4846.8166942392245	-14.926709003113956
3.5003382792892694e7	4823.819723510618	-14.942960316840356
3.7215382792892694e7	4800.931867835487	-14.959211630566756
3.9427382792892694e7	4778.152609489308	-14.975462944293154
4.1639382792892694e7	4759.676764277455	-14.99297052481395
4.3851382792892694e7	4741.435355204839	-15.01052708022129
4.6063382792892694e7	4723.263856132719	-15.028083635628631
4.8275382792892694e7	4705.672822303354	-15.045815331414602
5.0487382792892694e7	4690.769823798235	-15.064449242165834
5.2699382792892694e7	4675.914023509565	-15.083083152917064
5.4911382792892694e7	4661.105271959277	-15.101717063668294
5.7123382792892694e7	4646.63215969032	-15.120445694842076
5.9335382792892694e7	4634.6427553688245	-15.139976614621037
6.1547382792892694e7	4622.68428653157	-15.1595075344
6.3759382792892694e7	4610.756673357751	-15.17903845417896
6.5971382792892694e7	4598.859836232473	-15.198569373957922
6.81833827928927e7	4588.527969273532	-15.21867985969109
7.03953827928927e7	4578.579042974711	-15.238926509503973
7.26073827928927e7	4568.651688111262	-15.259173159316855
7.48193827928927e7	4558.745857911613	-15.27941980912974
7.70313827928927e7	4549.358706191171	-15.299850205889962
7.92433827928927e7	4541.10777707736	-15.32069414331546
8.14553827928927e7	4532.8718122333885	-15.341538080740962
8.36673827928927e7	4524.650784519335	-15.362382018166464
8.58793827928927e7	4516.444666844555	-15.383225955591964
8.80913827928927e7	4509.027536030734	-15.404401707375381
9.03033827928927e7	4502.103791160105	-15.425784034999559
9.25153827928927e7	4495.190677904087	-15.447166362623738
9.47273827928927e7	4488.2881799375145	-15.468548690247916
9.69393827928927e7	4481.396280960312	-15.489931017872095
9.91513827928927e7	4475.370785051413	-15.511570360488891
1.013633827928927e8	4469.611367252465	-15.533287271755084
1.035753827928927e8	4463.859361329533	-15.555004183021277
1.057873827928927e8	4458.11475774417	-15.576721094287471
1.079993827928927e8	4452.377546970193	-15.598438005553662
1.102113827928927e8	4447.14928737511	-15.620497691391678
1.124233827928927e8	4442.085642437054	-15.642665799505917
1.146353827928927e8	4437.027763102616	-15.664833907620157
1.168473827928927e8	4431.9756428069395	-15.687002015734393
1.190593827928927e8	4426.929274992619	-15.70917012384863
1.212713827928927e8	4422.433759795924	-15.7314765729314
1.234833827928927e8	4418.227054870524	-15.753855226272403
1.256953827928927e8	4414.024351444583	-15.776233879613404
1.279073827928927e8	4409.825645711803	-15.798612532954404
1.301193827928927e8	4405.630933869511	-15.820991186295405
1.323313827928927e8	4401.669505526269	-15.843567767709947
1.345433827928927e8	4398.027964536211	-15.866417632720655
1.367553827928927e8	4394.389436225955	-15.88926749773136
1.389673827928927e8	4390.75391810307	-15.912117362742066
1.411793827928927e8	4387.121407677214	-15.934967227752772
1.433913827928927e8	4383.564695601305	-15.95781092164752
1.456033827928927e8	4380.457537899534	-15.980616720065258
1.478153827928927e8	4377.35258261285	-16.003422518482996
1.500273827928927e8	4374.249828180128	-16.026228316900735
1.522393827928927e8	4371.149273041345	-16.049034115318474
1.544513827928927e8	4368.050915637628	-16.071839913736213
1.566633827928927e8	4365.227298071737	-16.094974844330935
1.588753827928927e8	4362.508696956115	-16.118234467050794
1.610873827928927e8	4359.791788946378	-16.141494089770653
1.632993827928927e8	4357.076572988082	-16.164753712490512
1.655113827928927e8	4354.363048027451	-16.18801333521037
1.677233827928927e8	4351.764902587215	-16.211268216953442
1.699353827928927e8	4349.417634572155	-16.234512695713597
1.721473827928927e8	4347.071632633563	-16.257757174473753
1.743593827928927e8	4344.726896088531	-16.281001653233908
1.765713827928927e8	4342.383424254542	-16.304246131994063
1.787833827928927e8	4340.041216449424	-16.327490610754218
1.809953827928927e8	4337.929701666501	-16.35081581631544
1.832073827928927e8	4335.872461222024	-16.374159765815513
1.854193827928927e8	4333.816196413061	-16.397503715315587
1.876313827928927e8	4331.760906776916	-16.420847664815664
1.898433827928927e8	4329.706591851111	-16.44419161431574
1.920553827928927e8	4327.70942230113	-16.46759346817521
1.942673827928927e8	4325.867851828478	-16.49115484235332
1.964793827928927e8	4324.027064999429	-16.514716216531433
1.986913827928927e8	4322.187061480511	-16.538277590709544
2.009033827928927e8	4320.347840938419	-16.561838964887656
2.031153827928927e8	4318.509403039964	-16.585400339065764
2.053273827928927e8	4316.795823066816	-16.608929960772116
2.075393827928927e8	4315.130479680301	-16.632447407561944
2.097513827928927e8	4313.465778753774	-16.655964854351772
2.119633827928927e8	4311.8017200394015	-16.679482301141604
2.141753827928927e8	4310.138303289391	-16.70299974793143
2.163873827928927e8	4308.4951073999255	-16.726555961311316
2.185993827928927e8	4306.977921467031	-16.750360523799657
2.208113827928927e8	4305.461269793338	-16.774165086287997
2.230233827928927e8	4303.945152190713	-16.79796964877634
2.252353827928927e8	4302.429568471081	-16.821774211264678
2.274473827928927e8	4300.914518446459	-16.84557877375302
2.296593827928927e8	4299.4481420348975	-16.869291052349467
2.318713827928927e8	4298.01511894583	-16.89294033062406
2.340833827928927e8	4296.582573489032	-16.916589608898654
2.362953827928927e8	4295.150505505307	-16.94023888717325
2.385073827928927e8	4293.718914835518	-16.96388816544784
2.407193827928927e8	4292.288445424923	-16.987538981940098
2.429313827928927e8	4290.933336139602	-17.01136868960606
2.451433827928927e8	4289.578654672952	-17.035198397272023
2.473553827928927e8	4288.224400889924	-17.059028104937987
2.495673827928927e8	4286.87057465548	-17.082857812603947
2.517793827928927e8	4285.517175834646	-17.106687520269908
2.539913827928927e8	4284.166288035527	-17.13058505601153
2.562033827928927e8	4282.818175411352	-17.154559089560276
2.584153827928927e8	4281.470487002189	-17.178533123109023
2.606273827928927e8	4280.123222674546	-17.20250715665777
2.628393827928927e8	4278.776382294978	-17.226481190206517
2.650513827928927e8	4277.42996573008	-17.25045522375526
2.672633827928927e8	4276.081569468463	-17.274338426098765
2.694753827928927e8	4274.733543570074	-17.298219560555516
2.716873827928927e8	4273.385942634078	-17.322100695012274
2.738993827928927e8	4272.038766526491	-17.345981829469025
2.761113827928927e8	4270.692015113394	-17.36986296392578
2.783233827928927e8	4269.347869398669	-17.393784679264606
2.805353827928927e8	4268.00645246964	-17.4177493071101
2.827473827928927e8	4266.6654570099845	-17.44171393495559
2.849593827928927e8	4265.32488288728	-17.46567856280108
2.871713827928927e8	4263.984729969136	-17.48964319064657
2.893833827928927e8	4262.652026640499	-17.51361035335888
2.915953827928927e8	4261.483837656237	-17.537636716009402
2.938073827928927e8	4260.315968816679	-17.561663078659922
2.960193827928927e8	4259.1484200340965	-17.585689441310446
2.982313827928927e8	4257.981191220783	-17.609715803960967
3.004433827928927e8	4256.814282289039	-17.633742166611487
3.026553827928927e8	4255.367804570418	-17.65671224559983
3.048673827928927e8	4253.7677699418045	-17.67910072726805
3.070793827928927e8	4252.1683369323455	-17.70148920893627
3.092913827928927e8	4250.569505315844	-17.72387769060449
3.115033827928927e8	4248.9712748661605	-17.746266172272705
3.137153827928927e8	4247.373645357268	-17.768654653940924
3.159273827928927e8	4245.776616563204	-17.791043135609144
3.181393827928927e8	4244.1801882580885	-17.813431617277363
3.203513827928927e8	4242.584360216144	-17.835820098945582
3.225633827928927e8	4240.989132211684	-17.8582085806138
3.247753827928927e8	4239.394504019061	-17.880597062282018
3.269873827928927e8	4237.782784501945	-17.903037335278164
3.291993827928927e8	4236.118815688449	-17.925632425572992
3.314113827928927e8	4234.455500233653	-17.94822751586782
3.336233827928927e8	4232.7928378809975	-17.970822606162653
3.358353827928927e8	4231.130828374058	-17.993417696457485
3.380473827928927e8	4229.4694714564785	-18.016012786752313
3.402593827928927e8	4227.808766872034	-18.038607877047145
3.424713827928927e8	4226.148714364571	-18.061202967341977
3.446833827928927e8	4224.489313678066	-18.083798057636805
3.468953827928927e8	4222.830564556565	-18.106393147931637
3.491073827928927e8	4221.172466744246	-18.12898823822647
3.513193827928927e8	4219.504796973152	-18.151589718169365
3.535313827928927e8	4217.648736177971	-18.174309408685687
3.557433827928927e8	4215.7934918202245	-18.19702909920201
3.579553827928927e8	4213.939063540783	-18.21974878971833
3.601673827928927e8	4212.08545098067	-18.24246848023465
3.623793827928927e8	4210.232653781073	-18.26518817075097
3.645913827928927e8	4208.3806715833325	-18.287907861267293
3.668033827928927e8	4206.529504028956	-18.310627551783618
3.690153827928927e8	4204.679150759585	-18.333347242299936
3.712273827928927e8	4202.829611417044	-18.35606693281626
3.734393827928927e8	4200.980885643306	-18.37878662333258
3.756513827928927e8	4199.125801101856	-18.401502410398972
3.778633827928927e8	4197.08110888876	-18.42411450675657
3.800753827928927e8	4195.037412303432	-18.44672660311417
3.822873827928927e8	4192.994710861074	-18.469338699471766
3.844993827928927e8	4190.9530040771115	-18.49195079582936
3.867113827928927e8	4188.912291467206	-18.51456289218696
3.889233827928927e8	4186.872572547276	-18.537174988544557
3.911353827928927e8	4184.833846833447	-18.55978708490215
3.933473827928927e8	4182.796113842107	-18.58239918125975
3.955593827928927e8	4180.759373089862	-18.605011277617347
3.977713827928927e8	4178.723624093548	-18.627623373974945
3.999833827928927e8	4176.677873453309	-18.650241539086835
4.021953827928927e8	4174.442990785838	-18.67296472334847
4.044073827928927e8	4172.209303973214	-18.695687907610104
4.066193827928927e8	4169.976812375581	-18.71841109187174
4.088313827928927e8	4167.745515353372	-18.741134276133373
4.110433827928927e8	4165.515412267395	-18.76385746039501
4.132553827928927e8	4163.286502478791	-18.786580644656645
4.154673827928927e8	4161.058785349042	-18.809303828918278
4.176793827928927e8	4158.832260239975	-18.83202701317991
4.198913827928927e8	4156.606926513761	-18.854750197441547
4.221033827928927e8	4154.382783532894	-18.87747338170318
4.243153827928927e8	4152.133313497938	-18.90019250372421
4.265273827928927e8	4149.738414961196	-18.922889147901905
4.287393827928927e8	4147.344897771962	-18.945585792079605
4.309513827928927e8	4144.952761133491	-18.968282436257297
4.331633827928927e8	4142.562004249498	-18.990979080434993
4.353753827928927e8	4140.172626324159	-19.01367572461269
4.375873827928927e8	4137.784626562115	-19.03637236879039
4.397993827928927e8	4135.398004168443	-19.05906901296808
4.420113827928927e8	4133.012758348703	-19.081765657145777
4.442233827928927e8	4130.628888308903	-19.104462301323473
4.464353827928927e8	4128.246393255511	-19.12715894550117
4.486473827928927e8	4125.83481130102	-19.14985689296026
4.508593827928927e8	4123.288377279638	-19.17256067388008
4.530713827928927e8	4120.743514898062	-19.195264454799904
4.552833827928927e8	4118.200223186289	-19.21796823571973
4.574953827928927e8	4115.658501174912	-19.240672016639554
4.597073827928927e8	4113.118347895126	-19.263375797559377
4.619193827928927e8	4110.57976237872	-19.286079578479203
4.641313827928927e8	4108.042743658083	-19.308783359399026
4.663433827928927e8	4105.5072907662	-19.331487140318853
4.685553827928927e8	4102.973402736654	-19.35419092123868
4.707673827928927e8	4100.441078603623	-19.376894702158502
4.729793827928927e8	4097.907124181185	-19.39959735739118
4.751913827928927e8	4095.2879005891077	-19.422269381902748
4.774033827928927e8	4092.670351103352	-19.44494140641432
4.796153827928927e8	4090.054474653895	-19.467613430925887
4.818273827928927e8	4087.440270171389	-19.49028545543746
4.840393827928927e8	4084.827736587185	-19.51295747994903
4.862513827928927e8	4082.216872833324	-19.535629504460598
4.884633827928927e8	4079.607677842486	-19.558301528972166
4.906753827928927e8	4077.0001505480836	-19.580973553483737
4.928873827928927e8	4074.394289884176	-19.60364557799531
4.950993827928927e8	4071.7900947855314	-19.626317602506877
4.973113827928927e8	4069.1875641875713	-19.648989627018448
4.995233827928927e8	4066.5781971139204	-19.671622083303912
5.017353827928927e8	4063.962177993252	-19.69421575924108
5.039473827928927e8	4061.347841750837	-19.71680943517824
5.061593827928927e8	4058.735187304097	-19.739403111115408
5.083713827928927e8	4056.1242135711313	-19.76199678705257
5.105833827928927e8	4053.5149194707406	-19.784590462989733
5.127953827928927e8	4050.9073039224218	-19.8071841389269
5.150073827928927e8	4048.301365846359	-19.829777814864066
5.172193827928927e8	4045.6971041634615	-19.852371490801232
5.194313827928927e8	4043.09451779528	-19.87496516673839
5.216433827928927e8	4040.493605664118	-19.897558842675558
5.238553827928927e8	4037.894366692922	-19.920152518612724
5.260673827928927e8	4035.4020784316763	-19.942788928102605
5.282793827928927e8	4033.19468832623	-19.965540421428212
5.304913827928927e8	4030.988505676938	-19.988291914753816
5.327033827928927e8	4028.7835298233153	-20.011043408079424
5.349153827928927e8	4026.5797601052373	-20.033794901405027
5.371273827928927e8	4024.3771958629322	-20.056546394730635
5.393393827928927e8	4022.175836437012	-20.07929788805624
5.415513827928927e8	4019.9756811684274	-20.102049381381846
5.437633827928927e8	4017.7767293984903	-20.124800874707454
5.459753827928927e8	4015.5789804689	-20.14755236803306
5.481873827928927e8	4013.3824337216674	-20.170303861358665
5.503993827928927e8	4011.187088499212	-20.19305535468427
5.526113827928927e8	4008.9929441442787	-20.215806848009873
5.548233827928927e8	4006.7999999999993	-20.23855834133548
