-1.0178692895073913e7	9144.295178952043	-14.126348912807087	4.55271102300299
-9.745692895073913e6	9065.884589463092	-14.138379098129331	4.434870305689656
-9.312692895073913e6	8988.146355844498	-14.150409283451573	4.301264746045523
-8.879692895073913e6	8911.074712772752	-14.162439468773814	4.147015168301293
-8.446692895073913e6	8824.519340473316	-14.173975119239948	4.010130477172833
-8.013692895073913e6	8736.428686673933	-14.185393723203514	3.8637728829484606
-7.580692895073913e6	8649.21739672287	-14.19681232716708	3.69226061229257
-7.147692895073913e6	8551.941158522995	-14.207522661798864	3.5358188780904825
-6.714692895073913e6	8452.577597137692	-14.218024430074841	3.3676559215524677
-6.281692895073913e6	8353.492390939717	-14.228461554503046	3.168842837655216
-5.848692895073913e6	8239.643570647568	-14.237708524460654	2.9988433027005486
-5.415692895073913e6	8127.346383286332	-14.246955494418263	2.79390269288188
-4.982692895073913e6	8005.015643450502	-14.255237717483343	2.5888932377103284
-4.549692895073913e6	7876.665431956022	-14.262853309989058	2.375905732904618
-4.116692895073913e6	7741.050484726216	-14.269901136859659	2.129986992529895
-3.683692895073913e6	7584.7477396527875	-14.27538095262807	1.8879524096904077
-3.250692895073913e6	7417.12587550845	-14.279480180579661	1.6396876051236233
-2.817692895073913e6	7238.280034240846	-14.282118060651005	1.3884826405871944
-2.384692895073913e6	7049.805777866421	-14.283376554899426	1.1386494063163446
-1.951692895073913e6	6855.781413902413	-14.283688570665285	0.8941968595502392
-1.518692895073913e6	6660.853878388581	-14.283662509311835	0.6648879157413601
-1.085692895073913e6	6474.151941709569	-14.284736026786362	0.46393071342805337
-652692.895073913	6302.574544997765	-14.28794736929272	0.27022516914033967
-219692.89507391304	6146.122527823735	-14.293436296425622	0.09100089754061541
213307.10492608696	6022.670266368257	-14.305000689612614	-0.0644582503374621
646307.104926087	5912.443877043393	-14.318845773144657	-0.22140931504701974
1.079307104926087e6	5820.303011232772	-14.33641822076875	-0.3611516862605619
1.512307104926087e6	5737.773221111158	-14.3559130596168	-0.4964420569741245
1.945307104926087e6	5660.502448800779	-14.376517764162623	-0.6354523459208272
2.378307104926087e6	5593.531386536214	-14.39966705840055	-0.7512943300025537
2.811307104926087e6	5527.3526785231525	-14.422816352638478	-0.8823356083122945
3.244307104926087e6	5468.441638451994	-14.448076048661084	-0.9954569035473302
3.677307104926087e6	5412.782614672652	-14.4741982329558	-1.105986021831198
4.110307104926087e6	5357.690100903454	-14.500320417250517	-1.2302676060069142
4.543307104926087e6	5309.112104034698	-14.528703634636667	-1.3267619339581656
4.976307104926087e6	5261.220308629481	-14.557180976748029	-1.431515357622975
5.409307104926087e6	5214.353404318083	-14.585924216025546	-1.5437432250245668
5.842307104926087e6	5171.842489432269	-14.616448921397252	-1.6344415659434732
6.275307104926087e6	5129.678152107343	-14.646973626768958	-1.7341941214736487
6.708307104926087e6	5088.9235643220345	-14.678020342307391	-1.8357501715301507
7.141307104926087e6	5051.128694806957	-14.710367711815278	-1.9234056795113779
7.574307104926087e6	5013.614523585666	-14.742715081323169	-2.0194893645799987
8.007307104926087e6	4977.952608445892	-14.775814767433438	-2.11246807413173
8.440307104926087e6	4944.354118180506	-14.809785553228817	-2.198144035378806
8.873307104926087e6	4910.982399569451	-14.843756339024198	-2.291854066737704
9.306307104926087e6	4879.883099558342	-14.878772027918322	-2.3780416027612565
9.739307104926087e6	4849.985609130324	-14.914303721057466	-2.463141458204632
1.0172307104926087e7	4820.271291109433	-14.949835414196611	-2.556162624896555
1.0605307104926087e7	4793.409984612937	-14.986593326543396	-2.637000908705405
1.1038307104926087e7	4766.9617788894675	-15.023472810903375	-2.7226287724499345
1.1471307104926087e7	4741.127153750215	-15.060578455668264	-2.8126342019756962
1.1904307104926087e7	4717.656225971752	-15.098765051112572	-2.8925225595043083
1.2337307104926087e7	4694.301490911365	-15.136951646556877	-2.9793515533961825
1.2770307104926087e7	4672.38577540414	-15.175595987656175	-3.064945464245296
1.3203307104926087e7	4652.129391630902	-15.214781237153774	-3.1463660034986383
1.3636307104926087e7	4631.960826180734	-15.253966486651372	-3.2350081782378055
1.4069307104926087e7	4613.124038113055	-15.294009615882707	-3.316855704728329
1.4502307104926087e7	4594.791659098131	-15.334348835801798	-3.4002459912694634
1.4935307104926087e7	4576.6592198370845	-15.374734505507272	-3.4902002634775213
1.5368307104926087e7	4560.85597903826	-15.415948383286883	-3.5690347849722204
1.5801307104926087e7	4545.107306956001	-15.457162261066497	-3.654620184968218
1.6234307104926087e7	4529.96548738982	-15.498763706051214	-3.7410571444356977
1.6667307104926087e7	4515.841539089931	-15.541045968995938	-3.821987120615094
1.7100307104926087e7	4501.761627751502	-15.583328231940662	-3.9100481036289145
1.7533307104926087e7	4488.745618230992	-15.625756719329388	-3.9925227020003313
1.7966307104926087e7	4476.210057279136	-15.668248861065035	-4.075771306744295
1.8399307104926087e7	4463.718425711775	-15.710747871661034	-4.166446233652355
1.8832307104926087e7	4452.480177441435	-15.754187517866997	-4.245427679535212
1.9265307104926087e7	4441.270223568765	-15.79762716407296	-4.331186288378459
1.9698307104926087e7	4430.4488691253755	-15.841203575775822	-4.418267168471671
2.0131307104926087e7	4420.348241855166	-15.885044114623614	-4.499515237202287
2.0564307104926087e7	4410.270642200042	-15.928884653471403	-4.587953007494316
2.0997307104926087e7	4400.83548407852	-15.97298703861487	-4.671232875822762
2.1430307104926087e7	4391.718215856824	-16.01721551913777	-4.754910505749327
2.1863307104926087e7	4382.625380632817	-16.06144985800643	-4.846065438707786
2.2296307104926087e7	4374.173234744581	-16.106342560501304	-4.9255491673704155
2.2729307104926087e7	4365.737389307319	-16.15123526299618	-5.011900335387215
2.3162307104926087e7	4357.56373400025	-16.196059236210385	-5.099164490488154
2.3595307104926087e7	4349.830065829221	-16.240764306516695	-5.181112496784733
2.4028307104926087e7	4342.110123131193	-16.28546937682301	-5.2703802805602615
2.4461307104926087e7	4334.5763347870225	-16.330836042847686	-5.354062314026713
2.4894307104926087e7	4327.129255193518	-16.37648569206006	-5.43874061104474
2.5327307104926087e7	4319.726606784691	-16.422142701078066	-5.5296788500259755
2.5760307104926087e7	4312.692818591487	-16.467882712267283	-5.610241818057753
2.6193307104926087e7	4305.670483478724	-16.5136227234565	-5.697868397365779
2.6626307104926087e7	4298.734405353398	-16.559373850306734	-5.7846160044930865
2.7059307104926087e7	4291.896353265784	-16.60513790057926	-5.867842745461383
2.7492307104926087e7	4285.069178555534	-16.650901950851782	-5.958630188301572
2.7925307104926087e7	4278.306425102578	-16.697014084275825	-6.040929002074208
2.8358307104926087e7	4271.5642854990065	-16.743190922440252	-6.127079888813727
2.8791307104926087e7	4264.844989898198	-16.78935886645182	-6.216484494461087
2.9224307104926087e7	4258.173292742352	-16.835499815362162	-6.298525470750853
2.9657307104926087e7	4251.512032435444	-16.88164076427251	-6.387903597585688
3.0090307104926087e7	4244.8033876641475	-16.928017957280638	-6.472774604295018
3.0523307104926087e7	4238.074599037552	-16.97452093984251	-6.5578411707935995
3.0956307104926087e7	4231.35104119859	-17.021016939069114	-6.64926179203448
3.1389307104926087e7	4224.576547551229	-17.067433668267253	-6.730500971120084
3.1822307104926087e7	4217.812900029317	-17.113850397465395	-6.818928207884826
3.2255307104926087e7	4210.953739273752	-17.16043616358263	-6.9057423915295075
3.2688307104926087e7	4204.003568776542	-17.20718459457389	-6.9901360274731745
3.3121307104926087e7	4197.064869521462	-17.25393302556515	-7.082313936663412
3.3554307104926087e7	4189.971994069026	-17.300976260675174	-7.163741320855367
3.398730710492609e7	4182.884537259962	-17.34803120634484	-7.251527473746931
3.442030710492609e7	4175.708646235867	-17.395041799228252	-7.339076785549682
3.485330710492609e7	4168.415945014782	-17.44199526505176	-7.422838847314341
3.528630710492609e7	4161.135980192612	-17.48894873087526	-7.51426373435714
3.571930710492609e7	4153.556360688718	-17.536175320662068	-7.596074010776941
3.615230710492609e7	4145.960671464698	-17.583428081859353	-7.68322706384075
3.658530710492609e7	4138.551447074715	-17.62964317854149	-7.766796909324674
3.701830710492609e7	4131.401451109626	-17.67437661632035	-7.839642325322244
3.745130710492609e7	4124.2638078826685	-17.71911005409921	-7.918214062691238
3.788430710492609e7	4117.1384960525675	-17.76384349187807	-8.003489805270245
3.831730710492609e7	4110.025494314896	-17.80857692965693	-8.096721192380185
3.875030710492609e7	4102.851375749218	-17.853361404145314	-8.194329341352727
3.918330710492609e7	4095.229940354185	-17.89846617079727	-8.266762975602944
3.961630710492609e7	4087.6226624979445	-17.943570937449227	-8.344855825672886
4.004930710492609e7	4080.029515881518	-17.988675704101183	-8.429567716484808
4.048230710492609e7	4072.450474254781	-18.03378047075314	-8.522125474418303
4.091530710492609e7	4064.885511416392	-18.078885237405096	-8.624132174659056
4.134830710492609e7	4056.97392653079	-18.12425342747109	-8.699078685746029
4.178130710492609e7	4049.0530281479155	-18.169639702326194	-8.777281363263237
4.221430710492609e7	4041.147594649048	-18.215025977181302	-8.862122515222746
4.264730710492609e7	4033.25759584031	-18.260412252036406	-8.95483462677777
4.308030710492609e7	4025.3830015867734	-18.30579852689151	-9.057028865042104
4.351330710492609e7	4017.193075401469	-18.35168363625471	-9.138490258538207
4.394630710492609e7	4008.9299715408956	-18.397704543828784	-9.21774804241574
4.437930710492609e7	4000.6838643454316	-18.44372545140286	-9.30383257581119
4.481230710492609e7	3992.454718854061	-18.489746358976937	-9.398031676044303
4.524530710492609e7	3984.242500177651	-18.53576726655101	-9.50203587990237
4.567830710492609e7	3975.837933844932	-18.581934983300798	-9.587917529014055
4.611130710492609e7	3967.3676174286975	-18.628161397617244	-9.668888896173236
4.654430710492609e7	3958.9153465820723	-18.67438781193369	-9.756998892852163
4.697730710492609e7	3950.481082859914	-18.720614226250134	-9.85362901146413
4.741030710492609e7	3942.064787898964	-18.76684064056658	-9.960605155259067
4.784330710492609e7	3933.4936265729466	-18.813373518843704	-10.051588102732811
4.827630710492609e7	3924.8519353283805	-18.860064887487646	-10.135575214728457
4.870930710492609e7	3916.229229452714	-18.906756256131587	-10.227268308270236
4.914230710492609e7	3907.6254672360374	-18.95344762477552	-10.32822563472647
4.957530710492609e7	3899.040607060052	-19.00013899341946	-10.440531809085137
5.000830710492609e7	3890.3599667974636	-19.04705121104482	-10.537552382749073
5.044130710492609e7	3881.632512541746	-19.094091131425927	-10.626456801957179
5.087430710492609e7	3872.9246370546866	-19.14113105180704	-10.724043372959942
5.130730710492609e7	3864.236296414178	-19.18817097218815	-10.83219320019783
5.174030710492609e7	3855.567446796645	-19.23521089256926	-10.953473852050054
5.217330710492609e7	3846.8895523630213	-19.282420240628326	-11.060578370546123
5.260630710492609e7	3838.2121888475613	-19.329742832065627	-11.157845179783388
5.303930710492609e7	3829.5543987138044	-19.37706542350292	-11.265602342183278
5.347230710492609e7	3820.916137810406	-19.424388014940224	-11.386389286302967
5.390530710492609e7	3812.2973620856123	-19.471710606377524	-11.523796153523978
5.433830710492609e7	3803.7496065677974	-19.519304750263075	-11.65184116787366
5.477130710492609e7	3795.270032941748	-19.567157532233022	-11.765298509824115
5.520430710492609e7	3786.809362549702	-19.615010314202973	-11.89329565009619
5.563730710492609e7	3778.3675532512975	-19.662863096172924	-12.040114650371388
5.607030710492609e7	3769.9445630001055	-19.710715878142874	-12.212261331529634
5.650330710492609e7	3762.049238722783	-19.758860278669705	-12.391651856801188
5.693630710492609e7	3755.154162696939	-19.80756946649975	-12.544485099397841
5.736930710492609e7	3748.2717239520975	-19.856278654329795	-12.724965155088611
5.780230710492609e7	3741.401899326697	-19.90498784215984	-12.945352797540078
5.823530710492609e7	3734.5446657015787	-19.953697029989886	-13.228458499514065
5.866830710492609e7	3727.700000000003	-20.00240621781993	-13.624833220969348
