-1.5040007868357468e8	8495.138679256646	-15.63001539684157	4.5728073639811315
-1.4509007868357468e8	8442.711818472844	-15.632046512712076	4.481250947980088
-1.3978007868357468e8	8390.608504582793	-15.634077628582586	4.380459312368394
-1.3447007868357468e8	8338.82674085064	-15.636108744453093	4.268358177337759
-1.2916007868357468e8	8285.637182492197	-15.637993038578117	4.14857100938025
-1.2385007868357468e8	8225.070178339034	-15.639216840097863	4.0452382097076365
-1.1854007868357468e8	8164.9459116496655	-15.640440641617605	3.9299840506930455
-1.1323007868357468e8	8105.261146066872	-15.641664443137351	3.7996947020375096
-1.0792007868357468e8	8041.71833796815	-15.642478274331872	3.6662848849986442
-1.0261007868357468e8	7971.788404807775	-15.642629125931686	3.542580893124306
-9.730007868357468e7	7902.466574958942	-15.642779977531504	3.401384963184273
-9.199007868357468e7	7832.618121717768	-15.642814700088907	3.241080953766523
-8.668007868357468e7	7751.424434812232	-15.641607410010094	3.1024088753951085
-8.137007868357468e7	7671.072409620681	-15.64040011993128	2.9413625797047835
-7.606007868357468e7	7588.328176247008	-15.63884460670475	2.7614705221783375
-7.075007868357468e7	7494.223918800195	-15.635950367520572	2.598236361494691
-6.544007868357468e7	7401.286665608329	-15.633056128336394	2.403057700007464
-6.013007868357468e7	7295.57933966755	-15.628698664499797	2.1996041859589837
-5.482007868357468e7	7178.293725639983	-15.622886913109035	1.9918697049496603
-4.951007868357468e7	7051.974900184608	-15.615731445028413	1.7762947803796147
-4.420007868357468e7	6915.836071012133	-15.607062949663744	1.554853850556385
-3.889007868357468e7	6769.554485753365	-15.5967731496448	1.330622163712625
-3.358007868357468e7	6614.038317123989	-15.58485291114581	1.1076392075159656
-2.8270078683574677e7	6451.320572413767	-15.571534198492554	0.8906697093243838
-2.2960078683574677e7	6284.700541919044	-15.557219274775834	0.6844216777022311
-1.7650078683574677e7	6118.562435274994	-15.542511103597896	0.49096567430377935
-1.2340078683574677e7	5958.711343446753	-15.528360852970948	0.3260266328283592
-7.0300786835746765e6	5813.760520996146	-15.516306633137791	0.18100265936273743
-1.7200786835746765e6	5676.992604736457	-15.505182184550565	0.03636776110084359
3.5899213164253235e6	5576.0103285595405	-15.5005523435405	-0.06870560248141913
8.899921316425323e6	5476.824323896754	-15.495922502530433	-0.1861298139587087
1.4209921316425323e7	5409.0196827340305	-15.497420497812843	-0.27709516770643694
1.9519921316425323e7	5345.168618554998	-15.499568914821168	-0.3723455577508735
2.4829921316425323e7	5287.64384943793	-15.502955643715422	-0.4629881573357793
3.0139921316425323e7	5238.203753221503	-15.5080173149138	-0.5411803536203573
3.544992131642532e7	5189.225927759979	-15.513078986112179	-0.6260091683845398
4.075992131642532e7	5146.725241578048	-15.519564538614071	-0.702004426065958
4.606992131642532e7	5109.083339927193	-15.52712483496287	-0.770770980928645
5.137992131642532e7	5071.716742026469	-15.534685131311669	-0.8446178821452085
5.668992131642532e7	5037.074758638347	-15.542851501285247	-0.9164476495463958
6.199992131642532e7	5007.760210877857	-15.552284245443243	-0.9762115735246825
6.730992131642532e7	4978.616266642543	-15.56171698960124	-1.0397755318197175
7.261992131642532e7	4949.64193306146	-15.571149733759237	-1.1076557789480304
7.792992131642532e7	4924.716921244665	-15.581634851217451	-1.165899750830747
8.323992131642532e7	4901.766322441872	-15.592623599420804	-1.220404370511951
8.854992131642532e7	4878.922680037554	-15.603612347624157	-1.278051867909512
9.385992131642532e7	4856.185495584098	-15.614601095827512	-1.3392269948018507
9.916992131642532e7	4836.3271109503185	-15.62634213492595	-1.3927084357114792
1.0447992131642532e8	4818.203347330036	-15.6385333927029	-1.441885257775533
1.0978992131642532e8	4800.147501119017	-15.650724650479848	-1.4936060848992776
1.1509992131642532e8	4782.159317802013	-15.6629159082568	-1.5481485570181723
1.2040992131642532e8	4764.791617760158	-15.675286475314504	-1.6031746217055627
1.2571992131642532e8	4750.26636346741	-15.688561095189993	-1.6472891298883292
1.3102992131642532e8	4735.785388763201	-15.701835715065478	-1.693439902127833
1.3633992131642532e8	4721.348558663176	-15.715110334940967	-1.7418240559738327
1.4164992131642532e8	4706.95573859449	-15.728384954816452	-1.792668793811585
1.4695992131642532e8	4693.526924183026	-15.741918296045405	-1.8412902530403676
1.5226992131642532e8	4681.907231851438	-15.75595083343821	-1.882424985788801
1.5757992131642532e8	4670.316306213227	-15.769983370831014	-1.9253246440332024
1.6288992131642532e8	4658.754076051125	-15.78401590822382	-1.9701474954275895
1.6819992131642532e8	4647.220470324206	-15.798048445616626	-2.0170740997449905
1.7350992131642532e8	4635.9632112515965	-15.812175007442395	-2.0647497310071845
1.7881992131642532e8	4626.538216166625	-15.826987980609942	-2.1029048198402176
1.8412992131642532e8	4617.132382263118	-15.841800953777488	-2.1425736680163894
1.8943992131642532e8	4607.745670586063	-15.856613926945034	-2.1838813688774645
1.9474992131642532e8	4598.37804225962	-15.871426900112581	-2.2269691926821533
2.0005992131642532e8	4589.029458487008	-15.886239873280127	-2.271997502056562
2.0536992131642532e8	4580.672698781255	-15.901374029166917	-2.3121949297425797
2.1067992131642532e8	4573.0371610488855	-15.916741659636244	-2.34883660782051
2.1598992131642532e8	4565.414351018384	-15.932109290105572	-2.3868721332474414
2.2129992131642532e8	4557.804247473902	-15.9474769205749	-2.426411757548146
2.2660992131642532e8	4550.206829234961	-15.962844551044226	-2.4675793539539255
2.3191992131642532e8	4542.622075156375	-15.978212181513552	-2.510514758117122
2.3722992131642532e8	4535.962221158468	-15.993884688778552	-2.5473410096570324
2.4253992131642532e8	4529.666568712773	-16.009675806650485	-2.5823456362895887
2.4784992131642532e8	4523.3796542674645	-16.025466924522412	-2.6186201739354518
2.5315992131642532e8	4517.10146569473	-16.041258042394343	-2.656260243046674
2.5846992131642532e8	4510.831990883556	-16.057049160266274	-2.695372687907637
2.6377992131642532e8	4504.571217739746	-16.072840278138205	-2.736077405004346
2.690899213164253e8	4498.886370637284	-16.088869549224924	-2.7727412536487255
2.743999213164253e8	4493.659459225701	-16.105088289338237	-2.8060585012887085
2.797099213164253e8	4488.438620562049	-16.121307029451547	-2.8405241596918973
2.850199213164253e8	4483.223847590862	-16.13752576956486	-2.8762202328999638
2.903299213164253e8	4478.01513326489	-16.15374450967817	-2.91323783464058
2.956399213164253e8	4472.812470545052	-16.169963249791486	-2.951678589690668
3.009499213164253e8	4467.744403781773	-16.18623480670644	-2.9902160039839414
3.062599213164253e8	4463.404279277173	-16.20280339590231	-3.0219083291512328
3.115699213164253e8	4459.068370922607	-16.219371985098178	-3.0546380241196966
3.168799213164253e8	4454.736674622363	-16.235940574294048	-3.088475305189971
3.221899213164253e8	4450.409186284691	-16.252509163489915	-3.12349776822182
3.274999213164253e8	4446.0859018218325	-16.269077752685785	-3.159791460391783
3.328099213164253e8	4441.766817149997	-16.285646341881655	-3.197452153873894
3.381199213164253e8	4437.757061287699	-16.302322753461166	-3.231800362417858
3.434299213164253e8	4434.031085472537	-16.319098245898733	-3.2628339433707265
3.487399213164253e8	4430.308238016037	-16.335873738336296	-3.294861537589116
3.540499213164253e8	4426.588516291611	-16.352649230773864	-3.32794893513522
3.593599213164253e8	4422.871917674871	-16.36942472321143	-3.3621686818809198
3.646699213164253e8	4419.15843954363	-16.386200215648998	-3.3976010373733616
3.699799213164253e8	4415.448079277905	-16.40297570808656	-3.43433510872133
3.752899213164253e8	4412.146394752956	-16.41995012753305	-3.4666089655971017
3.805999213164253e8	4409.052783694993	-16.437025464305506	-3.4968986510959317
3.859099213164253e8	4405.961341746692	-16.454100801077963	-3.5281345363332957
3.912199213164253e8	4402.872067387157	-16.471176137850424	-3.5603776482448004
3.965299213164253e8	4399.7849590965825	-16.48825147462288	-3.593695115142883
4.018399213164253e8	4396.700015356205	-16.505326811395342	-3.6281610081814457
4.071499213164253e8	4393.617234648332	-16.5224021481678	-3.6638573330786337
4.124599213164253e8	4390.848711686266	-16.53958882426145	-3.69549990495901
4.177699213164253e8	4388.259362689928	-16.556838834117993	-3.725030741144527
4.230799213164253e8	4385.671540671326	-16.574088843974536	-3.7554602535702104
4.283899213164253e8	4383.085244729978	-16.591338853831076	-3.786844860283255
4.336999213164253e8	4380.500473965925	-16.60858886368762	-3.819246464789282
4.390099213164253e8	4377.917227479766	-16.62583887354416	-3.8527331910662452
4.443199213164253e8	4375.335504372593	-16.6430888834007	-3.8873802459664737
4.496299213164253e8	4372.925476657999	-16.660399742993306	-3.9196961240981274
4.549399213164253e8	4370.730010389455	-16.67778688858941	-3.9484763730456045
4.602499213164253e8	4368.535646374348	-16.69517403418551	-3.9781095323081996
4.655599213164253e8	4366.342384059282	-16.71256117978161	-4.0086477022703315
4.708699213164253e8	4364.150222891139	-16.72994832537771	-4.040147907984581
4.761799213164253e8	4361.959162317076	-16.74733547097381	-4.072672740076875
4.814899213164253e8	4359.769201784533	-16.76472261656991	-4.106291103428762
4.867999213164253e8	4357.610715969072	-16.78212879362068	-4.1403044091606
4.921099213164253e8	4355.725413005245	-16.799705541060465	-4.168351980147877
4.974199213164253e8	4353.840925710256	-16.81728228850025	-4.19720897431891
5.027299213164253e8	4351.957253731208	-16.83485903594004	-4.226923501706834
5.080399213164253e8	4350.074396715358	-16.852435783379825	-4.257548093372251
5.133499213164253e8	4348.192354310115	-16.87001253081961	-4.2891402602550315
5.186599213164253e8	4346.311126163049	-16.887589278259398	-4.321763143219768
5.239699213164253e8	4344.43071192186	-16.905166025699188	-4.355486272756327
5.292799213164253e8	4342.739443431749	-16.922822458067728	-4.385317845670978
5.345899213164253e8	4341.143890094483	-16.940519124092692	-4.413437807925888
5.398999213164253e8	4339.548922974846	-16.958215790117652	-4.442371437929683
5.452099213164253e8	4337.954541857473	-16.975912456142613	-4.4721672303021975
5.505199213164253e8	4336.360746527046	-16.993609122167577	-4.502878148599301
5.558299213164253e8	4334.767536768359	-17.011305788192537	-4.534562191864557
5.611399213164253e8	4333.174912366254	-17.029002454217498	-4.567283053908883
5.664499213164253e8	4331.611373626613	-17.046711875676642	-4.600112377276008
5.717599213164253e8	4330.228778956722	-17.064502053516353	-4.627540678487731
5.770699213164253e8	4328.846625593276	-17.082292231356067	-4.655742559243184
5.823799213164253e8	4327.464913395409	-17.100082409195778	-4.68476292470522
5.876899213164253e8	4326.083642222316	-17.11787258703549	-4.714650707232836
5.929999213164253e8	4324.702811933232	-17.1356627648752	-4.745459362817111
5.983099213164253e8	4323.322422387427	-17.153452942714914	-4.777247446451259
6.036199213164253e8	4321.942473444213	-17.171243120554625	-4.810079281991629
6.089299213164253e8	4320.664330056809	-17.189073753579937	-4.840148931022493
6.142399213164253e8	4319.47488632131	-17.206939645762198	-4.867678380580806
6.195499213164253e8	4318.285770029993	-17.22480553794446	-4.895987207166448
6.248599213164253e8	4317.096981092724	-17.24267143012672	-4.925120829087237
6.301699213164253e8	4315.9085194193685	-17.260537322308977	-4.955128754247354
6.354799213164253e8	4314.72038491985	-17.278403214491238	-4.98606508636581
6.407899213164253e8	4313.532577504085	-17.2962691066735	-5.017989112028909
6.460999213164253e8	4312.345097082044	-17.31413499885576	-5.050965984578484
6.514099213164253e8	4311.272705066447	-17.332093385652144	-5.078735204881073
6.567199213164253e8	4310.216553319768	-17.350064649727287	-5.106393767291398
6.620299213164253e8	4309.160660303296	-17.368035913802434	-5.1348391393847646
6.673399213164253e8	4308.105025953663	-17.38600717787758	-5.164117400306527
6.726499213164253e8	4307.049650207497	-17.403978441952724	-5.194278799531345
6.779599213164253e8	4305.994533001436	-17.421949706027867	-5.225378275798753
6.832699213164253e8	4304.939674272162	-17.43992097010301	-5.25747605936481
6.885799213164253e8	4303.9063954470685	-17.45790211807973	-5.289215587923309
6.938899213164253e8	4302.956634367879	-17.475921875808403	-5.316273044251961
6.991999213164253e8	4302.007082876451	-17.49394163353707	-5.3440830148301055
7.045099213164253e8	4301.057740926535	-17.511961391265743	-5.37268855744574
7.098199213164253e8	4300.108608471881	-17.529981148994413	-5.402136534560353
7.151299213164253e8	4299.159685466276	-17.548000906723086	-5.432478075199379
7.204399213164253e8	4298.210971863483	-17.566020664451756	-5.46376910913481
7.257499213164253e8	4297.262467617308	-17.584040422180426	-5.4960709873775535
7.310599213164253e8	4296.354376003627	-17.60206382282838	-5.525881306031484
7.363699213164253e8	4295.4847345801845	-17.620090690852994	-5.5531161052511635
7.416799213164253e8	4294.615269184175	-17.638117558877603	-5.581113455125382
7.469899213164253e8	4293.745979779956	-17.656144426902216	-5.60991729024487
7.522999213164253e8	4292.876866331909	-17.674171294926825	-5.639575455070278
7.576099213164253e8	4292.007928804427	-17.692198162951435	-5.670140182087032
7.629199213164253e8	4291.139167161887	-17.710225030976048	-5.7016686453661904
7.682299213164253e8	4290.270581368693	-17.72825189900066	-5.734223604267374
7.735399213164253e8	4289.449897400311	-17.746355598725124	-5.762280199339278
7.788499213164253e8	4288.641033518243	-17.764478077745594	-5.789744333521986
7.841599213164253e8	4287.832322164058	-17.782600556766067	-5.817984098528535
7.894699213164253e8	4287.023763309017	-17.80072303578654	-5.847044580852146
7.947799213164253e8	4286.2153569243565	-17.818845514807006	-5.876974916203555
8.000899213164253e8	4285.407102981316	-17.83696799382748	-5.907828789394554
8.053999213164253e8	4284.599001451165	-17.855090472847948	-5.939665013824285
8.107099213164253e8	4283.794138454199	-17.873216205055495	-5.9716348889654425
8.160199213164253e8	4283.009221652723	-17.891362807535447	-5.998625729684832
8.213299213164253e8	4282.224448671055	-17.909509410015403	-6.026365332316167
8.266399213164253e8	4281.439819482814	-17.927656012495355	-6.054896428415585
8.319499213164253e8	4280.65533406168	-17.945802614975307	-6.084265515266812
8.372599213164253e8	4279.870992381282	-17.963949217455262	-6.114523311781066
8.425699213164253e8	4279.086794415306	-17.982095819935218	-6.145725285548283
8.478799213164253e8	4278.302740137411	-18.00024242241517	-6.177932264795482
8.531899213164253e8	4277.52366179474	-18.01837886275273	-6.207899131256418
8.584999213164253e8	4276.749829652562	-18.036504566876754	-6.235195366072709
8.638099213164253e8	4275.976137501703	-18.054630271000775	-6.2632576443224695
8.691199213164253e8	4275.202585316841	-18.072755975124796	-6.29213020717222
8.744299213164253e8	4274.429173072651	-18.090881679248817	-6.321861242619069
8.797399213164253e8	4273.655900743827	-18.10900738337284	-6.352503369388616
8.850499213164253e8	4272.882768305034	-18.12713308749686	-6.384114197344065
8.903599213164253e8	4272.109775730988	-18.145258791620883	-6.416756979398931
8.956699213164253e8	4271.340562335418	-18.16348026450726	-6.444616951700407
9.009799213164253e8	4270.572089788517	-18.181717590959455	-6.472276415692307
9.062899213164253e8	4269.803755500329	-18.19995491741165	-6.500722741396251
9.115999213164253e8	4269.0355594459825	-18.218192243863847	-6.5300020125951885
9.169099213164253e8	4268.267501600605	-18.23642957031604	-6.560164483969414
9.222199213164253e8	4267.499581939332	-18.25466689676823	-6.591265100121854
9.275299213164253e8	4266.731800437309	-18.27290422322043	-6.6233640979369905
9.328399213164253e8	4266.035344785404	-18.291164105262336	-6.654498730137109
9.381499213164253e8	4265.499487174593	-18.309474843157172	-6.6819257405005565
9.434599213164253e8	4264.963696872978	-18.327785581052005	-6.710126256564457
9.487699213164253e8	4264.42797387209	-18.34609631894684	-6.739145176968758
9.540799213164253e8	4263.892318163483	-18.364407056841678	-6.76903142675798
9.593899213164253e8	4263.3567297387035	-18.382717794736514	-6.7998384536933285
9.646999213164253e8	4262.8212085893	-18.401028532631347	-6.8316248034749085
9.700099213164253e8	4262.285754706823	-18.419339270526184	-6.864454789425308
9.753199213164253e8	4261.364127984364	-18.436607783330604	-6.889847612818285
9.806299213164253e8	4260.369060580098	-18.453677533346443	-6.914236655284947
9.859399213164253e8	4259.374225533143	-18.470747283362282	-6.93923542478052
9.912499213164253e8	4258.379622789248	-18.48781703337812	-6.964875191121593
9.965599213164253e8	4257.385252294176	-18.50488678339396	-6.99118969307986
1.0018699213164253e9	4256.391113993687	-18.5219565334098	-7.018215405344104
1.0071799213164253e9	4255.397207833555	-18.539026283425642	-7.04599184256949
1.0124899213164253e9	4254.403533759586	-18.556096033441477	-7.074561906873996
1.0177999213164253e9	4253.41009171758	-18.573165783457316	-7.103972286451816
1.0231099213164253e9	4252.416881653347	-18.590235533473155	-7.134273914601134
1.0284199213164253e9	4251.423903512734	-18.607305283488998	-7.1655225004984855
1.0337299213164253e9	4250.431157241576	-18.624375033504837	-7.197779145611995
1.0390399213164253e9	4249.4386427857235	-18.641444783520676	-7.231111062889103
1.0443499213164253e9	4248.446360091059	-18.658514533536515	-7.265592419992918
1.0496599213164253e9	4247.45430910345	-18.675584283552354	-7.301305333183107
1.0549699213164253e9	4246.46836752332	-18.6926485173508	-7.336463523606998
1.0602799213164253e9	4245.519158943267	-18.709678484575463	-7.360890837242713
1.0655899213164253e9	4244.570162538803	-18.72670845180013	-7.385929817067136
1.0708999213164253e9	4243.6213782624945	-18.743738419024794	-7.4116118841105845
1.0762099213164253e9	4242.6728060669375	-18.76076838624946	-7.4379709445000435
1.0815199213164253e9	4241.724445904721	-18.777798353474125	-7.465043658634033
1.0868299213164253e9	4240.7762977284465	-18.794828320698787	-7.492869747819077
1.0921399213164253e9	4239.828361490723	-18.811858287923457	-7.521492344803628
1.0974499213164253e9	4238.8806371441915	-18.828888255148115	-7.550958395973453
1.1027599213164253e9	4237.9331246414795	-18.845918222372784	-7.581319124623251
1.1080699213164253e9	4236.985823935235	-18.86294818959745	-7.612630566783925
1.1133799213164253e9	4236.038734978108	-18.879978156822116	-7.644954193683666
1.1186899213164253e9	4235.091857722779	-18.897008124046778	-7.678357638214785
1.1239999213164253e9	4234.145192121922	-18.914038091271443	-7.712915546983102
1.1293099213164253e9	4233.198738128225	-18.931068058496113	-7.748710584926712
1.1346199213164253e9	4232.25249569438	-18.948098025720775	-7.7858346265088505
1.1399299213164253e9	4231.215510988951	-18.965330555060365	-7.817085599977866
1.1452399213164253e9	4230.095421239049	-18.982748781864153	-7.842477654673497
1.1505499213164253e9	4228.975627999935	-19.000167008667937	-7.868531301465619
1.1558599213164253e9	4227.85613119311	-19.01758523547172	-7.895281940436361
1.1611699213164253e9	4226.736930740117	-19.035003462275505	-7.922767891205429
1.1664799213164253e9	4225.618026562498	-19.052421689079292	-7.951030723069861
1.1717899213164253e9	4224.499418581814	-19.069839915883076	-7.980115633169786
1.1770999213164253e9	4223.381106719671	-19.08725814268686	-8.010071881315783
1.1824099213164253e9	4222.2630908976735	-19.104676369490647	-8.040953291981111
1.1877199213164253e9	4221.1453710374535	-19.12209459629443	-8.072818836306148
1.1930299213164253e9	4220.027947060656	-19.139512823098215	-8.10573330992409
1.1983399213164253e9	4218.9108188889695	-19.156931049902	-8.139768126185645
1.2036499213164253e9	4217.793986444073	-19.174349276705783	-8.175002249192083
1.2089599213164253e9	4216.6774496477055	-19.19176750350957	-8.21152329729055
1.2142699213164253e9	4215.561208421571	-19.209185730313354	-8.249428855825062
1.2195799213164253e9	4214.370207667148	-19.226477132683506	-8.281696283887165
1.2248899213164253e9	4213.103645709376	-19.243640248173996	-8.307635132480971
1.2301999213164253e9	4211.837464396669	-19.260803363664486	-8.334264762784619
1.2355099213164253e9	4210.571663614616	-19.277966479154976	-8.361622976435399
1.2408199213164253e9	4209.30624324887	-19.295129594645466	-8.389750765497663
1.2461299213164253e9	4208.0412031850865	-19.312292710135956	-8.418692681907375
1.2514399213164253e9	4206.776543308988	-19.32945582562645	-8.44849726199108
1.2567499213164253e9	4205.5122635063	-19.346618941116944	-8.479217516215058
1.2620599213164253e9	4204.248363662812	-19.363782056607434	-8.51091149657468
1.2673699213164253e9	4202.984843664319	-19.380945172097924	-8.543642956878973
1.2726799213164253e9	4201.721703396678	-19.398108287588414	-8.577482124801083
1.2779899213164253e9	4200.458942745754	-19.415271403078904	-8.612506609194735
1.2832999213164253e9	4199.196561597466	-19.432434518569394	-8.648802472151527
1.2886099213164253e9	4197.934559837768	-19.449597634059888	-8.686465503050313
1.2939199213164253e9	4196.672937352632	-19.46676074955038	-8.725602742063202
1.2992299213164253e9	4195.326068818667	-19.48393118643717	-8.759363241968877
1.3045399213164253e9	4193.881737919129	-19.50110999668898	-8.78610963207799
1.3098499213164253e9	4192.437904261453	-19.51828880694079	-8.813591097197483
1.3151599213164253e9	4190.99456767446	-19.5354676171926	-8.841849186262829
1.3204699213164253e9	4189.551727987002	-19.552646427444415	-8.870929073649155
1.3257799213164253e9	4188.109385028039	-19.569825237696225	-8.900879993633206
1.3310899213164253e9	4186.66753862654	-19.587004047948035	-8.931755741951415
1.3363999213164253e9	4185.226188611568	-19.60418285819985	-8.963615257285847
1.3417099213164253e9	4183.785334812211	-19.62136166845166	-8.996523298467324
1.3470199213164253e9	4182.344977057664	-19.63854047870347	-9.030551236948208
1.3523299213164253e9	4180.905115177133	-19.65571928895528	-9.065777988921804
1.3576399213164253e9	4179.465748999907	-19.672898099207092	-9.10229111770011
1.3629499213164253e9	4178.026878355332	-19.690076909458902	-9.140188145088253
1.3682599213164253e9	4176.5885030728095	-19.707255719710716	-9.179578121183651
1.3735699213164253e9	4175.1506229818015	-19.724434529962522	-9.220583516227643
1.3788799213164253e9	4173.587968987288	-19.741679094651573	-9.253568985627625
1.3841899213164253e9	4171.948160191525	-19.758964481644544	-9.281451493141677
1.3894999213164253e9	4170.308995679027	-19.776249868637517	-9.310133788264343
1.3948099213164253e9	4168.670475196655	-19.79353525563049	-9.339663111944951
1.4001199213164253e9	4167.0325984913625	-19.81082064262347	-9.37009101840383
1.4054299213164253e9	4165.395365310228	-19.82810602961644	-9.40147391674908
1.4107399213164253e9	4163.758775400383	-19.845391416609413	-9.433873700369729
1.4160499213164253e9	4162.122828509105	-19.86267680360239	-9.467358481749141
1.4213599213164253e9	4160.487524383745	-19.879962190595364	-9.502003454624177
1.4266699213164253e9	4158.852862771752	-19.897247577588335	-9.53789191092725
1.4319799213164253e9	4157.218843420704	-19.91453296458131	-9.575116447102884
1.4372899213164253e9	4155.585466078225	-19.931818351574286	-9.613780403759586
1.4425999213164253e9	4153.952730492092	-19.949103738567256	-9.653999595004437
1.4479099213164253e9	4152.320636410152	-19.966389125560234	-9.695904400350962
1.4532199213164253e9	4150.6891835803535	-19.983674512553208	-9.73964231442871
1.4585299213164253e9	4148.84513245711	-20.00075820392403	-9.7691007754957
1.4638399213164253e9	4146.989572892958	-20.017830229444968	-9.798491113933558
1.4691499213164253e9	4145.134843222713	-20.034902254965903	-9.828771468235212
1.4744599213164253e9	4143.2809430752	-20.051974280486842	-9.859997430234719
1.4797699213164253e9	4141.427872079433	-20.06904630600778	-9.892229968676435
1.4850799213164253e9	4139.5756298645665	-20.086118331528716	-9.925536145797127
1.4903899213164253e9	4137.724216059931	-20.103190357049655	-9.95998995740844
1.4956999213164253e9	4135.8736302950165	-20.120262382570594	-9.995673322936225
1.5010099213164253e9	4134.023872199497	-20.137334408091533	-10.032677258730834
1.5063199213164253e9	4132.174941403195	-20.154406433612472	-10.071103276930316
1.5116299213164253e9	4130.326837536101	-20.17147845913341	-10.111065063995435
1.5169399213164253e9	4128.479560228374	-20.18855048465435	-10.152690508818328
1.5222499213164253e9	4126.63310911033	-20.205622510175285	-10.196124171579251
1.5275599213164253e9	4124.787483812473	-20.22269453569622	-10.241530313534728
1.5328699213164253e9	4122.933305307695	-20.23976881315125	-10.288515779751917
1.5381799213164253e9	4120.787680790564	-20.256913304735363	-10.318975881038268
1.5434899213164253e9	4118.643172882459	-20.27405779631948	-10.350393028125337
1.5487999213164253e9	4116.499781002296	-20.291202287903594	-10.382829317426827
1.5541099213164253e9	4114.357504569275	-20.308346779487707	-10.41635309212051
1.5594199213164253e9	4112.216343002902	-20.325491271071822	-10.451039809187446
1.5647299213164253e9	4110.07629572298	-20.342635762655934	-10.486973062304711
1.5700399213164253e9	4107.937362149636	-20.35978025424005	-10.524245795467623
1.5753499213164253e9	4105.799541703277	-20.376924745824162	-10.562961751676452
1.5806599213164253e9	4103.662833804617	-20.394069237408278	-10.603237213532124
1.5859699213164253e9	4101.527237874664	-20.41121372899239	-10.645203109298887
1.5912799213164253e9	4099.392753334753	-20.428358220576506	-10.68900758056868
1.5965899213164253e9	4097.259379606496	-20.445502712160618	-10.734819138522607
1.6018999213164253e9	4095.1271161118043	-20.462647203744734	-10.782830578513948
1.6072099213164253e9	4092.995962272914	-20.479791695328846	-10.83326388268999
1.6125199213164253e9	4090.8659175123394	-20.49693618691296	-10.886376425892747
1.6178299213164253e9	4088.5241739108496	-20.51386076055162	-10.923263967923914
1.6231399213164253e9	4086.1396404342186	-20.530739701728198	-10.957471810045073
1.6284499213164253e9	4083.7564976794297	-20.547618642904776	-10.99289140232884
1.6337599213164253e9	4081.374744835385	-20.564497584081355	-11.02961175552513
1.6390699213164253e9	4078.9943810914606	-20.58137652525793	-11.067732063174475
1.6443799213164253e9	4076.6154056374817	-20.59825546643451	-11.107363316605236
1.6496899213164253e9	4074.2378176637762	-20.615134407611084	-11.148630253371673
1.6549999213164253e9	4071.861616361116	-20.632013348787662	-11.191673725317239
1.6603099213164253e9	4069.486800920765	-20.648892289964238	-11.236653599610564
1.6656199213164253e9	4067.113370534452	-20.665771231140816	-11.28375234351231
1.6709299213164253e9	4064.7413243943856	-20.682650172317395	-11.333179495854239
1.6762399213164253e9	4062.3706616932295	-20.69952911349397	-11.385177302191194
1.6815499213164253e9	4060.0013816241194	-20.71640805467055	-11.440027897080963
1.6868599213164253e9	4057.6334833806754	-20.733286995847124	-11.498062572973343
1.6921699213164253e9	4055.2669661569885	-20.750165937023702	-11.559673908273913
1.6974799213164253e9	4052.9018291475973	-20.76704487820028	-11.625331882938012
1.7027899213164253e9	4050.5817381217785	-20.78390694058219	-11.681522227584612
1.7080999213164253e9	4048.316460938037	-20.800748317108912	-11.723031941645688
1.7134099213164253e9	4046.052450604595	-20.817589693635625	-11.766339614131605
1.7187199213164253e9	4043.789706412985	-20.834431070162342	-11.811608078766255
1.7240299213164253e9	4041.5282276551056	-20.85127244668906	-11.8590233435925
1.7293399213164253e9	4039.2680136232743	-20.868113823215772	-11.908799208456456
1.7346499213164253e9	4037.0090636102022	-20.88495519974249	-11.961183093100342
1.7399599213164253e9	4034.751376908977	-20.901796576269206	-12.016463477918398
1.7452699213164253e9	4032.4949528131015	-20.918637952795926	-12.074979524385702
1.7505799213164253e9	4030.2397906164742	-20.93547932932264	-12.137133689313231
1.7558899213164253e9	4027.985889613374	-20.952320705849356	-12.203408525560443
1.7611999213164253e9	4025.7332490984754	-20.969162082376073	-12.274389455787269
1.7665099213164253e9	4023.4818683668595	-20.986003458902786	-12.350796263901048
1.7718199213164253e9	4021.2317467140037	-21.002844835429507	-12.433527643175793
1.7771299213164253e9	4018.9828834357572	-21.01968621195622	-12.523725889312214
1.7824399213164253e9	4016.7352778283916	-21.036527588482937	-12.622873766802655
1.7877499213164253e9	4014.4889291885434	-21.053368965009653	-12.732944891294009
1.7930599213164253e9	4012.243836813271	-21.07021034153637	-12.856647564977317
1.7983699213164253e9	4009.9999999999977	-21.087051718063087	-12.997841776920882
