-6.220473008660436e7	8530.195053424435	-14.937422636247637	4.613401493448904
-5.993473008660436e7	8470.808413346567	-14.941969080951338	4.51901488205017
-5.766473008660436e7	8411.83521903373	-14.946515525655041	4.414782015082301
-5.539473008660436e7	8353.272592104504	-14.951061970358742	4.298406754461847
-5.312473008660436e7	8294.70700575109	-14.955577033197667	4.168353905850164
-5.085473008660436e7	8227.44347173079	-14.95939073190472	4.061254264151522
-4.858473008660436e7	8160.725391938804	-14.963204430611775	3.941293059008439
-4.631473008660436e7	8094.5483431713765	-14.967018129318829	3.804954173233355
-4.404473008660436e7	8024.341096162438	-14.97045093697845	3.6665052062228978
-4.177473008660436e7	7948.250573238905	-14.9733371548491	3.5377178498694644
-3.950473008660436e7	7872.88157593466	-14.976223372719751	3.3898577442998663
-3.723473008660436e7	7795.579512463426	-14.97886599625684	3.2275327024468554
-3.496473008660436e7	7709.224780270887	-14.980596254354536	3.0832909352876814
-3.2694730086604357e7	7623.82663376388	-14.982326512452236	2.914678945056854
-3.0424730086604357e7	7533.972081577386	-14.983518257597066	2.7358258339628114
-2.8154730086604357e7	7436.2719576671125	-14.98381094267623	2.566062071463536
-2.5884730086604357e7	7339.838803438784	-14.984103627755395	2.3614643887695963
-2.3614730086604357e7	7228.063701019192	-14.982888398568587	2.1581247394155065
-2.1344730086604357e7	7107.656480947115	-14.980600447635803	1.9481727557438309
-1.9074730086604357e7	6979.498623957762	-14.977200739130716	1.7304029240382166
-1.6804730086604357e7	6843.133796534272	-14.972555264733213	1.5065043033013634
-1.4534730086604357e7	6698.834833313495	-14.966602362532878	1.2791497387287882
-1.2264730086604357e7	6546.740825494147	-14.959373843347981	1.0515809542039944
-9.994730086604357e6	6388.598580276961	-14.950990678608722	0.8286820335531222
-7.724730086604357e6	6227.457327419414	-14.94180775143504	0.6150650496854506
-5.454730086604357e6	6066.7835449037575	-14.932339735551768	0.4144439607089299
-3.1847300866043568e6	5910.322967468698	-14.923123848008052	0.22684169949785601
-914730.0866043568	5764.482604413018	-14.91534521391448	0.0687495986736154
1.3552699133956432e6	5635.756035936081	-14.910312165683507	-0.07238142878929077
3.6252699133956432e6	5516.986766504998	-14.906748120917605	-0.20836815684181975
5.895269913395643e6	5430.477709803798	-14.909518784047219	-0.3184048741621625
8.165269913395643e6	5351.917285376551	-14.913710346092548	-0.4303824706507475
1.0435269913395643e7	5288.266104261988	-14.920973432238297	-0.5305888393207985
1.2705269913395643e7	5233.991370030348	-14.930177780620635	-0.6240577615284233
1.4975269913395643e7	5181.101857440791	-14.939583394665666	-0.7246397618380472
1.7245269913395643e7	5138.559026176462	-14.951395421308717	-0.8032186317396643
1.9515269913395643e7	5096.365520700698	-14.96320744795177	-0.8885027767543489
2.1785269913395643e7	5056.322338147869	-14.975497133786755	-0.9756512503248516
2.4055269913395643e7	5023.214780778869	-14.98955244810033	-1.0467230769241338
2.6325269913395643e7	4990.324003567775	-15.003607762413905	-1.1232352263795773
2.8595269913395643e7	4957.828440175981	-15.017714442069694	-1.2053735205903684
3.0865269913395643e7	4931.4866074516785	-15.033528233268466	-1.2691636121203551
3.3135269913395643e7	4905.284733614548	-15.04934202446724	-1.3373018208167573
3.540526991339564e7	4879.222075037891	-15.065155815666012	-1.4104245504002233
3.767526991339564e7	4855.925016134397	-15.081740465778333	-1.477104084439835
3.994526991339564e7	4834.926304887694	-15.098969623134455	-1.5377060304996684
4.221526991339564e7	4814.018399382964	-15.116198780490578	-1.602218853068007
4.448526991339564e7	4793.200906944551	-15.1334279378467	-1.6711823555702008
4.675526991339564e7	4775.210300319157	-15.151574041464347	-1.7295668157857604
4.902526991339564e7	4758.085546876593	-15.169988521444258	-1.7867365127221584
5.129526991339564e7	4741.022205845636	-15.18840300142417	-1.8473738281742733
5.356526991339564e7	4724.020056990462	-15.206817481404082	-1.9119267356270713
5.583526991339564e7	4709.22059493805	-15.225949818340602	-1.967074065757484
5.810526991339564e7	4695.1525535271085	-15.2453124241276	-2.020770686811559
6.037526991339564e7	4681.126538134084	-15.264675029914596	-2.077515062877211
6.264526991339564e7	4667.142423213004	-15.284037635701592	-2.137674097014865
6.491526991339564e7	4654.362516545863	-15.303827592522088	-2.1931992239009777
6.718526991339564e7	4642.701833492023	-15.324017147664286	-2.2436447216278097
6.945526991339564e7	4631.070364219628	-15.344206702806481	-2.2967707888306954
7.172526991339564e7	4619.4680355387	-15.364396257948677	-2.352878371746002
7.399526991339564e7	4608.069564725499	-15.384651535568933	-2.4109063279599
7.626526991339564e7	4598.348900472547	-15.405528516815691	-2.458376734119803
7.853526991339564e7	4588.648741837445	-15.426405498062445	-2.5082133721701876
8.080526991339564e7	4578.969045563861	-15.447282479309203	-2.5606645710990437
8.307526991339564e7	4569.309768486693	-15.468159460555958	-2.6160199274053446
8.534526991339564e7	4560.289352733815	-15.489300131817531	-2.6671738742008633
8.761526991339564e7	4551.852013271022	-15.510682249723782	-2.713942919462805
8.988526991339564e7	4543.430284374082	-15.532064367630035	-2.7630070878692194
9.215526991339564e7	4535.024137160686	-15.553446485536288	-2.814603316419376
9.442526991339564e7	4526.633542801973	-15.574828603442539	-2.869007238869125
9.669526991339564e7	4519.470035333206	-15.596630173027604	-2.9154704538714182
9.896526991339564e7	4512.588802399332	-15.618525676580974	-2.9616125992228386
1.0123526991339564e8	4505.718046659969	-15.640421180134346	-3.0099872709317816
1.0350526991339564e8	4498.857752162819	-15.66231668368772	-3.06082153756951
1.0577526991339564e8	4492.007902979845	-15.68421218724109	-3.1143789750097537
1.0804526991339564e8	4485.762293462103	-15.706518164326155	-3.157909002830263
1.1031526991339564e8	4479.526053243097	-15.728824615902306	-3.203404777641679
1.1258526991339564e8	4473.298482830817	-15.751131067478457	-3.251069487258075
1.1485526991339564e8	4467.0795701722245	-15.77343751905461	-3.3011203300821013
1.1712526991339564e8	4460.984371604215	-15.795781179620874	-3.3523849170652262
1.1939526991339564e8	4455.758716975893	-15.818403680183014	-3.395227810029774
1.2166526991339564e8	4450.539183746808	-15.841026180745157	-3.4399886952900034
1.2393526991339564e8	4445.325764746259	-15.863648681307296	-3.4868473835476608
1.2620526991339564e8	4440.118452811967	-15.886271181869438	-3.5360102201275225
1.2847526991339564e8	4435.009848450849	-15.908948109126705	-3.5859632590086363
1.3074526991339564e8	4430.428994502549	-15.93193207956972	-3.628187113829416
1.3301526991339564e8	4425.852872048341	-15.954916050012734	-3.6722727217298856
1.3528526991339564e8	4421.281476201129	-15.977900020455749	-3.7183918645911858
1.3755526991339564e8	4416.714802078889	-16.000883990898764	-3.7667412542376595
1.3982526991339564e8	4412.23381381442	-16.023905582463275	-3.815959122877642
1.4209526991339564e8	4408.246455255317	-16.047154635941254	-3.857669705672278
1.4436526991339564e8	4404.262700092799	-16.070403689419233	-3.901196073318056
1.4663526991339564e8	4400.282545070469	-16.093652742897213	-3.946703542787925
1.4890526991339564e8	4396.305986934855	-16.11690179637519	-3.994381089061823
1.5117526991339564e8	4392.376397412275	-16.14016615598393	-4.043441401459754
1.5344526991339564e8	4388.875979873694	-16.16358084838219	-4.084701927610757
1.5571526991339564e8	4385.37835192367	-16.186995540780448	-4.127738425067807
1.5798526991339564e8	4381.8835113391	-16.210410233178706	-4.172710683180269
1.6025526991339564e8	4378.391455898628	-16.233824925576965	-4.219801076379407
1.6252526991339564e8	4374.902183382723	-16.25723961797522	-4.269219031855075
1.6479526991339564e8	4371.802106964136	-16.280749306495114	-4.310039771878475
1.6706526991339564e8	4368.704469157725	-16.304259054518994	-4.352590764481635
1.6933526991339564e8	4365.609026180755	-16.32776880254287	-4.397033121520191
1.7160526991339564e8	4362.515776478073	-16.351278550566747	-4.443542835959328
1.7387526991339564e8	4359.424718495647	-16.37478829859062	-4.4923216689359915
1.7614526991339564e8	4356.628468905149	-16.398506175725696	-4.53416821438768
1.7841526991339564e8	4353.880617453577	-16.422257221032535	-4.576280680080492
1.8068526991339564e8	4351.134499151301	-16.446008266339376	-4.6202448719660785
1.8295526991339564e8	4348.390112905182	-16.469759311646214	-4.666231154235041
1.8522526991339564e8	4345.647457622762	-16.493510356953056	-4.714434540541106
1.8749526991339564e8	4343.070238543986	-16.517387128889688	-4.757273978576859
1.8976526991339564e8	4340.555875995182	-16.541311027591025	-4.798987855439513
1.9203526991339564e8	4338.042969103024	-16.565234926292362	-4.842517810255582
1.9430526991339564e8	4335.531517024764	-16.5891588249937	-4.888029200939307
1.9657526991339564e8	4333.021518918174	-16.613082723695037	-4.935711051409337
1.9884526991339564e8	4330.635583893396	-16.637078917832543	-4.979524709545167
2.0111526991339564e8	4328.3351213508695	-16.66112476125148	-5.020872529762687
2.0338526991339564e8	4326.035880829409	-16.685170604670418	-5.064004007629253
2.0565526991339564e8	4323.737861679867	-16.70921644808935	-5.109079994434242
2.0792526991339564e8	4321.441063253444	-16.73326229150829	-5.156284131615539
2.1019526991339564e8	4319.214188329807	-16.757344413037476	-5.201059761826586
2.1246526991339564e8	4317.0692565513455	-16.781469219085455	-5.2420869980885705
2.1473526991339564e8	4314.92538995097	-16.805594025133434	-5.28486974914534
2.1700526991339564e8	4312.782587999726	-16.829718831181413	-5.329564990301738
2.1927526991339564e8	4310.640850168891	-16.853843637229392	-5.376351740996038
2.2154526991339564e8	4308.536366934242	-16.8779811140103	-5.422114039473725
2.2381526991339564e8	4306.507369953774	-16.902144671765974	-5.462936378854489
2.2608526991339564e8	4304.479328478477	-16.92630822952165	-5.505496368121798
2.2835526991339564e8	4302.452242058365	-16.950471787277323	-5.549948539618443
2.3062526991339564e8	4300.426110243687	-16.974635345032993	-5.596469003124654
2.3289526991339564e8	4298.408061340534	-16.998841003562642	-5.643289022883858
2.3516526991339564e8	4296.41998717576	-17.023218172907452	-5.684020684545433
2.3743526991339564e8	4294.432832523239	-17.04759534225226	-5.726482120328703
2.3970526991339564e8	4292.446596957685	-17.071972511597075	-5.770826789925654
2.4197526991339564e8	4290.461280054014	-17.096349680941884	-5.817229526413652
2.4424526991339564e8	4288.480781045459	-17.12072284723565	-5.864771953415187
2.4651526991339564e8	4286.531958625214	-17.145064421081106	-5.905454773615847
2.4878526991339564e8	4284.584021812024	-17.169405994926557	-5.947863133566243
2.5105526991339564e8	4282.636970203438	-17.19374756877201	-5.9921499173504404
2.5332526991339564e8	4280.690803397191	-17.218089142617465	-6.038489273157548
2.5559526991339564e8	4278.745394947422	-17.242429101610174	-6.086802529424144
2.5786526991339564e8	4276.796498992311	-17.266713026632463	-6.127464877401671
2.6013526991339564e8	4274.848490726252	-17.29099695165475	-6.169850991872566
2.6240526991339564e8	4272.901369744909	-17.315280876677036	-6.214113516098117
2.6467526991339564e8	4270.955135644156	-17.339564801699325	-6.260426311769347
2.6694526991339564e8	4269.009788020018	-17.36384872672161	-6.308988583563622
2.6921526991339564e8	4267.025950286898	-17.38825981263222	-6.350229653797802
2.7148526991339564e8	4265.040679803985	-17.412678506197388	-6.392636059470419
2.7375526991339564e8	4263.056332985219	-17.437097199762555	-6.436920711993659
2.7602526991339564e8	4261.07290940086	-17.46151589332772	-6.483257734374447
2.7829526991339564e8	4259.090408621364	-17.485934586892892	-6.5318466446337595
2.8056526991339564e8	4257.070512061718	-17.51047914863686	-6.573523398389472
2.8283526991339564e8	4255.0475029726485	-17.53503708756644	-6.615975567335788
2.8510526991339564e8	4253.025455240862	-17.559595026496023	-6.660310129828904
2.8737526991339564e8	4251.004368409527	-17.584152965425606	-6.706701799232368
2.8964526991339564e8	4248.984242022003	-17.608710904355185	-6.755350801570658
2.9191526991339564e8	4247.06958614897	-17.633179965866574	-6.797080765727485
2.9418526991339564e8	4245.166279715655	-17.657640105449453	-6.839646961865896
2.9645526991339564e8	4243.263826241141	-17.682100245032334	-6.8841059045438975
2.9872526991339564e8	4241.362225343177	-17.706560384615212	-6.930633784164842
3.0099526991339564e8	4239.461476639684	-17.73102052419809	-6.979432598790358
3.0326526991339564e8	4237.266834601667	-17.754237135660603	-7.016489057799038
3.0553526991339564e8	4235.045972016465	-17.777338265412386	-7.053607482131143
3.0780526991339564e8	4232.826273443541	-17.80043939516417	-7.092156973470747
3.1007526991339564e8	4230.607738272806	-17.823540524915952	-7.132252319086674
3.1234526991339564e8	4228.390365894491	-17.846641654667735	-7.174022696166788
3.1461526991339564e8	4226.174155699145	-17.86974278441952	-7.217614182365677
3.1688526991339564e8	4223.959107077638	-17.8928439141713	-7.263192838926315
3.1915526991339564e8	4221.745219421159	-17.915945043923085	-7.310948530598692
3.2142526991339564e8	4219.532492121215	-17.939046173674868	-7.361099704301205
3.2369526991339564e8	4217.3209245696335	-17.96214730342665	-7.413899430612215
3.2596526991339564e8	4215.070124243994	-17.985239720015922	-7.460406089936393
3.2823526991339564e8	4212.770725765492	-18.008321388247804	-7.497342847982992
3.3050526991339564e8	4210.472581651261	-18.03140305647969	-7.535696430269714
3.3277526991339564e8	4208.175691217022	-18.05448472471158	-7.575579880758235
3.3504526991339564e8	4205.880053778869	-18.077566392943464	-7.617120336720442
3.3731526991339564e8	4203.585668653271	-18.10064806117535	-7.660461473401694
3.3958526991339564e8	4201.292535157075	-18.123729729407238	-7.70576650288
3.4185526991339564e8	4199.00065260747	-18.14681139763912	-7.7532218850716665
3.4412526991339564e8	4196.710020322074	-18.169893065871005	-7.8030419639846045
3.4639526991339564e8	4194.420637618821	-18.19297473410289	-7.855474820639518
3.4866526991339564e8	4192.126246316278	-18.2160622777094	-7.910205309544104
3.5093526991339564e8	4189.627411057106	-18.239343069553065	-7.947264830105452
3.5320526991339564e8	4187.130065299263	-18.262623861396737	-7.985750791472263
3.5547526991339564e8	4184.634208154907	-18.285904653240404	-8.025777413635641
3.5774526991339564e8	4182.139838736693	-18.309185445084072	-8.067473209804907
3.6001526991339564e8	4179.6469561578315	-18.332466236927743	-8.110983475432986
3.6228526991339564e8	4177.155559532046	-18.355747028771408	-8.156473343799817
3.6455526991339564e8	4174.665647973583	-18.37902782061508	-8.204131570319094
3.6682526991339564e8	4172.177220597242	-18.402308612458746	-8.254175264610675
3.6909526991339564e8	4169.690276518326	-18.425589404302414	-8.306855870264792
3.7136526991339564e8	4167.2048148526665	-18.448870196146082	-8.362466809152004
3.7363526991339564e8	4164.562622091669	-18.47215520983534	-8.404862756982265
3.7590526991339564e8	4161.8712321335	-18.49544158193294	-8.443650394271794
3.7817526991339564e8	4159.181581512814	-18.518727954030545	-8.484003434826553
3.8044526991339564e8	4156.493669105557	-18.542014326128143	-8.526053565984673
3.8271526991339564e8	4153.807493788398	-18.565300698225748	-8.569949824517048
3.8498526991339564e8	4151.123054438716	-18.58858707032335	-8.615861784825668
3.8725526991339564e8	4148.44034993462	-18.61187344242095	-8.663983514899051
3.8952526991339564e8	4145.7593791549625	-18.635159814518552	-8.714538533162724
3.9179526991339564e8	4143.080140979292	-18.658446186616153	-8.767786086380312
3.9406526991339564e8	4140.402634287904	-18.681732558713755	-8.824029194997843
3.9633526991339564e8	4137.634830798864	-18.705025280817356	-8.872107750524938
3.9860526991339564e8	4134.781664218993	-18.72832402492163	-8.911257505746084
4.0087526991339564e8	4131.930465081836	-18.7516227690259	-8.952002634854658
4.0314526991339564e8	4129.081232030722	-18.77492151313017	-8.994478706613661
4.0541526991339564e8	4126.233963709908	-18.79822025723444	-9.038839339696693
4.0768526991339564e8	4123.388658764584	-18.821519001338714	-9.085259556372637
4.0995526991339564e8	4120.545315840876	-18.844817745442985	-9.133939953189607
4.1222526991339564e8	4117.703933585845	-18.868116489547255	-9.185111939782972
4.1449526991339564e8	4114.864510647482	-18.891415233651525	-9.239044391872032
4.1676526991339564e8	4112.027045674719	-18.914713977755795	-9.296052202823464
4.1903526991339564e8	4109.151585494232	-18.938032447220188	-9.350733183215853
4.2130526991339564e8	4106.158314664367	-18.9614101184945	-9.390434240505781
4.2357526991339564e8	4103.16722425304	-18.984787789768813	-9.431776868345775
4.2584526991339564e8	4100.178312671933	-19.008165461043124	-9.47490269615572
4.2811526991339564e8	4097.19157833391	-19.031543132317438	-9.519972511922317
4.3038526991339564e8	4094.2070196529758	-19.05492080359175	-9.567169881542483
4.3265526991339564e8	4091.2246350442856	-19.07829847486606	-9.61670566540262
4.3492526991339564e8	4088.244422924173	-19.101676146140374	-9.668823713090823
4.3719526991339564e8	4085.2663817100947	-19.125053817414685	-9.72380812541133
4.3946526991339564e8	4082.2905098206916	-19.148431488688995	-9.781992631631866
4.4173526991339564e8	4079.3168056757327	-19.171809159963306	-9.84377286728049
4.4400526991339564e8	4076.2516943655023	-19.195374018081473	-9.886307994024975
4.4627526991339564e8	4073.1815299183863	-19.218953602997942	-9.928839425435793
4.4854526991339564e8	4070.113677867668	-19.242533187914415	-9.973260443812862
4.5081526991339564e8	4067.048136471688	-19.266112772830887	-10.019746788320022
4.5308526991339564e8	4063.984903990101	-19.289692357747356	-10.068499915558377
4.5535526991339564e8	4060.923978683878	-19.313271942663828	-10.119752275986386
4.5762526991339564e8	4057.8653588152793	-19.3368515275803	-10.173774017044504
4.5989526991339564e8	4054.8090426478943	-19.360431112496773	-10.230881602506765
4.6216526991339564e8	4051.7550284466147	-19.384010697413245	-10.29144904548625
4.6443526991339564e8	4048.7033144776383	-19.407590282329714	-10.355922767894063
4.6670526991339564e8	4045.6479844432624	-19.431202037585397	-10.411170491652989
4.6897526991339564e8	4042.589215721689	-19.45484506112223	-10.455754799659623
4.7124526991339564e8	4039.5327596249726	-19.47848808465907	-10.50242000426572
4.7351526991339564e8	4036.478614404621	-19.502131108195908	-10.551369900654459
4.7578526991339564e8	4033.4267783134637	-19.525774131732742	-10.602839770868536
4.7805526991339564e8	4030.3772496056445	-19.54941715526958	-10.657103224076545
4.8032526991339564e8	4027.330026536655	-19.573060178806415	-10.714481001543
4.8259526991339564e8	4024.2851073632564	-19.59670320234325	-10.775352464971844
4.8486526991339564e8	4021.242490343577	-19.620346225880088	-10.84017081361516
4.8713526991339564e8	4018.2021737370355	-19.643989249416922	-10.909483583876971
4.8940526991339564e8	4015.164155804371	-19.66763227295376	-10.983960797208669
4.9167526991339564e8	4012.2126875768054	-19.69127226225166	-11.038107923250177
4.9394526991339564e8	4009.282599172862	-19.714911559220543	-11.089097370280587
4.9621526991339564e8	4006.3546505901895	-19.738550856189427	-11.142827091621253
4.9848526991339564e8	4003.4288402660936	-19.762190153158308	-11.199608434404054
5.0075526991339564e8	4000.5051666390204	-19.785829450127192	-11.259809021164422
5.0302526991339564e8	3997.583628148556	-19.809468747096076	-11.323867186503284
5.0529526991339564e8	3994.664223235433	-19.83310804406496	-11.392311362326858
5.0756526991339564e8	3991.7469503415027	-19.85674734103384	-11.46578659798042
5.0983526991339564e8	3988.831807909781	-19.880386638002726	-11.545091618719809
5.1210526991339564e8	3985.918794384395	-19.90402593497161	-11.631231884888443
5.1437526991339564e8	3983.0079082106263	-19.92766523194049	-11.725497732380703
5.1664526991339564e8	3980.469585274737	-19.951614851725985	-11.801867776930916
5.1891526991339564e8	3978.1291179059176	-19.97572895704724	-11.868940807556442
5.2118526991339564e8	3975.7900267032483	-19.999843062368498	-11.940838149018303
5.2345526991339564e8	3973.4523108575604	-20.023957167689755	-12.01830794890437
5.2572526991339564e8	3971.1159695601605	-20.04807127301101	-12.102287126835684
5.2799526991339564e8	3968.781002002831	-20.072185378332268	-12.193970762604492
5.3026526991339564e8	3966.4474073778297	-20.096299483653524	-12.294916622019986
5.3253526991339564e8	3964.115184877897	-20.120413588974785	-12.407208603681198
5.3480526991339564e8	3961.784333696224	-20.144527694296038	-12.53372408668239
5.370752699133956e8	3959.454853026502	-20.168641799617294	-12.678596138972994
5.393452699133956e8	3957.126742062885	-20.19275590493855	-12.848070575097552
5.416152699133956e8	3954.8000000000034	-20.216870010259807	-13.052247708422225
