-9.859988173128009e6	9302.016623175878	-14.218372151371721
-9.475988173128009e6	9231.808956040684	-14.228614944301992
-9.091988173128009e6	9162.131186531393	-14.238857737232266
-8.707988173128009e6	9092.979315205954	-14.24910053016254
-8.323988173128009e6	9020.521906319424	-14.25914026544784
-7.939988173128009e6	8941.068549739983	-14.268774730211419
-7.555988173128009e6	8862.315023606863	-14.278409194974998
-7.171988173128009e6	8784.213010121584	-14.288040967641326
-6.787988173128009e6	8693.588611239036	-14.296820904326202
-6.403988173128009e6	8603.899160275367	-14.305600841011078
-6.019988173128009e6	8514.25738789995	-14.314316046931138
-5.635988173128009e6	8410.663649257345	-14.321920716121639
-5.251988173128009e6	8308.33034498936	-14.329525385312138
-4.867988173128009e6	8199.191384320906	-14.336442069160654
-4.483988173128009e6	8080.941492118581	-14.342444615997625
-4.099988173128009e6	7962.9082767251875	-14.34835235092779
-3.715988173128009e6	7822.389887879207	-14.352692878787412
-3.331988173128009e6	7670.5956237617875	-14.355689997875352
-2.947988173128009e6	7507.6289941612085	-14.357247040767257
-2.563988173128009e6	7332.220003455298	-14.357231996598369
-2.179988173128009e6	7146.396462261765	-14.355704579147114
-1.7959881731280088e6	6953.150076246063	-14.35301625194186
-1.4119881731280088e6	6758.048528294533	-14.34984452343453
-1.0279881731280088e6	6569.005161057484	-14.347276788910069
-643988.1731280088	6390.215844928954	-14.345930794735755
-259988.17312800884	6232.93297220063	-14.348056878905695
124011.82687199116	6098.776613290367	-14.354038164797375
508011.82687199116	5989.305853354504	-14.36446459286897
892011.8268719912	5893.733730065303	-14.377469083850997
1.2760118268719912e6	5814.477293471856	-14.393713228811015
1.6600118268719912e6	5738.200361070727	-14.410426564616248
2.0440118268719912e6	5675.1485608629555	-14.43017310373205
2.428011826871991e6	5612.789578831501	-14.449919642847851
2.812011826871991e6	5557.002787049659	-14.471298002700028
3.196011826871991e6	5506.37521752924	-14.493964349339798
3.580011826871991e6	5456.20889499641	-14.516630695979572
3.964011826871991e6	5412.147541145598	-14.541039263587118
4.348011826871991e6	5370.219613702615	-14.566000256931403
4.732011826871991e6	5328.616502071895	-14.590961250275686
5.116011826871991e6	5291.711531292019	-14.617424201861457
5.500011826871991e6	5256.272477845879	-14.644305258474331
5.884011826871991e6	5221.070762830193	-14.671186315087208
6.268011826871991e6	5189.022441564007	-14.69920261569836
6.652011826871991e6	5158.528130075648	-14.727750074372148
7.036011826871991e6	5128.213024409499	-14.756297533045935
7.420011826871991e6	5099.851042718123	-14.785547869501453
7.804011826871991e6	5073.347783638439	-14.815475650226531
8.188011826871991e6	5046.982258530974	-14.845403430951611
8.572011826871991e6	5021.635243385393	-14.87571455307583
8.956011826871991e6	4998.503343594991	-14.906937933276087
9.340011826871991e6	4975.477999689661	-14.938161313476343
9.724011826871991e6	4952.74359348228	-14.969461517947378
1.0108011826871991e7	4932.493972513874	-15.0017553962826
1.0492011826871991e7	4912.327143465072	-15.034049274617823
1.0876011826871991e7	4892.242767835596	-15.066343152953047
1.1260011826871991e7	4874.188681856655	-15.099546809820671
1.1644011826871991e7	4856.562384794456	-15.13291971099988
1.2028011826871991e7	4838.999828873285	-15.166292612179092
1.2412011826871991e7	4822.773857452934	-15.200051646900517
1.2796011826871991e7	4807.350876778306	-15.234038448769851
1.3180011826871991e7	4791.977217995999	-15.268025250639186
1.3564011826871991e7	4777.298765404602	-15.30241464902464
1.3948011826871991e7	4763.6254142176695	-15.337404118534737
1.4332011826871991e7	4749.991198228643	-15.372393588044831
1.4716011826871991e7	4736.747934078505	-15.407504858634864
1.5100011826871991e7	4724.890525549149	-15.443084210376856
1.5484011826871991e7	4713.062799438826	-15.478663562118847
1.5868011826871991e7	4701.275982426394	-15.514250860435824
1.6252011826871991e7	4690.489097518798	-15.550522198071565
1.6636011826871991e7	4679.726962676165	-15.586793535707304
1.702001182687199e7	4668.989521110494	-15.623064873343045
1.740401182687199e7	4659.2467987798245	-15.659701843256068
1.778801182687199e7	4649.70548020643	-15.696407195639907
1.817201182687199e7	4640.183700576563	-15.733112548023744
1.855601182687199e7	4631.34554375271	-15.77004627065091
1.894001182687199e7	4622.842388098405	-15.807089597590311
1.932401182687199e7	4614.354844247494	-15.844132924529712
1.970801182687199e7	4606.278181390831	-15.881472856284603
2.009201182687199e7	4598.595112001021	-15.919097981874426
2.047601182687199e7	4590.924857632998	-15.956723107464246
2.086001182687199e7	4583.501274942636	-15.994420693450877
2.124401182687199e7	4576.487119106754	-16.032241600420917
2.162801182687199e7	4569.4836970700135	-16.07006250739096
2.201201182687199e7	4562.6159212512675	-16.10792537774385
2.239601182687199e7	4556.175553134031	-16.145928548989193
2.278001182687199e7	4549.744275929157	-16.183931720234533
2.316401182687199e7	4543.355036289481	-16.221975840886763
2.354801182687199e7	4537.307383797489	-16.260433771977514
2.393201182687199e7	4531.267781325882	-16.29889170306826
2.431601182687199e7	4525.236218159302	-16.33734963415901
2.470001182687199e7	4519.5022303038695	-16.37589794936706
2.508401182687199e7	4513.782194743336	-16.41444835445124
2.546801182687199e7	4508.069398654131	-16.452998759535415
2.585201182687199e7	4502.526994013928	-16.491876607444013
2.623601182687199e7	4497.016788489408	-16.530805461446132
2.662001182687199e7	4491.513326370306	-16.56973431544825
2.700401182687199e7	4486.152389419744	-16.608684719124717
2.738801182687199e7	4480.8362466531025	-16.647641223277738
2.777201182687199e7	4475.526403577464	-16.686597727430758
2.815601182687199e7	4470.200527264791	-16.725788851227144
2.854001182687199e7	4464.871131815957	-16.765083685875613
2.892401182687199e7	4459.548090099058	-16.80437852052409
2.930801182687199e7	4454.260818156144	-16.843668108507888
2.969201182687199e7	4448.996800521859	-16.882954664114873
3.007601182687199e7	4443.739003870752	-16.922241219721858
3.046001182687199e7	4438.457940895677	-16.961509903926213
3.084401182687199e7	4433.161283141184	-17.0007653136283
3.122801182687199e7	4427.870946181827	-17.04002072333038
3.161201182687199e7	4422.518407120936	-17.07944273227677
3.199601182687199e7	4417.107530525422	-17.119022518523604
3.238001182687199e7	4411.703274046058	-17.158602304770437
3.276401182687199e7	4406.263804015051	-17.198165424514745
3.314801182687199e7	4400.785930999207	-17.23771054675809
3.353201182687199e7	4395.314868082382	-17.277255669001438
3.391601182687199e7	4389.759922607287	-17.316928664936462
3.430001182687199e7	4384.100590771979	-17.356758958031186
3.468401182687199e7	4378.4485550160425	-17.396589251125906
3.506801182687199e7	4372.705580316879	-17.436393884820678
3.545201182687199e7	4366.846487682118	-17.476166174100282
3.583601182687199e7	4360.995245785512	-17.51593846337989
3.622001182687199e7	4355.249081056361	-17.554844597498796
3.660401182687199e7	4349.635986690481	-17.59263138045015
3.698801182687199e7	4344.030126544223	-17.6304181634015
3.737201182687199e7	4338.431491294035	-17.66820494635285
3.775601182687199e7	4332.840071628405	-17.705991729304206
3.814001182687199e7	4327.25585824779	-17.743778512255556
3.852401182687199e7	4321.634776730761	-17.7815752924535
3.890801182687199e7	4315.670126071527	-17.81945178342742
3.929201182687199e7	4309.713707726982	-17.857328274401343
3.967601182687199e7	4303.765510335033	-17.895204765375265
4.006001182687199e7	4297.825522549247	-17.933081256349187
4.044401182687199e7	4291.893733038857	-17.97095774732311
4.082801182687199e7	4285.9701304887285	-18.008834238297027
4.121201182687199e7	4279.753142839128	-18.04697289082306
4.159601182687199e7	4273.478715973282	-18.08516940429109
4.198001182687199e7	4267.213487869893	-18.123365917759116
4.236401182687199e7	4260.957445042901	-18.161562431227146
4.274801182687199e7	4254.7105740260295	-18.199758944695176
4.313201182687199e7	4248.472861372743	-18.237955458163203
4.351601182687199e7	4242.071446841812	-18.27623144265159
4.390001182687199e7	4235.5583058421325	-18.314563317292297
4.428401182687199e7	4229.055164911102	-18.352895191933005
4.466801182687199e7	4222.562008694942	-18.391227066573713
4.505201182687199e7	4216.078821863425	-18.42955894121442
4.543601182687199e7	4209.605589109892	-18.467890815855128
4.582001182687199e7	4203.0326961256405	-18.506442516519094
4.620401182687199e7	4196.291862602376	-18.545352216425314
4.658801182687199e7	4189.561840043449	-18.58426191633153
4.697201182687199e7	4182.84261111021	-18.623171616237748
4.735601182687199e7	4176.134158491817	-18.66208131614397
4.774001182687199e7	4169.4364649052	-18.70099101605019
4.812401182687199e7	4162.697236991648	-18.739973856900143
4.850801182687199e7	4155.821840499083	-18.77916279357044
4.889201182687199e7	4148.9577998833065	-18.818351730240735
4.927601182687199e7	4142.105096388186	-18.85754066691103
4.966001182687199e7	4135.263711288528	-18.896729603581324
5.004401182687199e7	4128.433625890106	-18.93591854025162
5.042801182687199e7	4121.591835748675	-18.97516359845011
5.081201182687199e7	4114.652396432452	-19.01467520423498
5.119601182687199e7	4107.724640907341	-19.054186810019853
5.158001182687199e7	4100.8085495015675	-19.093698415804727
5.196401182687199e7	4093.904102576509	-19.133210021589598
5.234801182687199e7	4087.011280526578	-19.17272162737447
5.273201182687199e7	4080.125737337963	-19.2122841716359
5.311601182687199e7	4073.2175407468276	-19.25225069366637
5.350001182687199e7	4066.3210406531152	-19.292217215696837
5.388401182687199e7	4059.4362172530964	-19.332183737727302
5.426801182687199e7	4052.5630507765586	-19.372150259757767
5.465201182687199e7	4045.7015214867843	-19.412116781788235
5.503601182687199e7	4038.8621724215045	-19.452115959407394
5.542001182687199e7	4032.155455428895	-19.492490062669148
5.580401182687199e7	4025.459875249303	-19.532864165930903
5.618801182687199e7	4018.77541338953	-19.573238269192657
5.657201182687199e7	4012.102051387107	-19.613612372454416
5.695601182687199e7	4005.439770810202	-19.65398647571617
5.734001182687199e7	3998.846325640043	-19.69440499792122
5.772401182687199e7	3993.4370111240164	-19.735726955434842
5.810801182687199e7	3988.0350138893136	-19.77704891294846
5.849201182687199e7	3982.6403240377103	-19.818370870462076
5.887601182687199e7	3977.252931684379	-19.859692827975696
5.926001182687199e7	3971.872826957843	-19.901014785489313
5.964401182687199e7	3966.499999999999	-19.942336743002933
