-1.493579769570775e8	8948.089362327637	-16.065327381536502	4.588745419705535
-1.469379769570775e8	8924.47737905995	-16.06593621289107	4.549241082274473
-1.445179769570775e8	8900.927702473766	-16.066545044245633	4.508111737315382
-1.420979769570775e8	8877.440168155821	-16.067153875600198	4.465217939154917
-1.396779769570775e8	8854.014612126744	-16.067762706954767	4.420401485087923
-1.372579769570775e8	8830.650870839869	-16.06837153830933	4.373481892771168
-1.348379769570775e8	8807.348781180046	-16.068980369663898	4.324252009763993
-1.324179769570775e8	8784.108180462596	-16.06958920101846	4.272472485286111
-1.299979769570775e8	8760.92890643213	-16.070198032373025	4.2178647309326545
-1.275779769570775e8	8737.810797261376	-16.070806863727594	4.160101845921946
-1.251579769570775e8	8711.108302139275	-16.07109659427893	4.111367673898779
-1.227379769570775e8	8683.604890339442	-16.071308816203192	4.063325002079325
-1.203179769570775e8	8656.18831452352	-16.071521038127457	4.012857233903359
-1.178979769570775e8	8628.858300526015	-16.07173326005172	3.95970646540478
-1.154779769570775e8	8601.61457504695	-16.07194548197598	3.903571329377768
-1.130579769570775e8	8574.456865649268	-16.072157703900242	3.8440966448779754
-1.106379769570775e8	8547.384900756113	-16.072369925824507	3.7808597894502682
-1.082179769570775e8	8520.398409648022	-16.07258214774877	3.7133524641763827
-1.057979769570775e8	8489.331546313117	-16.0723977358406	3.6541842397166278
-1.033779769570775e8	8456.656202152833	-16.07204872635586	3.5970843801501826
-1.009579769570775e8	8424.106625034417	-16.071699716871123	3.5365256277934476
-9.85379769570775e7	8391.682330881913	-16.071350707386387	3.4720617534654687
-9.61179769570775e7	8359.382837482513	-16.071001697901643	3.403154185795573
-9.36979769570775e7	8327.207664479547	-16.07065268841691	3.329144632081815
-9.12779769570775e7	8295.156333365136	-16.07030367893217	3.249216733680642
-8.88579769570775e7	8257.052677430673	-16.06934002915223	3.182366757073097
-8.64379769570775e7	8218.206201242303	-16.068284568781625	3.113902115401608
-8.40179769570775e7	8179.5424838143645	-16.067229108411016	3.0404032926709936
-8.15979769570775e7	8141.060665332359	-16.06617364804041	2.9610707906591767
-7.91779769570775e7	8102.75989002685	-16.065118187669803	2.8748980978601497
-7.67579769570775e7	8064.482625289156	-16.064045574045306	2.7810501358574924
-7.43379769570775e7	8017.570446880141	-16.062002699915897	2.7057182421885737
-7.19179769570775e7	7970.931162912744	-16.059959825786493	2.624245730216935
-6.94979769570775e7	7924.56318592338	-16.057916951657084	2.535541944600221
-6.70779769570775e7	7878.464937682894	-16.055874077527676	2.438197086370351
-6.46579769570775e7	7832.634849142962	-16.053831203398268	2.330344106249682
-6.22379769570775e7	7776.051489242414	-16.050590638665845	2.234488629207556
-5.98179769570775e7	7719.207863372844	-16.04727677680631	2.130143274667359
-5.73979769570775e7	7657.533468124947	-16.043370425950314	2.0279573840981193
-5.49779769570775e7	7594.281294690143	-16.039228243252282	1.9204542367301862
-5.25579769570775e7	7526.662810333019	-16.034503638687447	1.813129946800771
-5.01379769570775e7	7456.281388336203	-16.029374322406703	1.7030674381212565
-4.77179769570775e7	7381.637574650459	-16.02365987101026	1.5926587624365207
-4.52979769570775e7	7303.465998163767	-16.01743158493199	1.481562985699061
-4.28779769570775e7	7221.410499606702	-16.0105888287667	1.3707526159159276
-4.04579769570775e7	7135.765388808509	-16.00315064884328	1.2614603975476553
-3.80379769570775e7	7047.101684704542	-15.995228972756658	1.1527035998390671
-3.56179769570775e7	6954.697652552331	-15.986719332210615	1.0495300704334907
-3.3197976957077503e7	6861.653271071821	-15.977990684653406	0.944164590517805
-3.0777976957077503e7	6765.399593143507	-15.968727925086851	0.8524904330662487
-2.8357976957077503e7	6670.496139446703	-15.959465165520296	0.7515560653596026
-2.5937976957077503e7	6576.780511124095	-15.950339621327284	0.6727512532134613
-2.3517976957077503e7	6484.36565634003	-15.941229466222197	0.5912145068119891
-2.1097976957077503e7	6393.9991299796675	-15.932254448008313	0.5048482486121749
-1.8677976957077503e7	6314.376271134324	-15.925011677197645	0.4437139055527564
-1.6257976957077503e7	6235.744935672353	-15.917768906386975	0.37859738607700144
-1.3837976957077503e7	6158.092776403118	-15.910526135576307	0.3089435357214556
-1.1417976957077503e7	6092.7161969472645	-15.905324633642437	0.24843992974688953
-8.997976957077503e6	6038.523752630053	-15.902033531761123	0.19817651159263638
-6.577976957077503e6	5984.813329947563	-15.898742429879807	0.145252354656198
-4.157976957077503e6	5931.580641496623	-15.89545132799849	0.08936993899646072
-1.7379769570775032e6	5880.9927286898965	-15.89257235872505	0.03310846031639236
682023.0429224968	5843.629447868744	-15.892139417596646	-0.008247472738562092
3.102023042922497e6	5806.503544445964	-15.89170647646824	-0.051387778666533636
5.522023042922497e6	5769.613510309087	-15.891273535339835	-0.09647340769896039
7.942023042922497e6	5732.957846927028	-15.890840594211431	-0.14368811934783376
1.0362023042922497e7	5696.535065289238	-15.890407653083027	-0.19324300695196783
1.2782023042922497e7	5667.8031420034995	-15.891497072037586	-0.22872381680676757
1.5202023042922497e7	5639.3062135315895	-15.892604955418077	-0.26530211165358375
1.7622023042922497e7	5610.952563665524	-15.893712838798569	-0.30326934384654747
2.0042023042922497e7	5582.741472020317	-15.89482072217906	-0.3427351713891163
2.2462023042922497e7	5554.672221833005	-15.895928605559552	-0.3838227743151249
2.4882023042922497e7	5526.756255838283	-15.897039093853284	-0.4266440471620735
2.7302023042922497e7	5504.999265140623	-15.89944514239826	-0.45737146621146696
2.9722023042922497e7	5483.327924437698	-15.901851190943237	-0.4890730728903436
3.2142023042922497e7	5461.74189655413	-15.904257239488214	-0.5218126670794431
3.45620230429225e7	5440.240845641884	-15.906663288033192	-0.5556605288672762
3.69820230429225e7	5418.824437175041	-15.909069336578167	-0.5906943269973375
3.94020230429225e7	5397.492337944624	-15.911475385123143	-0.6270001923069656
4.18220230429225e7	5376.889843326214	-15.914028826713944	-0.662964064738681
4.42420230429225e7	5360.047507728828	-15.917425618017432	-0.6901738453727996
4.66620230429225e7	5343.257928330025	-15.920822409320921	-0.7181447566383438
4.90820230429225e7	5326.520939878592	-15.92421920062441	-0.7469206086967493
5.15020230429225e7	5309.836377640938	-15.927615991927897	-0.7765491066045196
5.39220230429225e7	5293.204077399473	-15.931012783231385	-0.8070823261454508
5.63420230429225e7	5276.623875451006	-15.934409574534873	-0.83857726462273
5.87620230429225e7	5260.095608605094	-15.937806365838362	-0.8710964812436853
6.11820230429225e7	5244.934191671531	-15.94152419587491	-0.9007811952600977
6.36020230429225e7	5231.836374124986	-15.945736394669233	-0.9251695444833511
6.60220230429225e7	5218.771264867671	-15.949948593463557	-0.9501675856387013
6.84420230429225e7	5205.7387822193805	-15.954160792257879	-0.9758065858082507
7.08620230429225e7	5192.73884470391	-15.958372991052201	-1.0021202807375602
7.32820230429225e7	5179.771371048523	-15.962585189846525	-1.0291451417576984
7.57020230429225e7	5166.836280183411	-15.966797388640849	-1.0569206797878243
7.81220230429225e7	5153.9334912412405	-15.971009587435171	-1.085489792776812
8.05420230429225e7	5141.062923556627	-15.975221786229493	-1.1148991642520114
8.29620230429225e7	5130.041592053788	-15.979896343275543	-1.138957230409116
8.53820230429225e7	5119.767004547609	-15.984755246302736	-1.1610685094888524
8.78020230429225e7	5109.512995266095	-15.989614149329931	-1.1836797733651814
9.02220230429225e7	5099.279522994614	-15.994473052357122	-1.2068141577136247
9.26420230429225e7	5089.066546601083	-15.999331955384317	-1.2304964421467746
9.50620230429225e7	5078.874025035789	-16.004190858411512	-1.254753209750207
9.74820230429225e7	5068.701917331267	-16.009049761438703	-1.2796130264533192
9.99020230429225e7	5058.5501826020545	-16.013908664465895	-1.3051066432699794
1.023220230429225e8	5048.418780044607	-16.018767567493093	-1.3312672249998478
1.047420230429225e8	5038.496977800481	-16.023679876239072	-1.3573916049004426
1.071620230429225e8	5030.329455084235	-16.029082451819967	-1.3772749986395092
1.095820230429225e8	5022.175172115401	-16.034485027400862	-1.3975617759180288
1.120020230429225e8	5014.034107432035	-16.039887602981757	-1.4182686435130842
1.144220230429225e8	5005.906239606975	-16.04529017856265	-1.4394133680960421
1.168420230429225e8	4997.791547247811	-16.050692754143544	-1.4610148678272985
1.192620230429225e8	4989.690008996809	-16.05609532972444	-1.4830933140643021
1.216820230429225e8	4981.601603530841	-16.06149790530533	-1.5056702445531362
1.241020230429225e8	4973.526309561343	-16.066900480886225	-1.5287686896955697
1.265220230429225e8	4965.464105834286	-16.07230305646712	-1.5524133137470426
1.289420230429225e8	4957.414971130061	-16.077705632048016	-1.5766305731156918
1.313620230429225e8	4950.293424194946	-16.08336299999545	-1.597477194382381
1.337820230429225e8	4943.82291790584	-16.089199127486793	-1.615930875844032
1.362020230429225e8	4937.360869186417	-16.09503525497813	-1.6347315082175624
1.386220230429225e8	4930.907266981846	-16.100871382469467	-1.6538923880633614
1.410420230429225e8	4924.462100251706	-16.106707509960806	-1.6734275912664123
1.434620230429225e8	4918.025357970045	-16.11254363745215	-1.6933520351545635
1.458820230429225e8	4911.597029125294	-16.118379764943484	-1.7136815469319917
1.483020230429225e8	4905.177102720289	-16.124215892434822	-1.7344329392143174
1.507220230429225e8	4898.76556777223	-16.13005201992616	-1.7556240935685072
1.531420230429225e8	4892.362413312697	-16.1358881474175	-1.7772740530976163
1.555620230429225e8	4885.967628387583	-16.14172427490884	-1.7994031252715634
1.579820230429225e8	4879.77012931012	-16.147619940030758	-1.821076088943576
1.604020230429225e8	4874.5740794705325	-16.153829079415516	-1.8380937529990848
1.628220230429225e8	4869.383562460006	-16.160038218800274	-1.8554060389542326
1.652420230429225e8	4864.198572387085	-16.166247358185032	-1.8730233282106783
1.676620230429225e8	4859.019103366625	-16.17245649756979	-1.8909565607297099
1.700820230429225e8	4853.845149519711	-16.17866563695455	-1.9092172758353751
1.725020230429225e8	4848.676704973716	-16.184874776339306	-1.9278176568129015
1.749220230429225e8	4843.513763862265	-16.191083915724064	-1.946770579734064
1.773420230429225e8	4838.356320325212	-16.197293055108823	-1.9660896669995582
1.797620230429225e8	4833.204368508653	-16.20350219449358	-1.9857893461560148
1.821820230429225e8	4828.057902564932	-16.20971133387834	-2.005884914623759
1.846020230429225e8	4822.916916652622	-16.215920473263097	-2.0263926110627524
1.870220230429225e8	4817.781404936487	-16.22212961264785	-2.047329694210797
1.894420230429225e8	4813.484444819655	-16.228594410364824	-2.063724428478753
1.918620230429225e8	4809.27747518137	-16.23508566951704	-2.0798687097346957
1.942820230429225e8	4805.074182420768	-16.24157692866926	-2.096277911609257
1.967020230429225e8	4800.874563324272	-16.248068187821477	-2.1129608738238295
1.991220230429225e8	4796.678614681118	-16.254559446973698	-2.129926886055587
2.015420230429225e8	4792.4863332833265	-16.261050706125914	-2.147185719003293
2.039620230429225e8	4788.297715925744	-16.267541965278134	-2.1647476581813163
2.063820230429225e8	4784.112759406022	-16.274033224430354	-2.182623540734519
2.088020230429225e8	4779.931460524581	-16.280524483582568	-2.200824795603968
2.112220230429225e8	4775.753816084667	-16.287015742734788	-2.219363487416253
2.136420230429225e8	4771.579822892318	-16.293507001887008	-2.2382523645184835
2.160620230429225e8	4767.409477756339	-16.299998261039224	-2.2575049116379478
2.184820230429225e8	4763.242777488349	-16.30648952019144	-2.2771354077112256
2.209020230429225e8	4759.727499236001	-16.31320558007405	-2.2930258581928844
2.233220230429225e8	4756.355339155931	-16.31997043826767	-2.3082633948743085
2.257420230429225e8	4752.985568175583	-16.326735296461294	-2.3237367114166627
2.281620230429225e8	4749.618184602325	-16.333500154654914	-2.339453219390178
2.305820230429225e8	4746.253186744732	-16.340265012848533	-2.355420685419005
2.330020230429225e8	4742.89057291258	-16.347029871042153	-2.3716472542283884
2.354220230429225e8	4739.530341416838	-16.353794729235773	-2.3881414735927664
2.378420230429225e8	4736.172490569677	-16.360559587429393	-2.4049123213761145
2.402620230429225e8	4732.817018684451	-16.367324445623012	-2.421969234878674
2.426820230429225e8	4729.463924075743	-16.374089303816636	-2.4393221427302425
2.451020230429225e8	4726.113205059274	-16.380854162010255	-2.4569814995998844
2.475220230429225e8	4722.764859952014	-16.387619020203875	-2.4749583240258968
2.499420230429225e8	4719.4188870720955	-16.394383878397495	-2.49326423970879
2.523620230429225e8	4716.093459751214	-16.401155256465167	-2.5117398430844973
2.547820230429225e8	4713.238998240424	-16.408094852135513	-2.5260601960584066
2.572020230429225e8	4710.386264420271	-16.415034447805866	-2.5405886045776187
2.596220230429225e8	4707.535257245054	-16.421974043476215	-2.555331203418441
2.620420230429225e8	4704.685975669704	-16.428913639146565	-2.57029440275979
2.644620230429225e8	4701.838418649786	-16.43585323481691	-2.5854849049184514
2.668820230429225e8	4698.992585141495	-16.44279283048726	-2.600909722375148
2.693020230429225e8	4696.148474101658	-16.44973242615761	-2.6165761972127717
2.717220230429225e8	4693.306084487737	-16.456672021827963	-2.6324920221016526
2.741420230429225e8	4690.46541525782	-16.46361161749831	-2.6486652629819973
2.765620230429225e8	4687.626465370628	-16.470551213168658	-2.665104383610929
2.789820230429225e8	4684.789233785504	-16.477490808839008	-2.681818272161137
2.814020230429225e8	4681.953719462454	-16.484430404509357	-2.6988162700804
2.838220230429225e8	4679.119921362054	-16.491370000179707	-2.716108203446597
2.862420230429225e8	4676.287838445571	-16.498309595850056	-2.7337044170816966
2.886620230429225e8	4673.782766348495	-16.505357765349814	-2.7492781474605876
2.910820230429225e8	4671.5504118399585	-16.512496554286876	-2.763120326888202
2.935020230429225e8	4669.319123578379	-16.519635343223943	-2.7771568049090263
2.959220230429225e8	4667.0889010544815	-16.52677413216101	-2.791393113895651
2.983420230429225e8	4664.859743759225	-16.53391292109807	-2.805835025926932
3.007620230429225e8	4662.631651183839	-16.541051710035138	-2.8204885668391406
3.031820230429225e8	4660.404622819759	-16.548190498972204	-2.8353600313220153
3.056020230429225e8	4658.178658158701	-16.555329287909267	-2.8504559991543634
3.080220230429225e8	4655.953756692587	-16.562468076846333	-2.865783352684025
3.104420230429225e8	4653.729917913617	-16.5696068657834	-2.881349295668424
3.128620230429225e8	4651.507141314207	-16.57674565472046	-2.8971613736048143
3.152820230429225e8	4649.285426387017	-16.583884443657528	-2.9132274956938327
3.177020230429225e8	4647.064772624973	-16.59102323259459	-2.9295559585963935
3.201220230429225e8	4644.8451795212195	-16.598162021531657	-2.9461554721625713
3.225420230429225e8	4642.626646569133	-16.60530081046872	-2.963035187332201
3.249620230429225e8	4640.534362738877	-16.612484441283456	-2.9783917781515195
3.273820230429225e8	4638.597904621048	-16.619723573222192	-2.9917133601778194
3.298020230429225e8	4636.662254571796	-16.626962705160928	-3.0052148055114407
3.322220230429225e8	4634.727412253931	-16.634201837099667	-3.0189010376049374
3.346420230429225e8	4632.793377330399	-16.641440969038403	-3.0327771848761236
3.370620230429225e8	4630.860149464266	-16.64868010097714	-3.0468485922454045
3.394820230429225e8	4628.927728318761	-16.655919232915878	-3.0611208334964997
3.419020230429225e8	4626.996113557254	-16.663158364854613	-3.0755997245320823
3.443220230429225e8	4625.065304843222	-16.67039749679335	-3.0902913376032415
3.467420230429225e8	4623.135301840342	-16.67763662873209	-3.1052020165998875
3.491620230429225e8	4621.206104212364	-16.684875760670824	-3.1203383934984745
3.515820230429225e8	4619.277711623244	-16.69211489260956	-3.135707406073767
3.540020230429225e8	4617.35012373702	-16.6993540245483	-3.1513163169930456
3.564220230429225e8	4615.423340217914	-16.706593156487035	-3.167172734424295
3.588420230429225e8	4613.497360730254	-16.71383228842577	-3.183284634304748
3.612620230429225e8	4611.57218493853	-16.72107142036451	-3.1996603844329417
3.636820230429225e8	4609.884429038538	-16.728414243107363	-3.213362346383887
3.661020230429225e8	4608.274186108763	-16.735790774320893	-3.2262853208045357
3.685220230429225e8	4606.664505640425	-16.743167305534424	-3.239377487343927
3.709420230429225e8	4605.055387437087	-16.75054383674796	-3.2526433350849357
3.733620230429225e8	4603.446831302315	-16.757920367961493	-3.266087534174774
3.757820230429225e8	4601.838837039804	-16.765296899175024	-3.279714945695338
3.782020230429225e8	4600.23140445328	-16.772673430388558	-3.2935306322154325
3.806220230429225e8	4598.62453334655	-16.78004996160209	-3.3075398690821953
3.830420230429225e8	4597.018223523489	-16.787426492815623	-3.321748156514744
3.854620230429225e8	4595.412474788036	-16.794803024029157	-3.3361612325694354
3.878820230429225e8	4593.807286944204	-16.802179555242688	-3.3507850870532048
3.903020230429225e8	4592.202659796072	-16.80955608645622	-3.3656259764694405
3.927220230429225e8	4590.598593147779	-16.816932617669753	-3.3806904400897078
3.951420230429225e8	4588.9950868035585	-16.824309148883287	-3.3959853172546666
3.975620230429225e8	4587.3921405676865	-16.831685680096818	-3.4115177660187497
3.999820230429225e8	4585.789754244515	-16.839062211310353	-3.427295283265814
4.024020230429225e8	4584.34518584545	-16.846504360406783	-3.441224268446213
4.048220230429225e8	4583.019944287602	-16.853996124325185	-3.4537414474297914
4.072420230429225e8	4581.695085830317	-16.861487888243587	-3.4664172943560296
4.096620230429225e8	4580.370610362833	-16.86897965216199	-3.4792558834797864
4.120820230429225e8	4579.04651777445	-16.876471416080392	-3.492261448026428
4.145020230429225e8	4577.722807954472	-16.883963179998794	-3.5054383885712745
4.169220230429225e8	4576.399480792254	-16.891454943917196	-3.5187912819785403
4.193420230429225e8	4575.076536177186	-16.8989467078356	-3.5323248909451976
4.217620230429225e8	4573.753973998667	-16.906438471754	-3.546044174199563
4.241820230429225e8	4572.431794146148	-16.913930235672403	-3.5599542974092584
4.266020230429225e8	4571.109996509115	-16.921421999590805	-3.574060644858592
4.290220230429225e8	4569.788580977061	-16.928913763509208	-3.5883688319614135
4.314420230429225e8	4568.467547439537	-16.93640552742761	-3.6028847186822284
4.338620230429225e8	4567.146895786122	-16.943897291346012	-3.6176144239458354
4.362820230429225e8	4565.826625906406	-16.951389055264414	-3.6325643411241844
4.387020230429225e8	4564.506737690041	-16.958880819182816	-3.647741154698535
4.411220230429225e8	4563.187231026681	-16.96637258310122	-3.6631518582056293
4.435420230429225e8	4562.068065026327	-16.973943429295144	-3.675495425256343
4.459620230429225e8	4560.963327535201	-16.981519874534	-3.6877565044559755
4.483820230429225e8	4559.858857564171	-16.989096319772855	-3.7001697858118585
4.508020230429225e8	4558.75465504847	-16.996672765011713	-3.712739095574977
4.532220230429225e8	4557.650719923319	-17.004249210250567	-3.7254684061186985
4.556420230429225e8	4556.547052123972	-17.011825655489424	-3.7383618434752597
4.580620230429225e8	4555.443651585697	-17.01940210072828	-3.7514236953644837
4.604820230429225e8	4554.340518243781	-17.026978545967133	-3.7646584197538266
4.629020230429225e8	4553.237652033514	-17.03455499120599	-3.7780706539925144
4.653220230429225e8	4552.135052890198	-17.042131436444848	-3.791665224566593
4.677420230429225e8	4551.03272074917	-17.0497078816837	-3.805447157526255
4.701620230429225e8	4549.930655545773	-17.057284326922556	-3.8194216896417994
4.725820230429225e8	4548.828857215368	-17.064860772161413	-3.8335942803502068
4.750020230429225e8	4547.727325693336	-17.072437217400267	-3.8479706245605203
4.774220230429225e8	4546.626060915051	-17.08001366263912	-3.8625566663932083
4.798420230429225e8	4545.525062815928	-17.08759010787798	-3.8773586139364618
4.822620230429225e8	4544.424331331397	-17.095166553116833	-3.8923829551111093
4.846820230429225e8	4543.48374778568	-17.1028014145238	-3.904615493808415
4.871020230429225e8	4542.56371692925	-17.11044371556865	-3.916610652247354
4.895220230429225e8	4541.643872374096	-17.118086016613496	-3.928751443164282
4.919420230429225e8	4540.724214082483	-17.125728317658343	-3.9410414462949075
4.943620230429225e8	4539.804742016694	-17.13337061870319	-3.953484375007174
4.967820230429225e8	4538.88545613902	-17.141012919748036	-3.9660840830365154
4.992020230429225e8	4537.966356411758	-17.148655220792882	-3.9788445716508627
5.016220230429225e8	4537.047442797214	-17.15629752183773	-3.9917699972787384
5.040420230429225e8	4536.128715257701	-17.163939822882575	-4.00486467963682
5.064620230429225e8	4535.210173755531	-17.171582123927422	-4.018133110396744
5.088820230429225e8	4534.291818253059	-17.17922442497227	-4.031579962434655
5.113020230429225e8	4533.373648712587	-17.186866726017115	-4.045210099711168
5.137220230429225e8	4532.455665096482	-17.19450902706196	-4.059028587834011
5.161420230429225e8	4531.53786736709	-17.202151328106805	-4.073040705360755
5.185620230429225e8	4530.620255486768	-17.20979362915165	-4.0872519559047324
5.209820230429225e8	4529.702829417883	-17.2174359301965	-4.101668081113633
5.234020230429225e8	4528.785589122801	-17.225078231241344	-4.1162950745973745
5.258220230429225e8	4527.941518060155	-17.232746277605308	-4.129598442958692
5.282420230429225e8	4527.1797207551745	-17.240443295886973	-4.141326684717962
5.306620230429225e8	4526.418051617736	-17.248140314168634	-4.153194112149568
5.330820230429225e8	4525.656510626283	-17.255837332450294	-4.165204068560178
5.355020230429225e8	4524.895097759242	-17.26353435073196	-4.177360019184068
5.379220230429225e8	4524.133812995071	-17.27123136901362	-4.189665557184958
5.403420230429225e8	4523.372656312202	-17.278928387295284	-4.202124410031749
5.427620230429225e8	4522.6116276891025	-17.286625405576945	-4.214740446276465
5.451820230429225e8	4521.850727104211	-17.294322423858606	-4.227517682765243
5.476020230429225e8	4521.089954536002	-17.30201944214027	-4.240460292316005
5.500220230429225e8	4520.32930996292	-17.30971646042193	-4.253572611899511
5.524420230429225e8	4519.568793363442	-17.317413478703592	-4.266859151363954
5.548620230429225e8	4518.808404716042	-17.325110496985253	-4.280324602746998
5.572820230429225e8	4518.048143999178	-17.332807515266914	-4.293973850223366
5.597020230429225e8	4517.2880111913355	-17.340504533548575	-4.307811980740767
5.621220230429225e8	4516.528006271002	-17.34820155183024	-4.321844295402122
5.645420230429225e8	4515.7681292166435	-17.355898570111904	-4.336076321657804
5.669620230429225e8	4515.008380006766	-17.363595588393565	-4.3505138263780845
5.693820230429225e8	4514.33446032432	-17.371346536154174	-4.362844429570435
5.718020230429225e8	4513.693031013529	-17.379117868595998	-4.374443061089795
5.742220230429225e8	4513.0516928416655	-17.386889201037825	-4.386177801078018
5.766420230429225e8	4512.410445795762	-17.39466053347965	-4.398051881935665
5.790620230429225e8	4511.7692898628875	-17.402431865921475	-4.410068652596451
5.814820230429225e8	4511.128225030088	-17.4102031983633	-4.422231584197063
5.839020230429225e8	4510.487251284412	-17.417974530805125	-4.434544276096036
5.863220230429225e8	4509.846368612933	-17.425745863246952	-4.447010462267831
5.887420230429225e8	4509.205577002701	-17.433517195688776	-4.459634018100511
5.911620230429225e8	4508.5648764407715	-17.441288528130602	-4.472418967627982
5.935820230429225e8	4507.924266914221	-17.449059860572426	-4.485369491230581
5.960020230429225e8	4507.28374841011	-17.456831193014253	-4.498489933840866
5.984220230429225e8	4506.643320915503	-17.464602525456076	-4.5117848136949235
6.008420230429225e8	4506.0029844174605	-17.472373857897903	-4.525258831673297
6.032620230429225e8	4505.362738903071	-17.480145190339726	-4.538916881279852
6.056820230429225e8	4504.722584359389	-17.487916522781553	-4.552764059311598
6.081020230429225e8	4504.082520773505	-17.49568785522338	-4.5668056772776655
6.105220230429225e8	4503.442548132488	-17.503459187665204	-4.581047273631485
6.129420230429225e8	4502.885254770414	-17.511252009672006	-4.593064559753302
6.153620230429225e8	4502.351697908465	-17.51905099068328	-4.6045241319213694
6.177820230429225e8	4501.8182042688595	-17.526849971694553	-4.616116549708306
6.202020230429225e8	4501.284773844091	-17.534648952705826	-4.627844929312013
6.226220230429225e8	4500.751406626685	-17.5424479337171	-4.639712497879284
6.250420230429225e8	4500.218102609144	-17.55024691472837	-4.651722598836083
6.274620230429225e8	4499.6848617839705	-17.558045895739646	-4.663878697541824
6.298820230429225e8	4499.151684143693	-17.56584487675092	-4.676184387291558
6.323020230429225e8	4498.618569680817	-17.573643857762193	-4.688643395692101
6.347220230429225e8	4498.085518387848	-17.581442838773462	-4.701259591440402
6.371420230429225e8	4497.552530257318	-17.58924181978474	-4.714036991534973
6.395620230429225e8	4497.019605281733	-17.59704080079601	-4.726979768954051
6.419820230429225e8	4496.486743453603	-17.604839781807286	-4.740092260837177
6.444020230429225e8	4495.95394476546	-17.612638762818555	-4.753378977210356
6.468220230429225e8	4495.421209209816	-17.62043774382983	-4.7668446102987
6.492420230429225e8	4494.888536779182	-17.628236724841102	-4.78049404447469
6.516620230429225e8	4494.355927466093	-17.636035705852375	-4.794332366894814
6.540820230429225e8	4493.823381263056	-17.64383468686365	-4.808364878882574
6.565020230429225e8	4493.340490835336	-17.651656348224115	-4.820822027169342
6.589220230429225e8	4492.893486223654	-17.659494399215003	-4.832139289131794
6.613420230429225e8	4492.446526080706	-17.66733245020589	-4.843586099039133
6.637620230429225e8	4491.999610402057	-17.675170501196778	-4.8551654571213465
6.661820230429225e8	4491.552739183288	-17.683008552187665	-4.8668804690551495
6.686020230429225e8	4491.1059124199655	-17.690846603178553	-4.878734350964019
6.710220230429225e8	4490.659130107683	-17.69868465416944	-4.8907304347181615
6.734420230429225e8	4490.2123922420105	-17.70652270516033	-4.902872173556242
6.758620230429225e8	4489.765698818527	-17.714360756151216	-4.915163148052626
6.782820230429225e8	4489.319049832804	-17.722198807142107	-4.92760707245592
6.807020230429225e8	4488.872445280435	-17.73003685813299	-4.940207801426883
6.831220230429225e8	4488.425885156993	-17.73787490912388	-4.952969337206314
6.855420230429225e8	4487.979369458057	-17.745712960114766	-4.965895837246223
6.879620230429225e8	4487.532898179201	-17.753551011105657	-4.978991622340746
6.903820230429225e8	4487.08647131602	-17.761389062096544	-4.992261185296538
6.928020230429225e8	4486.64008886409	-17.76922711308743	-5.005709200186235
6.952220230429225e8	4486.193750818991	-17.77706516407832	-5.019340532232621
6.976420230429225e8	4485.747457176298	-17.784903215069207	-5.033160248375849
7.000620230429225e8	4485.316075134274	-17.792748601200326	-5.0465123777339995
7.024820230429225e8	4484.937016114463	-17.80061978414265	-5.05769152787547
7.049020230429225e8	4484.557989129357	-17.80849096708497	-5.068997065652306
7.073220230429225e8	4484.178994176234	-17.816362150027295	-5.080431881565129
7.097420230429225e8	4483.800031252399	-17.824233332969616	-5.091998966421834
7.121620230429225e8	4483.421100355141	-17.83210451591194	-5.103701416033165
7.145820230429225e8	4483.042201481744	-17.839975698854264	-5.115542436186304
7.170020230429225e8	4482.6633346295175	-17.847846881796585	-5.127525347916471
7.194220230429225e8	4482.284499795747	-17.85571806473891	-5.139653593098209
7.218420230429225e8	4481.9056969777275	-17.863589247681233	-5.151930740379928
7.242620230429225e8	4481.526926172737	-17.87146043062355	-5.1643604914872885
7.266820230429225e8	4481.1481873781095	-17.879331613565874	-5.176946687923289
7.291020230429225e8	4480.769480591101	-17.8872027965082	-5.189693318095403
7.315220230429225e8	4480.390805809029	-17.895073979450522	-5.202604524902839
7.339420230429225e8	4480.012163029173	-17.902945162392843	-5.215684613820056
7.363620230429225e8	4479.633552248846	-17.910816345335167	-5.228938061515976
7.387820230429225e8	4479.254973465334	-17.91868752827749	-5.242369525052092
7.412020230429225e8	4478.876426675926	-17.926558711219815	-5.255983851706747
7.436220230429225e8	4478.497911877933	-17.934429894162136	-5.269786089477454
7.460420230429225e8	4478.160191186183	-17.942324490245706	-5.281589069991709
7.484620230429225e8	4477.836719282583	-17.9502272565547	-5.292759913279431
7.508820230429225e8	4477.513270744397	-17.9581300228637	-5.304056955381244
7.533020230429225e8	4477.189845569939	-17.966032789172697	-5.31548308028567
7.557220230429225e8	4476.866443757513	-17.9739355554817	-5.327041271985573
7.581420230429225e8	4476.543065305447	-17.981838321790697	-5.338734619155907
7.605620230429225e8	4476.219710212046	-17.989741088099695	-5.350566320108209
7.629820230429225e8	4475.896378475623	-17.997643854408693	-5.362539688041722
7.654020230429225e8	4475.5730700944905	-18.005546620717688	-5.374658156612709
7.678220230429225e8	4475.2497850669615	-18.01344938702669	-5.386925285845387
7.702420230429225e8	4474.926523391341	-18.021352153335684	-5.399344768409944
7.726620230429225e8	4474.603285065958	-18.029254919644686	-5.411920436295319
7.750820230429225e8	4474.280070089118	-18.037157685953684	-5.4246562679069426
7.775020230429225e8	4473.956878459127	-18.04506045226268	-5.437556395622302
7.799220230429225e8	4473.633710174323	-18.05296321857168	-5.450625113840259
7.823420230429225e8	4473.310565232986	-18.060865984880675	-5.463866887563335
7.847620230429225e8	4472.987443633455	-18.068768751189676	-5.4772863615558895
7.871820230429225e8	4472.664345374035	-18.076671517498674	-5.490888370125192
7.896020230429225e8	4472.349140302977	-18.084579490355512	-5.504151803646129
7.920220230429225e8	4472.069376529455	-18.092510897364292	-5.515196860950409
7.944420230429225e8	4471.789630256314	-18.100442304373072	-5.526365275299229
7.968620230429225e8	4471.50990148244	-18.10837371138185	-5.537659833277432
7.992820230429225e8	4471.230190206756	-18.116305118390635	-5.549083416971262
8.017020230429225e8	4470.950496428159	-18.12423652539941	-5.560639008382859
8.041220230429225e8	4470.670820145546	-18.13216793240819	-5.572329694102803
8.065420230429225e8	4470.391161357831	-18.14009933941697	-5.5841586702590345
8.089620230429225e8	4470.11152006392	-18.148030746425754	-5.596129247762006
8.113820230429225e8	4469.831896262734	-18.155962153434533	-5.60824485786758
8.138020230429225e8	4469.552289953147	-18.163893560443313	-5.620509058081078
8.162220230429225e8	4469.272701134081	-18.171824967452093	-5.6329255384278945
8.186420230429225e8	4468.99312980445	-18.179756374460872	-5.645498128118312
8.210620230429225e8	4468.713575963145	-18.18768778146965	-5.658230802636662
8.234820230429225e8	4468.434039609086	-18.19561918847843	-5.671127691287643
8.259020230429225e8	4468.154520741163	-18.20355059548721	-5.6841930852356715
8.283220230429225e8	4467.875019358292	-18.21148200249599	-5.69743144607638
8.307420230429225e8	4467.595535459394	-18.219413409504774	-5.710847414983161
8.331620230429225e8	4467.316069043343	-18.227344816513554	-5.724445822475628
8.355820230429225e8	4467.052808749126	-18.23527279924332	-5.736550775383359
8.380020230429225e8	4466.801063770285	-18.243198349358178	-5.747596946217364
8.404220230429225e8	4466.54933297877	-18.251123899473036	-5.758766499109326
8.428420230429225e8	4466.297616373781	-18.259049449587895	-5.7700622214964845
8.452620230429225e8	4466.045913954519	-18.266974999702754	-5.781486996356653
8.476820230429225e8	4465.794225720178	-18.274900549817616	-5.793043806624993
8.501020230429225e8	4465.5425516699715	-18.282826099932475	-5.804735739868996
8.525220230429225e8	4465.2908918030935	-18.290751650047333	-5.8165659932400136
8.549420230429225e8	4465.039246118746	-18.298677200162192	-5.8285378787212085
8.573620230429225e8	4464.787614616128	-18.30660275027705	-5.840654828693461
8.597820230429225e8	4464.535997294433	-18.314528300391913	-5.852920401842645
8.622020230429225e8	4464.284394152878	-18.32245385050677	-5.865338289433703
8.646220230429225e8	4464.032805190655	-18.33037940062163	-5.877912321979205
8.670420230429225e8	4463.781230406967	-18.33830495073649	-5.890646476332523
8.694620230429225e8	4463.529669801004	-18.34623050085135	-5.903544883238486
8.718820230429225e8	4463.278123371985	-18.354156050966207	-5.916611835377395
8.743020230429225e8	4463.026591119102	-18.36208160108107	-5.929851795941587
8.767220230429225e8	4462.775073041549	-18.370007151195928	-5.943269407787418
8.791420230429225e8	4462.5235691385515	-18.377932701310787	-5.956869503209646
8.815620230429225e8	4462.296085003763	-18.385878823459713	-5.968066406379495
8.839820230429225e8	4462.071094681069	-18.393827072891025	-5.9791195415715634
8.864020230429225e8	4461.846115702462	-18.401775322322337	-5.99029621532138
8.888220230429225e8	4461.621148067365	-18.409723571753652	-6.001599220401312
8.912420230429225e8	4461.396191775203	-18.417671821184964	-6.013031445369593
8.936620230429225e8	4461.171246825406	-18.425620070616276	-6.024595879001352
8.960820230429225e8	4460.946313217401	-18.43356832004759	-6.036295614978865
8.985020230429225e8	4460.721390950618	-18.441516569478907	-6.0481338568594465
9.009220230429225e8	4460.496480024483	-18.449464818910215	-6.060113923340935
9.033420230429225e8	4460.271580438418	-18.45741306834153	-6.072239253846424
9.057620230429225e8	4460.046692191866	-18.465361317772842	-6.084513414451759
9.081820230429225e8	4459.821815284247	-18.473309567204158	-6.096940104181351
9.106020230429225e8	4459.596949714983	-18.48125781663547	-6.109523161700109
9.130220230429225e8	4459.372095483516	-18.48920606606678	-6.122266572431806
9.154420230429225e8	4459.147252589269	-18.497154315498097	-6.13517447613688
9.178620230429225e8	4458.922421031668	-18.50510256492941	-6.14825117498574
9.202820230429225e8	4458.697600810142	-18.51305081436072	-6.161501142166954
9.227020230429225e8	4458.47279192412	-18.520999063792036	-6.17492903107344
9.251220230429225e8	4458.251549611001	-18.528952259672966	-6.18788981855427
9.275420230429225e8	4458.04212991187	-18.536921890025482	-6.198836188463503
9.299620230429225e8	4457.832720049907	-18.544891520378002	-6.2099037087670546
9.323820230429225e8	4457.62332002466	-18.552861150730525	-6.221095091201388
9.348020230429225e8	4457.413929835666	-18.560830781083045	-6.232413139580543
9.372220230429225e8	4457.204549482462	-18.568800411435568	-6.243860754012587
9.396420230429225e8	4456.995178964588	-18.576770041788087	-6.255440935360226
9.420620230429225e8	4456.785818281589	-18.584739672140607	-6.267156789962712
9.444820230429225e8	4456.576467432987	-18.592709302493127	-6.279011534637667
9.469020230429225e8	4456.367126418327	-18.600678932845646	-6.29100850198295
9.493220230429225e8	4456.157795237157	-18.608648563198166	-6.303151146000436
9.517420230429225e8	4455.948473888998	-18.616618193550686	-6.315443048065456
9.541620230429225e8	4455.739162373396	-18.62458782390321	-6.327887923267698
9.565820230429225e8	4455.52986068989	-18.63255745425573	-6.340489627151673
9.590020230429225e8	4455.320568838017	-18.640527084608244	-6.3532521628873235
9.614220230429225e8	4455.111286817316	-18.648496714960768	-6.366179688904171
9.638420230429225e8	4454.902014627325	-18.656466345313287	-6.379276527025397
9.662620230429225e8	4454.69275226759	-18.66443597566581	-6.392547171141698
9.686820230429225e8	4454.483499737633	-18.67240560601833	-6.405996296468451
9.711020230429225e8	4454.273857357706	-18.680382697285907	-6.4179440528937075
9.735220230429225e8	4454.063959455551	-18.68836474286507	-6.428905557683362
9.759420230429225e8	4453.854071444367	-18.696346788444227	-6.439988549976031
9.783620230429225e8	4453.644193323705	-18.704328834023393	-6.451195752897975
9.807820230429225e8	4453.43432509308	-18.712310879602555	-6.462529982171975
9.832020230429225e8	4453.224466752037	-18.720292925181713	-6.473994150363682
9.856220230429225e8	4453.014618300116	-18.72827497076088	-6.485591271374203
9.880420230429225e8	4452.804779736836	-18.736257016340037	-6.497324465196276
9.904620230429225e8	4452.594951061739	-18.7442390619192	-6.509196962952781
9.928820230429225e8	4452.385132274368	-18.75222110749836	-6.521212112237973
9.953020230429225e8	4452.175323374246	-18.760203153077523	-6.533373382783518
9.977220230429225e8	4451.965524360902	-18.768185198656685	-6.545684372473313
1.0001420230429225e9	4451.755735233877	-18.776167244235843	-6.5581488137331885
1.0025620230429225e9	4451.545955992705	-18.784149289815005	-6.570770580323892
1.0049820230429225e9	4451.336186636929	-18.792131335394167	-6.5835536945682644
1.0074020230429225e9	4451.126427166066	-18.80011338097333	-6.596502335046373
1.0098220230429225e9	4450.916677579667	-18.808095426552494	-6.609620844795407
1.0122420230429225e9	4450.706937877249	-18.816077472131653	-6.622913740054624
1.0146620230429225e9	4450.499711782206	-18.82405988847499	-6.636349921138573
1.0170820230429225e9	4450.478061504205	-18.832069785100504	-6.647283061727917
1.0195020230429225e9	4450.456411331524	-18.84007968172602	-6.658337058434492
1.0219220230429225e9	4450.434761264173	-18.848089578351537	-6.6695146130653375
1.0243420230429225e9	4450.413111302135	-18.85609947497705	-6.680818519053271
1.0267620230429225e9	4450.391461445417	-18.864109371602567	-6.692251665647354
1.0291820230429225e9	4450.369811694027	-18.87211926822808	-6.703817042345686
1.0316020230429225e9	4450.348162047956	-18.880129164853592	-6.715517743587548
1.0340220230429225e9	4450.326512507196	-18.88813906147911	-6.727356973723321
1.0364420230429225e9	4450.304863071753	-18.896148958104625	-6.739338052282143
1.0388620230429225e9	4450.283213741637	-18.904158854730134	-6.7514644195589755
1.0412820230429225e9	4450.261564516837	-18.91216875135565	-6.763739642544601
1.0437020230429225e9	4450.2399153973465	-18.920178647981167	-6.776167421224131
1.0461220230429225e9	4450.218266383173	-18.928188544606684	-6.788751595271842
1.0485420230429225e9	4450.196617474322	-18.936198441232197	-6.801496151172651
1.0509620230429225e9	4450.174968670778	-18.94420833785771	-6.814405229803291
1.0533820230429225e9	4450.153319972556	-18.952218234483226	-6.8274831345092375
1.0558020230429225e9	4450.131671379641	-18.96022813110874	-6.840734339716825
1.0582220230429225e9	4450.110022892049	-18.96823802773425	-6.854163500123671
1.0606420230429225e9	4449.94492020421	-18.975926975080668	-6.8655681993174555
1.0630620230429225e9	4449.6561534142875	-18.98333921735167	-6.875183375692801
1.0654820230429225e9	4449.367405363082	-18.990751459622672	-6.884891901986985
1.0679020230429225e9	4449.078676049369	-18.998163701893674	-6.894695608579331
1.0703220230429225e9	4448.78996547195	-19.005575944164676	-6.904596380216977
1.0727420230429225e9	4448.5012736296	-19.012988186435674	-6.9145961581896
1.0751620230429225e9	4448.212600521097	-19.02040042870668	-6.9246969426139975
1.0775820230429225e9	4447.923946145238	-19.02781267097768	-6.934900794835214
1.0800020230429225e9	4447.635310500802	-19.035224913248683	-6.945209839951455
1.0824220230429225e9	4447.3466935865645	-19.04263715551968	-6.955626269470495
1.0848420230429225e9	4447.058095401327	-19.050049397790684	-6.96615234410591
1.0872620230429225e9	4446.769515943865	-19.057461640061685	-6.976790396722045
1.0896820230429225e9	4446.480955212955	-19.064873882332687	-6.987542835437316
1.0921020230429225e9	4446.1924132074	-19.07228612460369	-6.998412146896178
1.0945220230429225e9	4445.903889925975	-19.07969836687469	-7.0094008997208705
1.0969420230429225e9	4445.615385367457	-19.08711060914569	-7.020511748154935
1.0993620230429225e9	4445.326899530639	-19.09452285141669	-7.031747435911432
1.1017820230429225e9	4445.038432414314	-19.101935093687693	-7.043110800239803
1.1042020230429225e9	4444.74998401726	-19.109347335958695	-7.054604776226486
1.1066220230429225e9	4444.461554338254	-19.116759578229697	-7.066232401345551
1.1090420230429225e9	4444.173143376106	-19.1241718205007	-7.077996820277044
1.1114620230429225e9	4443.884751129568	-19.1315840627717	-7.089901290012148
1.1138820230429225e9	4443.596377597442	-19.138996305042703	-7.1019491852658785
1.1163020230429225e9	4443.308022778529	-19.146408547313705	-7.11414400421985
1.1187220230429225e9	4443.019686671585	-19.153820789584707	-7.126489374619539
1.1211420230429225e9	4442.73136927541	-19.161233031855705	-7.138989060252641
1.1235620230429225e9	4442.443070588797	-19.168645274126707	-7.151646967837464
1.1259820230429225e9	4442.154790610525	-19.17605751639771	-7.164467154352909
1.1284020230429225e9	4441.866529339372	-19.18346975866871	-7.177453834844441
1.1308220230429225e9	4441.578286774132	-19.190882000939713	-7.190611390743632
1.1332420230429225e9	4441.290062913607	-19.198294243210714	-7.20394437874236
1.1356620230429225e9	4441.001857756551	-19.205706485481713	-7.217457540266659
1.1380820230429225e9	4440.713671301774	-19.213118727752715	-7.231155811599483
1.1405020230429225e9	4440.425503548047	-19.220530970023717	-7.245044334706473
1.1429220230429225e9	4440.137354494173	-19.22794321229472	-7.259128468824155
1.1453420230429225e9	4439.8492241389295	-19.23535545456572	-7.273413802875897
1.1477620230429225e9	4439.561112481096	-19.242767696836722	-7.287906168787639
1.1501820230429225e9	4439.273019519466	-19.250179939107724	-7.302611655782768
1.1526020230429225e9	4438.984945252843	-19.257592181378726	-7.317536625743842
1.1550220230429225e9	4438.719349881809	-19.26504214998584	-7.330702510518773
1.1574420230429225e9	4438.494053021141	-19.27255978476236	-7.340445588838323
1.1598620230429225e9	4438.268767595913	-19.280077419538877	-7.350284529493042
1.1622820230429225e9	4438.04349360553	-19.287595054315393	-7.360221237625914
1.1647020230429225e9	4437.818231049426	-19.29511268909191	-7.3702576757438845
1.1671220230429225e9	4437.592979927004	-19.302630323868428	-7.380395866044214
1.1695420230429225e9	4437.3677402377025	-19.310147958644947	-7.390637892859952
1.1719620230429225e9	4437.142511980924	-19.317665593421463	-7.400985905231958
1.1743820230429225e9	4436.917295156095	-19.325183228197982	-7.411442119615395
1.1768020230429225e9	4436.692089762644	-19.332700862974498	-7.422008822729214
1.1792220230429225e9	4436.466895799976	-19.340218497751017	-7.432688374557814
1.1816420230429225e9	4436.241713267524	-19.347736132527533	-7.443483211514715
1.1840620230429225e9	4436.016542164694	-19.355253767304053	-7.454395849778857
1.1864820230429225e9	4435.791382490922	-19.36277140208057	-7.465428888814964
1.1889020230429225e9	4435.566234245611	-19.370289036857088	-7.4765850150902775
1.1913220230429225e9	4435.341097428197	-19.377806671633603	-7.487867006000964
1.1937420230429225e9	4435.115972038084	-19.385324306410123	-7.499277734022553
1.1961620230429225e9	4434.890858074708	-19.39284194118664	-7.510820171099921
1.1985820230429225e9	4434.665755537474	-19.400359575963158	-7.522497393293588
1.2010020230429225e9	4434.440664425816	-19.407877210739674	-7.534312585700539
1.2034220230429225e9	4434.2155847391405	-19.415394845516193	-7.546269047669214
1.2058420230429225e9	4433.990516476873	-19.42291248029271	-7.558370198330079
1.2082620230429225e9	4433.765459638445	-19.43043011506923	-7.570619582464922
1.2106820230429225e9	4433.540414223265	-19.437947749845748	-7.5830208767401315
1.2131020230429225e9	4433.315380230747	-19.445465384622263	-7.595577896331332
1.2155220230429225e9	4433.090357660319	-19.45298301939878	-7.6082946019692885
1.2179420230429225e9	4432.865346511409	-19.4605006541753	-7.621175107439596
1.2203620230429225e9	4432.640346783431	-19.468018288951818	-7.634223687571713
1.2227820230429225e9	4432.415358475794	-19.475535923728334	-7.647444786756151
1.2252020230429225e9	4432.19038158793	-19.483053558504853	-7.6608430280322795
1.2276220230429225e9	4431.965416119264	-19.49057119328137	-7.674423222793247
1.2300420230429225e9	4431.740462069202	-19.498088828057888	-7.688190381159004
1.2324620230429225e9	4431.515519437182	-19.505606462834404	-7.702149723073376
1.2348820230429225e9	4431.290588222606	-19.513124097610923	-7.71630669018671
1.2373020230429225e9	4431.065668424911	-19.52064173238744	-7.730666958591785
1.2397220230429225e9	4430.840760043502	-19.528159367163955	-7.745236452487569
1.2421420230429225e9	4430.6158630778145	-19.535677001940478	-7.760021358853164
1.2445620230429225e9	4430.390977527263	-19.54319463671699	-7.77502814322288
1.2469820230429225e9	4430.166103391259	-19.55071227149351	-7.79026356666313
1.2494020230429225e9	4429.892378957496	-19.558278221619986	-7.801763762288901
1.2518220230429225e9	4429.5983285809425	-19.565864288532108	-7.811729755396222
1.2542420230429225e9	4429.304297723056	-19.573450355444233	-7.821796070165845
1.2566620230429225e9	4429.010286382548	-19.58103642235636	-7.831964746909512
1.2590820230429225e9	4428.716294558129	-19.588622489268484	-7.842237888821829
1.2615020230429225e9	4428.422322248499	-19.596208556180613	-7.852617664591196
1.2639220230429225e9	4428.128369452352	-19.60379462309274	-7.863106311147665
1.2663420230429225e9	4427.834436168401	-19.61138069000486	-7.873706136556454
1.2687620230429225e9	4427.54052239536	-19.618966756916986	-7.884419523066445
1.2711820230429225e9	4427.246628131917	-19.626552823829112	-7.895248930323776
1.2736020230429225e9	4426.952753376792	-19.634138890741237	-7.906196898761335
1.2760220230429225e9	4426.658898128677	-19.64172495765336	-7.917266053175872
1.2784420230429225e9	4426.36506238629	-19.649311024565485	-7.928459106505307
1.2808620230429225e9	4426.071246148323	-19.65689709147761	-7.939778863819842
1.2832820230429225e9	4425.777449413495	-19.664483158389736	-7.9512282265415655
1.2857020230429225e9	4425.483672180496	-19.67206922530186	-7.962810196908424
1.2881220230429225e9	4425.189914448048	-19.679655292213987	-7.974527882699748
1.2905420230429225e9	4424.89617621484	-19.687241359126112	-7.986384502241934
1.2929620230429225e9	4424.602457479595	-19.694827426038238	-7.998383389714459
1.2953820230429225e9	4424.308758241002	-19.70241349295036	-8.010528000778114
1.2978020230429225e9	4424.015078497781	-19.70999955986249	-8.02282191854922
1.3002220230429225e9	4423.721418248625	-19.71758562677461	-8.035268859945667
1.3026420230429225e9	4423.427777492254	-19.72517169368674	-8.047872682432914
1.3050620230429225e9	4423.134156227359	-19.73275776059886	-8.060637391200556
1.3074820230429225e9	4422.840554452654	-19.74034382751099	-8.073567146802887
1.3099020230429225e9	4422.546972166852	-19.747929894423113	-8.086666273299917
1.3123220230429225e9	4422.253409368646	-19.755515961335238	-8.099939266938705
1.3147420230429225e9	4421.959866056756	-19.763102028247364	-8.113390805418629
1.3171620230429225e9	4421.666342229873	-19.77068809515949	-8.127025757788344
1.3195820230429225e9	4421.372837886714	-19.778274162071614	-8.140849195026863
1.3220020230429225e9	4421.07935302599	-19.78586022898374	-8.154866401366265
1.3244220230429225e9	4420.7858876464015	-19.793446295895865	-8.169082886419323
1.3268420230429225e9	4420.492441746648	-19.80103236280799	-8.183504398181695
1.3292620230429225e9	4420.199015325444	-19.808618429720113	-8.198136936985467
1.3316820230429225e9	4419.905608381504	-19.81620449663224	-8.212986770488843
1.3341020230429225e9	4419.612220913527	-19.823790563544364	-8.228060449795661
1.3365220230429225e9	4419.318852920214	-19.83137663045649	-8.243364826808547
1.3389420230429225e9	4419.025504400286	-19.838962697368615	-8.258907072930704
1.3413620230429225e9	4418.663068495954	-19.846405578935332	-8.269424858923113
1.3437820230429225e9	4418.294082225733	-19.853834825703334	-8.279548725433617
1.3462020230429225e9	4417.92512676818	-19.86126407247134	-8.289776133754103
1.3486220230429225e9	4417.556202120754	-19.86869331923934	-8.300109223735747
1.3510420230429225e9	4417.187308280858	-19.87612256600735	-8.31055020225794
1.3534620230429225e9	4416.818445245927	-19.88355181277535	-8.321101346057276
1.3558820230429225e9	4416.449613013389	-19.890981059543357	-8.331765004707407
1.3583020230429225e9	4416.080811580672	-19.898410306311362	-8.342543603759479
1.3607220230429225e9	4415.712040945195	-19.905839553079367	-8.353439648053683
1.3631420230429225e9	4415.343301104411	-19.91326879984737	-8.364455725213205
1.3655620230429225e9	4414.974592055716	-19.920698046615374	-8.37559450933278
1.3679820230429225e9	4414.605913796571	-19.928127293383376	-8.38685876487501
1.3704020230429225e9	4414.237266324374	-19.93555654015138	-8.398251350788623
1.3728220230429225e9	4413.8686496365835	-19.942985786919387	-8.409775224864054
1.3752420230429225e9	4413.500063730599	-19.950415033687392	-8.42143344834292
1.3776620230429225e9	4413.131508603873	-19.957844280455397	-8.43322919079937
1.3800820230429225e9	4412.762984253828	-19.9652735272234	-8.44516573531279
1.3825020230429225e9	4412.394490677901	-19.972702773991404	-8.457246483952979
1.3849220230429225e9	4412.026027873499	-19.98013202075941	-8.46947496360071
1.3873420230429225e9	4411.657595838075	-19.98756126752741	-8.481854832128622
1.3897620230429225e9	4411.2891945690535	-19.994990514295417	-8.4943898849695
1.3921820230429225e9	4410.9208240638645	-20.002419761063422	-8.507084062101502
1.3946020230429225e9	4410.552484319946	-20.009849007831427	-8.519941455482448
1.3970220230429225e9	4410.184175334715	-20.017278254599432	-8.532966316968329
1.3994420230429225e9	4409.815897105603	-20.024707501367434	-8.546163066754314
1.4018620230429225e9	4409.447649630056	-20.03213674813544	-8.559536302380225
1.4042820230429225e9	4409.079432905499	-20.03956599490344	-8.573090808346393
1.4067020230429225e9	4408.711246929363	-20.046995241671446	-8.586831566390194
1.4091220230429225e9	4408.343091699082	-20.05442448843945	-8.600763766478519
1.4115420230429225e9	4407.974967212087	-20.061853735207453	-8.614892818576878
1.4139620230429225e9	4407.606873465811	-20.069282981975462	-8.629224365261912
1.4163820230429225e9	4407.2388104576885	-20.076712228743464	-8.643764295250914
1.4188020230429225e9	4406.870778185151	-20.08414147551147	-8.658518757929537
1.4212220230429225e9	4406.502776645632	-20.09157072227947	-8.673494178967387
1.4236420230429225e9	4406.134805836566	-20.09899996904748	-8.688697277120772
1.4260620230429225e9	4405.766865755386	-20.10642921581548	-8.704135082332538
1.4284820230429225e9	4405.3989563995265	-20.11385846258349	-8.719814955251074
1.4309020230429225e9	4405.031077766422	-20.121287709351492	-8.735744608304119
1.4333220230429225e9	4404.610703274154	-20.128757655335868	-8.748077193997085
1.4357420230429225e9	4404.161294040266	-20.136250131777345	-8.758409409436194
1.4381620230429225e9	4403.711930660295	-20.143742608218826	-8.768849495058808
1.4405820230429225e9	4403.262613129565	-20.151235084660303	-8.779399727017411
1.4430020230429225e9	4402.813341443395	-20.158727561101784	-8.790062454276493
1.4454220230429225e9	4402.364115597118	-20.166220037543262	-8.800840101751636
1.4478420230429225e9	4401.914935586033	-20.173712513984743	-8.81173517361961
1.4502620230429225e9	4401.465801405493	-20.181204990426224	-8.82275025681079
1.4526820230429225e9	4401.0167130508	-20.1886974668677	-8.833888024696066
1.4551020230429225e9	4400.5676705172855	-20.196189943309182	-8.845151240981387
1.4575220230429225e9	4400.118673800274	-20.203682419750663	-8.856542763824164
1.4599420230429225e9	4399.669722895092	-20.21117489619214	-8.868065550186822
1.4623620230429225e9	4399.220817797063	-20.21866737263362	-8.879722660444129
1.4647820230429225e9	4398.771958501524	-20.226159849075103	-8.89151726326225
1.4672020230429225e9	4398.323145003783	-20.23365232551658	-8.903452640768975
1.4696220230429225e9	4397.874377299177	-20.24114480195806	-8.915532194036246
1.4720420230429225e9	4397.425655383033	-20.248637278399542	-8.927759448897874
1.4744620230429225e9	4396.9769792506795	-20.25612975484102	-8.940138062127367
1.4768820230429225e9	4396.528348897445	-20.2636222312825	-8.95267182800293
1.4793020230429225e9	4396.079764318658	-20.27111470772398	-8.965364685289138
1.4817220230429225e9	4395.631225509648	-20.27860718416546	-8.978220724667427
1.4841420230429225e9	4395.182732465754	-20.286099660606936	-8.991244196650458
1.4865620230429225e9	4394.734285182283	-20.293592137048417	-9.0044395200187
1.4889820230429225e9	4394.285883654597	-20.3010846134899	-9.0178112908211
1.4914020230429225e9	4393.837527878002	-20.30857708993138	-9.03136429198573
1.4938220230429225e9	4393.38921784784	-20.316069566372857	-9.045103503590697
1.4962420230429225e9	4392.940953559443	-20.323562042814338	-9.05903411385052
1.4986620230429225e9	4392.492735008144	-20.331054519255815	-9.073161530878599
1.5010820230429225e9	4392.044562189284	-20.338546995697296	-9.087491395292526
1.5035020230429225e9	4391.596435098181	-20.346039472138777	-9.102029593735791
1.5059220230429225e9	4391.148353730178	-20.353531948580258	-9.116782273396945
1.5083420230429225e9	4390.700318080609	-20.361024425021736	-9.13175585761591
1.5107620230429225e9	4390.252328144808	-20.368516901463217	-9.146957062676554
1.5131820230429225e9	4389.804383918114	-20.376009377904694	-9.162392915895433
1.5156020230429225e9	4389.356485395861	-20.383501854346175	-9.17807077512864
1.5180220230429225e9	4388.908632573392	-20.390994330787652	-9.193998349832292
1.5204420230429225e9	4388.460825446033	-20.398486807229133	-9.210183723827539
1.5228620230429225e9	4388.013064009117	-20.405979283670614	-9.22663537993842
1.5252820230429225e9	4387.515332228065	-20.413505232940878	-9.238670963180125
1.5277020230429225e9	4387.000761609855	-20.421042490621257	-9.24925389000157
1.5301220230429225e9	4386.486251340826	-20.428579748301637	-9.259950014190368
1.5325420230429225e9	4385.971801413892	-20.436117005982013	-9.270761783521094
1.5349620230429225e9	4385.457411821975	-20.44365426366239	-9.281691726032777
1.5373820230429225e9	4384.943082557994	-20.451191521342764	-9.292742453576963
1.5398020230429225e9	4384.428813614886	-20.458728779023144	-9.303916665564019
1.5422220230429225e9	4383.914604985571	-20.466266036703523	-9.315217152921127
1.5446420230429225e9	4383.400456662975	-20.4738032943839	-9.326646802276482
1.5470620230429225e9	4382.8863686400155	-20.481340552064275	-9.338208600385387
1.5494820230429225e9	4382.372340909638	-20.48887780974465	-9.349905638815226
1.5519020230429225e9	4381.858373464765	-20.49641506742503	-9.361741118907688
1.5543220230429225e9	4381.344466298322	-20.50395232510541	-9.373718357038184
1.5567420230429225e9	4380.830619403235	-20.511489582785785	-9.385840790194075
1.5591620230429225e9	4380.316832772449	-20.51902684046616	-9.398111981895163
1.5615820230429225e9	4379.80310639889	-20.526564098146537	-9.410535628481977
1.5640020230429225e9	4379.289440275483	-20.534101355826916	-9.423115565799636
1.5664220230429225e9	4378.7758343951755	-20.541638613507292	-9.435855776307474
1.5688420230429225e9	4378.262288750897	-20.54917587118767	-9.448760396647469
1.5712620230429225e9	4377.748803335573	-20.556713128868047	-9.461833725707393
1.5736820230429225e9	4377.235378142165	-20.564250386548423	-9.475080233218074
1.5761020230429225e9	4376.722013163578	-20.5717876442288	-9.488504568927736
1.5785220230429225e9	4376.208708392773	-20.579324901909178	-9.502111572400576
1.5809420230429225e9	4375.695463822674	-20.586862159589554	-9.51590628349124
1.5833620230429225e9	4375.182279446236	-20.59439941726993	-9.529893953551907
1.5857820230429225e9	4374.669155256391	-20.60193667495031	-9.544080057434373
1.5882020230429225e9	4374.156091246081	-20.609473932630685	-9.55847030635577
1.5906220230429225e9	4373.64308740824	-20.617011190311064	-9.573070661703587
1.5930420230429225e9	4373.130143735834	-20.624548447991444	-9.587887349863495
1.5954620230429225e9	4372.617260221777	-20.63208570567182	-9.602926878162299
1.5978820230429225e9	4372.104436859036	-20.639622963352195	-9.61819605202818
1.6003020230429225e9	4371.59167364054	-20.64716022103257	-9.633701993481493
1.6027220230429225e9	4371.0789705592515	-20.65469747871295	-9.64945216108187
1.6051420230429225e9	4370.56632760811	-20.662234736393327	-9.665454371471478
1.6075620230429225e9	4370.053744780064	-20.669771994073702	-9.681716822670198
1.6099820230429225e9	4369.541222068054	-20.67730925175408	-9.698248119296492
1.6124020230429225e9	4369.0287594650445	-20.684846509434458	-9.715057299908247
1.6148220230429225e9	4368.516356963978	-20.692383767114837	-9.73215386668103
1.6172420230429225e9	4367.9830903075945	-20.699822671558657	-9.744410123826842
1.6196620230429225e9	4367.443741463913	-20.707232677432778	-9.755295115854388
1.6220820230429225e9	4366.904459217837	-20.714642683306902	-9.76629989602207
1.6245020230429225e9	4366.365243561134	-20.722052689181023	-9.777427130205377
1.6269220230429225e9	4365.826094485582	-20.729462695055144	-9.788679574275424
1.6293420230429225e9	4365.287011982951	-20.736872700929265	-9.80006007819591
1.6317620230429225e9	4364.747996045037	-20.744282706803386	-9.811571590355904
1.6341820230429225e9	4364.209046663614	-20.751692712677507	-9.823217162154911
1.6366020230429225e9	4363.670163830462	-20.759102718551627	-9.834999952858102
1.6390220230429225e9	4363.1313475373645	-20.766512724425752	-9.846923234740995
1.6414420230429225e9	4362.592597776098	-20.773922730299873	-9.858990398544583
1.6438620230429225e9	4362.053914538462	-20.781332736173994	-9.871204959263606
1.6462820230429225e9	4361.515297816235	-20.788742742048115	-9.883570562292766
1.6487020230429225e9	4360.976747601203	-20.796152747922235	-9.8960909899577
1.6511220230429225e9	4360.4382638851475	-20.803562753796356	-9.908770168460032
1.6535420230429225e9	4359.899846659872	-20.81097275967048	-9.92161217526839
1.6559620230429225e9	4359.361495917159	-20.818382765544598	-9.934621246990208
1.6583820230429225e9	4358.8232116488	-20.825792771418723	-9.947801787762343
1.6608020230429225e9	4358.284993846577	-20.833202777292843	-9.961158378202073
1.6632220230429225e9	4357.7468425023	-20.840612783166964	-9.974695784964021
1.6656420230429225e9	4357.208757607755	-20.84802278904109	-9.988418970952857
1.6680620230429225e9	4356.670739154737	-20.85543279491521	-10.002333106246596
1.6704820230429225e9	4356.132787135041	-20.86284280078933	-10.016443579790593
1.6729020230429225e9	4355.594901540458	-20.87025280666345	-10.03075601192847
1.6753220230429225e9	4355.0570823628	-20.877662812537572	-10.045276267842874
1.6777420230429225e9	4354.519329593859	-20.885072818411693	-10.060010471986516
1.6801620230429225e9	4353.981643225435	-20.892482824285818	-10.07496502359236
1.6825820230429225e9	4353.444023249327	-20.89989283015994	-10.09014661336126
1.6850020230429225e9	4352.906469657332	-20.90730283603406	-10.10556224143597
1.6874220230429225e9	4352.368982441269	-20.91471284190818	-10.1212192367824
1.6898420230429225e9	4351.8315615929305	-20.922122847782305	-10.1371252781124
1.6922620230429225e9	4351.294207104125	-20.929532853656426	-10.153288416497631
1.6946820230429225e9	4350.756918966657	-20.936942859530546	-10.1697170998412
1.6971020230429225e9	4350.219697172327	-20.944352865404667	-10.186420199393293
1.6995220230429225e9	4349.682541712958	-20.95176287127879	-10.203407038519137
1.7019420230429225e9	4349.14545258035	-20.959172877152913	-10.220687423952882
1.7043620230429225e9	4348.608429766316	-20.96658288302703	-10.238271679799682
1.7067820230429225e9	4348.071473262656	-20.97399288890115	-10.256170684581193
1.7092020230429225e9	4347.534583061208	-20.981402894775275	-10.274395911657312
1.7116220230429225e9	4346.988239090355	-20.988862893978173	-10.290227629049303
1.7140420230429225e9	4346.426216979072	-20.996405596000788	-10.301738265685161
1.7164620230429225e9	4345.864267531611	-21.0039482980234	-10.313382941449667
1.7188820230429225e9	4345.3023907386105	-21.01149100004601	-10.325164814878725
1.7213020230429225e9	4344.740586590653	-21.019033702068622	-10.337087157483598
1.7237220230429225e9	4344.178855078362	-21.026576404091237	-10.349153359203909
1.7261420230429225e9	4343.61719619233	-21.03411910611385	-10.361366934193644
1.7285620230429225e9	4343.055609923176	-21.04166180813646	-10.3737315269649
1.7309820230429225e9	4342.494096261519	-21.049204510159072	-10.386250918916234
1.7334020230429225e9	4341.932655197957	-21.056747212181683	-10.398929035274877
1.7358220230429225e9	4341.371286723116	-21.0642899142043	-10.411769952484685
1.7382420230429225e9	4340.809990827598	-21.07183261622691	-10.424777906074656
1.7406620230429225e9	4340.248767502035	-21.07937531824952	-10.437957299045975
1.7430820230429225e9	4339.687616737028	-21.086918020272137	-10.451312710819169
1.7455020230429225e9	4339.126538523204	-21.094460722294748	-10.464848906786868
1.7479220230429225e9	4338.565532851189	-21.10200342431736	-10.478570848522002
1.7503420230429225e9	4338.004599711591	-21.10954612633997	-10.492483704696212
1.7527620230429225e9	4337.443739095046	-21.117088828362586	-10.50659286276854
1.7551820230429225e9	4336.882950992163	-21.124631530385198	-10.520903941510596
1.7576020230429225e9	4336.322235393582	-21.13217423240781	-10.535422804441053
1.7600220230429225e9	4335.76159228992	-21.139716934430425	-10.550155574249851
1.7624420230429225e9	4335.201021671799	-21.147259636453036	-10.565108648300958
1.7648620230429225e9	4334.6405235298525	-21.154802338475648	-10.580288715311866
1.7672820230429225e9	4334.08009785471	-21.16234504049826	-10.595702773318736
1.7697020230429225e9	4333.519744637005	-21.16988774252087	-10.611358149047911
1.7721220230429225e9	4332.959463867374	-21.177430444543482	-10.627262518828063
1.7745420230429225e9	4332.3992555364375	-21.184973146566097	-10.643423931192343
1.7769620230429225e9	4331.839119634844	-21.19251584858871	-10.65985083133717
1.7793820230429225e9	4331.279056153213	-21.200058550611324	-10.676552087623687
1.7818020230429225e9	4330.719065082198	-21.207601252633935	-10.693537020330115
1.7842220230429225e9	4330.159146412421	-21.215143954656547	-10.710815432888376
1.7866420230429225e9	4329.599300134537	-21.22268665667916	-10.72839764586708
1.7890620230429225e9	4329.03952623917	-21.230229358701774	-10.746294533995881
1.7914820230429225e9	4328.47982471697	-21.237772060724385	-10.764517566563713
1.7939020230429225e9	4327.920195558589	-21.245314762746997	-10.783078851566785
1.7963220230429225e9	4327.360638754653	-21.25285746476961	-10.801991184031861
1.7987420230429225e9	4326.801154295826	-21.260400166792223	-10.821268098997834
1.8011620230429225e9	4326.241742172736	-21.267942868814835	-10.840923929705095
1.8035820230429225e9	4325.682402376047	-21.27548557083745	-10.860973871619269
1.8060020230429225e9	4325.123134896394	-21.283028272860058	-10.88143405300573
1.8084220230429225e9	4324.569841322551	-21.29053922839998	-10.898800509231153
1.8108420230429225e9	4324.024695483791	-21.298006730066955	-10.911588931080878
1.8132620230429225e9	4323.479618364926	-21.305474231733932	-10.924543017539932
1.8156820230429225e9	4322.934609957294	-21.312941733400912	-10.937667117128404
1.8181020230429225e9	4322.389670252224	-21.320409235067892	-10.950965751861993
1.8205220230429225e9	4321.844799241073	-21.327876736734872	-10.964443626605972
1.8229420230429225e9	4321.299996915172	-21.33534423840185	-10.978105639068156
1.8253620230429225e9	4320.755263265864	-21.342811740068825	-10.991956890484007
1.8277820230429225e9	4320.210598284483	-21.35027924173581	-11.0060026970522
1.8302020230429225e9	4319.6660019623905	-21.357746743402785	-11.020248602184804
1.8326220230429225e9	4319.121474290921	-21.365214245069765	-11.034700389642728
1.8350420230429225e9	4318.577015261421	-21.372681746736745	-11.049364097634312
1.8374620230429225e9	4318.032624865232	-21.380149248403722	-11.064246033963087
1.8398820230429225e9	4317.488303093715	-21.387616750070702	-11.079352792319815
1.8423020230429225e9	4316.944049938214	-21.395084251737682	-11.094691269824104
1.8447220230429225e9	4316.399865390071	-21.40255175340466	-11.110268685932429
1.8471420230429225e9	4315.855749440651	-21.41001925507164	-11.126092602842313
1.8495620230429225e9	4315.3117020813015	-21.41748675673862	-11.142170947536966
1.8519820230429225e9	4314.767723303375	-21.4249542584056	-11.158512035631327
1.8544020230429225e9	4314.223813098226	-21.432421760072575	-11.175124597199003
1.8568220230429225e9	4313.6799714572035	-21.439889261739555	-11.192017804780981
1.8592420230429225e9	4313.136198371679	-21.447356763406532	-11.209201303801043
1.8616620230429225e9	4312.592493833004	-21.454824265073512	-11.226685245640425
1.8640820230429225e9	4312.048857832536	-21.462291766740492	-11.244480323655662
1.8665020230429225e9	4311.505290361636	-21.469759268407472	-11.262597812459626
1.8689220230429225e9	4310.961791411658	-21.47722677007445	-11.281049610827084
1.8713420230429225e9	4310.418360973979	-21.48469427174143	-11.299848288633653
1.8737620230429225e9	4309.8749990399565	-21.49216177340841	-11.319007138291884
1.8761820230429225e9	4309.3317056009455	-21.499629275075385	-11.338540231211645
1.8786020230429225e9	4308.788480648328	-21.507096776742365	-11.358462479885452
1.8810220230429225e9	4308.245324173463	-21.514564278409342	-11.378789706284945
1.8834420230429225e9	4307.702236167717	-21.522031780076322	-11.399538717354371
1.8858620230429225e9	4307.159216622454	-21.529499281743302	-11.420727388503488
1.8882820230429225e9	4306.616265529056	-21.53696678341028	-11.442374756139147
1.8907020230429225e9	4306.073382878882	-21.54443428507726	-11.464501120435772
1.8931220230429225e9	4305.5305686633255	-21.55190178674424	-11.487128159735116
1.8955420230429225e9	4304.987822873729	-21.559369288411215	-11.510279058191074
1.8979620230429225e9	4304.4451455014905	-21.566836790078195	-11.53397864854346
1.9003820230429225e9	4303.902536537969	-21.57430429174517	-11.55825357222485
1.9028020230429225e9	4303.359995974558	-21.581771793412152	-11.583132459388628
1.9052220230429225e9	4302.817523802627	-21.589239295079132	-11.608646131908696
1.9076420230429225e9	4302.275120013554	-21.596706796746112	-11.634827832960617
1.9100620230429225e9	4301.740245286623	-21.604179155268415	-11.66034624017805
1.9124820230429225e9	4301.2581643009735	-21.61168584288306	-11.676668173699913
1.9149020230429225e9	4300.776137340446	-21.619192530497703	-11.693260939351974
1.9173220230429225e9	4300.294164398995	-21.626699218112346	-11.710133676916127
1.9197420230429225e9	4299.812245470566	-21.63420590572699	-11.727295996787348
1.9221620230429225e9	4299.330380549114	-21.641712593341634	-11.74475801284832
1.9245820230429225e9	4298.848569628571	-21.64921928095628	-11.762530378265716
1.9270020230429225e9	4298.3668127029	-21.656725968570925	-11.780624324525364
1.9294220230429225e9	4297.885109766035	-21.664232656185565	-11.7990517040645
1.9318420230429225e9	4297.403460811935	-21.67173934380021	-11.817825036906306
1.9342620230429225e9	4296.921865834547	-21.679246031414852	-11.836957561756286
1.9366820230429225e9	4296.440324827833	-21.686752719029496	-11.856463292082736
1.9391020230429225e9	4295.958837785727	-21.69425940664414	-11.876357077776365
1.9415220230429225e9	4295.477404702191	-21.701766094258787	-11.896654673068616
1.9439420230429225e9	4294.996025571184	-21.709272781873427	-11.917372811486908
1.9463620230429225e9	4294.514700386645	-21.71677946948807	-11.938529288740186
1.9487820230429225e9	4294.033429142537	-21.724286157102714	-11.960143054563469
1.9512020230429225e9	4293.552211832814	-21.73179284471736	-11.982234314709142
1.9536220230429225e9	4293.071048451439	-21.739299532332005	-12.004824644460623
1.9560420230429225e9	4292.589938992354	-21.74680621994665	-12.027937115266674
1.9584620230429225e9	4292.108883449524	-21.754312907561292	-12.051596436359391
1.9608820230429225e9	4291.627881816914	-21.761819595175936	-12.075829113535017
1.9633020230429225e9	4291.146934088467	-21.76932628279058	-12.100663627655694
1.9657220230429225e9	4290.66604025815	-21.776832970405223	-12.12613063588648
1.9681420230429225e9	4290.185200319931	-21.784339658019867	-12.152263199233474
1.9705620230429225e9	4289.704414267754	-21.79184634563451	-12.17909704061906
1.9729820230429225e9	4289.223682095589	-21.799353033249155	-12.206670838548147
1.9754020230429225e9	4288.743003797396	-21.806859720863795	-12.23502656242286
1.9778220230429225e9	4288.262379367148	-21.814366408478442	-12.264209856801164
1.9802420230429225e9	4287.781808798792	-21.821873096093086	-12.29427048343075
1.9826620230429225e9	4287.3012920862975	-21.82937978370773	-12.325262831806361
1.9850820230429225e9	4286.820829223639	-21.836886471322373	-12.357246511406446
1.9875020230429225e9	4286.340420204765	-21.844393158937017	-12.390287041809444
1.9899220230429225e9	4285.8600650236585	-21.85189984655166	-12.424456660767229
1.9923420230429225e9	4285.379763674268	-21.859406534166304	-12.45983527528869
1.9947620230429225e9	4284.899516150572	-21.866913221780948	-12.496511587222734
1.9971820230429225e9	4284.419322446535	-21.874419909395588	-12.534584433228458
1.9996020230429225e9	4283.939182556135	-21.881926597010235	-12.574164390080202
2.0020220230429225e9	4283.459096473326	-21.88943328462488	-12.615375710965191
2.0044420230429225e9	4282.979064192086	-21.896939972239522	-12.658358678204799
2.0068620230429225e9	4282.499085706392	-21.904446659854166	-12.703272484716695
2.0092820230429225e9	4282.019161010201	-21.91195334746881	-12.750298793548529
2.0117020230429225e9	4281.539290097492	-21.919460035083453	-12.799646176458964
2.0141220230429225e9	4281.059472962238	-21.926966722698097	-12.851555705645463
2.0165420230429225e9	4280.579709598413	-21.934473410312737	-12.906308077923226
2.0189620230429225e9	4280.099999999998	-21.941980097927384	-12.964232804703833
