-3.321541325925924e6	8458.390501942244	-12.663244294163277
-3.194941325925924e6	8382.027410909433	-12.675341845258508
-3.068341325925924e6	8306.353732557542	-12.687439396353739
-2.941741325925924e6	8231.234140275483	-12.699534732758513
-2.815141325925924e6	8149.779824212035	-12.711508594835953
-2.688541325925924e6	8069.13156049656	-12.723482456913395
-2.561941325925924e6	7989.281372628578	-12.735456318990837
-2.435341325925924e6	7905.929557914012	-12.747371193423353
-2.308741325925924e6	7820.008292451188	-12.759238278797268
-2.182141325925924e6	7735.020815204481	-12.77110536417118
-2.055541325925924e6	7648.220444714446	-12.782916538471204
-1.928941325925924e6	7557.823422113742	-12.794633221827494
-1.802341325925924e6	7468.494833896439	-12.806349905183787
-1.675741325925924e6	7376.938905979692	-12.817979182470545
-1.549141325925924e6	7282.2970691057635	-12.82949497542381
-1.422541325925924e6	7188.869431969847	-12.841010768377078
-1.295941325925924e6	7088.149880241266	-12.85267684290903
-1.169341325925924e6	6983.7315407706	-12.864286923716843
-1.0427413259259239e6	6877.205136723533	-12.875762291580987
-916141.3259259239	6767.89631347719	-12.887140250208475
-789541.3259259239	6656.5706714247335	-12.898307721449063
-662941.3259259239	6542.881424373571	-12.909275553590016
-536341.3259259239	6426.960739533206	-12.92008610395714
-409741.3259259239	6309.3244791336565	-12.930737860729336
-283141.3259259239	6189.775960688065	-12.941218687906305
-156541.32592592388	6069.714504404993	-12.951732529987902
-29941.325925923884	5949.384646251442	-12.962254071658233
96658.67407407612	5830.0718432847125	-12.97303618033181
223258.67407407612	5713.805679793037	-12.984433285531614
349858.6740740761	5602.441654238469	-12.996770139668733
476458.6740740761	5497.95744663415	-13.010432541469978
603058.6740740761	5401.268680542655	-13.025652112719262
729658.6740740761	5312.0893777232795	-13.042409837979918
856258.6740740761	5233.153253466032	-13.061466871532247
982858.6740740761	5160.331760430119	-13.081774536653793
1.109458674074076e6	5092.14001101294	-13.103009579216918
1.236058674074076e6	5030.880055421063	-13.125985582105326
1.362658674074076e6	4971.05471753824	-13.149168997675122
1.489258674074076e6	4918.015065865943	-13.174255551707702
1.615858674074076e6	4865.541331249364	-13.19934210574028
1.742458674074076e6	4839.22900915516	-13.23235479063666
1.869058674074076e6	4822.1186442279995	-13.268177451023245
1.995658674074076e6	4804.014772614801	-13.303636201408276
2.122258674074076e6	4783.4038837163735	-13.338202213444578
2.248858674074076e6	4762.881422676987	-13.372768225480879
2.375458674074076e6	4746.240444785005	-13.408901117912224
2.502058674074076e6	4731.294463901239	-13.445712096381046
2.628658674074076e6	4716.395548130827	-13.482523074849864
2.755258674074076e6	4703.843833166813	-13.519993192530897
2.881858674074076e6	4691.3403569733055	-13.557467571419902
3.008458674074076e6	4679.1960574777195	-13.595108661206027
3.135058674074076e6	4668.65972841464	-13.633558038126498
3.261658674074076e6	4658.147124416464	-13.67200741504697
3.388258674074076e6	4648.086500169951	-13.710591981775353
3.514858674074076e6	4639.254050338299	-13.749558104161585
3.641458674074076e6	4630.438384223987	-13.788524226547816
3.768058674074076e6	4622.0060263202395	-13.827657909952674
3.894658674074076e6	4614.646482693034	-13.867275788119978
4.021258674074076e6	4607.298657545227	-13.90689366628728
4.147858674074076e6	4600.172481105741	-13.946579645946018
4.274458674074076e6	4593.996877766745	-13.986570823334375
4.401058674074076e6	4587.829565003111	-14.026562000722729
4.527658674074076e6	4581.70507490525	-14.066566995218231
4.654258674074076e6	4576.47967295875	-14.106928790245451
4.780858674074076e6	4571.260230545892	-14.147290585272671
4.907458674074076e6	4566.046740869866	-14.187652380299891
5.034058674074076e6	4561.481169016691	-14.22825042806734
5.160658674074076e6	4557.044629287904	-14.268894323069155
5.287258674074076e6	4552.61240457962	-14.309538218070973
5.413858674074076e6	4548.562281234283	-14.350369476733036
5.540458674074076e6	4544.777207379398	-14.391330504988634
5.667058674074076e6	4540.995283263529	-14.432291533244232
5.793658674074076e6	4537.3882782990395	-14.473273737980143
5.920258674074076e6	4534.160384213236	-14.514302361291008
6.046858674074076e6	4530.934786448479	-14.555330984601873
6.173458674074076e6	4527.711483371189	-14.596359607912738
6.300058674074076e6	4524.916693070177	-14.63760412468522
6.426658674074076e6	4522.1251514516025	-14.678849413628514
6.553258674074076e6	4519.335332009408	-14.72009470257181
6.679858674074076e6	4516.7705726985805	-14.76141009220689
6.806458674074076e6	4514.319922585718	-14.802760859856093
6.933058674074076e6	4511.870602114446	-14.844111627505296
7.059658674074076e6	4509.5082227603325	-14.885493088902756
7.186258674074076e6	4507.330919354898	-14.926940492961112
7.312858674074076e6	4505.1546672060185	-14.968387897019472
7.439458674074076e6	4502.979465806131	-15.00983530107783
7.566058674074076e6	4501.007290072852	-15.051267382917965
7.692658674074076e6	4499.043635384701	-15.092698883621438
7.819258674074076e6	4497.080837380293	-15.134130384324912
7.945858674074076e6	4495.21935515596	-15.175688480816891
8.072458674074076e6	4493.425017263527	-15.217330252525086
8.199058674074076e6	4491.631395609437	-15.25897202423328
8.325658674074076e6	4489.8609149900585	-15.300587752788632
8.452258674074076e6	4488.155787863295	-15.342128365287262
8.578858674074076e6	4486.451308297456	-15.383668977785895
8.705458674074076e6	4484.747476046631	-15.425209590284528
8.832058674074076e6	4483.113349569168	-15.466875051334249
8.958658674074076e6	4481.486361487609	-15.508552345363459
9.085258674074076e6	4479.859963864068	-15.550229639392665
9.211858674074076e6	4478.246139269645	-15.59188322087789
9.338458674074076e6	4476.641079497172	-15.633520602448783
9.465058674074076e6	4475.036594998319	-15.67515798401968
9.591658674074076e6	4473.506648756871	-15.716851496035089
9.718258674074076e6	4472.157029085502	-15.758681503189266
9.844858674074076e6	4470.807816583138	-15.80051151034344
9.971458674074076e6	4469.44442224251	-15.842258178429047
1.0098058674074076e7	4467.616198752927	-15.881346179292345
1.0224658674074076e7	4465.788723097045	-15.920434180155642
1.0351258674074076e7	4463.961994968938	-15.95952218101894
1.0477858674074076e7	4462.136014062856	-15.998610181882237
1.0604458674074076e7	4460.3107800731395	-16.037698182745537
1.0731058674074076e7	4458.486292694263	-16.07678618360883
1.0857658674074076e7	4456.644422161797	-16.115968800237564
1.0984258674074076e7	4454.72351145408	-16.155568067128705
1.1110858674074076e7	4452.80342870067	-16.195167334019846
1.1237458674074076e7	4450.884173544702	-16.234766600910987
1.1364058674074076e7	4448.965745629454	-16.274365867802125
1.1490658674074076e7	4447.048144598378	-16.313965134693266
1.1617258674074076e7	4445.131370095065	-16.353564401584407
1.1743858674074076e7	4442.998500264708	-16.39308733957964
1.1870458674074076e7	4440.70049809701	-16.432551781210023
1.1997058674074076e7	4438.40368449914	-16.472016222840406
1.2123658674074076e7	4436.108058856355	-16.51148066447079
1.2250258674074076e7	4433.813620554199	-16.550945106101167
1.2376858674074076e7	4431.520368978588	-16.590409547731554
1.2503458674074076e7	4429.1633501905	-16.629844097611148
1.2630058674074076e7	4426.3249956126965	-16.669056426192633
1.2756658674074076e7	4423.48845994651	-16.708268754774117
1.2883258674074076e7	4420.653742026339	-16.747481083355602
1.3009858674074076e7	4417.820840687311	-16.786693411937087
1.3136458674074076e7	4414.9897547652845	-16.825905740518568
1.3263058674074076e7	4412.160483096888	-16.86511806910005
1.3389658674074076e7	4408.684655617277	-16.904561589143608
1.3516258674074076e7	4405.0855802736	-16.94405007190249
1.3642858674074076e7	4401.489443072325	-16.983538554661372
1.3769458674074076e7	4397.89624161488	-17.023027037420253
1.3896058674074076e7	4394.305973504614	-17.062515520179133
1.4022658674074076e7	4390.718636346891	-17.102004002938017
1.4149258674074076e7	4386.425625250871	-17.14102236752208
1.4275858674074076e7	4381.959382821478	-17.179922890891135
1.4402458674074076e7	4377.4976879036985	-17.21882341426019
1.4529058674074076e7	4373.040535867265	-17.25772393762924
1.4655658674074076e7	4368.587922086633	-17.296624460998295
1.4782258674074076e7	4364.139841940958	-17.33552498436735
1.4908858674074076e7	4358.718481296211	-17.374785444388685
1.5035458674074076e7	4353.108899233194	-17.414117767674746
1.5162058674074076e7	4347.506536588246	-17.453450090960803
1.5288658674074076e7	4341.911384070104	-17.49278241424686
1.5415258674074076e7	4336.3234323995	-17.53211473753292
1.5541858674074076e7	4330.732905747304	-17.571437913500098
1.5668458674074076e7	4324.210514966133	-17.60988032712212
1.5795058674074076e7	4317.697947367879	-17.648322740744142
1.5921658674074076e7	4311.195188158127	-17.68676515436616
1.6048258674074076e7	4304.702222564753	-17.72520756798818
1.6174858674074076e7	4298.2190358378875	-17.763649981610197
1.6301458674074076e7	4291.745613249854	-17.80209239523222
1.6428058674074076e7	4284.462579554001	-17.840130335290937
1.6554658674074076e7	4277.173069232788	-17.87815896040991
1.6681258674074076e7	4269.895961158003	-17.91618758552888
1.6807858674074076e7	4262.6312342286865	-17.954216210647854
1.6934458674074076e7	4255.378867379756	-17.992244835766826
1.7061058674074076e7	4248.138839581996	-18.0302734608858
1.7187658674074076e7	4241.139550487626	-18.067817855345396
1.7314258674074076e7	4234.358604663051	-18.10492312829075
1.7440858674074076e7	4227.588500553474	-18.142028401236107
1.7567458674074076e7	4220.829220824613	-18.17913367418146
1.7694058674074076e7	4214.080748169921	-18.21623894712682
1.7820658674074076e7	4207.343065310502	-18.253344220072172
1.7947258674074076e7	4200.616154995084	-18.290449493017526
1.8073858674074076e7	4193.9	-18.327554765962883
