-1.3163691387611419e7	9654.81650069228	-14.627939592314915
-1.2958691387611419e7	9620.124421633616	-14.633211356530682
-1.2753691387611419e7	9585.556999563441	-14.638483120746445
-1.2548691387611419e7	9551.113786559217	-14.64375488496221
-1.2343691387611419e7	9516.79433630783	-14.649026649177976
-1.2138691387611419e7	9482.598204099992	-14.654298413393743
-1.1933691387611419e7	9448.52494682423	-14.659570177609506
-1.1728691387611419e7	9414.574122961394	-14.66484194182527
-1.1523691387611419e7	9375.338690899496	-14.669843209676712
-1.1318691387611419e7	9335.206872965027	-14.674791209618768
-1.1113691387611419e7	9295.246842190876	-14.679739209560825
-1.0908691387611419e7	9255.457863229649	-14.684687209502883
-1.0703691387611419e7	9215.839203881605	-14.689635209444939
-1.0498691387611419e7	9176.390135081294	-14.694583209386995
-1.0293691387611419e7	9134.630926257125	-14.699362796872537
-1.0088691387611419e7	9087.78228753014	-14.703781928040309
-9.883691387611419e6	9041.173920683685	-14.70820105920808
-9.678691387611419e6	8994.80459343912	-14.712620190375848
-9.473691387611419e6	8948.673079837763	-14.71703932154362
-9.268691387611419e6	8902.778160208538	-14.721458452711389
-9.063691387611419e6	8850.896295466504	-14.725376134793706
-8.858691387611419e6	8795.700434352008	-14.729000508860118
-8.653691387611419e6	8740.848785053182	-14.73262488292653
-8.448691387611419e6	8686.339201000124	-14.736249256992942
-8.243691387611419e6	8632.169549009355	-14.739873631059353
-8.038691387611419e6	8570.729764503967	-14.742815096456367
-7.833691387611419e6	8504.85025774733	-14.745315327486008
-7.628691387611419e6	8439.477138373068	-14.747815558515653
-7.423691387611419e6	8374.606513999548	-14.750315789545297
-7.218691387611419e6	8309.001834029234	-14.752725260649566
-7.013691387611419e6	8227.584150968096	-14.753921835239911
-6.808691387611419e6	8146.762460363364	-14.755098166410264
-6.603691387611419e6	8056.502266916896	-14.755237171913357
-6.398691387611419e6	7967.242090662623	-14.755376177416451
-6.193691387611419e6	7867.428927428315	-14.754383769201482
-5.988691387611419e6	7768.7962347354605	-14.75338440862391
-5.783691387611419e6	7660.667170940396	-14.751279688375298
-5.578691387611419e6	7553.450803712844	-14.749113063247725
-5.373691387611419e6	7441.073473598233	-14.746346313738503
-5.168691387611419e6	7328.671183018795	-14.743424300690718
-4.963691387611419e6	7217.409461117344	-14.740616939092128
-4.758691387611419e6	7107.074527593259	-14.737968834620297
-4.553691387611419e6	6998.4263208125085	-14.735320730148466
-4.348691387611419e6	6899.57703374431	-14.734265731302765
-4.143691387611419e6	6806.737078309605	-14.734125895803908
-3.938691387611419e6	6715.146367181164	-14.733986060305051
-3.733691387611419e6	6630.301824969317	-14.734875537300885
-3.528691387611419e6	6564.744839532208	-14.739202825635786
-3.323691387611419e6	6499.836047563961	-14.743530113970689
-3.118691387611419e6	6435.569040063771	-14.74785740230559
-2.913691387611419e6	6374.244961497258	-14.752671206565415
-2.708691387611419e6	6324.564588764178	-14.759836735213614
-2.503691387611419e6	6275.271421017685	-14.767002263861816
-2.298691387611419e6	6226.362440412054	-14.774167792510015
-2.093691387611419e6	6177.834652622381	-14.781333321158215
-1.888691387611419e6	6133.950677637727	-14.789506085943176
-1.683691387611419e6	6095.066546760448	-14.798792961349363
-1.478691387611419e6	6056.4289088391015	-14.808079836755553
-1.273691387611419e6	6018.036201313953	-14.817366712161741
-1.068691387611419e6	5979.886871530588	-14.82665358756793
-863691.387611419	5943.019155618779	-14.83622568542896
-658691.387611419	5911.529220457325	-14.847218635859733
-453691.38761141896	5880.206139211448	-14.858211586290505
-248691.38761141896	5849.049027781866	-14.869204536721277
-43691.38761141896	5818.05700675382	-14.88019748715205
161308.61238858104	5787.229201372265	-14.891190437582821
366308.61238858104	5758.110241376844	-14.902668037438746
571308.612388581	5731.985980239433	-14.915042965449167
776308.612388581	5705.980243581636	-14.92741789345959
981308.612388581	5680.092493663757	-14.93979282147001
1.186308612388581e6	5654.322195185825	-14.952167749480434
1.391308612388581e6	5628.668815276432	-14.964542677490856
1.596308612388581e6	5603.6584099505335	-14.977104167955023
1.801308612388581e6	5581.294634692898	-14.990567713266428
2.006308612388581e6	5559.020111564341	-15.00403125857783
2.211308612388581e6	5536.834484366423	-15.017494803889232
2.416308612388581e6	5514.737398322192	-15.030958349200635
2.621308612388581e6	5492.728500070649	-15.044421894512038
2.826308612388581e6	5470.807437661017	-15.057885439823442
3.031308612388581e6	5450.812401971843	-15.072051828639783
3.236308612388581e6	5431.3795247267	-15.086405830038107
3.441308612388581e6	5412.015928295154	-15.100759831436433
3.646308612388581e6	5392.721365681831	-15.115113832834755
3.851308612388581e6	5373.495590771893	-15.129467834233083
4.056308612388581e6	5354.338358327971	-15.143821835631405
4.261308612388581e6	5335.85228571957	-15.158432795622971
4.466308612388581e6	5318.605218072075	-15.173546306099308
4.671308612388581e6	5301.413898096454	-15.188659816575644
4.876308612388581e6	5284.2781455995955	-15.203773327051977
5.081308612388581e6	5267.197780970819	-15.218886837528315
5.286308612388581e6	5250.172625180006	-15.234000348004649
5.491308612388581e6	5233.2024997756935	-15.249113858480985
5.696308612388581e6	5217.72310291214	-15.264843406265792
5.901308612388581e6	5202.418735593263	-15.280628559519993
6.106308612388581e6	5187.159258287597	-15.296413712774198
6.311308612388581e6	5171.944539325979	-15.3121988660284
6.516308612388581e6	5156.774447425456	-15.327984019282603
6.721308612388581e6	5141.64885168813	-15.343769172536806
6.926308612388581e6	5127.324364719405	-15.359888518418964
7.131308612388581e6	5113.634013020341	-15.376270985343485
7.336308612388581e6	5099.980215616725	-15.392653452268007
7.541308612388581e6	5086.362874905761	-15.40903591919253
7.746308612388581e6	5072.781893545264	-15.42541838611705
7.951308612388581e6	5059.237174452955	-15.44180085304157
8.156308612388581e6	5046.087055774127	-15.45836038627663
8.361308612388581e6	5033.893024854177	-15.47537646920555
8.566308612388581e6	5021.728461200328	-15.492392552134476
8.771308612388581e6	5009.593293604002	-15.509408635063396
8.976308612388581e6	4997.487451028687	-15.52642471799232
9.181308612388581e6	4985.410862609505	-15.543440800921243
9.386308612388581e6	4973.480627521949	-15.560492932521921
9.591308612388581e6	4962.599766375569	-15.577859849941436
9.796308612388581e6	4951.7427101151825	-15.595226767360952
1.0001308612388581e7	4940.909406661025	-15.612593684780467
1.0206308612388581e7	4930.099804047261	-15.629960602199981
1.0411308612388581e7	4919.313850421799	-15.647327519619497
1.0616308612388581e7	4908.551494045914	-15.66469443703901
1.0821308612388581e7	4898.842867334254	-15.68263104497819
1.1026308612388581e7	4889.219781396636	-15.700604406381022
1.1231308612388581e7	4879.6155986542235	-15.718577767783852
1.1436308612388581e7	4870.030281974347	-15.736551129186687
1.1641308612388581e7	4860.46379429728	-15.754524490589517
1.1846308612388581e7	4850.916098636109	-15.772497851992346
1.2051308612388581e7	4842.229255848869	-15.790711072955176
1.2256308612388581e7	4833.680831753693	-15.80895934887103
1.2461308612388581e7	4825.147498962686	-15.827207624786885
1.2666308612388581e7	4816.629230833798	-15.84545590070274
1.2871308612388581e7	4808.126000772022	-15.863704176618594
1.3076308612388581e7	4799.637782229294	-15.881952452534449
1.3281308612388581e7	4791.689960569438	-15.900623003774513
1.3486308612388581e7	4783.8808782744045	-15.919394643342171
1.3691308612388581e7	4776.084522546988	-15.93816628290983
1.3896308612388581e7	4768.300872646531	-15.956937922477488
1.4101308612388581e7	4760.529907866174	-15.975709562045147
1.4306308612388581e7	4752.771607532803	-15.994481201612805
1.4511308612388581e7	4745.752480378952	-16.01347362586447
1.4716308612388581e7	4738.886107634512	-16.03250938043739
1.4921308612388581e7	4732.029669473653	-16.051545135010308
1.5126308612388581e7	4725.18315152256	-16.070580889583226
1.5331308612388581e7	4718.34653942822	-16.08961664415615
1.5536308612388581e7	4711.5198188583845	-16.108652398729067
1.5741308612388581e7	4705.1908966559795	-16.127862951763085
1.5946308612388581e7	4698.946429355363	-16.147100750160437
1.6151308612388581e7	4692.7102493639595	-16.16633854855779
1.6356308612388581e7	4686.482345683314	-16.18557634695514
1.6561308612388581e7	4680.262707329568	-16.204814145352493
1.6766308612388581e7	4674.05132333344	-16.224051943749846
1.697130861238858e7	4668.246294581412	-16.243738062757433
1.717630861238858e7	4662.495094093733	-16.263476742548114
1.738130861238858e7	4656.750978987801	-16.283215422338795
1.758630861238858e7	4651.013940534539	-16.302954102129476
1.779130861238858e7	4645.283970015627	-16.322692781920157
1.799630861238858e7	4639.574111426799	-16.34243108445634
1.820130861238858e7	4634.394914533659	-16.3621542346945
1.840630861238858e7	4629.221499223021	-16.38187738493266
1.861130861238858e7	4624.053859040828	-16.40160053517082
1.881630861238858e7	4618.891987540288	-16.421323685408986
1.902130861238858e7	4613.735878281738	-16.441046835647143
1.922630861238858e7	4608.612933606509	-16.46081686072082
1.943130861238858e7	4603.742250038156	-16.48100903386411
1.963630861238858e7	4598.876714126751	-16.501201207007412
1.984130861238858e7	4594.016320431929	-16.52139338015071
2.004630861238858e7	4589.161063519042	-16.541585553294006
2.025130861238858e7	4584.310937959213	-16.561777726437303
2.045630861238858e7	4579.56778404651	-16.58195385641656
2.066130861238858e7	4575.097163663817	-16.60208778686262
2.086630861238858e7	4570.63090754596	-16.62222171730868
2.107130861238858e7	4566.169011432484	-16.64235564775474
2.127630861238858e7	4561.711471067116	-16.662489578200802
2.148130861238858e7	4557.258282197729	-16.68262350864686
2.168630861238858e7	4552.887873441259	-16.702861057636586
2.189130861238858e7	4548.637932133911	-16.723252364632977
2.209630861238858e7	4544.391957979203	-16.743643671629364
2.230130861238858e7	4540.149947273948	-16.76403497862575
2.250630861238858e7	4535.911896318414	-16.78442628562214
2.271130861238858e7	4531.677801416338	-16.804817592618527
2.291630861238858e7	4527.544008973818	-16.82534854889012
2.312130861238858e7	4523.483740449497	-16.84598069531694
2.332630861238858e7	4519.427113144454	-16.86661284174376
2.353130861238858e7	4515.374123793245	-16.887244988170583
2.373630861238858e7	4511.324769133414	-16.9078771345974
2.394130861238858e7	4507.27904590536	-16.928509281024223
2.414630861238858e7	4503.348036671483	-16.949175410002884
2.435130861238858e7	4499.44694274335	-16.96984964860348
2.455630861238858e7	4495.5492281973275	-16.990523887204066
2.476130861238858e7	4491.654890105993	-17.011198125804658
2.496630861238858e7	4487.763925544432	-17.031872364405245
2.517130861238858e7	4483.8785459403025	-17.052553251052153
2.537630861238858e7	4480.063838318428	-17.073436387490645
2.558130861238858e7	4476.252376099864	-17.094319523929137
2.578630861238858e7	4472.444156523532	-17.11520266036763
2.599130861238858e7	4468.639176830729	-17.13608579680612
2.619630861238858e7	4464.837434265097	-17.156968933244613
2.640130861238858e7	4461.049196348702	-17.177858500836965
2.660630861238858e7	4457.287472395328	-17.198762670883315
2.681130861238858e7	4453.528920468641	-17.219666840929666
2.701630861238858e7	4449.773537893869	-17.24057101097602
2.722130861238858e7	4446.021321998495	-17.261475181022366
2.742630861238858e7	4442.2722701122575	-17.28237935106872
2.763130861238858e7	4438.537472088891	-17.303398096248184
2.783630861238858e7	4434.813827634565	-17.324499683439914
2.804130861238858e7	4431.093307075908	-17.34560127063164
2.824630861238858e7	4427.3759077921995	-17.36670285782337
2.845130861238858e7	4423.661627164859	-17.387804445015096
2.865630861238858e7	4419.950462577562	-17.408906032206826
2.886130861238858e7	4416.209978605939	-17.430010208184385
2.906630861238858e7	4412.46927908952	-17.451114654264103
2.927130861238858e7	4408.731748089296	-17.47221910034382
2.947630861238858e7	4404.997382921428	-17.49332354642354
2.968130861238858e7	4401.266180904326	-17.514427992503254
2.988630861238858e7	4397.530311676173	-17.535573784281503
3.009130861238858e7	4393.771615197928	-17.55685701597121
3.029630861238858e7	4390.016131386373	-17.57814024766092
3.050130861238858e7	4386.263857495571	-17.599423479350627
3.070630861238858e7	4382.514790781902	-17.620706711040334
3.091130861238858e7	4378.7689285041	-17.641989942730042
3.111630861238858e7	4375.00511324396	-17.66326861925016
3.132130861238858e7	4371.230884017331	-17.684544354193143
3.152630861238858e7	4367.459910742604	-17.70582008913612
3.173130861238858e7	4363.69219061095	-17.7270958240791
3.193630861238858e7	4359.927720815941	-17.748371559022083
3.214130861238858e7	4356.166498553567	-17.76964729396506
3.234630861238858e7	4352.341095252169	-17.791090427690037
3.255130861238858e7	4348.517838247318	-17.812536575647155
3.275630861238858e7	4344.697939732493	-17.83398272360427
3.296130861238858e7	4340.881396757457	-17.855428871561386
3.316630861238858e7	4337.068206374595	-17.8768750195185
3.337130861238858e7	4333.228732053693	-17.898315525354167
3.357630861238858e7	4329.349114916458	-17.919747733584412
3.378130861238858e7	4325.472971269792	-17.941179941814656
3.398630861238858e7	4321.600298003823	-17.962612150044905
3.419130861238858e7	4317.731092011443	-17.98404435827515
3.439630861238858e7	4313.8653501883555	-18.005476566505394
3.460130861238858e7	4309.882237663698	-18.02704810046228
3.480630861238858e7	4305.877690055472	-18.048648618124354
3.501130861238858e7	4301.876863291737	-18.070249135786426
3.521630861238858e7	4297.879753915237	-18.091849653448495
3.542130861238858e7	4293.88635847196	-18.113450171110568
3.562630861238858e7	4289.970792009462	-18.134732945984062
3.583130861238858e7	4286.230189680115	-18.155280314548996
3.603630861238858e7	4282.492848936087	-18.175827683113923
3.624130861238858e7	4278.758766933483	-18.196375051678853
3.644630861238858e7	4275.027940830863	-18.216922420243783
3.665130861238858e7	4271.3003677892675	-18.237469788808713
3.685630861238858e7	4267.576044972234	-18.258017157373644
3.706130861238858e7	4263.8549695457405	-18.27856452593857
3.726630861238858e7	4260.13713867827	-18.299111894503504
3.747130861238858e7	4256.422549540743	-18.319659263068434
3.767630861238858e7	4252.7111993065755	-18.340206631633365
3.788130861238858e7	4249.003085151628	-18.360754000198295
3.808630861238858e7	4245.194761556791	-18.381379353220193
3.829130861238858e7	4241.3401740457775	-18.402042191728636
3.849630861238858e7	4237.489086455424	-18.422705030237083
3.870130861238858e7	4233.641495607856	-18.443367868745522
3.890630861238858e7	4229.797398328066	-18.464030707253965
3.911130861238858e7	4225.956791443928	-18.484693545762408
3.931630861238858e7	4222.119671786224	-18.50535638427085
3.952130861238858e7	4218.286036188565	-18.52601922277929
3.972630861238858e7	4214.455881487485	-18.546682061287736
3.993130861238858e7	4210.629204522365	-18.56734489979618
4.013630861238858e7	4206.806002135453	-18.58800773830462
4.034130861238858e7	4202.965430788244	-18.608707116437504
4.054630861238858e7	4198.994437173531	-18.629641531445515
4.075130861238858e7	4195.027195383701	-18.65057594645352
4.095630861238858e7	4191.063701874003	-18.67151036146153
4.116130861238858e7	4187.103953103031	-18.692444776469536
4.136630861238858e7	4183.14794553273	-18.713379191477543
4.157130861238858e7	4179.195675628384	-18.73431360648555
4.177630861238858e7	4175.2471398586185	-18.755248021493557
4.198130861238858e7	4171.302334695393	-18.776182436501564
4.218630861238858e7	4167.361256614012	-18.797116851509575
4.239130861238858e7	4163.423902093077	-18.81805126651758
4.259630861238858e7	4159.490267614569	-18.83898568152559
4.280130861238858e7	4155.476047323709	-18.86009452845662
4.300630861238858e7	4151.437343679414	-18.881262107770127
4.321130861238858e7	4147.402565247764	-18.902429687083636
4.341630861238858e7	4143.37170821384	-18.92359726639714
4.362130861238858e7	4139.344768766455	-18.94476484571065
4.382630861238858e7	4135.321743098101	-18.965932425024157
4.403130861238858e7	4131.3026274049735	-18.987100004337663
4.423630861238858e7	4127.287417886985	-19.008267583651172
4.444130861238858e7	4123.276110747713	-19.029435162964678
4.464630861238858e7	4119.268702194453	-19.050602742278187
4.485130861238858e7	4115.265188438165	-19.071770321591693
4.505630861238858e7	4111.23231283034	-19.092970705292657
4.526130861238858e7	4107.167941160466	-19.114206093703583
4.546630861238858e7	4103.107587535754	-19.135441482114516
4.567130861238858e7	4099.051247983942	-19.156676870525445
4.587630861238858e7	4094.9989185367167	-19.177912258936377
4.608130861238858e7	4090.95059522969	-19.199147647347306
4.628630861238858e7	4086.9062741023768	-19.220383035758235
4.649130861238858e7	4082.8659511982073	-19.241618424169168
4.669630861238858e7	4078.8296225645386	-19.262853812580097
4.690130861238858e7	4074.797284252628	-19.284089200991026
4.710630861238858e7	4070.768932317643	-19.30532458940196
4.731130861238858e7	4066.7200008681502	-19.326628226295632
4.751630861238858e7	4062.5963203377946	-19.34815097378812
4.772130861238858e7	4058.4768212463173	-19.369673721280602
4.792630861238858e7	4054.361499353718	-19.391196468773085
4.813130861238858e7	4050.250350424277	-19.41271921626557
4.833630861238858e7	4046.143370226588	-19.434241963758055
4.854130861238858e7	4042.040554533531	-19.455764711250538
4.874630861238858e7	4037.941899122271	-19.47728745874302
4.895130861238858e7	4033.8473997742553	-19.498810206235508
4.915630861238858e7	4029.757052275209	-19.520332953727994
4.936130861238858e7	4025.670852415137	-19.541855701220477
4.956630861238858e7	4021.581850838994	-19.563407646805537
4.977130861238858e7	4017.435097584019	-19.585220113996844
4.997630861238858e7	4013.2926201496525	-19.607032581188157
5.018130861238858e7	4009.1544141269965	-19.628845048379468
5.038630861238858e7	4005.0204751116785	-19.650657515570778
5.059130861238858e7	4000.890798703887	-19.672469982762088
5.079630861238858e7	3996.765380508342	-19.6942824499534
5.100130861238858e7	3992.6442161343007	-19.716094917144712
5.120630861238858e7	3988.527301195536	-19.737907384336022
5.141130861238858e7	3984.4146313103347	-19.759719851527333
5.161630861238858e7	3980.306202101537	-19.78153231871864
5.182130861238858e7	3976.202496540927	-19.803344815989213
5.202630861238858e7	3972.1229154775315	-19.82515854236949
5.223130861238858e7	3968.0475200615315	-19.84697226874976
5.243630861238858e7	3963.9763059984634	-19.868785995130033
5.264130861238858e7	3959.9092689982613	-19.890599721510306
5.284630861238858e7	3955.8464047752614	-19.91241344789058
5.305130861238858e7	3951.787709048198	-19.934227174270852
5.325630861238858e7	3947.733177540203	-19.956040900651125
5.346130861238858e7	3943.6828059787777	-19.977854627031398
5.366630861238858e7	3939.6365900958253	-19.999668353411668
5.387130861238858e7	3935.5945256276236	-20.021482079791944
5.407630861238858e7	3931.5566083148237	-20.043295806172214
5.428130861238858e7	3927.547697632303	-20.065412474271625
5.448630861238858e7	3923.54956810026	-20.087610777776707
5.469130861238858e7	3919.555508548014	-20.109809081281792
5.489630861238858e7	3915.5655148324236	-20.132007384786874
5.510130861238858e7	3911.579582814605	-20.15420568829196
5.530630861238858e7	3907.597708359862	-20.176403991797045
5.551130861238858e7	3903.619887337719	-20.198602295302123
5.571630861238858e7	3899.6461156218793	-20.22080059880721
5.592130861238858e7	3895.6763890902866	-20.24299890231229
5.612630861238858e7	3891.710703625055	-20.265197205817376
5.633130861238858e7	3887.7490551124883	-20.287395509322455
5.653630861238858e7	3884.1425091306137	-20.309832819407767
5.674130861238858e7	3880.879518738191	-20.3325019372079
5.694630861238858e7	3877.619269518698	-20.355171055008036
5.715130861238858e7	3874.36175916933	-20.377840172808174
5.735630861238858e7	3871.1069853892177	-20.40050929060831
5.756130861238858e7	3867.8549458794228	-20.423178408408443
5.776630861238858e7	3864.605638342941	-20.445847526208578
5.797130861238858e7	3861.3590604846945	-20.468516644008716
5.817630861238858e7	3858.115210011537	-20.49118576180885
5.838130861238858e7	3854.8740846322457	-20.513854879608985
5.858630861238858e7	3851.635682057524	-20.53652399740912
5.879130861238858e7	3848.3999999999983	-20.559193115209254
