-2.486699331493947e7	9606.707430600292	-15.268438168046172	4.590137360242128
-2.444099331493947e7	9579.357528756302	-15.271121242345982	4.548404010634451
-2.401499331493947e7	9552.085490960542	-15.273804316645794	4.504852849907295
-2.358899331493947e7	9524.891095537296	-15.276487390945604	4.459318277979492
-2.316299331493947e7	9497.774121441882	-15.279170465245418	4.4116109814458
-2.273699331493947e7	9470.734348258991	-15.281853539545228	4.361513178093423
-2.231099331493947e7	9443.771556200758	-15.284536613845038	4.308772606124069
-2.188499331493947e7	9416.885526105098	-15.28721968814485	4.253094838182331
-2.145899331493947e7	9390.076039433852	-15.289902762444662	4.1941333266991485
-2.103299331493947e7	9362.77736925076	-15.292547201195728	4.133220943729681
-2.060699331493947e7	9330.854065700654	-15.294869235204104	4.083757498335764
-2.018099331493947e7	9299.039607770734	-15.297191269212478	4.031719523241695
-1.975499331493947e7	9267.33362434126	-15.299513303220856	3.976824228046117
-1.932899331493947e7	9235.735745557784	-15.301835337229232	3.918739507634895
-1.890299331493947e7	9204.245602827028	-15.304157371237606	3.8570717642648753
-1.847699331493947e7	9172.862828812351	-15.306479405245982	3.79134972180886
-1.805099331493947e7	9141.587057429651	-15.308801439254358	3.7210025371323185
-1.762499331493947e7	9107.437107032989	-15.310887177842444	3.6544811937050774
-1.719899331493947e7	9069.910634340966	-15.312693998603525	3.594698563091261
-1.677299331493947e7	9032.53878650509	-15.314500819364604	3.5311134423941786
-1.634699331493947e7	8995.320926405902	-15.316307640125686	3.4632090595441167
-1.592099331493947e7	8958.256419549169	-15.318114460886765	3.390355565336128
-1.549499331493947e7	8921.344634054993	-15.319921281647845	3.311774429033337
-1.506899331493947e7	8884.584940647108	-15.321728102408926	3.2264876140715235
-1.464299331493947e7	8840.052924907974	-15.322856620618033	3.1567333612377233
-1.421699331493947e7	8795.17143779737	-15.323935845028366	3.083563087713354
-1.379099331493947e7	8750.517816730384	-15.325015069438695	3.0046132516200044
-1.336499331493947e7	8706.090904817223	-15.326094293849028	2.9188919121718255
-1.293899331493947e7	8661.889551041688	-15.32717351825936	2.8251275838839947
-1.251299331493947e7	8614.194019303268	-15.327887015055756	2.732204764027315
-1.208699331493947e7	8560.113161420772	-15.327942660595067	2.650455264181618
-1.166099331493947e7	8506.37182911464	-15.327998306134381	2.561423006184759
-1.123499331493947e7	8452.967890805943	-15.328053951673692	2.4636823659667373
-1.080899331493947e7	8399.899228298043	-15.328109597213006	2.3553432430877868
-1.038299331493947e7	8340.903708828037	-15.327598193665029	2.246695444469953
-9.95699331493947e6	8275.152249979004	-15.326432164751749	2.1413282290898823
-9.53099331493947e6	8207.066473337167	-15.324984995842883	2.0296365404518304
-9.10499331493947e6	8132.522783482186	-15.322840001610937	1.9208547808344911
-8.67899331493947e6	8056.393617284223	-15.320450683145445	1.8041255918685095
-8.252993314939469e6	7973.190661518781	-15.317212056152572	1.6928834706836076
-7.826993314939469e6	7888.566694769542	-15.313718495528992	1.5730886751530402
-7.400993314939469e6	7795.720965058572	-15.309193651603785	1.4615724864461335
-6.974993314939469e6	7701.968461278259	-15.304455825373406	1.3412503422410476
-6.548993314939469e6	7599.638555767952	-15.298670888646473	1.233312816822825
-6.122993314939469e6	7498.032683265027	-15.292817371585837	1.1145245557842935
-5.696993314939469e6	7388.7855766053035	-15.285978912730013	1.0155811572719382
-5.270993314939469e6	7281.130211515347	-15.27914045387419	0.9057620395454258
-4.844993314939469e6	7172.137093213194	-15.272146076016952	0.813416144898143
-4.418993314939469e6	7063.947967072932	-15.265106614608241	0.7214025291316195
-3.992993314939469e6	6958.478361188972	-15.258272540709749	0.6246070974839623
-3.566993314939469e6	6862.301070681887	-15.252917134336204	0.5531675515278911
-3.140993314939469e6	6767.453104019659	-15.24756172796266	0.476229034829638
-2.714993314939469e6	6673.916087822486	-15.242206321589112	0.3928738669746469
-2.288993314939469e6	6602.319578329935	-15.240509794864831	0.33054551177987995
-1.862993314939469e6	6534.7998713057095	-15.239404873839495	0.2689349247196593
-1.436993314939469e6	6467.970665670057	-15.23829995281416	0.20327779984853608
-1.0109933149394691e6	6401.824899896963	-15.237195031788822	0.13300499004240732
-584993.3149394691	6352.2693692029525	-15.239040831026225	0.08101504556521694
-158993.3149394691	6304.576053847076	-15.241162553749849	0.02847421555734351
267006.6850605309	6257.24082348373	-15.243284276473474	-0.02698098419466112
693006.6850605309	6210.26098958391	-15.2454059991971	-0.08569295130461688
1.119006685060531e6	6166.49451192659	-15.248103910594505	-0.14188997008895554
1.545006685060531e6	6129.5920319263305	-15.252130596221264	-0.1864711886511019
1.971006685060531e6	6092.910389393365	-15.25615728184802	-0.23313300865096445
2.397006685060531e6	6056.448262758344	-15.260183967474779	-0.2820791808506686
2.823006685060531e6	6020.2043383606415	-15.264210653101538	-0.33354493348741
3.249006685060531e6	5984.242416677214	-15.268251416936065	-0.38764844732860326
3.675006685060531e6	5955.638893051894	-15.273845209045767	-0.426863892841585
4.101006685060531e6	5927.172088748211	-15.279439001155467	-0.4676801807828281
4.527006685060531e6	5898.84135027421	-15.285032793265167	-0.5102335924352858
4.953006685060531e6	5870.646027261509	-15.29062658537487	-0.5546785883958117
5.379006685060531e6	5842.58547245029	-15.296220377484568	-0.6011911930338554
5.805006685060531e6	5814.837567154914	-15.301856194344976	-0.6494638899788492
6.231006685060531e6	5792.307123081313	-15.308694342039695	-0.6849760167762883
6.657006685060531e6	5769.863976529651	-15.315532489734412	-0.7217958361480599
7.083006685060531e6	5747.507789252852	-15.322370637429131	-0.760023350807465
7.509006685060531e6	5725.238224314392	-15.32920878512385	-0.7997704923007959
7.935006685060531e6	5703.0549460832735	-15.336046932818565	-0.8411630970932122
8.361006685060531e6	5680.957620228946	-15.342885080513284	-0.8843433095879152
8.78700668506053e6	5660.525862416528	-15.350122409070456	-0.924029855459866
9.21300668506053e6	5642.503300068002	-15.357951790173736	-0.9570016041232874
9.63900668506053e6	5624.538119800479	-15.36578117127702	-0.9910976648555987
1.006500668506053e7	5606.630138915027	-15.373610552380299	-1.026397429220007
1.049100668506053e7	5588.779175294381	-15.38143993348358	-1.0629890066878935
1.091700668506053e7	5570.985047401132	-15.389269314586862	-1.1009705496997633
1.134300668506053e7	5553.247574275865	-15.397098695690143	-1.1404518404540422
1.176900668506053e7	5536.067310596602	-15.405063782309213	-1.179570731589586
1.219500668506053e7	5521.44650146783	-15.413710031193453	-1.2099661142015206
1.262100668506053e7	5506.864306042186	-15.422356280077693	-1.241314416105719
1.304700668506053e7	5492.320622340487	-15.431002528961933	-1.2736773260557133
1.347300668506053e7	5477.815348652873	-15.439648777846173	-1.3071227240432912
1.389900668506053e7	5463.348383538132	-15.448295026730413	-1.341725538550751
1.432500668506053e7	5448.919625822931	-15.456941275614653	-1.3775687575109707
1.475100668506053e7	5434.528974601156	-15.465587524498895	-1.4147446272816366
1.517700668506053e7	5421.034917035639	-15.474508077525583	-1.4490271211621253
1.560300668506053e7	5408.86410342459	-15.483841623504158	-1.4778107266868323
1.602900668506053e7	5396.720614615211	-15.493175169482738	-1.507447444447759
1.645500668506053e7	5384.604389260338	-15.502508715461317	-1.5379893936147664
1.688100668506053e7	5372.5153661505565	-15.511842261439892	-1.5694936204306875
1.730700668506053e7	5360.453484213875	-15.52117580741847	-1.6020227395140518
1.773300668506053e7	5348.418682515393	-15.53050935339705	-1.6356456830204509
1.815900668506053e7	5336.41090025702	-15.539842899375627	-1.6704385801910113
1.858500668506053e7	5324.827681054132	-15.549295573063825	-1.704373996095205
1.901100668506053e7	5314.721066741355	-15.55918399504474	-1.73154105087264
1.943700668506053e7	5304.633634955972	-15.569072417025655	-1.7594668143615364
1.986300668506053e7	5294.56534928922	-15.57896083900657	-1.7881948847862352
2.028900668506053e7	5284.5161734014255	-15.588849260987486	-1.8177727297949406
2.071500668506053e7	5274.486071021928	-15.598737682968402	-1.848252158346908
2.114100668506053e7	5264.475005948846	-15.608626104949316	-1.8796898668028497
2.156700668506053e7	5254.482942049071	-15.61851452693023	-1.9121480736764291
2.199300668506053e7	5244.509843258052	-15.628402948911146	-1.9456952609018332
2.241900668506053e7	5235.435981741369	-15.63859650025158	-1.974410829739762
2.284500668506053e7	5226.835323751989	-15.648948884665632	-2.000775221421085
2.327100668506053e7	5218.2487947325935	-15.659301269079682	-2.0278535594858016
2.369700668506053e7	5209.676371472427	-15.669653653493736	-2.055685590015157
2.412300668506053e7	5201.11803079886	-15.680006037907786	-2.0843144734101013
2.454900668506053e7	5192.573749577341	-15.690358422321838	-2.113787187017006
2.497500668506053e7	5184.043504711297	-15.700710806735888	-2.1441549889092375
2.540100668506053e7	5175.527273142123	-15.71106319114994	-2.175473954321693
2.582700668506053e7	5167.025031849087	-15.721415575563991	-2.207805598838885
2.625300668506053e7	5159.505394973783	-15.732118006960095	-2.234126964466938
2.667900668506053e7	5152.191704431952	-15.742891003434456	-2.259697628583028
2.710500668506053e7	5144.888381176371	-15.75366399990882	-2.2859393484260098
2.753100668506053e7	5137.595410511237	-15.764436996383182	-2.312888296696646
2.795700668506053e7	5130.312777761552	-15.775209992857546	-2.3405836520894456
2.838300668506053e7	5123.040468273155	-15.78598298933191	-2.369067941873596
2.880900668506053e7	5115.778467412621	-15.796755985806271	-2.3983874347119496
2.923500668506053e7	5108.526760567296	-15.807528982280635	-2.4285925928265213
2.966100668506053e7	5101.285333145241	-15.818301978754999	-2.4597385946057857
3.008700668506053e7	5094.859082717944	-15.829377180413971	-2.4853901901354964
3.051300668506053e7	5088.6146029246265	-15.840517664631484	-2.5102822018772946
3.093900668506053e7	5082.377776636008	-15.851658148848998	-2.535809677490129
3.136500668506053e7	5076.148594471615	-15.862798633066511	-2.5620059141625564
3.179100668506053e7	5069.927047062459	-15.873939117284024	-2.588906896725944
3.221700668506053e7	5063.713125051088	-15.885079601501538	-2.616551594921638
3.264300668506053e7	5057.506819091469	-15.896220085719051	-2.6449823029388493
3.306900668506053e7	5051.308119849029	-15.907360569936566	-2.674245028647869
3.349500668506053e7	5045.117018000664	-15.91850105415408	-2.7043899415206956
3.392100668506053e7	5039.358526355339	-15.929825108484845	-2.7303557293648275
3.434700668506053e7	5033.797254747529	-15.941231593812084	-2.7546630972482973
3.477300668506053e7	5028.242120377563	-15.952638079139323	-2.7795760643482
3.519900668506053e7	5022.693116472592	-15.964044564466564	-2.8051255794402565
3.562500668506053e7	5017.150236267236	-15.975451049793804	-2.831345026077218
3.605100668506053e7	5011.613473003573	-15.986857535121043	-2.858270484878243
3.647700668506053e7	5006.082819931169	-15.998264020448284	-2.8859410321174277
3.690300668506053e7	5000.558270306991	-16.009670505775524	-2.914399080811797
3.732900668506053e7	4995.039817395492	-16.021076991102763	-2.9436907717809575
3.775500668506053e7	4989.9449596612585	-16.032619481460387	-2.9705608219320934
3.818100668506053e7	4985.3317022891315	-16.04431730795003	-2.9943056053867037
3.860700668506053e7	4980.722709922681	-16.056015134439676	-3.0186279453319065
3.903300668506053e7	4976.117978618856	-16.06771296092932	-3.04355664010207
3.945900668506053e7	4971.517504438285	-16.079410787418965	-3.069122697154654
3.988500668506053e7	4966.9212834451755	-16.09110861390861	-3.095359564962052
4.031100668506053e7	4962.329311707439	-16.102806440398254	-3.1223033961524598
4.073700668506053e7	4957.741585296582	-16.114504266887895	-3.149993347093297
4.116300668506053e7	4953.158100287757	-16.126202093377543	-3.1784719201464617
4.158900668506053e7	4948.619589610275	-16.137932150145538	-3.206582496758845
4.201500668506053e7	4944.271422968592	-16.14980964528535	-3.2298615630964074
4.244100668506053e7	4939.927076898022	-16.161687140425162	-3.2536954865733123
4.286700668506053e7	4935.5865480416	-16.173564635564972	-3.278111364435184
4.329300668506053e7	4931.249833045273	-16.185442130704786	-3.303138328716552
4.371900668506053e7	4926.916928557945	-16.1973196258446	-3.3288077552114594
4.414500668506053e7	4922.587831231465	-16.209197120984413	-3.3551534999788912
4.457100668506053e7	4918.262537720624	-16.221074616124227	-3.3822121678548505
4.499700668506053e7	4913.941044683152	-16.23295211126404	-3.410023418313837
4.542300668506053e7	4909.623348779704	-16.24482960640385	-3.4386303150928246
4.584900668506053e7	4905.959623571529	-16.256958705199217	-3.462356599744206
4.627500668506053e7	4902.388300425596	-16.269122526789833	-3.4858529113443084
4.670100668506053e7	4898.819577046059	-16.281286348380448	-3.5099146107683135
4.712700668506053e7	4895.25345154041	-16.29345016997106	-3.534569579979212
4.755300668506053e7	4891.689922017514	-16.30561399156167	-3.5598478156821423
4.797900668506053e7	4888.128986587606	-16.317777813152286	-3.585781648744087
4.840500668506053e7	4884.570643362303	-16.3299416347429	-3.612405992831099
4.883100668506053e7	4881.0148904545995	-16.342105456333517	-3.6397586270597535
4.925700668506053e7	4877.461725978844	-16.35426927792413	-3.6678805184041536
4.968300668506053e7	4874.029634941678	-16.366489198988656	-3.693095158158954
5.010900668506053e7	4870.682786287404	-16.378748362760824	-3.7162994241872243
5.053500668506053e7	4867.338235812838	-16.391007526532995	-3.7400549449607863
5.096100668506053e7	4863.995981939872	-16.403266690305166	-3.764388551066086
5.138700668506053e7	4860.656023091489	-16.415525854077334	-3.789329080894163
5.181300668506053e7	4857.318357691775	-16.427785017849505	-3.814907586109348
5.223900668506053e7	4853.982984165897	-16.440044181621673	-3.8411575640928928
5.266500668506053e7	4850.649900940075	-16.452303345393844	-3.8681152217260655
5.309100668506053e7	4847.319106441641	-16.464562509166015	-3.895819775724014
5.351700668506053e7	4844.094648702029	-16.476871966237415	-3.922614411570868
5.394300668506053e7	4841.14885104078	-16.489315163075247	-3.945516351327999
5.436900668506053e7	4838.2048447821635	-16.501758359913083	-3.9689551080932053
5.479500668506053e7	4835.262628836779	-16.51420155675092	-3.992956452915197
5.522100668506053e7	4832.322202115892	-16.52664475358875	-4.017548058371147
5.564700668506053e7	4829.3835635314435	-16.539087950426584	-4.042759690367478
5.607300668506053e7	4826.446711996039	-16.55153114726442	-4.068623424750504
5.649900668506053e7	4823.511646422928	-16.563974344102252	-4.095173892680464
5.692500668506053e7	4820.578365726018	-16.57641754094009	-4.122448559477636
5.735100668506053e7	4817.646868819907	-16.588860737777924	-4.150488042573781
5.777700668506053e7	4814.998301845807	-16.60141719069671	-4.173192326697729
5.820300668506053e7	4812.355758035663	-16.61397548435407	-4.1963222059490795
5.862900668506053e7	4809.714664493493	-16.62653377801143	-4.219999769378183
5.905500668506053e7	4807.07502042335	-16.63909207166879	-4.244251584168538
5.948100668506053e7	4804.436825029742	-16.65165036532615	-4.269106198746521
5.990700668506053e7	4801.80007751764	-16.66420865898351	-4.2945943448153745
6.033300668506053e7	4799.164777092398	-16.67676695264087	-4.320749165816984
6.075900668506053e7	4796.530922959834	-16.68932524629823	-4.347606476081561
6.118500668506053e7	4793.898514326225	-16.701883539955592	-4.375205055748618
6.161100668506053e7	4791.4221920921755	-16.71450965814588	-4.399393302484413
6.203700668506053e7	4789.014484464696	-16.727165323668753	-4.422314014744418
6.246300668506053e7	4786.607986719333	-16.739820989191628	-4.445772434792839
6.288900668506053e7	4784.202698248115	-16.7524766547145	-4.469794398622303
6.331500668506053e7	4781.798618443387	-16.765132320237377	-4.494407650224282
6.374100668506053e7	4779.395746697762	-16.77778798576025	-4.519642034216267
6.416700668506053e7	4776.994082404213	-16.790443651283123	-4.5455297134087775
6.459300668506053e7	4774.593624955983	-16.803099316805998	-4.572105415290228
6.501900668506053e7	4772.1943737466245	-16.815754982328873	-4.599406712168248
6.544500668506053e7	4769.868058793441	-16.828466825605126	-4.6250339946052
6.587100668506053e7	4767.64245942459	-16.84125669548155	-4.647865831520635
6.629700668506053e7	4765.4178985105755	-16.85404656535798	-4.671231165650995
6.672300668506053e7	4763.194375566848	-16.866836435234404	-4.695155526507249
6.714900668506053e7	4760.971890109115	-16.879626305110833	-4.719666321115044
6.757500668506053e7	4758.75044165328	-16.89241617498726	-4.744793022755104
6.800100668506053e7	4756.530029715483	-16.90520604486369	-4.7705673840331935
6.842700668506053e7	4754.310653812089	-16.917995914740114	-4.7970236781429225
6.885300668506053e7	4752.092313459689	-16.930785784616543	-4.82419897291982
6.927900668506053e7	4749.899264417148	-16.943590615849995	-4.851026449019806
6.970500668506053e7	4747.809453332	-16.956458528731467	-4.873809758440521
7.013100668506053e7	4745.720561700114	-16.969326441612942	-4.897124273177747
7.055700668506053e7	4743.632589116966	-16.982194354494418	-4.920995356449842
7.098300668506053e7	4741.5455351781875	-16.99506226737589	-4.945450232503582
7.140900668506053e7	4739.45939947961	-17.00793018025736	-4.970518173259566
7.183500668506053e7	4737.374181617243	-17.020798093138836	-4.996230708959404
7.226100668506053e7	4735.289881187253	-17.03366600602031	-5.0226218666165
7.268700668506053e7	4733.206497786004	-17.046533918901783	-5.049728440793922
7.311300668506053e7	4731.124031010039	-17.059401831783262	-5.077590302115412
7.353900668506053e7	4729.147713426921	-17.072338510157405	-5.100400372274596
7.396500668506053e7	4727.17344971412	-17.08527599150846	-5.123673189134843
7.439100668506053e7	4725.200010191521	-17.09821347285952	-5.1475005616988065
7.481700668506053e7	4723.227394515042	-17.111150954210572	-5.171909564864098
7.524300668506053e7	4721.255602340764	-17.12408843556163	-5.196929306052123
7.566900668506053e7	4719.284633324903	-17.137025916912688	-5.222591133884249
7.609500668506053e7	4717.314487123831	-17.149963398263743	-5.248928874345642
7.652100668506053e7	4715.345163394019	-17.162900879614803	-5.275979098899539
7.694700668506053e7	4713.376661792128	-17.17583836096586	-5.303781429883623
7.737300668506053e7	4711.456756606159	-17.18884500279839	-5.327596919675768
7.779900668506053e7	4709.548936853015	-17.201868014447292	-5.350837077673065
7.822500668506053e7	4707.641889637199	-17.214891026096193	-5.374630217479236
7.865100668506053e7	4705.735614645884	-17.227914037745094	-5.399003297409063
7.907700668506053e7	4703.8301115663735	-17.240937049394	-5.4239852964954665
7.950300668506053e7	4701.925380086095	-17.2539600610429	-5.449607421632501
7.992900668506053e7	4700.021419892603	-17.2669830726918	-5.475903341960709
8.035500668506053e7	4698.118230673579	-17.280006084340705	-5.502909454910571
8.078100668506053e7	4696.21581211683	-17.293029095989603	-5.530665189178064
8.120700668506053e7	4694.346647603624	-17.306058173740585	-5.555212348656824
8.163300668506053e7	4692.493774862482	-17.319090156078538	-5.578418519339685
8.205900668506053e7	4690.641633455784	-17.332122138416494	-5.602176036347261
8.248500668506053e7	4688.7902230948785	-17.34515412075445	-5.626511737033668
8.291100668506053e7	4686.939543491194	-17.358186103092407	-5.651454467241295
8.333700668506053e7	4685.089594356333	-17.371218085430367	-5.677035286858066
8.376300668506053e7	4683.240375401951	-17.384250067768324	-5.703287702363782
8.418900668506053e7	4681.391886339859	-17.397282050106284	-5.730247930732749
8.461500668506053e7	4679.544126881953	-17.41031403244424	-5.757955199907343
8.504100668506053e7	4677.697605428919	-17.42340208914799	-5.783237314398074
8.546700668506053e7	4675.852240504084	-17.43653733339131	-5.8064071446481575
8.589300668506053e7	4674.007603580936	-17.449672577634626	-5.8301265752487526
8.631900668506053e7	4672.16369437225	-17.462807821877945	-5.854422314628991
8.674500668506053e7	4670.320512590974	-17.47594306612126	-5.879323066692642
8.717100668506053e7	4668.478057950105	-17.48907831036458	-5.9048597346908815
8.759700668506053e7	4666.6363301628135	-17.5022135546079	-5.931065651815524
8.802300668506053e7	4664.795328942323	-17.515348798851218	-5.9579768428286215
8.844900668506053e7	4662.955054002025	-17.528484043094537	-5.9856323218801775
8.887500668506053e7	4661.112482067988	-17.541617840715816	-6.011222101034967
8.930100668506053e7	4659.26737602301	-17.554750076621428	-6.034332226528401
8.972700668506053e7	4657.423000365092	-17.56788231252704	-6.057989090014161
9.015300668506053e7	4655.579354805142	-17.58101454843265	-6.0822191890256345
9.057900668506053e7	4653.736439054125	-17.594146784338264	-6.1070509953310745
9.100500668506053e7	4651.894252823155	-17.607279020243872	-6.132515156063418
9.143100668506053e7	4650.052795823457	-17.62041125614948	-6.158644721134229
9.185700668506053e7	4648.212067766349	-17.633543492055093	-6.18547540116447
9.228300668506053e7	4646.372068363286	-17.646675727960705	-6.213045860982043
9.270900668506053e7	4644.516048237716	-17.65983705888727	-6.238962908216176
9.313500668506053e7	4642.637378866524	-17.673039038365033	-6.262086017135801
9.356100668506053e7	4640.759469401985	-17.686241017842796	-6.285756485846679
9.398700668506053e7	4638.882319536707	-17.699442997320563	-6.310000857646625
9.441300668506053e7	4637.0059289634455	-17.71264497679833	-6.3348476546722825
9.483900668506053e7	4635.130297375073	-17.725846956276094	-6.360327579622843
9.526500668506053e7	4633.255424464594	-17.739048935753857	-6.386473743862249
9.569100668506053e7	4631.381309925123	-17.752250915231624	-6.413321926150562
9.611700668506053e7	4629.507953449887	-17.765452894709387	-6.440910867076425
9.654300668506053e7	4627.628445639164	-17.77867994575013	-6.466929292133378
9.696900668506053e7	4625.739695868528	-17.79194331756241	-6.4901515131146965
9.739500668506053e7	4623.851716984263	-17.805206689374685	-6.513925852458973
9.782100668506053e7	4621.964508671733	-17.818470061186968	-6.538279204596977
9.824700668506053e7	4620.078070616433	-17.831733432999243	-6.563240478216122
9.867300668506053e7	4618.192402503993	-17.844996804811526	-6.58884080256534
9.909900668506053e7	4616.30750402014	-17.858260176623805	-6.615113760868384
9.952500668506053e7	4614.423374850786	-17.871523548436084	-6.6420956552356465
9.995100668506053e7	4612.540014681903	-17.884786920248363	-6.669825808317078
1.0037700668506053e8	4610.622036777776	-17.898055066677564	-6.695749580786704
1.0080300668506053e8	4608.661205460768	-17.911329105339057	-6.719081239531091
1.0122900668506053e8	4606.70120805715	-17.924603144000546	-6.742970295465305
1.0165500668506053e8	4604.742044212263	-17.937877182662035	-6.767444034403565
1.0208100668506053e8	4602.783713571631	-17.951151221323528	-6.792531796087922
1.0250700668506053e8	4600.82621578087	-17.96442525998502	-6.8182651856502385
1.0293300668506053e8	4598.869550485808	-17.977699298646513	-6.844678313008559
1.0335900668506053e8	4596.913717332386	-17.990973337308002	-6.87180806474652
1.0378500668506053e8	4594.958715966699	-18.00424737596949	-6.899694413912732
1.0421100668506053e8	4592.973199279696	-18.017626356593283	-6.925385774221803
1.0463700668506053e8	4590.958370335432	-18.031106384721237	-6.948802506532773
1.0506300668506053e8	4588.944425249081	-18.044586412849196	-6.972780757398849
1.0548900668506053e8	4586.931363632902	-18.058066440977154	-6.997348119556599
1.0591500668506053e8	4584.91918509935	-18.071546469105108	-7.022534270922011
1.0634100668506053e8	4582.907889261025	-18.08502649723307	-7.0483711901340165
1.0676700668506053e8	4580.897475730723	-18.098506525361024	-7.074893400689237
1.0719300668506053e8	4578.887944121382	-18.111986553488983	-7.102138248343323
1.0761900668506053e8	4576.879294046131	-18.12546658161694	-7.130146217371256
1.0804500668506053e8	4574.856515973713	-18.138682493784103	-7.154732012040294
1.0847100668506053e8	4572.828549211327	-18.151791321645167	-7.178184280080609
1.0889700668506053e8	4570.80148141684	-18.164900149506227	-7.202199792797345
1.0932300668506053e8	4568.775312191762	-18.17800897736729	-7.226806271825229
1.0974900668506053e8	4566.750041137778	-18.19111780522835	-7.252033537139987
1.1017500668506053e8	4564.725667856725	-18.204226633089412	-7.277913724325764
1.1060100668506053e8	4562.7021919506415	-18.217335460950473	-7.304481530712
1.1102700668506053e8	4560.679613021735	-18.230444288811537	-7.331774495108983
1.1145300668506053e8	4558.657930672389	-18.2435531166726	-7.3598333168005405
1.1187900668506053e8	4556.654034112369	-18.256311116052064	-7.3826647828087655
1.1230500668506053e8	4554.659166666452	-18.268899787388374	-7.403060260447402
1.1273100668506053e8	4552.6651725578695	-18.281488458724684	-7.423880389590979
1.1315700668506053e8	4550.672051404298	-18.294077130060998	-7.445143230152831
1.1358300668506053e8	4548.679802823556	-18.30666580139731	-7.46686801922286
1.1400900668506053e8	4546.6884264336395	-18.319254472733622	-7.489075275651267
1.1443500668506053e8	4544.697921852699	-18.331843144069932	-7.511786916511037
1.1486100668506053e8	4542.708288699083	-18.344431815406242	-7.5350263870958845
1.1528700668506053e8	4540.719526591277	-18.357020486742556	-7.558818806386455
1.1571300668506053e8	4538.731635147937	-18.369609158078866	-7.583191130247353
1.1613900668506053e8	4536.744613987908	-18.382197829415176	-7.608172335013399
1.1656500668506053e8	4534.758462730172	-18.394786500751486	-7.6337936246004565
1.1699100668506053e8	4532.773180993909	-18.4073751720878	-7.660088664853472
1.1741700668506053e8	4530.788768398439	-18.419963843424107	-7.6870938495464785
1.1784300668506053e8	4528.805224563261	-18.432552514760424	-7.714848603307376
1.1826900668506053e8	4526.822549108028	-18.445141186096734	-7.743395727794414
1.1869500668506053e8	4524.84074165259	-18.457729857433044	-7.772781798753338
1.1912100668506053e8	4522.859801816932	-18.470318528769358	-7.803057623201791
1.1954700668506053e8	4520.879729221219	-18.482907200105668	-7.834278768009347
1.1997300668506053e8	4518.782158187194	-18.49564504415539	-7.856184742701552
1.2039900668506053e8	4516.666091364341	-18.508407436253727	-7.876854804133091
1.2082500668506053e8	4514.551015458636	-18.52116982835207	-7.897961150910262
1.2125100668506053e8	4512.436930006081	-18.533932220450406	-7.919522598332412
1.2167700668506053e8	4510.323834542841	-18.546694612548748	-7.941559205719662
1.2210300668506053e8	4508.211728605328	-18.559457004647086	-7.964092388557873
1.2252900668506053e8	4506.100611730165	-18.572219396745428	-7.987145043572489
1.2295500668506053e8	4503.990483454192	-18.58498178884377	-8.010741688562192
1.2338100668506053e8	4501.881343314464	-18.597744180942108	-8.034908619133143
1.2380700668506053e8	4499.773190848256	-18.610506573040446	-8.059674084845842
1.2423300668506053e8	4497.666025593055	-18.623268965138788	-8.085068487733277
1.2465900668506053e8	4495.559847086569	-18.63603135723713	-8.11112460668895
1.2508500668506053e8	4493.45465486672	-18.648793749335468	-8.13787785187872
1.2551100668506053e8	4491.350448471649	-18.66155614143381	-8.16536655413011
1.2593700668506053e8	4489.24722743971	-18.67431853353215	-8.193632295233165
1.2636300668506053e8	4487.144991309482	-18.687080925630486	-8.222720286295878
1.2678900668506053e8	4485.0437396197385	-18.699843317728828	-8.252679802795813
1.2721500668506053e8	4482.943471909482	-18.712605709827166	-8.283564686838785
1.2764100668506053e8	4480.8262778530625	-18.72532335417127	-8.311740521135087
1.2806700668506053e8	4478.670691389523	-18.737942529788345	-8.33241687757949
1.2849300668506053e8	4476.516141911735	-18.75056170540542	-8.353529787965297
1.2891900668506053e8	4474.362628920835	-18.763180881022496	-8.375098085157271
1.2934500668506053e8	4472.2101519182115	-18.77580005663957	-8.397141847606724
1.2977100668506053e8	4470.058710405466	-18.788419232256647	-8.419682511674921
1.3019700668506053e8	4467.90830388447	-18.801038407873722	-8.442742996910336
1.3062300668506053e8	4465.758931857309	-18.813657583490798	-8.466347846114868
1.3104900668506053e8	4463.610593826334	-18.82627675910787	-8.490523382344787
1.3147500668506053e8	4461.463289294105	-18.838895934724945	-8.515297885364417
1.3190100668506053e8	4459.317017763456	-18.851515110342024	-8.54070179051848
1.3232700668506053e8	4457.171778737423	-18.864134285959096	-8.566767913530418
1.3275300668506053e8	4455.027571719311	-18.876753461576172	-8.593531705391316
1.3317900668506053e8	4452.884396212651	-18.889372637193247	-8.621031542306037
1.3360500668506053e8	4450.7422517212235	-18.901991812810323	-8.649309056646771
1.3403100668506053e8	4448.601137749024	-18.9146109884274	-8.678409516076716
1.3445700668506053e8	4446.461053800316	-18.927230164044474	-8.708382259510193
1.3488300668506053e8	4444.32199937958	-18.93984933966155	-8.73928120045084
1.3530900668506053e8	4442.183973991534	-18.95246851527863	-8.771165410603595
1.3573500668506053e8	4439.980947121273	-18.96527121562241	-8.797466474109582
1.3616100668506053e8	4437.722705956494	-18.97823049579013	-8.818699599844699
1.3658700668506053e8	4435.465613367166	-18.99118977595785	-8.84039336980676
1.3701300668506053e8	4433.2096687691155	-19.004149056125566	-8.862568215045252
1.3743900668506053e8	4430.954871578464	-19.017108336293283	-8.885245956770861
1.3786500668506053e8	4428.701221211615	-19.030067616461004	-8.908449935406463
1.3829100668506053e8	4426.44871708527	-19.04302689662872	-8.932205154969644
1.3871700668506053e8	4424.19735861644	-19.055986176796438	-8.956538445025783
1.3914300668506053e8	4421.947145222435	-19.06894545696416	-8.981478642841703
1.3956900668506053e8	4419.698076320846	-19.08190473713187	-9.007056798841012
1.3999500668506053e8	4417.450151329557	-19.094864017299592	-9.033306409032246
1.4042100668506053e8	4415.203369666774	-19.107823297467313	-9.060263678773918
1.4084700668506053e8	4412.957730750969	-19.12078257763503	-9.087967823087315
1.4127300668506053e8	4410.7132340009375	-19.13374185780275	-9.116461409767577
1.4169900668506053e8	4408.469878835742	-19.146701137970467	-9.145790752827503
1.4212500668506053e8	4406.2276646747705	-19.159660418138188	-9.176006365402818
1.4255100668506053e8	4403.986590937676	-19.1726196983059	-9.20716348323973
1.4297700668506053e8	4401.7466570444285	-19.18557897847362	-9.239322672390276
1.4340300668506053e8	4399.505548015584	-19.198506994238784	-9.269788030855334
1.4382900668506053e8	4397.257372216695	-19.211324077002082	-9.29116052210119
1.4425500668506053e8	4395.010345250193	-19.224141159765384	-9.31299979108794
1.4468100668506053e8	4392.764466528999	-19.236958242528686	-9.335326682883633
1.4510700668506053e8	4390.519735466371	-19.249775325291985	-9.358163470837637
1.4553300668506053e8	4388.27615147583	-19.262592408055287	-9.381533990122325
1.4595900668506053e8	4386.033713971225	-19.27540949081859	-9.405463787256448
1.4638500668506053e8	4383.792422366692	-19.28822657358189	-9.429980287961731
1.4681100668506053e8	4381.552276076678	-19.301043656345193	-9.4551129861181
1.4723700668506053e8	4379.313274515904	-19.31386073910849	-9.480893657082119
1.4766300668506053e8	4377.07541709942	-19.326677821871797	-9.50735659923824
1.4808900668506053e8	4374.838703242539	-19.339494904635096	-9.534538908389022
1.4851500668506053e8	4372.603132360926	-19.352311987398394	-9.562480790491765
1.4894100668506053e8	4370.368703870489	-19.3651290701617	-9.59122591935766
1.4936700668506053e8	4368.135417187475	-19.377946152925	-9.620821847300938
1.4979300668506053e8	4365.903271728397	-19.390763235688304	-9.651320478431437
1.5021900668506053e8	4363.67226691009	-19.403580318451603	-9.682778616419798
1.5064500668506053e8	4361.442402149687	-19.416397401214905	-9.71525860125537
1.5107100668506053e8	4359.213676864596	-19.429214483978207	-9.748829052931045
1.5149700668506053e8	4356.919822785359	-19.442330671137242	-9.775390887629724
1.5192300668506053e8	4354.58907027622	-19.455618942953766	-9.797875431886323
1.5234900668506053e8	4352.25956461289	-19.468907214770287	-9.820877182308585
1.5277500668506053e8	4349.9313051283725	-19.48219548658681	-9.844420494562426
1.5320100668506053e8	4347.604291156019	-19.495483758403335	-9.868531486275893
1.5362700668506053e8	4345.278522029536	-19.50877203021986	-9.893238211201805
1.5405300668506053e8	4342.953997082991	-19.52206030203638	-9.918570855445891
1.5447900668506053e8	4340.630715650802	-19.535348573852907	-9.944561959202527
1.5490500668506053e8	4338.308677067746	-19.548636845669428	-9.971246668083367
1.5533100668506053e8	4335.987880668958	-19.56192511748595	-9.998663018908529
1.5575700668506053e8	4333.668325789924	-19.575213389302476	-10.026852265791286
1.5618300668506053e8	4331.350011766488	-19.588501661118997	-10.055859253531718
1.5660900668506053e8	4329.032937934858	-19.60178993293552	-10.085732846802447
1.5703500668506053e8	4326.717103631564	-19.615078204752045	-10.116526425439158
1.5746100668506053e8	4324.402508193547	-19.628366476568566	-10.148298458443302
1.5788700668506053e8	4322.089150958046	-19.641654748385093	-10.181113172202009
1.5831300668506053e8	4319.777031262689	-19.654943020201614	-10.215041332114806
1.5873900668506053e8	4317.466148445447	-19.668231292018138	-10.25016116153724
1.5916500668506053e8	4315.172235132274	-19.681437148622827	-10.278141130931134
1.5959100668506053e8	4312.888973598635	-19.69459356650017	-10.301764340252907
1.6001700668506053e8	4310.606920193652	-19.70774998437751	-10.325959135511365
1.6044300668506053e8	4308.326074278074	-19.72090640225485	-10.350753864143504
1.6086900668506053e8	4306.046435212989	-19.734062820132195	-10.376179036134369
1.6129500668506053e8	4303.768002359826	-19.747219238009535	-10.4022675497358
1.6172100668506053e8	4301.490775080347	-19.76037565588688	-10.429054947425666
1.6214700668506053e8	4299.214752736653	-19.77353207376422	-10.456579707103442
1.6257300668506053e8	4296.939934691187	-19.78668849164156	-10.484883574508304
1.6299900668506053e8	4294.666320306722	-19.7998449095189	-10.514011944066963
1.6342500668506053e8	4292.393908946375	-19.813001327396243	-10.544014296892843
1.6385100668506053e8	4290.1226999735945	-19.826157745273584	-10.574944706547472
1.6427700668506053e8	4287.85269275217	-19.839314163150927	-10.606862425546948
1.6470300668506053e8	4285.583886646225	-19.852470581028268	-10.639832568594331
1.6512900668506053e8	4283.316281020221	-19.865626998905608	-10.6739269123351
1.6555500668506053e8	4281.049875238955	-19.87878341678295	-10.709224836327548
1.6598100668506053e8	4278.784668667559	-19.891939834660292	-10.745814436248539
1.6640700668506053e8	4276.520660671505	-19.905096252537632	-10.783793848608056
1.6683300668506053e8	4274.270295819709	-19.918274679673402	-10.81838331527138
1.6725900668506053e8	4272.046595255913	-19.93149819174573	-10.843909483005895
1.6768500668506053e8	4269.824051578297	-19.94472170381806	-10.87010434237346
1.6811100668506053e8	4267.602664184979	-19.957945215890387	-10.897003872526632
1.6853700668506053e8	4265.382432474399	-19.971168727962716	-10.924647036891242
1.6896300668506053e8	4263.16335584531	-19.984392240035042	-10.953076122612485
1.6938900668506053e8	4260.945433696771	-19.99761575210737	-10.98233712967997
1.6981500668506053e8	4258.728665428174	-20.0108392641797	-11.012480218720324
1.7024100668506053e8	4256.513050439203	-20.02406277625203	-11.043560228402455
1.7066700668506053e8	4254.298588129862	-20.037286288324356	-11.075637275859473
1.7109300668506053e8	4252.0852779004645	-20.050509800396682	-11.108777456642558
1.7151900668506053e8	4249.87311915164	-20.06373331246901	-11.143053664687
1.7194500668506053e8	4247.662111284326	-20.07695682454134	-11.17854655786223
1.7237100668506053e8	4245.452253699775	-20.09018033661367	-11.215345701269394
1.7279700668506053e8	4243.243545799547	-20.103403848686	-11.253550929058076
1.7322300668506053e8	4241.035986985517	-20.116627360758326	-11.293273976879872
1.7364900668506053e8	4238.82957665987	-20.129850872830655	-11.334640452200912
1.7407500668506053e8	4236.624314225094	-20.14307438490298	-11.377792230019677
1.7450100668506053e8	4234.420199084018	-20.15629789697531	-11.42289038920161
1.7492700668506053e8	4232.230601723552	-20.169893429749166	-11.452866665728553
1.7535300668506053e8	4230.042260231291	-20.18349240426206	-11.483606169361357
1.7577900668506053e8	4227.855050255466	-20.197091378774957	-11.515320639259787
1.7620500668506053e8	4225.668971211008	-20.210690353287852	-11.548073953063518
1.7663100668506053e8	4223.484022513152	-20.22428932780075	-11.581936479330453
1.7705700668506053e8	4221.300203577442	-20.237888302313646	-11.616985987893754
1.7748300668506053e8	4219.117513819701	-20.25148727682654	-11.653308725634314
1.7790900668506053e8	4216.9359526560775	-20.26508625133944	-11.691000695101184
1.7833500668506053e8	4214.755519503023	-20.278685225852332	-11.730169183683731
1.7876100668506053e8	4212.5762137772645	-20.29228420036523	-11.770934604663323
1.7918700668506053e8	4210.398034895857	-20.305883174878126	-11.81343272973305
1.7961300668506053e8	4208.220982276147	-20.31948214939102	-11.857817417325856
1.8003900668506053e8	4206.045055335783	-20.333081123903916	-11.904263975051386
1.8046500668506053e8	4203.870253492717	-20.34668009841681	-11.952973341752484
1.8089100668506053e8	4201.696576165197	-20.360279072929707	-12.00417734126955
1.8131700668506053e8	4199.524022771784	-20.373878047442602	-12.058145355367891
1.8174300668506053e8	4197.352592731314	-20.387477021955497	-12.115192902249674
1.8216900668506053e8	4195.185345274019	-20.401078092219105	-12.175509978014471
1.8259500668506053e8	4193.3907601687415	-20.41493376305253	-12.21629416227291
1.8302100668506053e8	4191.596942737691	-20.428789433885957	-12.258812680202462
1.8344700668506053e8	4189.803892652486	-20.442645104719382	-12.3032196121657
1.8387300668506053e8	4188.011609584876	-20.456500775552808	-12.349690529917222
1.8429900668506053e8	4186.22009320676	-20.470356446386234	-12.398426689199045
1.8472500668506053e8	4184.429343190154	-20.48421211721966	-12.44966029736697
1.8515100668506053e8	4182.639359207238	-20.498067788053085	-12.503661204793348
1.8557700668506053e8	4180.850140930323	-20.511923458886507	-12.560745508364326
1.8600300668506053e8	4179.06168803186	-20.525779129719936	-12.621286762692693
1.8642900668506053e8	4177.274000184458	-20.539634800553358	-12.685730809078303
1.8685500668506053e8	4175.48707706081	-20.553490471386787	-12.754615720348184
1.8728100668506053e8	4173.70091833382	-20.56734614222021	-12.828599137501998
1.8770700668506053e8	4171.915523676491	-20.581201813053635	-12.908496550614169
1.8813300668506053e8	4170.130892761983	-20.59505748388706	-12.99533624306188
1.8855900668506053e8	4168.347025263573	-20.608913154720486	-13.090440440316101
1.8898500668506053e8	4166.563920854701	-20.622768825553912	-13.19554925712955
1.8941100668506053e8	4164.781579208943	-20.636624496387338	-13.313017758293494
1.8983700668506053e8	4162.999999999997	-20.650480167220763	-13.446144894742718
