-2.478154673863119e7	9680.406307504409	-15.375240067592982
-2.434654673863119e7	9653.033569877733	-15.377919494522478
-2.391154673863119e7	9625.738232593705	-15.380598921451977
-2.347654673863119e7	9598.520076791736	-15.383278348381475
-2.304154673863119e7	9571.378884230164	-15.385957775310974
-2.260654673863119e7	9544.314437284316	-15.388637202240472
-2.217154673863119e7	9517.326518945005	-15.391316629169971
-2.173654673863119e7	9490.414912816601	-15.393996056099468
-2.130154673863119e7	9463.579403115376	-15.396675483028966
-2.086654673863119e7	9433.455192474139	-15.399115378845485
-2.043154673863119e7	9401.435671828396	-15.401413024142066
-1.999654673863119e7	9369.524833492736	-15.403710669438645
-1.956154673863119e7	9337.722308572036	-15.406008314735228
-1.912654673863119e7	9306.027729423326	-15.408305960031807
-1.869154673863119e7	9274.44072965151	-15.41060360532839
-1.825654673863119e7	9242.960944105096	-15.412901250624971
-1.782154673863119e7	9211.435142226519	-15.415186621653982
-1.738654673863119e7	9173.469860769324	-15.416944315856622
-1.695154673863119e7	9135.661054668451	-15.418702010059263
-1.6516546738631189e7	9098.00807900475	-15.420459704261903
-1.6081546738631189e7	9060.510291517126	-15.422217398464543
-1.5646546738631189e7	9023.167052591605	-15.423975092667185
-1.5211546738631189e7	8985.977725250359	-15.425732786869824
-1.4776546738631189e7	8943.950400794727	-15.427065243783664
-1.4341546738631189e7	8898.276359651783	-15.428068566826141
-1.3906546738631189e7	8852.835561979662	-15.429071889868617
-1.3471546738631189e7	8807.62681667472	-15.43007521291109
-1.3036546738631189e7	8762.64893871592	-15.431078535953567
-1.2601546738631189e7	8717.264490802716	-15.43201798843983
-1.2166546738631189e7	8661.883765416234	-15.431924377516513
-1.1731546738631189e7	8606.854873422868	-15.431830766593196
-1.1296546738631189e7	8552.175579627308	-15.431737155669879
-1.0861546738631189e7	8497.843663034435	-15.43164354474656
-1.0426546738631189e7	8440.56341307247	-15.431261993472276
-9.991546738631189e6	8371.949267849219	-15.429847924249628
-9.556546738631189e6	8302.993837563712	-15.428340937157907
-9.121546738631189e6	8225.093271828668	-15.425841976089583
-8.686546738631189e6	8147.465695274202	-15.423292430019814
-8.251546738631189e6	8060.396190168051	-15.419607403697299
-7.816546738631189e6	7974.0216508595695	-15.415897548472994
-7.381546738631189e6	7875.8760212821035	-15.410833578993213
-6.946546738631189e6	7778.938384989196	-15.405769609513431
-6.511546738631189e6	7671.09258969657	-15.399338572158243
-6.076546738631189e6	7564.4192161788205	-15.39287053354675
-5.641546738631189e6	7451.856213051564	-15.3856998145014
-5.206546738631189e6	7339.294779596233	-15.37836710234621
-4.771546738631189e6	7228.518434961979	-15.371186534865185
-4.336546738631189e6	7119.542668716485	-15.364240079247331
-3.901546738631189e6	7012.209800353254	-15.357293623629477
-3.466546738631189e6	6915.270184497791	-15.351895371220817
-3.031546738631189e6	6828.721802366715	-15.348114298256226
-2.596546738631189e6	6743.2566204938585	-15.344333225291633
-2.161546738631189e6	6658.8610820365575	-15.34055215232704
-1.7265467386311889e6	6597.6059566774575	-15.340685325117095
-1.2915467386311889e6	6539.538927725179	-15.341287128101907
-856546.7386311889	6481.98295988711	-15.34188893108672
-421546.73863118887	6424.933555198278	-15.342490734071536
13453.26136881113	6375.780954960431	-15.344505921945267
448453.26136881113	6331.638187449952	-15.347412774546747
883453.2613688111	6287.801042723137	-15.350319627148231
1.3184532613688111e6	6244.267404798326	-15.353226479749711
1.7534532613688111e6	6201.035172343902	-15.356133332351193
2.188453261368811e6	6163.724530692356	-15.360195022680067
2.623453261368811e6	6129.86266708565	-15.364922524386692
3.058453261368811e6	6096.186831553562	-15.369650026093318
3.493453261368811e6	6062.696002107326	-15.374377527799945
3.928453261368811e6	6029.3891623726695	-15.379105029506572
4.363453261368811e6	5996.265301559071	-15.383832531213198
4.798453261368811e6	5969.321005066234	-15.389899360255916
5.233453261368811e6	5942.916920785015	-15.39606015923314
5.668453261368811e6	5916.629629630866	-15.40222095821036
6.103453261368811e6	5890.458614993019	-15.408381757187584
6.538453261368811e6	5864.4033625458305	-15.414542556164808
6.973453261368811e6	5838.463360238638	-15.420703355142031
7.408453261368811e6	5815.121260383243	-15.427464957928908
7.843453261368811e6	5794.139789866065	-15.434777115022364
8.278453261368811e6	5773.234022345498	-15.442089272115819
8.713453261368811e6	5752.40368467845	-15.449401429209276
9.148453261368811e6	5731.6485047073675	-15.456713586302731
9.583453261368811e6	5710.968211256631	-15.464025743396189
1.0018453261368811e7	5690.362534129078	-15.471337900489644
1.0453453261368811e7	5671.3756308528455	-15.479064295315842
1.0888453261368811e7	5654.433539310897	-15.487323759366063
1.1323453261368811e7	5637.542058852493	-15.495583223416286
1.1758453261368811e7	5620.701038287214	-15.50384268746651
1.2193453261368811e7	5603.910326876301	-15.512102151516732
1.2628453261368811e7	5587.169774331296	-15.520361615566955
1.3063453261368811e7	5570.479230812695	-15.528621079617176
1.3498453261368811e7	5553.838546928615	-15.536880543667401
1.3933453261368811e7	5539.319295180137	-15.545703222916243
1.4368453261368811e7	5525.459190954458	-15.554695179507409
1.4803453261368811e7	5511.633766529474	-15.563687136098574
1.5238453261368811e7	5497.842935131772	-15.572679092689738
1.5673453261368811e7	5484.086610205053	-15.581671049280903
1.6108453261368811e7	5470.364705409597	-15.590663005872067
1.6543453261368811e7	5456.6771346217165	-15.599654962463232
1.697845326136881e7	5443.023811933224	-15.608646919054397
1.741345326136881e7	5430.51938872128	-15.618015425140834
1.784845326136881e7	5418.849108757639	-15.627656572836063
1.828345326136881e7	5407.203908427213	-15.63729772053129
1.871845326136881e7	5395.583733833435	-15.646938868226517
1.915345326136881e7	5383.988531195565	-15.656580015921744
1.958845326136881e7	5372.41824684844	-15.666221163616974
2.002345326136881e7	5360.872827242221	-15.675862311312201
2.045845326136881e7	5349.352218942161	-15.68550345900743
2.089345326136881e7	5337.905235877579	-15.695160147803763
2.132845326136881e7	5328.063833094812	-15.7053206654511
2.176345326136881e7	5318.240574734727	-15.71548118309844
2.219845326136881e7	5308.435427344738	-15.725641700745777
2.263345326136881e7	5298.648357533977	-15.735802218393115
2.306845326136881e7	5288.879331973126	-15.745962736040454
2.350345326136881e7	5279.128317394306	-15.756123253687791
2.393845326136881e7	5269.395280591012	-15.766283771335129
2.437345326136881e7	5259.680188417906	-15.776444288982466
2.480845326136881e7	5250.206873650962	-15.786695073245978
2.524345326136881e7	5241.71898204454	-15.797336977433893
2.567845326136881e7	5233.244812621968	-15.80797888162181
2.611345326136881e7	5224.784343198881	-15.818620785809728
2.654845326136881e7	5216.337551626816	-15.829262689997645
2.698345326136881e7	5207.904415793079	-15.839904594185562
2.741845326136881e7	5199.484913620764	-15.850546498373479
2.785345326136881e7	5191.079023068617	-15.861188402561393
2.828845326136881e7	5182.686722131048	-15.87183030674931
2.872345326136881e7	5174.502567287715	-15.882536200323148
2.915845326136881e7	5167.227409191365	-15.89353721282103
2.959345326136881e7	5159.962479696633	-15.904538225318912
3.002845326136881e7	5152.707764422485	-15.915539237816795
3.046345326136881e7	5145.463249008097	-15.926540250314677
3.089845326136881e7	5138.228919112864	-15.93754126281256
3.133345326136881e7	5131.004760416316	-15.94854227531044
3.176845326136881e7	5123.790758618126	-15.959543287808323
3.220345326136881e7	5116.586899438065	-15.970544300306207
3.263845326136881e7	5109.405194388044	-15.981550852429391
3.307345326136881e7	5103.0297092472065	-15.992924629565941
3.350845326136881e7	5096.662179398461	-16.00429840670249
3.394345326136881e7	5090.302594915251	-16.015672183839037
3.437845326136881e7	5083.950945883395	-16.027045960975585
3.481345326136881e7	5077.607222401087	-16.038419738112133
3.524845326136881e7	5071.2714145788805	-16.049793515248684
3.568345326136881e7	5064.943512539646	-16.06116729238523
3.611845326136881e7	5058.623506418603	-16.07254106952178
3.655345326136881e7	5052.3113863632725	-16.08391484665833
3.698845326136881e7	5046.616515000099	-16.09553445842014
3.742345326136881e7	5041.058263216896	-16.10720665139581
3.785845326136881e7	5035.50613319127	-16.11887884437148
3.829345326136881e7	5029.9601181808275	-16.130551037347153
3.872845326136881e7	5024.4202114506115	-16.142223230322823
3.916345326136881e7	5018.8864062730445	-16.153895423298493
3.959845326136881e7	5013.3586959280165	-16.16556761627416
4.003345326136881e7	5007.837073702779	-16.177239809249834
4.046845326136881e7	5002.321532891996	-16.188912002225504
4.090345326136881e7	4997.182089722462	-16.2007258355155
4.133845326136881e7	4992.297558506904	-16.212635317127244
4.177345326136881e7	4987.417801711164	-16.224544798738986
4.220845326136881e7	4982.542814668459	-16.236454280350728
4.264345326136881e7	4977.672592716542	-16.248363761962473
4.307845326136881e7	4972.807131197749	-16.26027324357421
4.351345326136881e7	4967.946425458971	-16.272182725185957
4.394845326136881e7	4963.09047085161	-16.284092206797695
4.438345326136881e7	4958.239262731674	-16.29600168840944
4.481845326136881e7	4953.567294536966	-16.307990774452207
4.525345326136881e7	4949.220158400171	-16.320126168215175
4.568845326136881e7	4944.87683720954	-16.332261561978143
4.612345326136881e7	4940.537327617182	-16.34439695574111
4.655845326136881e7	4936.201626278109	-16.35653234950408
4.699345326136881e7	4931.869729850295	-16.368667743267046
4.742845326136881e7	4927.541634994645	-16.380803137030014
4.786345326136881e7	4923.217338374972	-16.392938530792982
4.829845326136881e7	4918.896836658039	-16.40507392455595
4.873345326136881e7	4914.635950151899	-16.417236319474735
4.916845326136881e7	4910.785943357917	-16.429595827699686
4.960345326136881e7	4906.9389525660445	-16.44195533592464
5.003845326136881e7	4903.094975413604	-16.454314844149593
5.047345326136881e7	4899.254009539771	-16.466674352374547
5.090845326136881e7	4895.416052585594	-16.4790338605995
5.134345326136881e7	4891.581102193959	-16.49139336882445
5.177845326136881e7	4887.749156009595	-16.503752877049404
5.221345326136881e7	4883.920211679089	-16.516112385274358
5.264845326136881e7	4880.094266850852	-16.52847189349931
5.308345326136881e7	4876.570651566137	-16.540978912454413
5.351845326136881e7	4873.074515690247	-16.55349822793493
5.395345326136881e7	4869.580886281899	-16.566017543415445
5.438845326136881e7	4866.089761544147	-16.57853685889596
5.482345326136881e7	4862.601139681319	-16.591056174376476
5.525845326136881e7	4859.115018899067	-16.603575489856993
5.569345326136881e7	4855.63139740427	-16.616094805337504
5.612845326136881e7	4852.150273405159	-16.628614120818025
5.656345326136881e7	4848.671645111193	-16.64113343629854
5.699845326136881e7	4845.442576881923	-16.65377045909278
5.743345326136881e7	4842.298262927379	-16.66644686090174
5.786845326136881e7	4839.155989387129	-16.679123262710696
5.830345326136881e7	4836.015754937084	-16.691799664519657
5.873845326136881e7	4832.877558254051	-16.704476066328617
5.917345326136881e7	4829.7413980156625	-16.717152468137574
5.960845326136881e7	4826.60727290044	-16.72982886994653
6.004345326136881e7	4823.475181587732	-16.74250527175549
6.047845326136881e7	4820.345122757767	-16.75518167356445
6.091345326136881e7	4817.386540652906	-16.76793520845416
6.134845326136881e7	4814.541723140985	-16.78073973316699
6.178345326136881e7	4811.698585582841	-16.793544257879823
6.221845326136881e7	4808.857126986393	-16.806348782592654
6.265345326136881e7	4806.0173463601695	-16.819153307305484
6.308845326136881e7	4803.179242713276	-16.831957832018315
6.352345326136881e7	4800.342815055413	-16.844762356731145
6.395845326136881e7	4797.50806239684	-16.857566881443976
6.439345326136881e7	4794.674983748424	-16.870371406156806
6.482845326136881e7	4791.939096815455	-16.88324994164984
6.526345326136881e7	4789.308551014579	-16.89620893327701
6.569845326136881e7	4786.679449257761	-16.909167924904178
6.613345326136881e7	4784.051790752295	-16.922126916531347
6.656845326136881e7	4781.425574705915	-16.935085908158516
6.700345326136881e7	4778.800800326763	-16.948044899785685
6.743845326136881e7	4776.17746682344	-16.961003891412858
6.787345326136881e7	4773.555573404984	-16.973962883040027
6.830845326136881e7	4770.935119280847	-16.986921874667196
6.874345326136881e7	4768.383821080233	-16.99990583890355
6.917845326136881e7	4765.929719237259	-17.012925162065518
6.961345326136881e7	4763.476880425139	-17.025944485227484
7.004845326136881e7	4761.025303993817	-17.03896380838945
7.048345326136881e7	4758.5749892936265	-17.051983131551417
7.091845326136881e7	4756.125935675172	-17.06500245471338
7.135345326136881e7	4753.678142489455	-17.07802177787535
7.178845326136881e7	4751.2316090877475	-17.091041101037316
7.222345326136881e7	4748.786334821713	-17.104060424199282
7.265845326136881e7	4746.388525520392	-17.117118668868688
7.309345326136881e7	4744.077324778054	-17.13024888278446
7.352845326136881e7	4741.767249449036	-17.14337909670023
7.396345326136881e7	4739.458298985332	-17.156509310616
7.439845326136881e7	4737.150472839199	-17.169639524531767
7.483345326136881e7	4734.843770463166	-17.18276973844754
7.526845326136881e7	4732.538191310025	-17.19589995236331
7.570345326136881e7	4730.233734832834	-17.20903016627908
7.613845326136881e7	4727.93040048491	-17.22216038019485
7.657345326136881e7	4725.656578527576	-17.235311688796187
7.700845326136881e7	4723.440105029662	-17.248504815151385
7.744345326136881e7	4721.224671123755	-17.261697941506586
7.787845326136881e7	4719.0102763222385	-17.274891067861784
7.831345326136881e7	4716.79692013775	-17.288084194216985
7.874845326136881e7	4714.584602083147	-17.301277320572183
7.918345326136881e7	4712.3733216715245	-17.314470446927384
7.961845326136881e7	4710.163078416181	-17.32766357328258
8.005345326136881e7	4707.953871830666	-17.340856699637783
8.048845326136881e7	4705.7653928791715	-17.354081290792696
8.092345326136881e7	4703.615859188683	-17.367366514511758
8.135845326136881e7	4701.467307377804	-17.380651738230817
8.179345326136881e7	4699.3197369980235	-17.39393696194988
8.222845326136881e7	4697.173147601038	-17.40722218566894
8.266345326136881e7	4695.027538738737	-17.420507409387998
8.309845326136881e7	4692.882909963244	-17.43379263310706
8.353345326136881e7	4690.7392608268565	-17.44707785682612
8.396845326136881e7	4688.596590882082	-17.46036308054518
8.440345326136881e7	4686.471533389713	-17.473668120748286
8.483845326136881e7	4684.372941960999	-17.487003557346863
8.527345326136881e7	4682.2752902768225	-17.50033899394544
8.570845326136881e7	4680.178577916351	-17.513674430544018
8.614345326136881e7	4678.082804458966	-17.527009867142596
8.657845326136881e7	4675.987969484246	-17.540345303741173
8.701345326136881e7	4673.894072571907	-17.55368074033975
8.744845326136881e7	4671.801113301903	-17.56701617693833
8.788345326136881e7	4669.709091254368	-17.580351613536905
8.831845326136881e7	4667.616855971129	-17.59370632982615
8.875345326136881e7	4665.52426008908	-17.60708281625692
8.918845326136881e7	4663.432602364061	-17.62045930268769
8.962345326136881e7	4661.341882375457	-17.633835789118457
9.005845326136881e7	4659.252099702863	-17.647212275549222
9.049345326136881e7	4657.163253926082	-17.660588761979994
9.092845326136881e7	4655.075344625059	-17.67396524841076
9.136345326136881e7	4652.988371379967	-17.687341734841524
9.179845326136881e7	4650.902333771136	-17.700718221272297
9.223345326136881e7	4648.821593985632	-17.714125533528268
9.266845326136881e7	4646.745111089001	-17.72755635752345
9.310345326136881e7	4644.669555692187	-17.740987181518634
9.353845326136881e7	4642.594927380906	-17.754418005513813
9.397345326136881e7	4640.521225741074	-17.767848829508992
9.440845326136881e7	4638.448450358776	-17.78127965350418
9.484345326136881e7	4636.3766008202665	-17.794710477499358
9.527845326136881e7	4634.305676712006	-17.808141301494537
9.571345326136881e7	4632.235677620636	-17.821572125489723
9.614845326136881e7	4630.144807039313	-17.835055421317637
9.658345326136881e7	4628.045220724135	-17.848561981965275
9.701845326136881e7	4625.946586487761	-17.862068542612917
9.745345326136881e7	4623.848903898454	-17.875575103260555
9.788845326136881e7	4621.752172524672	-17.889081663908197
9.832345326136881e7	4619.656391935091	-17.90258822455584
9.875845326136881e7	4617.561561698553	-17.916094785203477
9.919345326136881e7	4615.467681384128	-17.92960134585112
9.962845326136881e7	4613.374750561047	-17.943107906498756
1.0006345326136881e8	4611.246371489248	-17.9566729529198
1.0049845326136881e8	4609.11347517866	-17.970246839908512
1.0093345326136881e8	4606.981565422756	-17.983820726897232
1.0136845326136881e8	4604.850641765197	-17.997394613885948
1.0180345326136881e8	4602.720703749887	-18.010968500874664
1.0223845326136881e8	4600.591750920909	-18.02454238786338
1.0267345326136881e8	4598.46378282259	-18.038116274852097
1.0310845326136881e8	4596.33679899943	-18.05169016184081
1.0354345326136881e8	4594.210043355168	-18.065251233939335
1.0397845326136881e8	4592.0765418590145	-18.078681153850308
1.0441345326136881e8	4589.9440311379085	-18.09211107376128
1.0484845326136881e8	4587.812510731727	-18.105540993672257
1.0528345326136881e8	4585.681980180588	-18.11897091358323
1.0571845326136881e8	4583.552439024813	-18.132400833494202
1.0615345326136881e8	4581.423886804938	-18.14583075340518
1.0658845326136881e8	4579.296323061711	-18.15926067331615
1.0702345326136881e8	4577.169747336102	-18.172690593227127
1.0745845326136881e8	4575.021294745795	-18.18620610021032
1.0789345326136881e8	4572.790157831203	-18.2000350402802
1.0832845326136881e8	4570.5601089928505	-18.213863980350077
1.0876345326136881e8	4568.3311477001	-18.227692920419955
1.0919845326136881e8	4566.103273422577	-18.241521860489833
1.0963345326136881e8	4563.876485630171	-18.255350800559707
1.1006845326136881e8	4561.650783793027	-18.269179740629585
1.1050345326136881e8	4559.426167381538	-18.283008680699464
1.1093845326136881e8	4557.202635866385	-18.296837620769338
1.1137345326136881e8	4554.93351022911	-18.31066103435494
1.1180845326136881e8	4552.633614371001	-18.324480669228773
1.1224345326136881e8	4550.334879785817	-18.338300304102606
1.1267845326136881e8	4548.037305887203	-18.352119938976436
1.1311345326136881e8	4545.740892089099	-18.36593957385027
1.1354845326136881e8	4543.445637805745	-18.379759208724103
1.1398345326136881e8	4541.151542451671	-18.393578843597936
1.1441845326136881e8	4538.858605441707	-18.40739847847177
1.1485345326136881e8	4536.566826190979	-18.421218113345603
1.1528845326136881e8	4534.440868636579	-18.434008586973075
1.1572345326136881e8	4532.320852140202	-18.446768141593147
1.1615845326136881e8	4530.201826828865	-18.459527696213215
1.1659345326136881e8	4528.083792239142	-18.472287250833283
1.1702845326136881e8	4525.966747907852	-18.485046805453354
1.1746345326136881e8	4523.8506933719955	-18.497806360073426
1.1789845326136881e8	4521.735628168824	-18.510565914693494
1.1833345326136881e8	4519.621551835781	-18.523325469313566
1.1876845326136881e8	4517.5084639105335	-18.536085023933637
1.1920345326136881e8	4515.396363930963	-18.548844578553705
1.1963845326136881e8	4513.285251435163	-18.561604133173777
1.2007345326136881e8	4511.175125961465	-18.57436368779385
1.2050845326136881e8	4509.065987048381	-18.587123242413917
1.2094345326136881e8	4506.957834234678	-18.599882797033985
1.2137845326136881e8	4504.850667059308	-18.612642351654056
1.2181345326136881e8	4502.744485061441	-18.625401906274128
1.2224845326136881e8	4500.639287780488	-18.6381614608942
1.2268345326136881e8	4498.53507475605	-18.650921015514264
1.2311845326136881e8	4496.394920344855	-18.663740693736365
1.2355345326136881e8	4494.156089659212	-18.676722779630815
1.2398845326136881e8	4491.918373725038	-18.689704865525268
1.2442345326136881e8	4489.681771987285	-18.702686951419718
1.2485845326136881e8	4487.446283891171	-18.71566903731417
1.2529345326136881e8	4485.2119088821855	-18.728651123208625
1.2572845326136881e8	4482.97864640612	-18.741633209103078
1.2616345326136881e8	4480.746495909008	-18.754615294997528
1.2659845326136881e8	4478.515456837187	-18.76759738089198
1.2703345326136881e8	4476.285528637267	-18.780579466786435
1.2746845326136881e8	4474.056710756109	-18.793561552680885
1.2790345326136881e8	4471.829002640876	-18.806543638575338
1.2833845326136881e8	4469.602403739003	-18.819525724469788
1.2877345326136881e8	4467.3769134981885	-18.83250781036424
1.2920845326136881e8	4465.152531366402	-18.845489896258695
1.2964345326136881e8	4462.929256791913	-18.858471982153144
1.3007845326136881e8	4460.707089223235	-18.871454068047598
1.3051345326136881e8	4458.486028109187	-18.88443615394205
1.3094845326136881e8	4456.2660728988385	-18.897418239836504
1.3138345326136881e8	4453.948967447309	-18.910543330124575
1.3181845326136881e8	4451.619689592607	-18.923687900425325
1.3225345326136881e8	4449.291629878337	-18.93683247072607
1.3268845326136881e8	4446.964787667443	-18.94997704102682
1.3312345326136881e8	4444.639162323223	-18.96312161132757
1.3355845326136881e8	4442.314753209286	-18.976266181628315
1.3399345326136881e8	4439.991559689582	-18.989410751929064
1.344284532613688e8	4437.669581128391	-19.002555322229814
1.348634532613688e8	4435.3488168903195	-19.015699892530563
1.352984532613688e8	4433.029266340339	-19.02884446283131
1.357334532613688e8	4430.710928843695	-19.04198903313206
1.361684532613688e8	4428.393803766023	-19.055133603432807
1.366034532613688e8	4426.077890473256	-19.068278173733553
1.370384532613688e8	4423.763188331662	-19.081422744034302
1.374734532613688e8	4421.449696707868	-19.094567314335052
1.379084532613688e8	4419.137414968779	-19.107711884635798
1.383434532613688e8	4416.826342481689	-19.120856454936547
1.387784532613688e8	4414.516478614185	-19.134001025237296
1.392134532613688e8	4412.17714757653	-19.14714573410892
1.396484532613688e8	4409.825263385811	-19.160290505321033
1.400834532613688e8	4407.474632852654	-19.173435276533148
1.405184532613688e8	4405.125255308813	-19.18658004774526
1.409534532613688e8	4402.777130086366	-19.19972481895737
1.413884532613688e8	4400.430256517801	-19.212869590169486
1.418234532613688e8	4398.08463393591	-19.226014361381598
1.422584532613688e8	4395.740261673866	-19.239159132593713
1.426934532613688e8	4393.397139065199	-19.252303903805824
1.431284532613688e8	4391.055265443784	-19.265448675017936
1.435634532613688e8	4388.714640143867	-19.278593446230047
1.439984532613688e8	4386.375262500021	-19.291738217442163
1.444334532613688e8	4384.037131847198	-19.304882988654274
1.448684532613688e8	4381.700247520697	-19.31802775986639
1.453034532613688e8	4379.364608856173	-19.3311725310785
1.457384532613688e8	4377.030215189631	-19.344317302290612
1.461734532613688e8	4374.697065857435	-19.357462073502724
1.466084532613688e8	4372.365160196306	-19.370606844714835
1.470434532613688e8	4369.9887809670645	-19.383880164110227
1.474784532613688e8	4367.559454769226	-19.39730607883027
1.479134532613688e8	4365.131479061295	-19.410731993550314
1.483484532613688e8	4362.704853092527	-19.424157908270356
1.487834532613688e8	4360.279576112584	-19.437583822990398
1.492184532613688e8	4357.855647371551	-19.451009737710443
1.496534532613688e8	4355.433066119924	-19.46443565243049
1.500884532613688e8	4353.011831608621	-19.477861567150526
1.505234532613688e8	4350.591943088972	-19.49128748187057
1.509584532613688e8	4348.173399812725	-19.504713396590617
1.513934532613688e8	4345.756201032052	-19.518139311310662
1.518284532613688e8	4343.340345999511	-19.5315652260307
1.522634532613688e8	4340.9258339681255	-19.544991140750746
1.526984532613688e8	4338.512664191285	-19.55841705547079
1.531334532613688e8	4336.100835922821	-19.571842970190833
1.535684532613688e8	4333.690348416975	-19.585268884910878
1.540034532613688e8	4331.2812009284025	-19.59869479963092
1.544384532613688e8	4328.873392712171	-19.61212071435096
1.548734532613688e8	4326.454925259441	-19.625565027585374
1.553084532613688e8	4324.028156476491	-19.63902415117324
1.557434532613688e8	4321.602748901926	-19.6524832747611
1.561784532613688e8	4319.178701772227	-19.665942398348964
1.566134532613688e8	4316.756014324294	-19.67940152193683
1.570484532613688e8	4314.334685795476	-19.692860645524693
1.574834532613688e8	4311.914715423537	-19.706319769112557
1.579184532613688e8	4309.496102446646	-19.71977889270042
1.583534532613688e8	4307.0788461034435	-19.733238016288283
1.587884532613688e8	4304.6629456329665	-19.746697139876147
1.592234532613688e8	4302.248400274689	-19.76015626346401
1.596584532613688e8	4299.835209268515	-19.773615387051876
1.600934532613688e8	4297.423371854748	-19.78707451063974
1.605284532613688e8	4295.0128872741625	-19.800533634227605
1.609634532613688e8	4292.603754767926	-19.81399275781547
1.613984532613688e8	4290.195973577636	-19.82745188140333
1.618334532613688e8	4287.789542945342	-19.840911004991195
1.622684532613688e8	4285.384462113467	-19.854370128579063
1.627034532613688e8	4282.972455795777	-19.867845389880866
1.631384532613688e8	4280.5569940102305	-19.881330043322386
1.635734532613688e8	4278.142894469175	-19.894814696763905
1.640084532613688e8	4275.730156404341	-19.908299350205425
1.644434532613688e8	4273.318779047914	-19.92178400364694
1.648784532613688e8	4270.908761632482	-19.935268657088464
1.653134532613688e8	4268.500103391097	-19.94875331052998
1.657484532613688e8	4266.092803557218	-19.962237963971504
1.661834532613688e8	4263.686861364739	-19.97572261741302
1.666184532613688e8	4261.282276048009	-19.989207270854543
1.670534532613688e8	4258.879046841785	-20.00269192429606
1.674884532613688e8	4256.477172981255	-20.01617657773758
1.679234532613688e8	4254.076653702062	-20.029661231179098
1.683584532613688e8	4251.67748824025	-20.043145884620618
1.687934532613688e8	4249.279675832323	-20.056630538062137
1.692284532613688e8	4246.883215715195	-20.070115191503653
1.696634532613688e8	4244.488107126207	-20.083599844945176
1.700984532613688e8	4242.094349303156	-20.097084498386696
1.705334532613688e8	4239.685730789913	-20.110778146117294
1.709684532613688e8	4237.270428861713	-20.12457564964975
1.714034532613688e8	4234.856502904229	-20.138373153182204
1.718384532613688e8	4232.443952133576	-20.152170656714656
1.722734532613688e8	4230.032775766342	-20.16596816024711
1.727084532613688e8	4227.6229730195355	-20.179765663779563
1.731434532613688e8	4225.214543110621	-20.193563167312018
1.735784532613688e8	4222.807485257507	-20.207360670844473
1.740134532613688e8	4220.401798678551	-20.221158174376924
1.744484532613688e8	4217.997482592544	-20.234955677909376
1.748834532613688e8	4215.594536218753	-20.248753181441835
1.753184532613688e8	4213.192958776847	-20.26255068497429
1.757534532613688e8	4210.792749486961	-20.27634818850674
1.761884532613688e8	4208.393907569689	-20.290145692039196
1.766234532613688e8	4205.996432246045	-20.303943195571648
1.770584532613688e8	4203.6003227374895	-20.317740699104103
1.774934532613688e8	4201.2055782659545	-20.331538202636555
1.779284532613688e8	4198.813899641983	-20.34534525903938
1.783634532613688e8	4196.468226401815	-20.359403091380614
1.787984532613688e8	4194.123863575266	-20.373460923721847
1.792334532613688e8	4191.780810430287	-20.387518756063084
1.796684532613688e8	4189.439066235214	-20.401576588404318
1.801034532613688e8	4187.098630258794	-20.41563442074555
1.805384532613688e8	4184.759501770197	-20.429692253086785
1.809734532613688e8	4182.421680038999	-20.443750085428018
1.814084532613688e8	4180.08516433517	-20.45780791776925
1.818434532613688e8	4177.7499539290975	-20.47186575011049
1.822784532613688e8	4175.416048091568	-20.485923582451722
1.827134532613688e8	4173.083446093789	-20.499981414792956
1.831484532613688e8	4170.752147207376	-20.51403924713419
1.835834532613688e8	4168.422150704337	-20.528097079475426
1.840184532613688e8	4166.093455857085	-20.54215491181666
1.844534532613688e8	4163.766061938466	-20.556212744157893
1.848884532613688e8	4161.439968221696	-20.570270576499126
1.853234532613688e8	4159.115173980434	-20.584328408840364
1.857584532613688e8	4157.085142818714	-20.59839141866168
1.861934532613688e8	4155.2145925294035	-20.61245722587597
1.866284532613688e8	4153.344883925616	-20.626523033090262
1.870634532613688e8	4151.476016628629	-20.640588840304552
1.874984532613688e8	4149.60799025986	-20.654654647518846
1.879334532613688e8	4147.740804440949	-20.668720454733137
1.883684532613688e8	4145.874458793655	-20.682786261947427
1.888034532613688e8	4144.008952939935	-20.69685206916172
1.892384532613688e8	4142.144286501909	-20.71091787637601
1.896734532613688e8	4140.280459101869	-20.724983683590303
1.901084532613688e8	4138.417470362284	-20.739049490804593
1.905434532613688e8	4136.55531990576	-20.753115298018884
1.909784532613688e8	4134.6940073551295	-20.767181105233174
1.914134532613688e8	4132.833532333332	-20.781246912447465
1.918484532613688e8	4130.973894463537	-20.795312719661755
1.922834532613688e8	4129.1150933690315	-20.80937852687605
1.927184532613688e8	4127.257128673302	-20.82344433409034
1.931534532613688e8	4125.399999999997	-20.83751014130463
