-1.5578681546627688e8	9421.017794503516	-16.60210588272552	4.570623796578348
-1.5346681546627688e8	9399.57437374963	-16.60222721649129	4.534194850798788
-1.5114681546627688e8	9378.179760916873	-16.602348550257062	4.496388501496017
-1.4882681546627688e8	9356.8338449123	-16.60246988402283	4.457096480421056
-1.4650681546627688e8	9335.536514895839	-16.6025912177886	4.416197229913806
-1.4418681546627688e8	9314.287660279608	-16.602712551554372	4.373553634825997
-1.4186681546627688e8	9293.087170727536	-16.60283388532014	4.329010248935525
-1.3954681546627688e8	9271.934936154657	-16.602955219085914	4.282389874317447
-1.3722681546627688e8	9250.83084672659	-16.603076552851682	4.233489303632192
-1.3490681546627688e8	9229.774792858901	-16.60319788661745	4.182073966806831
-1.3258681546627688e8	9208.122082308471	-16.603261638568934	4.129673069968249
-1.3026681546627688e8	9182.563161294873	-16.602970983630854	4.086016408774436
-1.2794681546627688e8	9157.075184002197	-16.602680328692777	4.040366493704456
-1.2562681546627688e8	9131.657953512446	-16.602389673754697	3.9925325665455476
-1.2330681546627688e8	9106.311273454241	-16.60209901881662	3.942295102951063
-1.2098681546627688e8	9081.034948001216	-16.60180836387854	3.8893997210308386
-1.1866681546627688e8	9055.828781870565	-16.601517708940463	3.833549387003353
-1.1634681546627688e8	9030.69258032157	-16.601227054002383	3.77439431260309
-1.1402681546627688e8	9005.626149154026	-16.600936399064306	3.7115186720277453
-1.1170681546627688e8	8977.486090336677	-16.600341588442262	3.653212558444141
-1.0938681546627688e8	8946.800254503518	-16.59949104301066	3.5990927250636364
-1.0706681546627688e8	8916.219305551978	-16.59864049757906	3.541875506177579
-1.0474681546627688e8	8885.742884969482	-16.59778995214746	3.481184724550578
-1.0242681546627688e8	8855.370635468887	-16.596939406715855	3.4165712170025317
-1.0010681546627688e8	8825.102200984287	-16.59608886128425	3.3474926398749267
-9.778681546627688e7	8794.93722666684	-16.59523831585265	3.2732857674690203
-9.546681546627688e7	8761.732582241082	-16.594063518945102	3.2015185435981843
-9.314681546627688e7	8724.338105251727	-16.592441630139614	3.1365704269024204
-9.082681546627688e7	8687.103225339339	-16.590819741334126	3.0671092406830605
-8.850681546627688e7	8650.027261354482	-16.589197852528635	2.992460632709581
-8.618681546627688e7	8613.109535054802	-16.587575963723147	2.9117868136058656
-8.386681546627688e7	8576.3493710927	-16.58595407491766	2.824029063776794
-8.154681546627688e7	8535.15259354347	-16.583834643216285	2.739499687183061
-7.922681546627688e7	8488.811465657458	-16.581133437216465	2.6619379039856343
-7.690681546627688e7	8442.721944302226	-16.578432231216652	2.5778506153019025
-7.458681546627688e7	8396.88266339436	-16.575731025216832	2.486038092346464
-7.226681546627688e7	8351.292264267513	-16.573029819217016	2.3849359435050514
-6.994681546627688e7	8300.979818219297	-16.569792387569827	2.2817010510350815
-6.762681546627688e7	8243.175599263768	-16.565708124206374	2.18275295594707
-6.5306815466276884e7	8184.153538710322	-16.561438692151768	2.0762345992942985
-6.2986815466276884e7	8118.162445537796	-16.556318010189635	1.97395519580664
-6.0666815466276884e7	8051.847107357122	-16.551097823267582	1.8616978060926332
-5.8346815466276884e7	7976.270185292524	-16.544728377311305	1.7570855329290838
-5.6026815466276884e7	7900.859454454032	-16.53829548110698	1.6412579164054455
-5.3706815466276884e7	7813.762999468982	-16.53039927013796	1.5367083431503934
-5.1386815466276884e7	7727.437234236662	-16.522480831768522	1.4203300379059678
-4.9066815466276884e7	7628.586709242015	-16.512961774344525	1.3202890355311898
-4.6746815466276884e7	7531.00069484712	-16.503442716920524	1.2091158438046123
-4.4426815466276884e7	7423.115313734942	-16.492606345692952	1.116458646722584
-4.2106815466276884e7	7315.363535695214	-16.48160642599306	1.01871047651767
-3.9786815466276884e7	7207.1452525911445	-16.47049070363062	0.9304604259839074
-3.7466815466276884e7	7098.702502348274	-16.459269290907777	0.8534702546951549
-3.5146815466276884e7	6991.89144255539	-16.448047878184937	0.770054448407181
-3.2826815466276884e7	6897.067609019011	-16.438639087625525	0.7008731860336358
-3.0506815466276884e7	6810.182205885965	-16.43040648763094	0.641528719406483
-2.8186815466276884e7	6724.391336503437	-16.422173887636355	0.5784390624502999
-2.5866815466276884e7	6639.6812125469105	-16.41394128764177	0.5110994693559076
-2.3546815466276884e7	6578.89108660501	-16.40958933758148	0.46064397288589937
-2.1226815466276884e7	6523.942290112128	-16.406141145719477	0.41277656784723654
-1.8906815466276884e7	6469.452441821335	-16.402692953857475	0.3625021754610778
-1.6586815466276884e7	6415.417708464867	-16.399244761995472	0.3095658512600315
-1.4266815466276884e7	6363.8689931825575	-16.39616232770103	0.2569344041879552
-1.1946815466276884e7	6322.613534359282	-16.394868447614833	0.2180859188631945
-9.626815466276884e6	6281.62552492637	-16.39357456752863	0.1776670148647369
-7.306815466276884e6	6240.90323107267	-16.392280687442426	0.13554535810644755
-4.986815466276884e6	6200.444930226828	-16.390986807356224	0.09157114887546311
-2.666815466276884e6	6160.248910984604	-16.389692927270023	0.04557390631263999
-346815.4662768841	6126.094273931265	-16.389498824805298	0.007781834407917896
1.973184533723116e6	6095.13967864683	-16.38988027255212	-0.025866695744392
4.293184533723116e6	6064.341494107389	-16.39026172029894	-0.060686992089991135
6.613184533723116e6	6033.698929983721	-16.390643168045763	-0.09676361877642327
8.933184533723116e6	6003.211199940038	-16.391024615792585	-0.13419063799931938
1.1253184533723116e7	5972.877521613893	-16.391406063539407	-0.17307308791146425
1.3573184533723116e7	5944.072403398743	-16.392064462652087	-0.21070344449978948
1.5893184533723116e7	5920.2835895582475	-16.393709295161052	-0.23941002444874532
1.8213184533723116e7	5896.589981096399	-16.395354127670018	-0.2689650892143792
2.0533184533723116e7	5872.991196991096	-16.396998960178983	-0.2994203280543916
2.2853184533723116e7	5849.486857745116	-16.39864379268795	-0.33083230234261785
2.5173184533723116e7	5826.076585380036	-16.400288625196914	-0.36326307780023565
2.7493184533723116e7	5802.76000343011	-16.40193345770588	-0.3967809627273819
2.9813184533723116e7	5779.536736936283	-16.40357829021485	-0.43146137430386966
3.2133184533723116e7	5760.29424028996	-16.40604887950443	-0.4584148472955933
3.4453184533723116e7	5742.008543424016	-16.40870963569434	-0.4840022455176388
3.6773184533723116e7	5723.780893368866	-16.411370391884255	-0.510261589657821
3.9093184533723116e7	5705.611105858506	-16.414031148074166	-0.5372291253900736
4.1413184533723116e7	5687.498997211876	-16.416691904264084	-0.5649441125820795
4.3733184533723116e7	5669.444384331	-16.419352660453995	-0.5934491690612915
4.6053184533723116e7	5651.447084699125	-16.422013416643907	-0.6227906648306486
4.8373184533723116e7	5633.506916378928	-16.42467417283382	-0.6530191758878949
5.0693184533723116e7	5617.059585775956	-16.42766064070042	-0.6804558836340467
5.3013184533723116e7	5602.793624294731	-16.431132292689227	-0.7029720136767726
5.5333184533723116e7	5588.56389487654	-16.434603944678035	-0.7260068208506137
5.7653184533723116e7	5574.370305500781	-16.43807559666684	-0.7495847660266
5.9973184533723116e7	5560.212764380549	-16.441547248655652	-0.773732082315429
6.2293184533723116e7	5546.091179962086	-16.445018900644456	-0.798476950516556
6.4613184533723116e7	5532.005460924129	-16.448490552633267	-0.8238496968309603
6.6933184533723116e7	5517.955516177358	-16.451962204622077	-0.8498830163162606
6.925318453372312e7	5503.941254863797	-16.455433856610885	-0.8766122262139621
7.157318453372312e7	5489.9625863562305	-16.45890550859969	-0.9040755540728624
7.389318453372312e7	5478.633137273012	-16.463006360850628	-0.924359175884429
7.621318453372312e7	5467.396636279283	-16.467123990706018	-0.9448470732370687
7.853318453372312e7	5456.183180989002	-16.471241620561408	-0.965763519905706
8.085318453372312e7	5444.992724136169	-16.475359250416798	-0.9871268277019429
8.317318453372312e7	5433.825218551737	-16.479476880272188	-1.0089565077972833
8.549318453372312e7	5422.68061716336	-16.483594510127578	-1.0312733778038112
8.781318453372312e7	5411.558872995304	-16.487712139982968	-1.054099681078639
9.013318453372312e7	5400.459939168116	-16.491829769838358	-1.0774592199657984
9.245318453372312e7	5389.383768898525	-16.495947399693748	-1.101377504976272
9.477318453372312e7	5378.330315499205	-16.500065029549138	-1.1258819222501324
9.709318453372312e7	5368.428709206698	-16.504465763532373	-1.147354756027052
9.941318453372312e7	5359.59837625017	-16.509130947056402	-1.1658287502439588
1.0173318453372312e8	5350.782567986872	-16.51379613058043	-1.1846504668194704
1.0405318453372312e8	5341.981260525663	-16.518461314104464	-1.2038332471121755
1.0637318453372312e8	5333.194430014703	-16.52312649762849	-1.2233912153423234
1.0869318453372312e8	5324.422052641373	-16.52779168115252	-1.24333934106621
1.1101318453372312e8	5315.664104632262	-16.53245686467655	-1.2636935080096678
1.1333318453372312e8	5306.920562252997	-16.53712204820058	-1.2844705900535702
1.1565318453372312e8	5298.191401808308	-16.54178723172461	-1.3056885352820309
1.1797318453372312e8	5289.476599641876	-16.546452415248638	-1.327366459142238
1.2029318453372312e8	5280.776132136274	-16.551117598772667	-1.3495247479275798
1.2261318453372312e8	5272.166660557206	-16.555803962	-1.3718937352391753
1.2493318453372312e8	5265.115512630853	-16.560917475010008	-1.3887797069873962
1.2725318453372312e8	5258.07379511335	-16.566030988020017	-1.4059557194060945
1.2957318453372312e8	5251.0414953921745	-16.571144501030027	-1.423431910610594
1.3189318453372312e8	5244.0186008717055	-16.57625801404004	-1.4412189597390126
1.3421318453372312e8	5237.005098973164	-16.58137152705005	-1.4593281261462487
1.3653318453372312e8	5230.000977134569	-16.586485040060058	-1.4777712922127595
1.3885318453372312e8	5223.006222810765	-16.591598553070067	-1.496561010175727
1.4117318453372312e8	5216.020823473378	-16.59671206608008	-1.5157105534448438
1.4349318453372312e8	5209.04476661076	-16.601825579090086	-1.5352339729281557
1.4581318453372312e8	5202.078039728034	-16.606939092100095	-1.5551461589666258
1.4813318453372312e8	5195.120630346996	-16.612052605110105	-1.5754629095612718
1.5045318453372312e8	5188.172526006161	-16.617166118120114	-1.5962010056759945
1.5277318453372312e8	5182.038243803165	-16.622508800412543	-1.6137697680855656
1.5509318453372312e8	5176.355829745917	-16.627978265454075	-1.629626080018257
1.5741318453372312e8	5170.679646794645	-16.633447730495604	-1.6457378709730643
1.5973318453372312e8	5165.009688116579	-16.638917195537132	-1.6621135085787773
1.6205318453372312e8	5159.345946886433	-16.644386660578665	-1.678761778411841
1.6437318453372312e8	5153.688416286413	-16.649856125620197	-1.6956919123025913
1.6669318453372312e8	5148.037089506173	-16.655325590661725	-1.7129136190791834
1.6901318453372312e8	5142.391959742866	-16.660795055703257	-1.730437118005555
1.7133318453372312e8	5136.753020201091	-16.66626452074479	-1.7482731752017722
1.7365318453372312e8	5131.120264092903	-16.671733985786318	-1.7664331433717664
1.7597318453372312e8	5125.493684637806	-16.67720345082785	-1.7849290052055637
1.7829318453372312e8	5119.873275062722	-16.682672915869382	-1.8037734208715352
1.8061318453372312e8	5114.259028602001	-16.68814238091091	-1.8229797800700738
1.8293318453372312e8	5109.014936256838	-16.693717243375723	-1.8409086167403657
1.8525318453372312e8	5104.515121853419	-16.69950625482246	-1.8557516208340346
1.8757318453372312e8	5100.019270705131	-16.705295266269196	-1.8708182633316945
1.8989318453372312e8	5095.527379321291	-16.711084277715937	-1.8861153865426608
1.9221318453372312e8	5091.039444214316	-16.71687328916267	-1.9016501516759148
1.9453318453372312e8	5086.555461899658	-16.72266230060941	-1.9174300589705418
1.9685318453372312e8	5082.075428895867	-16.728451312056148	-1.9334629694400784
1.9917318453372312e8	5077.599341724557	-16.73424032350289	-1.9497571283885786
2.0149318453372312e8	5073.127196910389	-16.740029334949625	-1.9663211908744986
2.0381318453372312e8	5068.658990981095	-16.745818346396362	-1.983164249319273
2.0613318453372312e8	5064.194720467453	-16.751607357843103	-2.0002958634810604
2.0845318453372312e8	5059.7343819033185	-16.75739636928984	-2.017726093041055
2.1077318453372312e8	5055.277971825597	-16.763185380736576	-2.035465533080467
2.1309318453372312e8	5050.825486774218	-16.768974392183317	-2.053525352761461
2.1541318453372312e8	5046.509104204142	-16.774806217081313	-2.070960174175804
2.1773318453372312e8	5042.700624245277	-16.780801486433315	-2.0849935634655075
2.2005318453372312e8	5038.895018455328	-16.786796755785314	-2.099226695157723
2.2237318453372312e8	5035.0922846652265	-16.792792025137317	-2.113665337466836
2.2469318453372312e8	5031.292420707544	-16.798787294489316	-2.1283155121364934
2.2701318453372312e8	5027.495424416476	-16.804782563841318	-2.143183509518565
2.2933318453372312e8	5023.7012936278925	-16.810777833193317	-2.158275904790099
2.3165318453372312e8	5019.91002617923	-16.816773102545316	-2.1735995754129034
2.3397318453372312e8	5016.12161990963	-16.822768371897318	-2.189161719951806
2.3629318453372312e8	5012.336072659792	-16.828763641249317	-2.2049698783804734
2.3861318453372312e8	5008.55338227211	-16.834758910601316	-2.221031954018162
2.4093318453372312e8	5004.77354659057	-16.84075417995332	-2.2373562372571683
2.4325318453372312e8	5000.9965634607925	-16.846749449305317	-2.2539514312593045
2.4557318453372312e8	4997.222430730026	-16.85274471865732	-2.270826679820788
2.4789318453372312e8	4993.45114624714	-16.858739988009322	-2.2879915976289076
2.5021318453372312e8	4989.931349652336	-16.864811549601605	-2.3041984468712715
2.5253318453372312e8	4987.003430360961	-16.871064071519562	-2.317645670261805
2.5485318453372312e8	4984.077229071452	-16.877316593437516	-2.3312761890835625
2.5717318453372312e8	4981.152744775747	-16.883569115355474	-2.345095069369753
2.5949318453372312e8	4978.229976466381	-16.889821637273428	-2.3591075901274405
2.6181318453372312e8	4975.308923136456	-16.896074159191382	-2.373319255445186
2.6413318453372312e8	4972.389583779689	-16.90232668110934	-2.3877358074735118
2.6645318453372312e8	4969.4719573903885	-16.908579203027294	-2.402363240354802
2.687731845337231e8	4966.556042963428	-16.914831724945252	-2.4172078151872096
2.710931845337231e8	4963.641839494295	-16.921084246863206	-2.432276076116068
2.734131845337231e8	4960.729345979059	-16.92733676878116	-2.447574867656312
2.757331845337231e8	4957.818561414378	-16.933589290699118	-2.4631113533606754
2.780531845337231e8	4954.9094847975075	-16.939841812617075	-2.478893035961114
2.803731845337231e8	4952.002115126265	-16.94609433453503	-2.494927779125205
2.826931845337231e8	4949.096451399083	-16.952346856452987	-2.5112238309854518
2.850131845337231e8	4946.192492614981	-16.95859937837094	-2.5277898496177342
2.873331845337231e8	4943.515772245828	-16.964948587133733	-2.54159410709571
2.896531845337231e8	4940.911121292165	-16.971328086612615	-2.5546274463914522
2.919731845337231e8	4938.307842682984	-16.977707586091494	-2.5678328993040935
2.942931845337231e8	4935.70593569523	-16.984087085570373	-2.58121507247688
2.966131845337231e8	4933.105399606202	-16.990466585049255	-2.59477876001066
2.989331845337231e8	4930.506233693606	-16.99684608452813	-2.608528953774829
3.012531845337231e8	4927.908437235529	-17.003225584007012	-2.6224708544370943
3.035731845337231e8	4925.312009510405	-17.00960508348589	-2.6366098832730596
3.058931845337231e8	4922.716949797105	-17.01598458296477	-2.6509516948227287
3.082131845337231e8	4920.123257374825	-17.02236408244365	-2.6655021904678815
3.105331845337231e8	4917.53093152317	-17.028743581922527	-2.6802675330119095
3.128531845337231e8	4914.939971522127	-17.03512308140141	-2.6952541623522617
3.151731845337231e8	4912.350376652036	-17.041502580880287	-2.7104688123452547
3.174931845337231e8	4909.762146193643	-17.047882080359166	-2.7259185289737915
3.198131845337231e8	4907.175279428073	-17.054261579838048	-2.7416106899406687
3.221331845337231e8	4904.589775636793	-17.060641079316927	-2.7575530258238636
3.244531845337231e8	4902.3336712260425	-17.067129410419373	-2.7712747074058752
3.267731845337231e8	4900.250753500755	-17.07367487806696	-2.783870125536985
3.290931845337231e8	4898.168720771582	-17.080220345714544	-2.796626214088319
3.314131845337231e8	4896.087572662504	-17.08676581336213	-2.809547125189648
3.337331845337231e8	4894.007308797661	-17.09331128100972	-2.822637174032296
3.360531845337231e8	4891.927928801342	-17.09985674865731	-2.83590084752081
3.383731845337231e8	4889.849432298027	-17.106402216304893	-2.8493428135061523
3.406931845337231e8	4887.771818912324	-17.11294768395248	-2.862967930647955
3.430131845337231e8	4885.695088269013	-17.119493151600068	-2.8767812589579793
3.453331845337231e8	4883.619239993022	-17.126038619247655	-2.890788071082035
3.476531845337231e8	4881.544273709466	-17.132584086895243	-2.9049938643833064
3.499731845337231e8	4879.470189043593	-17.139129554542833	-2.919404373896385
3.522931845337231e8	4877.396985620818	-17.145675022190417	-2.9340255862284033
3.546131845337231e8	4875.324663066716	-17.152220489838008	-2.9488637544915917
3.569331845337231e8	4873.253221007014	-17.158765957485592	-2.9639254143604887
3.592531845337231e8	4871.18265906762	-17.165311425133183	-2.9792174013569928
3.615731845337231e8	4869.124257840631	-17.171861313443003	-2.9945972970170014
3.638931845337231e8	4867.323586011216	-17.178511896870223	-3.006763025430477
3.662131845337231e8	4865.52358009603	-17.185162480297443	-3.019078583448769
3.685331845337231e8	4863.7242398487815	-17.191813063724663	-3.031547707654832
3.708531845337231e8	4861.925565023297	-17.19846364715188	-3.0441742761777872
3.731731845337231e8	4860.12755537351	-17.2051142305791	-3.0569623159336943
3.754931845337231e8	4858.330210653424	-17.21176481400632	-3.069916010335333
3.778131845337231e8	4856.533530617135	-17.21841539743354	-3.0830397075079228
3.801331845337231e8	4854.737515018834	-17.22506598086076	-3.0963379290511504
3.824531845337231e8	4852.942163612803	-17.23171656428798	-3.109815379391694
3.847731845337231e8	4851.147476153415	-17.2383671477152	-3.1234769557746427
3.870931845337231e8	4849.35345239513	-17.24501773114242	-3.1373277589469173
3.894131845337231e8	4847.560092092497	-17.25166831456964	-3.151373104591011
3.917331845337231e8	4845.7673950001845	-17.25831889799686	-3.1656185355731883
3.940531845337231e8	4843.975360872893	-17.264969481424075	-3.18006983507677
3.963731845337231e8	4842.183989465485	-17.271620064851298	-3.1947330406983836
3.986931845337231e8	4840.39328053284	-17.278270648278518	-3.2096144595931633
4.010131845337231e8	4838.603233830002	-17.284921231705734	-3.2247206847639913
4.033331845337231e8	4837.089651622577	-17.291672781892483	-3.2366137144028237
4.056531845337231e8	4835.577041991438	-17.29842451484596	-3.2486435918974985
4.079731845337231e8	4834.064905369505	-17.305176247799437	-3.260819951292065
4.102931845337231e8	4832.553241608856	-17.311927980752913	-3.273146403880703
4.126131845337231e8	4831.042050561612	-17.31867971370639	-3.2856266961727525
4.149331845337231e8	4829.53133207996	-17.325431446659866	-3.298264716728471
4.172531845337231e8	4828.021086016131	-17.332183179613345	-3.3110645034323043
4.195731845337231e8	4826.5113122223875	-17.33893491256682	-3.324030251237709
4.218931845337231e8	4825.002010551046	-17.345686645520303	-3.3371663204206867
4.242131845337231e8	4823.493180854458	-17.352438378473778	-3.3504772453826748
4.265331845337231e8	4821.984822985051	-17.359190111427253	-3.363967744047248
4.288531845337231e8	4820.476936795263	-17.365941844380732	-3.3776427278993792
4.311731845337231e8	4818.96952213761	-17.372693577334207	-3.391507312720693
4.334931845337231e8	4817.462578864631	-17.379445310287686	-3.40556683007945
4.358131845337231e8	4815.95610682891	-17.38619704324116	-3.419826839639827
4.381331845337231e8	4814.450105883106	-17.39294877619464	-3.434293142361629
4.404531845337231e8	4812.944575879883	-17.399700509148115	-3.4489717946688443
4.427731845337231e8	4811.5659608733085	-17.40650289665117	-3.461985454027771
4.450931845337231e8	4810.282418555585	-17.413343222826953	-3.473743533945624
4.474131845337231e8	4808.999218638005	-17.420183549002736	-3.4856415128816147
4.497331845337231e8	4807.716361029231	-17.42702387517852	-3.497682760033025
4.520531845337231e8	4806.433845637939	-17.433864201354304	-3.509870767793012
4.543731845337231e8	4805.1516723728555	-17.440704527530087	-3.522209157831059
4.566931845337231e8	4803.869841142706	-17.44754485370587	-3.53470168755326
4.590131845337231e8	4802.58835185624	-17.454385179881655	-3.5473522569712537
4.613331845337231e8	4801.307204422256	-17.46122550605744	-3.5601649160112343
4.636531845337231e8	4800.026398749554	-17.468065832233222	-3.5731438722973166
4.659731845337231e8	4798.745934746963	-17.474906158409006	-3.5862934994466724
4.682931845337231e8	4797.46581232334	-17.48174648458479	-3.5996183459173645
4.706131845337231e8	4796.186031387565	-17.488586810760573	-3.613123144453668
4.729331845337231e8	4794.906591848541	-17.495427136936357	-3.626812822177954
4.752531845337231e8	4793.6274936151885	-17.50226746311214	-3.6406925113829907
4.775731845337231e8	4792.3487365964775	-17.509107789287924	-3.6547675610838146
4.798931845337231e8	4791.070320701367	-17.515948115463708	-3.66904354939424
4.822131845337231e8	4789.792245838884	-17.52278844163949	-3.6835262967996734
4.845331845337231e8	4788.655474153395	-17.529699194212082	-3.695499439669484
4.868531845337231e8	4787.543928616457	-17.53662241801858	-3.707130487603863
4.891731845337231e8	4786.432641092126	-17.54354564182508	-3.718898410373259
4.914931845337231e8	4785.321611520503	-17.550468865631576	-3.7308064678801784
4.938131845337231e8	4784.2108398417295	-17.557392089438075	-3.742858037892136
4.961331845337231e8	4783.100325995924	-17.564315313244574	-3.7550566217930776
4.984531845337231e8	4781.9900699232585	-17.571238537051073	-3.767405850689951
5.007731845337231e8	4780.880071563879	-17.57816176085757	-3.7799094919010745
5.030931845337231e8	4779.770330857983	-17.585084984664068	-3.7925714558553065
5.054131845337231e8	4778.660847745755	-17.592008208470567	-3.8053958034336346
5.077331845337231e8	4777.551622167393	-17.598931432277062	-3.818386753787664
5.100531845337231e8	4776.442654063128	-17.605854656083558	-3.83154869267268
5.123731845337231e8	4775.3339433732035	-17.61277787989006	-3.844886181336451
5.146931845337231e8	4774.225490037858	-17.619701103696556	-3.858403966008872
5.170131845337231e8	4773.1172939973485	-17.626624327503055	-3.8721069880418324
5.193331845337231e8	4772.009355191965	-17.633547551309555	-3.886000394753527
5.216531845337231e8	4770.901673561984	-17.64047077511605	-3.9000895510367632
5.239731845337231e8	4769.794249047726	-17.64739399892255	-3.914380051796782
5.262931845337231e8	4768.826245891594	-17.654363155437977	-3.9260203181550892
5.286131845337231e8	4767.871384086983	-17.66133658535941	-3.9375291049413423
5.309331845337231e8	4766.916713474304	-17.668310015280845	-3.9491718875261754
5.332531845337231e8	4765.962234015258	-17.675283445202275	-3.960951822905034
5.355731845337231e8	4765.007945671579	-17.68225687512371	-3.9728721809748273
5.378931845337231e8	4764.053848405009	-17.68923030504514	-3.9849363499824384
5.402131845337231e8	4763.099942177271	-17.696203734966574	-3.9971478423059192
5.425331845337231e8	4762.146226950131	-17.703177164888007	-4.009510300593062
5.448531845337231e8	4761.192702685327	-17.71015059480944	-4.022027504284178
5.471731845337231e8	4760.239369344632	-17.71712402473087	-4.034703376548319
5.494931845337231e8	4759.286226889825	-17.724097454652306	-4.0475419916647795
5.518131845337231e8	4758.333275282669	-17.73107088457374	-4.060547582884641
5.541331845337231e8	4757.380514484967	-17.73804431449517	-4.073724550810303
5.564531845337231e8	4756.427944458495	-17.7450177444166	-4.0870774723345145
5.587731845337231e8	4755.475565165074	-17.751991174338038	-4.100611110184339
5.610931845337231e8	4754.523376566495	-17.758964604259468	-4.1143304231198465
5.634131845337231e8	4753.571378624585	-17.765938034180902	-4.128240576842192
5.657331845337231e8	4752.6195713011675	-17.772911464102332	-4.14234695567112
5.680531845337231e8	4751.754750821121	-17.779923640038703	-4.154314204398402
5.703731845337231e8	4750.91611453545	-17.786947436375485	-4.165716846492844
5.726931845337231e8	4750.077626260537	-17.79397123271226	-4.177251009966701
5.750131845337231e8	4749.239285970259	-17.80099502904904	-4.188919764269756
5.773331845337231e8	4748.4010936384975	-17.808018825385815	-4.200726287574086
5.796531845337231e8	4747.563049239141	-17.815042621722593	-4.212673871970173
5.819731845337231e8	4746.725152746079	-17.82206641805937	-4.2247659289772015
5.842931845337231e8	4745.887404133209	-17.82909021439615	-4.237005995390601
5.866131845337231e8	4745.049803374432	-17.836114010732928	-4.249397739491915
5.889331845337231e8	4744.212350443651	-17.84313780706971	-4.26194496764829
5.912531845337231e8	4743.375045314787	-17.850161603406484	-4.274651631331264
5.935731845337231e8	4742.537887961736	-17.857185399743265	-4.2875218345872605
5.958931845337231e8	4741.700878358417	-17.86420919608004	-4.300559841995117
5.982131845337231e8	4740.864016478771	-17.871232992416818	-4.313770087149249
6.005331845337231e8	4740.027302296727	-17.878256788753596	-4.327157181710686
6.028531845337231e8	4739.1907357862	-17.885280585090374	-4.340725925072209
6.051731845337231e8	4738.354316921136	-17.892304381427152	-4.3544813146882655
6.074931845337231e8	4737.518045675477	-17.89932817776393	-4.368428557125328
6.098131845337231e8	4736.725267461855	-17.90638128675694	-4.381085691814275
6.121331845337231e8	4735.975953321163	-17.913463703554832	-4.3924010079849465
6.144531845337231e8	4735.226757716306	-17.920546120352725	-4.403845827302274
6.167731845337231e8	4734.477680628531	-17.927628537150618	-4.4154231484311355
6.190931845337231e8	4733.728722039091	-17.93471095394851	-4.427136075409368
6.214131845337231e8	4732.979881929247	-17.941793370746403	-4.4389878226434085
6.237331845337231e8	4732.231160280242	-17.948875787544296	-4.4509817202035435
6.260531845337231e8	4731.482557073344	-17.95595820434219	-4.46312121944058
6.283731845337231e8	4730.734072289814	-17.96304062114008	-4.475409898947641
6.306931845337231e8	4729.985705910922	-17.970123037937974	-4.4878514708928705
6.330131845337231e8	4729.237457917943	-17.977205454735866	-4.50044978775105
6.353331845337231e8	4728.489328292135	-17.98428787153376	-4.513208849464708
6.376531845337231e8	4727.741317014778	-17.99137028833165	-4.5261328110679955
6.399731845337231e8	4726.993424067162	-17.998452705129544	-4.539225990809707
6.422931845337231e8	4726.245649430549	-18.005535121927437	-4.552492878815176
6.446131845337231e8	4725.497993086233	-18.01261753872533	-4.565938146330516
6.469331845337231e8	4724.750455015508	-18.019699955523222	-4.579566655596836
6.492531845337231e8	4724.003035199648	-18.02678237232111	-4.593383470406664
6.515731845337231e8	4723.270381545534	-18.03387031301296	-4.606831238455805
6.538931845337231e8	4722.599056177795	-18.040981341821418	-4.618081938576307
6.562131845337231e8	4721.927826226519	-18.048092370629874	-4.62946065862962
6.585331845337231e8	4721.256691678143	-18.055203399438327	-4.640970345618417
6.608531845337231e8	4720.5856525191075	-18.062314428246783	-4.652614049490858
6.631731845337231e8	4719.914708735847	-18.06942545705524	-4.664394927991969
6.654931845337231e8	4719.243860314821	-18.07653648586369	-4.676316251804194
6.678131845337231e8	4718.573107242469	-18.08364751467215	-4.688381409998088
6.701331845337231e8	4717.902449505237	-18.090758543480604	-4.700593915815858
6.724531845337231e8	4717.231887089577	-18.09786957228906	-4.712957412812451
6.747731845337231e8	4716.561419981938	-18.104980601097516	-4.72547568138104
6.770931845337231e8	4715.891048168776	-18.11209162990597	-4.73815264569216
6.794131845337231e8	4715.2207716365465	-18.119202658714425	-4.750992381078355
6.817331845337231e8	4714.550590371707	-18.12631368752288	-4.763999121899109
6.840531845337231e8	4713.880504360715	-18.133424716331334	-4.777177269924033
6.863731845337231e8	4713.210513590035	-18.14053574513979	-4.790531403275855
6.886931845337231e8	4712.54061804612	-18.147646773948246	-4.804066285978653
6.910131845337231e8	4711.870817715451	-18.154757802756702	-4.817786878161185
6.933331845337231e8	4711.20111258449	-18.161868831565155	-4.831698346969981
6.956531845337231e8	4710.567003623235	-18.168999652930943	-4.843341399512046
6.979731845337231e8	4709.939292922719	-18.1761339943384	-4.854678726186007
7.002931845337231e8	4709.311665868328	-18.183268335745858	-4.866146063214472
7.026131845337231e8	4708.684122448935	-18.19040267715332	-4.877746426998756
7.049331845337231e8	4708.056662653378	-18.197537018560777	-4.889482940149843
7.072531845337231e8	4707.429286470521	-18.204671359968238	-4.9013588365339675
7.095731845337231e8	4706.801993889231	-18.211805701375695	-4.9133774666214
7.118931845337231e8	4706.174784898351	-18.218940042783153	-4.925542303160597
7.142131845337231e8	4705.547659486759	-18.226074384190614	-4.9378569472017455
7.165331845337231e8	4704.920617643299	-18.23320872559807	-4.950325134495848
7.188531845337231e8	4704.293659356846	-18.240343067005533	-4.962950742297783
7.211731845337231e8	4703.6667846162645	-18.24747740841299	-4.9757377966043705
7.234931845337231e8	4703.039993410429	-18.254611749820448	-4.988690479861208
7.258131845337231e8	4702.413285728193	-18.261746091227906	-5.001813139175227
7.281331845337231e8	4701.786661558442	-18.268880432635367	-5.015110295073305
7.304531845337231e8	4701.16012089003	-18.276014774042828	-5.028586650851084
7.327731845337231e8	4700.533663711841	-18.283149115450286	-5.042247102560389
7.350931845337231e8	4699.907290012755	-18.290283456857747	-5.05609674968831
7.374131845337231e8	4699.300983705482	-18.297438238839575	-5.068681235707448
7.397331845337231e8	4698.714002260901	-18.304612709729067	-5.0800041339667965
7.420531845337231e8	4698.127094135143	-18.31178718061856	-5.09145670998049
7.443731845337231e8	4697.540259319042	-18.31896165150805	-5.10304196851522
7.466931845337231e8	4696.953497803456	-18.326136122397543	-5.114763019998296
7.490131845337231e8	4696.3668095792145	-18.333310593287038	-5.126623085530446
7.513331845337231e8	4695.780194637178	-18.34048506417653	-5.138625502199457
7.536531845337231e8	4695.193652968177	-18.347659535066022	-5.15077372871659
7.559731845337231e8	4694.607184563075	-18.354834005955514	-5.163071351399597
7.582931845337231e8	4694.020789412713	-18.362008476845006	-5.175522090528212
7.606131845337231e8	4693.434467507934	-18.369182947734497	-5.188129807100325
7.629331845337231e8	4692.848218839603	-18.37635741862399	-5.200898510019506
7.652531845337231e8	4692.262043398557	-18.38353188951348	-5.213832363747389
7.675731845337231e8	4691.675941175666	-18.390706360402973	-5.22693569645743
7.698931845337231e8	4691.089912161767	-18.39788083129247	-5.240213008730023
7.722131845337231e8	4690.503956347732	-18.40505530218196	-5.253668982832649
7.745331845337231e8	4689.918073724402	-18.412229773071452	-5.2673084926329645
7.768531845337231e8	4689.332264282644	-18.419404243960944	-5.281136614197336
7.791731845337231e8	4688.749750786399	-18.426584015996486	-5.2944143120833
7.814931845337231e8	4688.176385127454	-18.43377871813769	-5.305749014571379
7.838131845337231e8	4687.603089582753	-18.44097342027889	-5.31721366688984
7.861331845337231e8	4687.0298641437275	-18.448168122420096	-5.328811283321675
7.884531845337231e8	4686.456708801808	-18.4553628245613	-5.3405449842595365
7.907731845337231e8	4685.8836235484205	-18.4625575267025	-5.352418001245321
7.930931845337231e8	4685.310608374995	-18.469752228843703	-5.364433682312568
7.954131845337231e8	4684.737663272963	-18.47694693098491	-5.376595497653721
7.977331845337231e8	4684.164788233753	-18.484141633126107	-5.3889070456362855
8.000531845337231e8	4683.591983248808	-18.491336335267313	-5.401372059193969
8.023731845337231e8	4683.019248309543	-18.498531037408515	-5.413994412621196
8.046931845337231e8	4682.446583407402	-18.505725739549717	-5.426778128801951
8.070131845337231e8	4681.87398853382	-18.51292044169092	-5.4397273869066955
8.093331845337231e8	4681.301463680234	-18.520115143832122	-5.452846530594201
8.116531845337231e8	4680.7290088380805	-18.527309845973324	-5.466140076758579
8.139731845337231e8	4680.156623998808	-18.53450454811453	-5.479612724865587
8.162931845337231e8	4679.584309153838	-18.541699250255732	-5.493269366926483
8.186131845337231e8	4679.01206429462	-18.548893952396934	-5.507115098162424
8.209331845337231e8	4678.440038198618	-18.556089439616613	-5.520858033695722
8.232531845337231e8	4677.869349266617	-18.56329161427844	-5.532229060346187
8.255731845337231e8	4677.298729948824	-18.57049378894026	-5.543730875872987
8.278931845337231e8	4676.728180236738	-18.577695963602086	-5.555366523970307
8.302131845337231e8	4676.15770012186	-18.58489813826391	-5.567139155832843
8.325331845337231e8	4675.587289595719	-18.592100312925734	-5.579052035278601
8.348531845337231e8	4675.016948649815	-18.599302487587558	-5.591108544180531
8.371731845337231e8	4674.446677275663	-18.60650466224938	-5.6033121882296015
8.394931845337231e8	4673.8764754647755	-18.613706836911206	-5.615666603053903
8.418131845337231e8	4673.306343208658	-18.62090901157303	-5.628175560720487
8.441331845337231e8	4672.736280498843	-18.628111186234854	-5.64084297664904
8.464531845337231e8	4672.16628732684	-18.635313360896678	-5.6536729169691
8.487731845337231e8	4671.596363684156	-18.642515535558502	-5.666669606355397
8.510931845337231e8	4671.026509562329	-18.649717710220326	-5.679837436379108
8.534131845337231e8	4670.456724952868	-18.65691988488215	-5.693180974416323
8.557331845337231e8	4669.887009847294	-18.664122059543974	-5.706704973158949
8.580531845337231e8	4669.317364237122	-18.671324234205798	-5.720414380777606
8.603731845337231e8	4668.747788113889	-18.678526408867622	-5.7343143517908945
8.626931845337231e8	4668.177805386982	-18.685729712447465	-5.748302403780605
8.650131845337231e8	4667.595886644262	-18.692961488033838	-5.759733815950929
8.673331845337231e8	4667.0140404414915	-18.70019326362021	-5.771297417877198
8.696531845337231e8	4666.432266769645	-18.707425039206584	-5.782996302574175
8.719731845337231e8	4665.850565619664	-18.71465681479296	-5.794833672899868
8.742931845337231e8	4665.2689369825175	-18.72188859037933	-5.806812846819095
8.766131845337231e8	4664.687380849174	-18.729120365965706	-5.818937262986164
8.789331845337231e8	4664.105897210578	-18.73635214155208	-5.831210486670161
8.812531845337231e8	4663.524486057703	-18.74358391713845	-5.843636216048378
8.835731845337231e8	4662.943147381519	-18.75081569272482	-5.856218288895712
8.858931845337231e8	4662.361881172977	-18.758047468311197	-5.86896068970026
8.882131845337231e8	4661.780687423058	-18.76527924389757	-5.881867557238167
8.905331845337231e8	4661.199566122715	-18.772511019483943	-5.894943192643723
8.928531845337231e8	4660.618517262923	-18.779742795070316	-5.908192068014106
8.951731845337231e8	4660.037540834653	-18.78697457065669	-5.9216188355918264
8.974931845337231e8	4659.456636828883	-18.79420634624306	-5.935228337572072
8.998131845337231e8	4658.87580523657	-18.801438121829435	-5.949025616586666
9.021331845337231e8	4658.295046048695	-18.80866989741581	-5.963015926921461
9.044531845337231e8	4657.712085078918	-18.815900241956083	-5.976785708056469
9.067731845337231e8	4657.11605367502	-18.823122314854484	-5.988295116961207
9.090931845337231e8	4656.520098543213	-18.83034438775289	-5.999938536235965
9.114131845337231e8	4655.924219673735	-18.8375664606513	-6.0117191233942
9.137331845337231e8	4655.328417056828	-18.844788533549703	-6.023640148875681
9.160531845337231e8	4654.732690682732	-18.85201060644811	-6.035705001496507
9.183731845337231e8	4654.137040541694	-18.859232679346515	-6.0479171942319185
9.206931845337231e8	4653.541466623956	-18.866454752244923	-6.060280370356614
9.230131845337231e8	4652.945968919765	-18.873676825143328	-6.072798309969397
9.253331845337231e8	4652.350547419368	-18.880898898041735	-6.085474936931414
9.276531845337231e8	4651.755202113013	-18.88812097094014	-6.098314326249825
9.299731845337231e8	4651.159932990943	-18.895343043838544	-6.111320711941689
9.322931845337231e8	4650.564740043433	-18.902565116736955	-6.124498495416028
9.346131845337231e8	4649.969623260709	-18.90978718963536	-6.137852254415587
9.369331845337231e8	4649.374582633026	-18.917009262533764	-6.1513867525637504
9.392531845337231e8	4648.779618150664	-18.92423133543217	-6.16510694956644
9.415731845337231e8	4648.184729803844	-18.93145340833058	-6.17901801212366
9.438931845337231e8	4647.589917582849	-18.938675481228984	-6.193125325610765
9.462131845337231e8	4646.984306806311	-18.945910301243085	-6.206448989377963
9.485331845337231e8	4646.358076682579	-18.95316938667254	-6.218053777603432
9.508531845337231e8	4645.731930949958	-18.960428472102	-6.229794819682843
9.531731845337231e8	4645.105869597084	-18.967687557531455	-6.241675353227993
9.554931845337231e8	4644.479892612569	-18.974946642960912	-6.253698732635905
9.578131845337231e8	4643.853999985051	-18.98220572839037	-6.265868434774064
9.601331845337231e8	4643.228191703163	-18.989464813819826	-6.278188065015884
9.624531845337231e8	4642.602467755539	-18.996723899249282	-6.290661363652596
9.647731845337231e8	4641.976828130812	-19.00398298467874	-6.3032922127101045
9.670931845337231e8	4641.351272817628	-19.011242070108196	-6.316084643201901
9.694131845337231e8	4640.7258018046105	-19.018501155537656	-6.329042842851918
9.717331845337231e8	4640.100415080413	-19.02576024096711	-6.3421711643243786
9.740531845337231e8	4639.4751126336605	-19.033019326396566	-6.355474134001065
9.763731845337231e8	4638.849894453006	-19.040278411826023	-6.3689564613503515
9.786931845337231e8	4638.224760527091	-19.04753749725548	-6.3826230489364715
9.810131845337231e8	4637.599710844564	-19.054796582684936	-6.396479003122295
9.833331845337231e8	4636.974745394078	-19.062055668114393	-6.410529645524062
9.856531845337231e8	4636.349864164259	-19.06931475354385	-6.424780525282384
9.879731845337231e8	4635.7035267138535	-19.076618741878104	-6.4370443908366
9.902931845337231e8	4635.050483751456	-19.083936898284275	-6.448760932105026
9.926131845337231e8	4634.39753278482	-19.09125505469045	-6.460616379823791
9.949331845337231e8	4633.744673800993	-19.09857321109662	-6.472614067183777
9.972531845337231e8	4633.091906787017	-19.105891367502792	-6.48475744880886
9.995731845337231e8	4632.439231729945	-19.113209523908964	-6.497050106727146
1.0018931845337231e9	4631.786648616806	-19.120527680315135	-6.509495756713797
1.0042131845337231e9	4631.134157434656	-19.127845836721306	-6.5220982550335656
1.0065331845337231e9	4630.481758170544	-19.135163993127478	-6.53486160561365
1.0088531845337231e9	4629.8294508115305	-19.142482149533652	-6.547789967680232
1.0111731845337231e9	4629.177235344651	-19.149800305939824	-6.560887663895169
1.0134931845337231e9	4628.525111756978	-19.157118462346	-6.574159189032649
1.0158131845337231e9	4627.873080035551	-19.16443661875217	-6.587609219239393
1.0181331845337231e9	4627.221140167436	-19.171754775158337	-6.601242621926148
1.0204531845337231e9	4626.569292139695	-19.179072931564512	-6.615064466342825
1.0227731845337231e9	4625.917535939389	-19.186391087970684	-6.629080034894778
1.0250931845337231e9	4625.265871553592	-19.193709244376855	-6.643294835263439
1.0274131845337231e9	4624.625728883545	-19.200978794309837	-6.656461922892178
1.0297331845337231e9	4624.000309055286	-19.20818610269907	-6.668181393343958
1.0320531845337231e9	4623.374973806828	-19.215393411088307	-6.680039840121862
1.0343731845337231e9	4622.749723126742	-19.22260071947754	-6.692040598947285
1.0366931845337231e9	4622.124557003596	-19.229808027866778	-6.704187127098305
1.0390131845337231e9	4621.499475425942	-19.237015336256015	-6.716483009388557
1.0413331845337231e9	4620.874478382362	-19.244222644645248	-6.728931964518289
1.0436531845337231e9	4620.249565861414	-19.25142995303448	-6.741537851825747
1.0459731845337231e9	4619.624737851654	-19.25863726142372	-6.754304678469561
1.0482931845337231e9	4618.9999943416815	-19.265844569812955	-6.767236607075563
1.0506131845337231e9	4618.375335320056	-19.27305187820219	-6.780337963884566
1.0529331845337231e9	4617.750760775342	-19.280259186591422	-6.793613247441001
1.0552531845337231e9	4617.126270696125	-19.28746649498066	-6.807067137866069
1.0575731845337231e9	4616.501865070988	-19.294673803369896	-6.820704506763261
1.0598931845337231e9	4615.877543888494	-19.301881111759133	-6.834530427808677
1.0622131845337231e9	4615.253307137233	-19.309088420148367	-6.848550188083789
1.0645331845337231e9	4614.6291548057925	-19.316295728537604	-6.862769300213968
1.0668531845337231e9	4614.005086882741	-19.323503036926837	-6.877193515382525
1.0691731845337231e9	4613.247924167122	-19.330344714859024	-6.887502215187185
1.0714931845337231e9	4612.489791335602	-19.33718338777654	-6.897882438801774
1.073813184533723e9	4611.731783094262	-19.344022060694062	-6.908371542647695
1.076133184533723e9	4610.973899422619	-19.35086073361158	-6.918971835092089
1.078453184533723e9	4610.216140300219	-19.357699406529093	-6.929685698698774
1.080773184533723e9	4609.458505706583	-19.36453807944661	-6.940515593442536
1.083093184533723e9	4608.700995621241	-19.371376752364128	-6.951464060099388
1.085413184533723e9	4607.943610023746	-19.378215425281645	-6.962533723824477
1.087733184533723e9	4607.186348893632	-19.38505409819916	-6.973727297930261
1.090053184533723e9	4606.429212210436	-19.391892771116677	-6.985047587878531
1.092373184533723e9	4605.672199953723	-19.398731444034194	-6.996497495501007
1.094693184533723e9	4604.9153121030295	-19.405570116951708	-7.008080023464352
1.097013184533723e9	4604.158548637926	-19.41240878986923	-7.019798279996824
1.099333184533723e9	4603.401909537964	-19.419247462786743	-7.03165548389517
1.101653184533723e9	4602.645394782697	-19.42608613570426	-7.043654969831925
1.103973184533723e9	4601.889004351698	-19.432924808621777	-7.05580019398504
1.106293184533723e9	4601.132738224544	-19.439763481539295	-7.0680947400135805
1.108613184533723e9	4600.3765963808	-19.446602154456812	-7.0805423254053785
1.110933184533723e9	4599.620578800041	-19.45344082737433	-7.093146808224747
1.113253184533723e9	4598.864685461836	-19.460279500291847	-7.105912194290911
1.115573184533723e9	4598.108916345787	-19.46711817320936	-7.118842644820568
1.117893184533723e9	4597.353271431461	-19.473956846126878	-7.131942484571072
1.120213184533723e9	4596.597750698463	-19.480795519044392	-7.145216210524094
1.122533184533723e9	4595.842354126377	-19.48763419196191	-7.158668501153419
1.124853184533723e9	4595.087081694793	-19.494472864879427	-7.1723042263246395
1.127173184533723e9	4594.331933383315	-19.501311537796944	-7.186128457879188
1.129493184533723e9	4593.576909171555	-19.50815021071446	-7.200146480960262
1.131813184533723e9	4592.8220090391105	-19.514988883631975	-7.214363806143934
1.134133184533723e9	4592.06723296559	-19.521827556549493	-7.228786182445136
1.136453184533723e9	4591.312580930606	-19.52866622946701	-7.24341961127533
1.138773184533723e9	4590.558052913766	-19.535504902384528	-7.2582703614366855
1.141093184533723e9	4589.803648894698	-19.542343575302045	-7.273344985246509
1.143413184533723e9	4589.049368853032	-19.54918224821956	-7.288650335895751
1.145733184533723e9	4588.2952127683775	-19.556020921137076	-7.304193586156668
1.148053184533723e9	4587.54118062038	-19.562859594054597	-7.3199822485674835
1.150373184533723e9	4586.787272388656	-19.56969826697211	-7.336024197236221
1.152693184533723e9	4585.989336867806	-19.576568709002572	-7.347869233593631
1.155013184533723e9	4585.176948891632	-19.583449652115693	-7.35836919726185
1.157333184533723e9	4584.364704826446	-19.590330595228817	-7.3689805811094615
1.159653184533723e9	4583.552604646732	-19.597211538341945	-7.379705775187658
1.161973184533723e9	4582.740648327033	-19.60409248145507	-7.390547247284887
1.164293184533723e9	4581.928835841842	-19.610973424568193	-7.401507546335082
1.166613184533723e9	4581.117167165693	-19.617854367681314	-7.4125893060147385
1.168933184533723e9	4580.305642273096	-19.62473531079444	-7.423795248541555
1.171253184533723e9	4579.494261138589	-19.631616253907563	-7.435128188688326
1.173573184533723e9	4578.683023736713	-19.638497197020683	-7.446591038026905
1.175893184533723e9	4577.87193004199	-19.645378140133808	-7.458186809418238
1.178213184533723e9	4577.06098002898	-19.652259083246932	-7.469918621765792
1.180533184533723e9	4576.250173672207	-19.659140026360056	-7.481789705051148
1.182853184533723e9	4575.439510946253	-19.66602096947318	-7.493803405672085
1.185173184533723e9	4574.628991825652	-19.672901912586305	-7.505963192105231
1.187493184533723e9	4573.8186162849715	-19.67978285569943	-7.518272660917267
1.189813184533723e9	4573.008384298786	-19.686663798812553	-7.530735543150731
1.192133184533723e9	4572.198295841649	-19.693544741925677	-7.543355711112795
1.194453184533723e9	4571.388350888152	-19.7004256850388	-7.556137185597936
1.196773184533723e9	4570.578549412856	-19.707306628151926	-7.569084143578175
1.199093184533723e9	4569.768891390354	-19.714187571265047	-7.582200926397734
1.201413184533723e9	4568.959376795234	-19.721068514378167	-7.5954920485122885
1.203733184533723e9	4568.150005602095	-19.727949457491295	-7.60896220681687
1.206053184533723e9	4567.34077778552	-19.734830400604416	-7.6226162906106385
1.208373184533723e9	4566.531693320125	-19.741711343717544	-7.636459392251411
1.210693184533723e9	4565.7227521805	-19.748592286830664	-7.650496818558081
1.213013184533723e9	4564.913954341264	-19.75547322994379	-7.664734103024778
1.215333184533723e9	4564.105299777032	-19.762354173056913	-7.679177018917157
1.217653184533723e9	4563.296788462431	-19.769235116170037	-7.693831593328367
1.219973184533723e9	4562.488420372078	-19.77611605928316	-7.708704122280354
1.222293184533723e9	4561.680195480584	-19.782997002396282	-7.723801186965188
1.224613184533723e9	4560.872113762615	-19.789877945509406	-7.739129671231289
1.226933184533723e9	4560.064175192784	-19.79675888862253	-7.7546967804308276
1.229253184533723e9	4559.256379745741	-19.803639831735655	-7.770510061757475
1.231573184533723e9	4558.44872739614	-19.81052077484878	-7.786577426218189
1.233893184533723e9	4557.641218118609	-19.817401717961904	-7.8029071723991565
1.236213184533723e9	4556.766183353545	-19.82425460044496	-7.813729903267609
1.238533184533723e9	4555.887677129006	-19.831105973423643	-7.824357754260042
1.240853184533723e9	4555.009340273092	-19.83795734640232	-7.835099770890717
1.243173184533723e9	4554.131172753134	-19.844808719380996	-7.845958432579663
1.245493184533723e9	4553.253174536501	-19.851660092359676	-7.856936300405554
1.247813184533723e9	4552.375345590546	-19.858511465338353	-7.8680360207314015
1.250133184533723e9	4551.497685882627	-19.865362838317033	-7.879260329033748
1.252453184533723e9	4550.620195380131	-19.87221421129571	-7.890612053949202
1.254773184533723e9	4549.742874050429	-19.87906558427439	-7.9020941215533025
1.257093184533723e9	4548.865721860899	-19.885916957253066	-7.913709559887899
1.259413184533723e9	4547.988738778947	-19.892768330231746	-7.925461503754574
1.261733184533723e9	4547.111924771955	-19.899619703210426	-7.9373531997931
1.264053184533723e9	4546.2352798073425	-19.906471076189103	-7.949388011865488
1.266373184533723e9	4545.358803852512	-19.91332244916778	-7.961569426768002
1.268693184533723e9	4544.482496874872	-19.92017382214646	-7.97390106029537
1.271013184533723e9	4543.60635884186	-19.92702519512514	-7.986386663683609
1.273333184533723e9	4542.7303897208985	-19.933876568103816	-7.9990301304601665
1.275653184533723e9	4541.854589479413	-19.940727941082493	-8.011835503732685
1.277973184533723e9	4540.978958084862	-19.947579314061173	-8.024806983950533
1.280293184533723e9	4540.103495504684	-19.954430687039853	-8.037948937176372
1.282613184533723e9	4539.228201706335	-19.961282060018533	-8.051265903908533
1.284933184533723e9	4538.353076657267	-19.968133432997206	-8.064762608498794
1.287253184533723e9	4537.478120324952	-19.974984805975886	-8.078443969214447
1.289573184533723e9	4536.603332676874	-19.981836178954566	-8.092315108998285
1.291893184533723e9	4535.728713680503	-19.988687551933243	-8.106381366985408
1.294213184533723e9	4534.854263303322	-19.995538924911923	-8.120648310841647
1.296533184533723e9	4533.979981512818	-20.002390297890603	-8.135121749994951
1.298853184533723e9	4533.105868276504	-20.00924167086928	-8.149807749838462
1.301173184533723e9	4532.231923561868	-20.016093043847956	-8.164712646992125
1.303493184533723e9	4531.358147336436	-20.022944416826633	-8.179843065719009
1.305813184533723e9	4530.484539567716	-20.029795789805313	-8.195205935602734
1.308133184533723e9	4529.611100223225	-20.036647162783993	-8.210808510604116
1.310453184533723e9	4528.737829270506	-20.04349853576267	-8.226658389628172
1.312773184533723e9	4527.864726677089	-20.050349908741353	-8.242763538747484
1.315093184533723e9	4526.991792410506	-20.057201281720026	-8.259132315244596
1.317413184533723e9	4526.113682474674	-20.06405521319616	-8.275197795158979
1.319733184533723e9	4525.183502923243	-20.070934160288896	-8.285822005007015
1.322053184533723e9	4524.253514536681	-20.07781310738163	-8.296560301858852
1.324373184533723e9	4523.323717275731	-20.084692054474363	-8.30741516255942
1.326693184533723e9	4522.394111101092	-20.091571001567104	-8.318389145498614
1.329013184533723e9	4521.4646959735	-20.098449948659837	-8.329484894230648
1.331333184533723e9	4520.535471853692	-20.105328895752574	-8.340705141296464
1.333653184533723e9	4519.606438702423	-20.112207842845308	-8.352052712263049
1.335973184533723e9	4518.677596480427	-20.119086789938045	-8.363530529994543
1.338293184533723e9	4517.748945148476	-20.12596573703078	-8.375141619171355
1.340613184533723e9	4516.82048466734	-20.132844684123516	-8.386889111074705
1.342933184533723e9	4515.892214997794	-20.139723631216253	-8.398776248655588
1.345253184533723e9	4514.964136100633	-20.146602578308986	-8.410806391908624
1.347573184533723e9	4514.036247936634	-20.153481525401723	-8.422983023573126
1.349893184533723e9	4513.108550466608	-20.16036047249446	-8.43530975518556
1.352213184533723e9	4512.1810436513715	-20.167239419587197	-8.447790333509726
1.354533184533723e9	4511.253727451726	-20.17411836667993	-8.460428647373284
1.356853184533723e9	4510.326601828507	-20.180997313772664	-8.473228734941861
1.359173184533723e9	4509.399666742546	-20.1878762608654	-8.486194791464772
1.361493184533723e9	4508.472922154687	-20.19475520795814	-8.499331177529532
1.363813184533723e9	4507.546368025787	-20.201634155050876	-8.512642427865782
1.366133184533723e9	4506.620004316688	-20.208513102143613	-8.52613326074313
1.368453184533723e9	4505.693830988265	-20.215392049236346	-8.539808588011647
1.370773184533723e9	4504.767848001391	-20.22227099632908	-8.553673525838441
1.373093184533723e9	4503.842055316957	-20.229149943421817	-8.567733406199089
1.375413184533723e9	4502.916452895836	-20.236028890514554	-8.581993789188482
1.377733184533723e9	4501.991040698936	-20.242907837607287	-8.596460476222248
1.380053184533723e9	4501.0658186871615	-20.249786784700028	-8.611139524207157
1.382373184533723e9	4500.1407868214355	-20.256665731792758	-8.626037260767172
1.384693184533723e9	4499.215945062665	-20.263544678885495	-8.641160300620918
1.387013184533723e9	4498.291293371787	-20.270423625978232	-8.656515563216674
1.389333184533723e9	4497.366831709741	-20.277302573070966	-8.672110291742564
1.391653184533723e9	4496.442560037473	-20.284181520163703	-8.687952073642666
1.393973184533723e9	4495.518478315946	-20.29106046725644	-8.70404886278452
1.396293184533723e9	4494.594586506106	-20.297939414349177	-8.720409003440135
1.398613184533723e9	4493.670884568931	-20.30481836144191	-8.737041256261525
1.400933184533723e9	4492.743401439162	-20.311697882883127	-8.752898275217763
1.403253184533723e9	4491.796059305556	-20.31858030492078	-8.763605788000708
1.405573184533723e9	4490.848916929005	-20.325462726958435	-8.774429193657323
1.407893184533723e9	4489.9019742673645	-20.332345148996083	-8.785371028398739
1.410213184533723e9	4488.95523127853	-20.33922757103374	-8.796433912612043
1.412533184533723e9	4488.008687920397	-20.346109993071387	-8.807620554627006
1.414853184533723e9	4487.062344150874	-20.35299241510904	-8.818933754695905
1.417173184533723e9	4486.116199927882	-20.359874837146695	-8.830376409201055
1.419493184533723e9	4485.170255209328	-20.366757259184347	-8.841951515105857
1.421813184533723e9	4484.224509953154	-20.373639681221995	-8.853662174666491
1.424133184533723e9	4483.2789641173085	-20.38052210325965	-8.865511600422789
1.426453184533723e9	4482.333617659725	-20.3874045252973	-8.877503120488342
1.428773184533723e9	4481.388470538372	-20.394286947334955	-8.889640184161683
1.431093184533723e9	4480.443522711215	-20.401169369372607	-8.90192636788217
1.433413184533723e9	4479.498774136234	-20.40805179141026	-8.914365381556337
1.435733184533723e9	4478.554224771411	-20.414934213447907	-8.926961075282678
1.438053184533723e9	4477.609874574743	-20.421816635485563	-8.939717446505393
1.440373184533723e9	4476.665723504241	-20.428699057523215	-8.952638647630325
1.442693184533723e9	4475.7217715179	-20.435581479560867	-8.965728994139422
1.445013184533723e9	4474.778018573757	-20.44246390159852	-8.978992973243377
1.447333184533723e9	4473.834464629828	-20.44934632363617	-8.992435253115874
1.449653184533723e9	4472.891109644158	-20.456228745673823	-9.006060692756966
1.451973184533723e9	4471.947953574794	-20.463111167711475	-9.019874352537785
1.454293184533723e9	4471.004996379794	-20.469993589749127	-9.033881505483787
1.456613184533723e9	4470.062238017222	-20.47687601178678	-9.048087649359523
1.458933184533723e9	4469.119678445152	-20.483758433824427	-9.06249851962426
1.461253184533723e9	4468.177317621677	-20.490640855862083	-9.077120103334824
1.463573184533723e9	4467.23515550487	-20.497523277899734	-9.091958654080031
1.465893184533723e9	4466.293192052842	-20.504405699937386	-9.107020708039933
1.468213184533723e9	4465.3514272237	-20.51128812197504	-9.1223131012731
1.470533184533723e9	4464.409860975572	-20.51817054401269	-9.137842988346387
1.472853184533723e9	4463.46849326657	-20.525052966050342	-9.153617862434244
1.475173184533723e9	4462.527324054835	-20.531935388087994	-9.169645577028927
1.477493184533723e9	4461.586353298514	-20.538817810125643	-9.18593436941907
1.479813184533723e9	4460.645580955768	-20.5457002321633	-9.2024928861123
1.482133184533723e9	4459.7050069847355	-20.55258265420095	-9.219330210398352
1.484453184533723e9	4458.76463134362	-20.559465076238602	-9.236455892272653
1.486773184533723e9	4457.817284043163	-20.566402706038495	-9.2490892497757
1.489093184533723e9	4456.867330239813	-20.573361960070816	-9.259989957169054
1.491413184533723e9	4455.917578870121	-20.58032121410314	-9.271010800756288
1.493733184533723e9	4454.968029890943	-20.58728046813546	-9.282154458105067
1.496053184533723e9	4454.018683259148	-20.594239722167785	-9.293423697308318
1.498373184533723e9	4453.069538931609	-20.601198976200106	-9.304821381111523
1.500693184533723e9	4452.120596865231	-20.608158230232426	-9.316350471277929
1.503013184533723e9	4451.171857016904	-20.61511748426475	-9.32801403320835
1.505333184533723e9	4450.223319343537	-20.622076738297075	-9.339815240833596
1.507653184533723e9	4449.274983802037	-20.629035992329396	-9.351757381799016
1.509973184533723e9	4448.326850349347	-20.63599524636172	-9.363843862962408
1.512293184533723e9	4447.378918942395	-20.64295450039404	-9.376078216228239
1.514613184533723e9	4446.431189538124	-20.649913754426365	-9.388464104743209
1.516933184533723e9	4445.483662093488	-20.65687300845869	-9.401005329480354
1.519253184533723e9	4444.536336565443	-20.663832262491013	-9.413705836241247
1.521573184533723e9	4443.589212910975	-20.67079151652333	-9.426569723108644
1.523893184533723e9	4442.642291087058	-20.677750770555654	-9.439601248384735
1.526213184533723e9	4441.695571050682	-20.68471002458798	-9.452804839053515
1.528533184533723e9	4440.749052758846	-20.691669278620303	-9.466185099809321
1.530853184533723e9	4439.802736168551	-20.69862853265262	-9.479746822697646
1.533173184533723e9	4438.8566212368305	-20.705587786684944	-9.493494997418711
1.535493184533723e9	4437.910707920704	-20.71254704071727	-9.50743482234924
1.537813184533723e9	4436.964996177199	-20.71950629474959	-9.521571716343376
1.540133184533723e9	4436.019485963385	-20.726465548781913	-9.535911331379756
1.542453184533723e9	4435.074177236284	-20.733424802814234	-9.55045956612864
1.544773184533723e9	4434.129069952984	-20.74038405684656	-9.565222580520585
1.547093184533723e9	4433.184164070549	-20.747343310878883	-9.580206811406692
1.549413184533723e9	4432.239459546061	-20.754302564911203	-9.595418989410142
1.551733184533723e9	4431.294956336603	-20.761261818943527	-9.61086615707936
1.554053184533723e9	4430.350654399292	-20.768221072975848	-9.626555688465407
1.556373184533723e9	4429.406553691227	-20.775180327008172	-9.642495310259806
1.558693184533723e9	4428.462654169521	-20.782139581040493	-9.658693124644484
1.561013184533723e9	4427.5189557913145	-20.789098835072817	-9.675157634022986
1.563333184533723e9	4426.575458513739	-20.796058089105138	-9.69189776782192
1.565653184533723e9	4425.6321622939395	-20.803017343137462	-9.708922911574177
1.567973184533723e9	4424.68906708907	-20.809976597169786	-9.726242938521056
1.570293184533723e9	4423.746172856295	-20.816935851202107	-9.743868243999705
1.572613184533723e9	4422.823129608383	-20.823879418133842	-9.756644226315386
1.574933184533723e9	4421.907221756578	-20.83081744132758	-9.767742758098095
1.577253184533723e9	4420.991503577107	-20.837755464521308	-9.778965851027316
1.579573184533723e9	4420.0759750307025	-20.84469348771504	-9.790316332820801
1.581893184533723e9	4419.160636078076	-20.851631510908774	-9.80179712859279
1.584213184533723e9	4418.245486679981	-20.858569534102507	-9.813411265378914
1.586533184533723e9	4417.330526797148	-20.865507557296237	-9.825161876926963
1.588853184533723e9	4416.415756390348	-20.872445580489966	-9.837052208772489
1.591173184533723e9	4415.501175420325	-20.879383603683703	-9.849085623619814
1.593493184533723e9	4414.586783847866	-20.886321626877432	-9.86126560705076
1.595813184533723e9	4413.672581633734	-20.893259650071165	-9.873595773585338
1.598133184533723e9	4412.758568738722	-20.9001976732649	-9.886079873120798
1.600453184533723e9	4411.844745123633	-20.90713569645863	-9.89872179777768
1.602773184533723e9	4410.931110749255	-20.91407371965236	-9.911525589184203
1.605093184533723e9	4410.017665576413	-20.921011742846094	-9.92449544623305
1.607413184533723e9	4409.104409565911	-20.927949766039823	-9.937635733347836
1.609733184533723e9	4408.191342678582	-20.934887789233557	-9.950950989299955
1.612053184533723e9	4407.278464875272	-20.94182581242729	-9.964445936620391
1.614373184533723e9	4406.365776116807	-20.948763835621023	-9.97812549165532
1.616693184533723e9	4405.453276364054	-20.955701858814756	-9.991994775319093
1.619013184533723e9	4404.540965577857	-20.962639882008485	-10.006059124603437
1.621333184533723e9	4403.628843719098	-20.969577905202218	-10.020324104907626
1.623653184533723e9	4402.716910748639	-20.976515928395948	-10.034795523260888
1.625973184533723e9	4401.805166627378	-20.98345395158968	-10.049479442515699
1.628293184533723e9	4400.893611316191	-20.990391974783414	-10.064382196598745
1.630613184533723e9	4399.982244775987	-20.997329997977147	-10.07951040691561
1.632933184533723e9	4399.071066967681	-21.00426802117088	-10.094871000015488
1.635253184533723e9	4398.1600778521815	-21.011206044364613	-10.110471226633917
1.637573184533723e9	4397.249277390405	-21.018144067558342	-10.126318682244545
1.639893184533723e9	4396.338665543291	-21.025082090752072	-10.142421329265757
1.642213184533723e9	4395.428242271789	-21.03202011394581	-10.158787521084696
1.644533184533723e9	4394.518007536831	-21.038958137139538	-10.175426028080109
1.646853184533723e9	4393.607961299389	-21.04589616033327	-10.192346065846984
1.649173184533723e9	4392.698103520413	-21.052834183527	-10.20955732585039
1.651493184533723e9	4391.788434160882	-21.059772206720737	-10.227070008763787
1.653813184533723e9	4390.878953181787	-21.06671022991447	-10.244894860778963
1.656133184533723e9	4389.9696605440995	-21.0736482531082	-10.263043213211228
1.658453184533723e9	4389.060556208832	-21.080586276301933	-10.28152702576539
1.660773184533723e9	4388.161209017089	-21.087546738810094	-10.29830581159073
1.663093184533723e9	4387.287488458549	-21.094566876393895	-10.309837923017074
1.665413184533723e9	4386.4139418652785	-21.1015870139777	-10.321504577106802
1.667733184533723e9	4385.540569202624	-21.108607151561504	-10.333308950316027
1.670053184533723e9	4384.66737043597	-21.11562728914531	-10.345254332936774
1.672373184533723e9	4383.794345530686	-21.122647426729117	-10.357344134602263
1.674693184533723e9	4382.9214944521445	-21.129667564312918	-10.36958189012906
1.677013184533723e9	4382.048817165753	-21.13668770189672	-10.381971265721164
1.679333184533723e9	4381.17631363689	-21.143707839480523	-10.394516065563257
1.681653184533723e9	4380.303983830969	-21.150727977064328	-10.407220238832789
1.683973184533723e9	4379.431827713406	-21.157748114648133	-10.420087887163241
1.686293184533723e9	4378.5598452496115	-21.164768252231937	-10.433123272593857
1.688613184533723e9	4377.688036405002	-21.17178838981574	-10.446330826044393
1.690933184533723e9	4376.8164011450235	-21.178808527399546	-10.459715156357042
1.693253184533723e9	4375.944939435099	-21.185828664983347	-10.47328105995173
1.695573184533723e9	4375.0736512406875	-21.192848802567156	-10.487033531145372
1.697893184533723e9	4374.202536527226	-21.199868940150957	-10.500977773190652
1.700213184533723e9	4373.331595260187	-21.20688907773476	-10.515119210095397
1.702533184533723e9	4372.460827405022	-21.213909215318566	-10.529463499289722
1.704853184533723e9	4371.590232927219	-21.22092935290237	-10.544016545214973
1.707173184533723e9	4370.719811792248	-21.227949490486175	-10.558784513916159
1.709493184533723e9	4369.849563965588	-21.234969628069976	-10.573773848728159
1.711813184533723e9	4368.979489412739	-21.24198976565378	-10.588991287155535
1.714133184533723e9	4368.109588099208	-21.249009903237585	-10.604443879056662
1.716453184533723e9	4367.2398599904955	-21.25603004082139	-10.62013900625501
1.718773184533723e9	4366.370305052106	-21.263050178405194	-10.636084403714134
1.721093184533723e9	4365.500923249576	-21.270070315989	-10.65228818242841
1.723413184533723e9	4364.631714548415	-21.277090453572804	-10.668758854199115
1.725733184533723e9	4363.762678914176	-21.284110591156605	-10.68550535848529
1.728053184533723e9	4362.893816312382	-21.29113072874041	-10.702537091541455
1.730373184533723e9	4362.025126708597	-21.298150866324214	-10.719863938079945
1.732693184533723e9	4361.156610068368	-21.30517100390802	-10.73749630572501
1.735013184533723e9	4360.288266357247	-21.312191141491823	-10.755445162559353
1.737333184533723e9	4359.420095540813	-21.319211279075624	-10.7737220781023
1.739653184533723e9	4358.552097584639	-21.32623141665943	-10.792339268102992
1.741973184533723e9	4357.684272454324	-21.333251554243237	-10.811309643582884
1.744293184533723e9	4356.8166201154245	-21.340271691827038	-10.830646864620695
1.746613184533723e9	4355.94914053356	-21.347291829410842	-10.85036539944093
1.748933184533723e9	4355.081833674319	-21.354311966994644	-10.870480589446288
1.751253184533723e9	4354.214699503324	-21.36133210457845	-10.89100872092609
1.753573184533723e9	4353.365351881757	-21.368346693648633	-10.909466159417578
1.755893184533723e9	4352.5590782534055	-21.37534776372342	-10.922088357549393
1.758213184533723e9	4351.752953952554	-21.38234883379821	-10.93487191443877
1.760533184533723e9	4350.946978951545	-21.389349903872997	-10.947821009099926
1.762853184533723e9	4350.1411532227285	-21.396350973947786	-10.960939985027137
1.765173184533723e9	4349.335476738458	-21.403352044022576	-10.974233358941213
1.767493184533723e9	4348.529949471092	-21.410353114097365	-10.987705830125208
1.769813184533723e9	4347.7245713930015	-21.417354184172154	-11.001362290397626
1.772133184533723e9	4346.919342476542	-21.424355254246944	-11.015207834776126
1.774453184533723e9	4346.114262694094	-21.431356324321733	-11.029247772889846
1.776773184533723e9	4345.309332018037	-21.438357394396522	-11.043487641204367
1.779093184533723e9	4344.504550420756	-21.44535846447131	-11.057933216129724
1.781413184533723e9	4343.69991787464	-21.452359534546098	-11.072590528089137
1.783733184533723e9	4342.895434352084	-21.45936060462089	-11.087465876634226
1.786053184533723e9	4342.091099825495	-21.466361674695676	-11.102565846701532
1.788373184533723e9	4341.2869142672635	-21.473362744770466	-11.117897326115317
1.790693184533723e9	4340.482877649806	-21.480363814845255	-11.13346752445313
1.793013184533723e9	4339.678989945532	-21.48736488492004	-11.149283993403436
1.795333184533723e9	4338.875251126882	-21.494365954994834	-11.165354648759235
1.797653184533723e9	4338.07166116626	-21.50136702506962	-11.181687794207969
1.799973184533723e9	4337.268220036104	-21.508368095144412	-11.198292147096753
1.802293184533723e9	4336.46492770885	-21.515369165219198	-11.215176866373026
1.804613184533723e9	4335.661784156938	-21.52237023529399	-11.232351582924856
1.806933184533723e9	4334.858789352813	-21.529371305368777	-11.249826432572528
1.809253184533723e9	4334.055943268927	-21.536372375443566	-11.267612091994373
1.811573184533723e9	4333.253245877735	-21.543373445518355	-11.285719817905711
1.813893184533723e9	4332.4506971517	-21.55037451559314	-11.304161489850896
1.816213184533723e9	4331.648297063294	-21.557375585667934	-11.322949657015837
1.818533184533723e9	4330.846045584965	-21.56437665574272	-11.342097589522995
1.820853184533723e9	4330.043942689215	-21.571377725817513	-11.361619334733954
1.823173184533723e9	4329.241988348523	-21.578378795892302	-11.381529779157932
1.825493184533723e9	4328.440182535361	-21.585379865967088	-11.401844716649633
1.827813184533723e9	4327.638525222228	-21.59238093604188	-11.422580923679124
1.830133184533723e9	4326.837016381621	-21.599382006116663	-11.443756242572432
1.832453184533723e9	4326.035655986042	-21.606383076191456	-11.46538967375768
1.834773184533723e9	4325.234444007998	-21.613384146266245	-11.487501478211836
1.837093184533723e9	4324.433380420008	-21.620385216341035	-11.510113291492281
1.839413184533723e9	4323.632465194575	-21.627386286415824	-11.53324825096174
1.841733184533723e9	4322.831698304228	-21.63438735649061	-11.556931138081737
1.844053184533723e9	4322.031079721494	-21.6413884265654	-11.581188537968377
1.846373184533723e9	4321.230609418906	-21.648389496640192	-11.606049018786031
1.848693184533723e9	4320.430287369002	-21.655390566714978	-11.631543334014388
1.851013184533723e9	4319.630113544325	-21.66239163678977	-11.657704651180365
1.853333184533723e9	4318.885934074419	-21.669433044692347	-11.680761151935418
1.855653184533723e9	4318.251538998139	-21.676553669680555	-11.696749219122246
1.857973184533723e9	4317.617237107252	-21.683674294668766	-11.712997063561094
1.860293184533723e9	4316.983028388084	-21.690794919656977	-11.72951326670042
1.862613184533723e9	4316.348912826934	-21.697915544645184	-11.746306842357797
1.864933184533723e9	4315.714890410127	-21.705036169633395	-11.763387266262848
1.867253184533723e9	4315.080961123987	-21.712156794621606	-11.78076450816738
1.869573184533723e9	4314.447124954821	-21.719277419609814	-11.798449066795138
1.871893184533723e9	4313.813381888966	-21.726398044598024	-11.816452007937933
1.874213184533723e9	4313.17973191273	-21.733518669586235	-11.834785006044344
1.876533184533723e9	4312.546175012447	-21.740639294574443	-11.853460389692353
1.878853184533723e9	4311.912711174453	-21.747759919562654	-11.872491191389518
1.881173184533723e9	4311.279340385062	-21.754880544550865	-11.891891202204482
1.883493184533723e9	4310.646062630623	-21.762001169539076	-11.911675031803401
1.885813184533723e9	4310.012877897455	-21.769121794527283	-11.931858174545987
1.888133184533723e9	4309.379786171901	-21.776242419515494	-11.952457082390186
1.890453184533723e9	4308.7467874403	-21.783363044503705	-11.97348924546493
1.892773184533723e9	4308.113881688999	-21.790483669491913	-11.994973281299577
1.895093184533723e9	4307.481068904325	-21.797604294480124	-12.016929033850696
1.897413184533723e9	4306.8483490726385	-21.804724919468335	-12.039377683646142
1.899733184533723e9	4306.215722180269	-21.811845544456546	-12.06234187057856
1.902053184533723e9	4305.583188213574	-21.818966169444753	-12.085845831132678
1.904373184533723e9	4304.950747158911	-21.826086794432964	-12.109915552131428
1.906693184533723e9	4304.318399002609	-21.83320741942117	-12.13457894344605
1.909013184533723e9	4303.686143731061	-21.840328044409382	-12.159866032548289
1.911333184533723e9	4303.053981330584	-21.847448669397593	-12.185809184305654
1.913653184533723e9	4302.421911787553	-21.854569294385804	-12.212443350055016
1.915973184533723e9	4301.789935088326	-21.861689919374015	-12.239806350763034
1.918293184533723e9	4301.158051219276	-21.868810544362223	-12.267939200029272
1.920613184533723e9	4300.526260166757	-21.875931169350434	-12.296886473854654
1.922933184533723e9	4299.89456191713	-21.88305179433864	-12.326696735543134
1.925253184533723e9	4299.26295645677	-21.890172419326852	-12.357423025905195
1.927573184533723e9	4298.631443772054	-21.897293044315063	-12.389123431189331
1.929893184533723e9	4298.00002384934	-21.904413669303274	-12.421861744017006
1.932213184533723e9	4297.368696675009	-21.91153429429148	-12.455708236217811
1.934533184533723e9	4296.737462235447	-21.918654919279696	-12.490740567098465
1.936853184533723e9	4296.106320517016	-21.925775544267903	-12.527044856663938
1.939173184533723e9	4295.475271506102	-21.932896169256114	-12.564716961098714
1.941493184533723e9	4294.844315189098	-21.940016794244322	-12.603863998047585
1.943813184533723e9	4294.213451552379	-21.947137419232536	-12.644606182804806
1.946133184533723e9	4293.582680582316	-21.95425804422074	-12.687079054705059
1.948453184533723e9	4292.95200226533	-21.96137866920895	-12.73143619765445
1.950773184533723e9	4292.321416587784	-21.968499294197162	-12.777852592546806
1.953093184533723e9	4291.69092353609	-21.975619919185373	-12.826528786299608
1.955413184533723e9	4291.060523096626	-21.98274054417358	-12.87769612849488
1.957733184533723e9	4290.430215255801	-21.98986116916179	-12.931623421488203
1.960053184533723e9	4289.800000000001	-21.996981794150003	-12.988625468068177
