-5.87628317552979e7	9336.607097143213	-15.739684385498506
-5.78078317552979e7	9312.7257169749	-15.740990386290935
-5.68528317552979e7	9288.905421129028	-15.742296387083362
-5.58978317552979e7	9265.146053362832	-15.74360238787579
-5.49428317552979e7	9241.44745783309	-15.744908388668216
-5.39878317552979e7	9217.809479095216	-15.746214389460643
-5.30328317552979e7	9194.23196210227	-15.747520390253072
-5.20778317552979e7	9170.714752203814	-15.748826391045498
-5.11228317552979e7	9147.257695145094	-15.750132391837925
-5.01678317552979e7	9123.370248899144	-15.751399544758645
-4.92128317552979e7	9095.349492827198	-15.752333364841613
-4.82578317552979e7	9067.414797361098	-15.753267184924582
-4.73028317552979e7	9039.565898181487	-15.754201005007552
-4.63478317552979e7	9011.802531780826	-15.755134825090522
-4.53928317552979e7	8984.124435460895	-15.75606864517349
-4.44378317552979e7	8956.531347330301	-15.757002465256459
-4.34828317552979e7	8929.023006302004	-15.75793628533943
-4.25278317552979e7	8901.599152090828	-15.758870105422396
-4.15728317552979e7	8869.34319920412	-15.75937524171143
-4.06178317552979e7	8836.241015178346	-15.759796064955626
-3.96628317552979e7	8803.26237520343	-15.76021688819982
-3.87078317552979e7	8770.406818187968	-15.760637711444016
-3.77528317552979e7	8737.673884761443	-15.76105853468821
-3.67978317552979e7	8705.063117267815	-15.761479357932405
-3.58428317552979e7	8672.574059759052	-15.761900181176598
-3.48878317552979e7	8633.919190892888	-15.761728927152836
-3.39328317552979e7	8594.38265198074	-15.761457930862681
-3.29778317552979e7	8555.027159227868	-15.761186934572525
-3.20228317552979e7	8515.85188358573	-15.760915938282366
-3.10678317552979e7	8476.855999802081	-15.76064494199221
-3.01128317552979e7	8438.038686403737	-15.760373945702055
-2.91578317552979e7	8390.833501603984	-15.759217748444271
-2.82028317552979e7	8343.115365395803	-15.757980753214444
-2.72478317552979e7	8295.668599191893	-15.756743757984617
-2.62928317552979e7	8248.491659728325	-15.75550676275479
-2.53378317552979e7	8201.583012517565	-15.754269767524963
-2.43828317552979e7	8145.541433594596	-15.75211075641153
-2.34278317552979e7	8087.381822341435	-15.749704557215097
-2.24728317552979e7	8025.3234939399845	-15.746834403948288
-2.15178317552979e7	7960.129887044555	-15.743572650519022
-2.05628317552979e7	7891.896608829674	-15.739895515246598
-1.96078317552979e7	7819.154113588118	-15.73562008652841
-1.86528317552979e7	7743.480209645149	-15.73093623114099
-1.76978317552979e7	7661.865172738042	-15.725487748495613
-1.67428317552979e7	7577.563655125153	-15.719630395683073
-1.57878317552979e7	7486.884255302321	-15.712920872837595
-1.48328317552979e7	7394.50573256086	-15.705877624071396
-1.38778317552979e7	7296.290805089157	-15.69798718417962
-1.29228317552979e7	7198.352232176339	-15.68998690758976
-1.19678317552979e7	7094.47879151053	-15.681201177017783
-1.10128317552979e7	6992.104262168845	-15.672415446445806
-1.00578317552979e7	6890.88775642477	-15.663748788725274
-9.1028317552979e6	6791.026862975529	-15.655123602569311
-8.147831755297899e6	6692.613126756674	-15.646498416413351
-7.192831755297899e6	6606.615325121967	-15.639846105014822
-6.237831755297899e6	6522.7999960581055	-15.633389551921876
-5.282831755297899e6	6440.047996557147	-15.626932998828927
-4.327831755297899e6	6367.291840651289	-15.622050046567958
-3.3728317552978992e6	6311.229553543203	-15.61998532694922
-2.4178317552978992e6	6255.660879750539	-15.61792060733048
-1.4628317552978992e6	6200.5814731412265	-15.615855887711742
-507831.75529789925	6146.9345487918945	-15.61396765780024
447168.24470210075	6106.581644642095	-15.614487311673626
1.4021682447021008e6	6066.493646009074	-15.61500696554701
2.3571682447021008e6	6026.668813862311	-15.615526619420397
3.3121682447021008e6	5987.105420587501	-15.616046273293783
4.267168244702101e6	5948.320055954033	-15.616669459231444
5.222168244702101e6	5917.352630569539	-15.618812912109309
6.177168244702101e6	5886.546424054551	-15.620956364987176
7.132168244702101e6	5855.900597090884	-15.623099817865041
8.087168244702101e6	5825.414314729872	-15.625243270742905
9.0421682447021e6	5795.086746369683	-15.627386723620772
9.9971682447021e6	5766.926209772075	-15.629955702605207
1.09521682447021e7	5743.123981651745	-15.633422644920534
1.19071682447021e7	5719.419994091955	-15.636889587235864
1.28621682447021e7	5695.8138416177535	-15.640356529551191
1.38171682447021e7	5672.305120427705	-15.643823471866519
1.47721682447021e7	5648.893428387022	-15.647290414181848
1.57271682447021e7	5625.578365020662	-15.650757356497175
1.66821682447021e7	5606.1373660702475	-15.655087990865175
1.76371682447021e7	5587.6370100442045	-15.659618925386958
1.85921682447021e7	5569.1977055320185	-15.66414985990874
1.95471682447021e7	5550.819251062586	-15.668680794430525
2.05021682447021e7	5532.50144582963	-15.673211728952307
2.14571682447021e7	5514.244089689579	-15.677742663474087
2.24121682447021e7	5496.0469831593	-15.68227359799587
2.33671682447021e7	5479.742236942496	-15.687245641322196
2.43221682447021e7	5465.1482187889615	-15.692618942034745
2.52771682447021e7	5450.593068406328	-15.69799224274729
2.62321682447021e7	5436.076682279335	-15.703365543459839
2.71871682447021e7	5421.598957168408	-15.708738844172387
2.81421682447021e7	5407.159790108919	-15.714112144884933
2.90971682447021e7	5392.75907841049	-15.719485445597481
3.00521682447021e7	5378.396719656208	-15.724858746310028
3.10071682447021e7	5365.376706104392	-15.730562347462346
3.19621682447021e7	5353.89743840396	-15.736649031986504
3.29171682447021e7	5342.44273069142	-15.742735716510662
3.38721682447021e7	5331.012530420476	-15.748822401034818
3.48271682447021e7	5319.606785157254	-15.754909085558978
3.57821682447021e7	5308.225442580064	-15.760995770083134
3.67371682447021e7	5296.868450479156	-15.767082454607293
3.76921682447021e7	5285.535756756497	-15.77316913913145
3.86471682447021e7	5274.227309425487	-15.779255823655609
3.96021682447021e7	5264.270476814491	-15.785700280091483
4.05571682447021e7	5255.095834504306	-15.792350837777064
4.15121682447021e7	5245.937181885748	-15.799001395462648
4.24671682447021e7	5236.794491091757	-15.805651953148232
4.34221682447021e7	5227.667734303836	-15.812302510833813
4.43771682447021e7	5218.556883752003	-15.818953068519399
4.53321682447021e7	5209.461911714642	-15.825603626204982
4.62871682447021e7	5200.3827905184535	-15.832254183890564
4.72421682447021e7	5191.319492538394	-15.838904741576147
4.81971682447021e7	5182.407296954058	-15.845593990751425
4.91521682447021e7	5175.0528988413635	-15.852725009944024
5.01071682447021e7	5167.708937417364	-15.859856029136623
5.10621682447021e7	5160.3753978712475	-15.866987048329221
5.20171682447021e7	5153.0522654132565	-15.874118067521819
5.29721682447021e7	5145.739525274596	-15.88124908671442
5.39271682447021e7	5138.437162707428	-15.888380105907014
5.48821682447021e7	5131.145162984871	-15.895511125099615
5.58371682447021e7	5123.863511400915	-15.902642144292214
5.67921682447021e7	5116.592193270429	-15.909773163484811
5.77471682447021e7	5109.3311939291125	-15.91690418267741
5.87021682447021e7	5103.192201393412	-15.924369811769168
5.96571682447021e7	5097.2657178819	-15.931897249826095
6.06121682447021e7	5091.346116965717	-15.939424687883022
6.15671682447021e7	5085.433390651909	-15.946952125939948
6.25221682447021e7	5079.5275309568015	-15.954479563996877
6.34771682447021e7	5073.628529906004	-15.962007002053802
6.44321682447021e7	5067.736379534357	-15.969534440110731
6.53871682447021e7	5061.851071885971	-15.977061878167657
6.63421682447021e7	5055.9725990142115	-15.984589316224584
6.72971682447021e7	5050.100952981657	-15.992116754281511
6.82521682447021e7	5044.236125860088	-15.999644192338438
6.92071682447021e7	5039.33618601392	-16.007474270798514
7.01621682447021e7	5034.446942315568	-16.015306226105217
7.11171682447021e7	5029.562442238797	-16.023138181411923
7.20721682447021e7	5024.682681181292	-16.03097013671863
7.30271682447021e7	5019.807654545161	-16.038802092025335
7.39821682447021e7	5014.937357737004	-16.04663404733204
7.49371682447021e7	5010.071786167876	-16.054466002638744
7.58921682447021e7	5005.210935253265	-16.06229795794545
7.68471682447021e7	5000.354800413109	-16.070129913252156
7.78021682447021e7	4995.503377071807	-16.07796186855886
7.87571682447021e7	4990.656660658198	-16.08579382386557
7.97121682447021e7	4986.351620282751	-16.09379558631101
8.06671682447021e7	4982.44628916225	-16.101922670809447
8.16221682447021e7	4978.544016713163	-16.110049755307884
8.25771682447021e7	4974.644800539926	-16.11817683980632
8.35321682447021e7	4970.7486382488505	-16.126303924304757
8.44871682447021e7	4966.855527448133	-16.134431008803194
8.54421682447021e7	4962.965465747817	-16.14255809330163
8.63971682447021e7	4959.078450759841	-16.150685177800067
8.73521682447021e7	4955.194480098008	-16.1588122622985
8.83071682447021e7	4951.313551377991	-16.166939346796937
8.92621682447021e7	4947.435662217327	-16.175066431295374
9.02171682447021e7	4943.560810235421	-16.18319351579381
9.11721682447021e7	4940.038918928791	-16.191473675495125
9.21271682447021e7	4936.688332209106	-16.199827723621375
9.30821682447021e7	4933.340018028474	-16.208181771747626
9.40371682447021e7	4929.993974845535	-16.216535819873872
9.49921682447021e7	4926.650201119998	-16.224889868000123
9.59471682447021e7	4923.308695312594	-16.233243916126373
9.69021682447021e7	4919.969455885095	-16.241597964252623
9.78571682447021e7	4916.632481300345	-16.24995201237887
9.88121682447021e7	4913.297770022203	-16.25830606050512
9.97671682447021e7	4909.965320515568	-16.26666010863137
1.007221682447021e8	4906.635131246421	-16.27501415675762
1.016771682447021e8	4903.307200681716	-16.28336820488387
1.026321682447021e8	4900.216435728672	-16.291766904805208
1.035871682447021e8	4897.484911064426	-16.30023355813441
1.045421682447021e8	4894.75490903232	-16.308700211463613
1.054971682447021e8	4892.026428783575	-16.317166864792817
1.064521682447021e8	4889.299469469914	-16.325633518122018
1.074071682447021e8	4886.5740302435315	-16.33410017145122
1.083621682447021e8	4883.850110257069	-16.34256682478042
1.093171682447021e8	4881.127708663675	-16.351033478109628
1.102721682447021e8	4878.4068246169345	-16.35950013143883
1.112271682447021e8	4875.687457270931	-16.36796678476803
1.121821682447021e8	4872.969605780221	-16.376433438097234
1.131371682447021e8	4870.253269299804	-16.384900091426434
1.140921682447021e8	4867.538446985178	-16.39336674475564
1.150471682447021e8	4865.031357742212	-16.401966891098237
1.160021682447021e8	4862.653322967264	-16.41064978263104
1.169571682447021e8	4860.276450579346	-16.419332674163847
1.179121682447021e8	4857.900740010288	-16.428015565696654
1.188671682447021e8	4855.526190692194	-16.43669845722946
1.198221682447021e8	4853.1528020574415	-16.445381348762268
1.207771682447021e8	4850.7805735386955	-16.45406424029507
1.217321682447021e8	4848.409504568873	-16.46274713182788
1.226871682447021e8	4846.0395945811915	-16.471430023360682
1.236421682447021e8	4843.670843009139	-16.48011291489349
1.245971682447021e8	4841.303249286491	-16.488795806426296
1.255521682447021e8	4838.93681284727	-16.497478697959103
1.265071682447021e8	4836.5715331258025	-16.506161589491906
1.274621682447021e8	4834.457241250262	-16.51492165475609
1.284171682447021e8	4832.489658512183	-16.52372677124215
1.293721682447021e8	4830.522876563454	-16.53253188772821
1.303271682447021e8	4828.556895078153	-16.541337004214274
1.312821682447021e8	4826.591713730496	-16.550142120700333
1.322371682447021e8	4824.6273321948265	-16.558947237186395
1.331921682447021e8	4822.663750145655	-16.567752353672454
1.341471682447021e8	4820.700967257561	-16.576557470158516
1.351021682447021e8	4818.7389832053195	-16.585362586644575
1.360571682447021e8	4816.777797663803	-16.594167703130637
1.370121682447021e8	4814.817410308031	-16.6029728196167
1.379671682447021e8	4812.857820813125	-16.611777936102758
1.389221682447021e8	4810.899028854388	-16.62058305258882
1.398771682447021e8	4809.030246064094	-16.629427972946406
1.408321682447021e8	4807.337954751389	-16.63835134327383
1.417871682447021e8	4805.646258953732	-16.647274713601252
1.427421682447021e8	4803.955158461566	-16.656198083928675
1.436971682447021e8	4802.264653065401	-16.6651214542561
1.446521682447021e8	4800.574742555825	-16.67404482458352
1.456071682447021e8	4798.8854267234965	-16.68296819491095
1.465621682447021e8	4797.196705359151	-16.691891565238368
1.475171682447021e8	4795.508578253586	-16.70081493556579
1.484721682447021e8	4793.821045197701	-16.709738305893218
1.494271682447021e8	4792.134105982442	-16.71866167622064
1.503821682447021e8	4790.447760398836	-16.727585046548064
1.513371682447021e8	4788.762008237987	-16.736508416875488
1.522921682447021e8	4787.076849291068	-16.74543178720291
1.532471682447021e8	4785.59055390235	-16.754419451569593
1.542021682447021e8	4784.143694956573	-16.763419758130357
1.551571682447021e8	4782.697273449149	-16.772420064691126
1.561121682447021e8	4781.251289247807	-16.781420371251894
1.570671682447021e8	4779.805742220342	-16.790420677812662
1.580221682447021e8	4778.360632234581	-16.799420984373427
1.589771682447021e8	4776.91595915839	-16.8084212909342
1.599321682447021e8	4775.471722859684	-16.817421597494963
1.608871682447021e8	4774.02792320639	-16.82642190405573
1.618421682447021e8	4772.584560066506	-16.8354222106165
1.627971682447021e8	4771.141633308057	-16.844422517177268
1.637521682447021e8	4769.699142799107	-16.853422823738036
1.647071682447021e8	4768.257088407773	-16.862423130298804
1.656621682447021e8	4766.838395267847	-16.871436236608304
1.666171682447021e8	4765.5762327053135	-16.880536526483375
1.675721682447021e8	4764.3144043379425	-16.88963681635845
1.685271682447021e8	4763.052910077246	-16.898737106233522
1.694821682447021e8	4761.791749834761	-16.907837396108597
1.704371682447021e8	4760.530923522044	-16.91693768598367
1.713921682447021e8	4759.270431050678	-16.92603797585874
1.723471682447021e8	4758.010272332268	-16.935138265733816
1.733021682447021e8	4756.750447278444	-16.944238555608887
1.742571682447021e8	4755.490955800867	-16.953338845483962
1.752121682447021e8	4754.231797811185	-16.962439135359034
1.761671682447021e8	4752.9729732211335	-16.97153942523411
1.771221682447021e8	4751.714481942409	-16.98063971510918
1.780771682447021e8	4750.456323886766	-16.989740004984256
1.790321682447021e8	4749.248295529206	-16.998860848031725
1.799871682447021e8	4748.146741465241	-17.008025521208452
1.809421682447021e8	4747.045442898837	-17.017190194385176
1.818971682447021e8	4745.944399770724	-17.0263548675619
1.828521682447021e8	4744.843612021665	-17.035519540738623
1.838071682447021e8	4743.743079592442	-17.04468421391535
1.847621682447021e8	4742.642802423802	-17.053848887092073
1.857171682447021e8	4741.542780456573	-17.0630135602688
1.866721682447021e8	4740.443013631521	-17.07217823344552
1.876271682447021e8	4739.343501889511	-17.081342906622247
1.885821682447021e8	4738.244245171358	-17.09050757979897
1.895371682447021e8	4737.145243417914	-17.099672252975697
1.904921682447021e8	4736.04649657004	-17.10883692615242
1.914471682447021e8	4734.948004568615	-17.118001599329144
1.924021682447021e8	4733.8985461848515	-17.127176662701626
1.933571682447021e8	4732.919503300233	-17.136366678595902
1.943121682447021e8	4731.940662896721	-17.14555669449018
1.952671682447021e8	4730.962024932429	-17.154746710384458
1.962221682447021e8	4729.983589365482	-17.163936726278735
1.971771682447021e8	4729.005356154037	-17.17312674217301
1.981321682447021e8	4728.0273252562365	-17.18231675806729
1.990871682447021e8	4727.049496630229	-17.191506773961567
2.000421682447021e8	4726.071870234201	-17.200696789855844
2.009971682447021e8	4725.094446026317	-17.209886805750124
2.019521682447021e8	4724.117223964755	-17.2190768216444
2.029071682447021e8	4723.140204007724	-17.228266837538676
2.038621682447021e8	4722.163386113417	-17.237456853432956
2.048171682447021e8	4721.186770240036	-17.246646869327233
2.057721682447021e8	4720.246249931262	-17.255863266817684
2.067271682447021e8	4719.359953834483	-17.26511938864221
2.076821682447021e8	4718.473824152922	-17.274375510466733
2.086371682447021e8	4717.587860855324	-17.283631632291254
2.095921682447021e8	4716.702063910448	-17.292887754115778
2.105471682447021e8	4715.81643328705	-17.302143875940303
2.115021682447021e8	4714.930968953919	-17.311399997764823
2.124571682447021e8	4714.045670879813	-17.320656119589348
2.134121682447021e8	4713.16053903354	-17.329912241413872
2.143671682447021e8	4712.275573383856	-17.339168363238393
2.153221682447021e8	4711.390773899579	-17.34842448506292
2.162771682447021e8	4710.5061405495	-17.357680606887442
2.172321682447021e8	4709.6216733024185	-17.366936728711963
2.181871682447021e8	4708.7373721271615	-17.376192850536487
2.191421682447021e8	4707.883097854023	-17.385463342905673
2.200971682447021e8	4707.075241017827	-17.394756102947483
2.210521682447021e8	4706.267522807135	-17.40404886298929
2.220071682447021e8	4705.459943198159	-17.413341623031094
2.229621682447021e8	4704.652502167116	-17.4226343830729
2.239171682447021e8	4703.845199690227	-17.431927143114706
2.248721682447021e8	4703.038035743715	-17.44121990315651
2.258271682447021e8	4702.23101030381	-17.450512663198317
2.267821682447021e8	4701.424123346745	-17.459805423240127
2.277371682447021e8	4700.6173748487545	-17.46909818328193
2.286921682447021e8	4699.8107647860825	-17.47839094332374
2.296471682447021e8	4699.004293134972	-17.48768370336554
2.306021682447021e8	4698.1979598716725	-17.49697646340735
2.315571682447021e8	4697.391764972437	-17.506269223449156
2.325121682447021e8	4696.599364443007	-17.515593799132976
2.334671682447021e8	4695.828459507376	-17.524968151764526
2.344221682447021e8	4695.057681108928	-17.534342504396072
2.353771682447021e8	4694.287029226885	-17.543716857027622
2.363321682447021e8	4693.516503840475	-17.55309120965917
2.372871682447021e8	4692.746104928949	-17.56246556229072
2.382421682447021e8	4691.9758324715385	-17.571839914922265
2.391971682447021e8	4691.205686447481	-17.581214267553815
2.401521682447021e8	4690.435666836039	-17.590588620185365
2.411071682447021e8	4689.665773616454	-17.59996297281691
2.420621682447021e8	4688.896006767981	-17.60933732544846
2.430171682447021e8	4688.1263662698775	-17.61871167808001
2.439721682447021e8	4687.356852101395	-17.628086030711557
2.449271682447021e8	4686.587464241815	-17.637460383343107
2.458821682447021e8	4685.831588367263	-17.64682995107516
2.468371682447021e8	4685.089415514538	-17.65619466328532
2.477921682447021e8	4684.347360212043	-17.665559375495484
2.487471682447021e8	4683.605422441143	-17.67492408770564
2.497021682447021e8	4682.863602183232	-17.684288799915805
2.506571682447021e8	4682.121899419704	-17.693653512125962
2.516121682447021e8	4681.380314131934	-17.703018224336127
2.525671682447021e8	4680.638846301333	-17.712382936546287
2.535221682447021e8	4679.897495909278	-17.72174764875645
2.544771682447021e8	4679.156262937179	-17.73111236096661
2.554321682447021e8	4678.415147366446	-17.74047707317677
2.563871682447021e8	4677.674149178467	-17.749841785386927
2.573421682447021e8	4676.933268354667	-17.75920649759709
2.582971682447021e8	4676.1925048764415	-17.768571209807252
2.592521682447021e8	4675.456131672321	-17.77795991955495
2.602071682447021e8	4674.72266275086	-17.787364291419117
2.611621682447021e8	4673.989308893386	-17.796768663283284
2.621171682447021e8	4673.256070081856	-17.806173035147452
2.630721682447021e8	4672.522946298221	-17.815577407011624
2.640271682447021e8	4671.789937524436	-17.82498177887579
2.649821682447021e8	4671.05704374246	-17.83438615073996
2.659371682447021e8	4670.324264934253	-17.843790522604127
2.668921682447021e8	4669.5916010817855	-17.853194894468295
2.678471682447021e8	4668.8590521670085	-17.862599266332467
2.688021682447021e8	4668.126618171898	-17.87200363819663
2.697571682447021e8	4667.394299078427	-17.881408010060802
2.707121682447021e8	4666.662094868578	-17.890812381924974
2.716671682447021e8	4665.930005524311	-17.90021675378914
2.726221682447021e8	4665.202633047512	-17.90958829812955
2.735771682447021e8	4664.476367613757	-17.91895275335927
2.745321682447021e8	4663.750215242924	-17.928317208588993
2.754871682447021e8	4663.024175917421	-17.93768166381872
2.764421682447021e8	4662.298249619648	-17.947046119048444
2.773971682447021e8	4661.572436332018	-17.956410574278166
2.783521682447021e8	4660.846736036921	-17.965775029507892
2.793071682447021e8	4660.121148716776	-17.975139484737614
2.802621682447021e8	4659.395674353994	-17.98450393996734
2.812171682447021e8	4658.670312930998	-17.993868395197065
2.821721682447021e8	4657.945064430191	-18.003232850426787
2.831271682447021e8	4657.21992883401	-18.012597305656513
2.840821682447021e8	4656.49490612486	-18.02196176088624
2.850371682447021e8	4655.768849323999	-18.031329764248433
2.859921682447021e8	4655.016347631991	-18.040779938337554
2.869471682447021e8	4654.263967565195	-18.05023011242667
2.879021682447021e8	4653.511709103928	-18.05968028651579
2.888571682447021e8	4652.759572228543	-18.069130460604907
2.898121682447021e8	4652.0075569193905	-18.078580634694028
2.907671682447021e8	4651.2556631568195	-18.088030808783145
2.917221682447021e8	4650.503890921185	-18.097480982872263
2.926771682447021e8	4649.752240192847	-18.10693115696138
2.936321682447021e8	4649.000710952165	-18.116381331050498
2.945871682447021e8	4648.249303179502	-18.125831505139615
2.955421682447021e8	4647.498016855227	-18.135281679228733
2.964971682447021e8	4646.746851959711	-18.14473185331785
2.974521682447021e8	4645.995808473327	-18.15418202740697
2.984071682447021e8	4645.230717913238	-18.163636498249414
2.993621682447021e8	4644.449965151515	-18.173095757851893
3.003171682447021e8	4643.669343615739	-18.182555017454376
3.012721682447021e8	4642.888853283887	-18.192014277056856
3.022271682447021e8	4642.108494133881	-18.201473536659336
3.031821682447021e8	4641.328266143682	-18.21093279626182
3.041371682447021e8	4640.548169291244	-18.220392055864302
3.050921682447021e8	4639.768203554528	-18.22985131546678
3.060471682447021e8	4638.988368911493	-18.23931057506926
3.070021682447021e8	4638.208665340108	-18.24876983467174
3.079571682447021e8	4637.429092818351	-18.258229094274224
3.089121682447021e8	4636.649651324178	-18.267688353876707
3.098671682447021e8	4635.870340835575	-18.277147613479187
3.108221682447021e8	4635.090899959369	-18.286606947731226
3.117771682447021e8	4634.28881593507	-18.29607278757459
3.127321682447021e8	4633.486870708216	-18.305538627417956
3.136871682447021e8	4632.685064254791	-18.31500446726132
3.146421682447021e8	4631.883396550771	-18.324470307104686
3.155971682447021e8	4631.081867572173	-18.33393614694805
3.165521682447021e8	4630.280477294956	-18.343401986791413
3.175071682447021e8	4629.479225695143	-18.35286782663478
3.184621682447021e8	4628.67811274873	-18.362333666478147
3.194171682447021e8	4627.877138431722	-18.371799506321512
3.203721682447021e8	4627.076302720131	-18.381265346164874
3.213271682447021e8	4626.275605589971	-18.39073118600824
3.222821682447021e8	4625.47504701726	-18.400197025851604
3.232371682447021e8	4624.674626978023	-18.40966286569497
3.241921682447021e8	4623.883664045337	-18.419125969978676
3.251471682447021e8	4623.097703624493	-18.428587645199368
3.261021682447021e8	4622.311876799957	-18.43804932042006
3.270571682447021e8	4621.526183549026	-18.447510995640755
3.280121682447021e8	4620.740623848983	-18.456972670861447
3.289671682447021e8	4619.955197677133	-18.46643434608214
3.299221682447021e8	4619.169905010786	-18.47589602130283
3.308771682447021e8	4618.384745827237	-18.485357696523522
3.318321682447021e8	4617.599720103801	-18.494819371744214
3.327871682447021e8	4616.814827817793	-18.50428104696491
3.337421682447021e8	4616.030068946542	-18.5137427221856
3.346971682447021e8	4615.245443467352	-18.523204397406293
3.356521682447021e8	4614.460951357559	-18.532666072626984
3.366071682447021e8	4613.615103108323	-18.541897848820465
3.375621682447021e8	4612.681794101477	-18.55080197864598
3.385171682447021e8	4611.748673897927	-18.559706108471495
3.394721682447021e8	4610.815742459464	-18.568610238297005
3.404271682447021e8	4609.882999747917	-18.577514368122518
3.413821682447021e8	4608.950445725091	-18.58641849794803
3.423371682447021e8	4608.018080352826	-18.595322627773545
3.432921682447021e8	4607.085903592963	-18.604226757599058
3.442471682447021e8	4606.153915407334	-18.613130887424568
3.452021682447021e8	4605.222115757799	-18.622035017250084
3.461571682447021e8	4604.290504606224	-18.630939147075598
3.471121682447021e8	4603.359081914464	-18.63984327690111
3.480671682447021e8	4602.427847644401	-18.64874740672662
3.490221682447021e8	4601.496801757917	-18.657651536552137
3.499771682447021e8	4600.5659442169135	-18.666555666377647
3.509321682447021e8	4599.63527498328	-18.67545979620316
3.518871682447021e8	4598.704794018915	-18.684363926028674
3.528421682447021e8	4597.774501285741	-18.693268055854187
3.537971682447021e8	4596.84439674568	-18.702172185679697
3.547521682447021e8	4595.914480360669	-18.711076315505213
3.557071682447021e8	4594.984752092629	-18.719980445330727
3.566621682447021e8	4594.055211903521	-18.72888457515624
3.576171682447021e8	4593.125859755283	-18.737788704981753
3.585721682447021e8	4592.196695609882	-18.746692834807263
3.595271682447021e8	4591.267719429287	-18.755596964632776
3.604821682447021e8	4590.338931175482	-18.76450109445829
3.614371682447021e8	4589.410330810432	-18.773405224283803
3.623921682447021e8	4588.481918296139	-18.782309354109316
3.633471682447021e8	4587.496496998473	-18.79122899446251
3.643021682447021e8	4586.486346328243	-18.80015539981013
3.652571682447021e8	4585.476418089661	-18.809081805157753
3.662121682447021e8	4584.466712233742	-18.81800821050537
3.671671682447021e8	4583.45722871152	-18.826934615852988
3.681221682447021e8	4582.447967474034	-18.83586102120061
3.690771682447021e8	4581.438928472332	-18.84478742654823
3.700321682447021e8	4580.430111657494	-18.85371383189585
3.709871682447021e8	4579.421516980579	-18.86264023724347
3.719421682447021e8	4578.413144392691	-18.87156664259109
3.728971682447021e8	4577.404993844915	-18.880493047938707
3.738521682447021e8	4576.397065288362	-18.88941945328633
3.748071682447021e8	4575.389358674141	-18.89834585863395
3.757621682447021e8	4574.381873953395	-18.907272263981568
3.767171682447021e8	4573.37461107726	-18.91619866932919
3.776721682447021e8	4572.367569996875	-18.925125074676806
3.786271682447021e8	4571.36075066342	-18.93405148002443
3.795821682447021e8	4570.354153028057	-18.94297788537205
3.805371682447021e8	4569.347777041962	-18.951904290719668
3.814921682447021e8	4568.341622656345	-18.960830696067283
3.824471682447021e8	4567.335689822401	-18.969757101414906
3.834021682447021e8	4566.329978491346	-18.97868350676253
3.843571682447021e8	4565.3244886143975	-18.987609912110145
3.853121682447021e8	4564.319220142808	-18.996536317457767
3.862671682447021e8	4563.314173027818	-19.005462722805387
3.872221682447021e8	4562.309347220684	-19.014389128153002
3.881771682447021e8	4561.304742672667	-19.023315533500625
3.891321682447021e8	4560.26757574395	-19.032254762486758
3.900871682447021e8	4559.15356592456	-19.04122414882894
3.910421682447021e8	4558.039828242253	-19.050193535171122
3.919971682447021e8	4556.926362630533	-19.059162921513305
3.929521682447021e8	4555.813169022954	-19.068132307855482
3.939071682447021e8	4554.700247353051	-19.077101694197665
3.948621682447021e8	4553.58759755442	-19.08607108053985
3.958171682447021e8	4552.475219560613	-19.09504046688203
3.967721682447021e8	4551.363113305258	-19.104009853224213
3.977271682447021e8	4550.251278721954	-19.112979239566393
3.986821682447021e8	4549.1397157443525	-19.121948625908573
3.996371682447021e8	4548.028424306097	-19.130918012250753
4.005921682447021e8	4546.917404340845	-19.139887398592936
4.015471682447021e8	4545.8066557822885	-19.148856784935116
4.025021682447021e8	4544.696178564133	-19.1578261712773
4.034571682447021e8	4543.585972620089	-19.16679555761948
4.044121682447021e8	4542.476037883885	-19.17576494396166
4.053671682447021e8	4541.366374289269	-19.184734330303844
4.063221682447021e8	4540.25698176999	-19.193703716646024
4.072771682447021e8	4539.147860259858	-19.202673102988207
4.082321682447021e8	4538.039009692657	-19.211642489330387
4.091871682447021e8	4536.930430002189	-19.220611875672567
4.101421682447021e8	4535.822121122297	-19.22958126201475
4.110971682447021e8	4534.714082986821	-19.238550648356927
4.120521682447021e8	4533.606315529612	-19.24752003469911
4.130071682447021e8	4532.498818684565	-19.256489421041294
4.139621682447021e8	4531.391592385562	-19.265458807383474
4.149171682447021e8	4530.270573711046	-19.274427727024232
4.158721682447021e8	4529.091634918698	-19.283394714783604
4.168271682447021e8	4527.913002928475	-19.29236170254297
4.177821682447021e8	4526.734677660545	-19.30132869030234
4.187371682447021e8	4525.556659035085	-19.310295678061713
4.196921682447021e8	4524.3789469723	-19.319262665821082
4.206471682447021e8	4523.201541392408	-19.32822965358045
4.216021682447021e8	4522.024442215661	-19.337196641339823
4.225571682447021e8	4520.8476493622975	-19.34616362909919
4.235121682447021e8	4519.671162752632	-19.35513061685856
4.244671682447021e8	4518.494982306947	-19.364097604617932
4.254221682447021e8	4517.319107945574	-19.373064592377304
4.263771682447021e8	4516.143539588859	-19.38203158013667
4.273321682447021e8	4514.96827715717	-19.39099856789604
4.282871682447021e8	4513.793320570893	-19.399965555655413
4.292421682447021e8	4512.618669750436	-19.408932543414778
4.301971682447021e8	4511.444324616229	-19.41789953117415
4.311521682447021e8	4510.270285088721	-19.426866518933522
4.321071682447021e8	4509.096551088381	-19.43583350669289
4.330621682447021e8	4507.923122535709	-19.44480049445226
4.340171682447021e8	4506.7499993512	-19.45376748221163
4.349721682447021e8	4505.5771814553955	-19.462734469971
4.359271682447021e8	4504.404668768847	-19.47170145773037
4.368821682447021e8	4503.232461212128	-19.48066844548974
4.378371682447021e8	4502.060558705834	-19.489635433249113
4.387921682447021e8	4500.88896117058	-19.49860242100848
4.397471682447021e8	4499.717668527009	-19.50756940876785
4.407021682447021e8	4498.54475208788	-19.51653791882039
4.416571682447021e8	4497.331730283671	-19.5255383347236
4.426121682447021e8	4496.119035567868	-19.534538750626808
4.435671682447021e8	4494.906667852302	-19.543539166530017
4.445221682447021e8	4493.694627048776	-19.55253958243323
4.454771682447021e8	4492.482913069145	-19.56153999833644
4.464321682447021e8	4491.271525825283	-19.570540414239648
4.473871682447021e8	4490.060465229087	-19.57954083014286
4.483421682447021e8	4488.849731192476	-19.58854124604607
4.492971682447021e8	4487.639323627402	-19.59754166194928
4.502521682447021e8	4486.429242445817	-19.606542077852488
4.512071682447021e8	4485.2194875597215	-19.615542493755697
4.521621682447021e8	4484.010058881129	-19.624542909658906
4.531171682447021e8	4482.80095632208	-19.63354332556212
4.540721682447021e8	4481.592179794637	-19.642543741465328
4.550271682447021e8	4480.383729210884	-19.65154415736854
4.559821682447021e8	4479.175604482934	-19.66054457327175
4.569371682447021e8	4477.967805522928	-19.66954498917496
4.578921682447021e8	4476.760332242999	-19.678545405078168
4.588471682447021e8	4475.553184555359	-19.687545820981377
4.598021682447021e8	4474.346362372191	-19.696546236884586
4.607571682447021e8	4473.13986560573	-19.705546652787795
4.617121682447021e8	4471.9336941682295	-19.714547068691008
4.626671682447021e8	4470.727847971972	-19.72354748459422
4.636221682447021e8	4469.522326929242	-19.73254790049743
4.645771682447021e8	4468.31713095237	-19.741548316400635
4.655321682447021e8	4467.112259953702	-19.750548732303848
4.664871682447021e8	4465.9077138456105	-19.759549148207057
4.674421682447021e8	4464.6930099475685	-19.768578768085703
4.683971682447021e8	4463.475039906301	-19.77761841047541
4.693521682447021e8	4462.257402127749	-19.786658052865114
4.703071682447021e8	4461.04009652127	-19.795697695254823
4.712621682447021e8	4459.8231229962485	-19.80473733764453
4.722171682447021e8	4458.606481462092	-19.813776980034234
4.731721682447021e8	4457.390171828226	-19.822816622423943
4.741271682447021e8	4456.174194004122	-19.83185626481365
4.750821682447021e8	4454.958547899256	-19.840895907203354
4.760371682447021e8	4453.743233423134	-19.849935549593063
4.769921682447021e8	4452.5282504852885	-19.85897519198277
4.779471682447021e8	4451.313598995274	-19.868014834372474
4.789021682447021e8	4450.099278862674	-19.877054476762183
4.798571682447021e8	4448.885289997091	-19.88609411915189
4.808121682447021e8	4447.671632308157	-19.895133761541594
4.817671682447021e8	4446.45830570552	-19.904173403931303
4.827221682447021e8	4445.2453100988805	-19.913213046321008
4.836771682447021e8	4444.032645397913	-19.922252688710714
4.846321682447021e8	4442.82031151237	-19.931292331100423
4.855871682447021e8	4441.608308351995	-19.940331973490128
4.865421682447021e8	4440.396635826569	-19.949371615879834
4.874971682447021e8	4439.185293845893	-19.958411258269543
4.884521682447021e8	4437.974282319794	-19.967450900659248
4.894071682447021e8	4436.763601158117	-19.976490543048953
4.903621682447021e8	4435.553250270754	-19.985530185438662
4.913171682447021e8	4434.343229567605	-19.994569827828368
4.922721682447021e8	4433.13353895858	-20.003609470218077
4.932271682447021e8	4431.9241939611065	-20.012652388417283
4.941821682447021e8	4430.7154121064705	-20.02174427351889
4.951371682447021e8	4429.50695994013	-20.030836158620502
4.960921682447021e8	4428.298837372182	-20.03992804372211
4.970471682447021e8	4427.091044312721	-20.04901992882372
4.980021682447021e8	4425.883580671877	-20.05811181392533
4.989571682447021e8	4424.676446359801	-20.06720369902694
4.999121682447021e8	4423.469641286672	-20.076295584128548
5.008671682447021e8	4422.263165362691	-20.085387469230156
5.018221682447021e8	4421.057018498085	-20.094479354331767
5.027771682447021e8	4419.851200603106	-20.10357123943338
5.037321682447021e8	4418.645711588028	-20.112663124534986
5.046871682447021e8	4417.44055136315	-20.121755009636594
5.056421682447021e8	4416.235719838798	-20.130846894738205
5.065971682447021e8	4415.03121692532	-20.139938779839817
5.075521682447021e8	4413.82704253309	-20.149030664941424
5.085071682447021e8	4412.623196572498	-20.158122550043032
5.094621682447021e8	4411.419678953981	-20.167214435144643
5.104171682447021e8	4410.216489587986	-20.17630632024625
5.113721682447021e8	4409.013628384961	-20.185398205347862
5.123271682447021e8	4407.811095255423	-20.19449009044947
5.132821682447021e8	4406.6088901098865	-20.20358197555108
5.142371682447021e8	4405.407012858895	-20.21267386065269
5.151921682447021e8	4404.205463413015	-20.221765745754297
5.161471682447021e8	4403.004241682843	-20.23085763085591
5.171021682447021e8	4401.803347578986	-20.23994951595752
5.180571682447021e8	4400.602781012111	-20.249041401059127
5.190121682447021e8	4399.4025418928595	-20.25813328616074
5.199671682447021e8	4398.20263013193	-20.267225171262346
5.209221682447021e8	4397.0333336806225	-20.27631929297658
5.218771682447021e8	4395.874563141073	-20.28541416921534
5.228321682447021e8	4394.716097977686	-20.294509045454095
5.237871682447021e8	4393.557938109983	-20.303603921692854
5.247421682447021e8	4392.40008345751	-20.31269879793161
5.256971682447021e8	4391.242533939839	-20.32179367417037
5.266521682447021e8	4390.085289476539	-20.330888550409128
5.276071682447021e8	4388.928349987228	-20.339983426647883
5.285621682447021e8	4387.771715391534	-20.349078302886642
5.295171682447021e8	4386.615385609106	-20.3581731791254
5.304721682447021e8	4385.4593605596165	-20.36726805536416
5.314271682447021e8	4384.303640162757	-20.37636293160292
5.323821682447021e8	4383.148224338241	-20.385457807841675
5.333371682447021e8	4381.993113005811	-20.394552684080434
5.342921682447021e8	4380.838306085208	-20.403647560319193
5.352471682447021e8	4379.683803496216	-20.412742436557952
5.362021682447021e8	4378.529605158633	-20.421837312796708
5.371571682447021e8	4377.375710992278	-20.430932189035467
5.381121682447021e8	4376.222120917	-20.440027065274226
5.390671682447021e8	4375.068834852636	-20.44912194151298
5.400221682447021e8	4373.915852719101	-20.45821681775174
5.409771682447021e8	4372.763174436275	-20.4673116939905
5.419321682447021e8	4371.61079992409	-20.47640657022926
5.428871682447021e8	4370.458729102493	-20.485501446468017
5.438421682447021e8	4369.306961891449	-20.494596322706773
5.447971682447021e8	4368.155498210956	-20.503691198945532
5.457521682447021e8	4367.004337981006	-20.51278607518429
5.467071682447021e8	4365.853481121638	-20.521880951423046
5.476621682447021e8	4364.702927552904	-20.530975827661806
5.486171682447021e8	4363.566029036729	-20.54007346186458
5.495721682447021e8	4362.478152865648	-20.549181163531774
5.505271682447021e8	4361.39054791186	-20.558288865198968
5.514821682447021e8	4360.303214107747	-20.567396566866165
5.524371682447021e8	4359.216151385718	-20.57650426853336
5.533921682447021e8	4358.129359678173	-20.585611970200553
5.543471682447021e8	4357.042838917554	-20.59471967186775
5.553021682447021e8	4355.956589036319	-20.603827373534948
5.562571682447021e8	4354.870609966921	-20.61293507520214
5.572121682447021e8	4353.7849016418495	-20.622042776869336
5.581671682447021e8	4352.699463993616	-20.631150478536533
5.591221682447021e8	4351.614296954721	-20.64025818020373
5.600771682447021e8	4350.529400457706	-20.64936588187092
5.610321682447021e8	4349.4447744351255	-20.658473583538118
5.619871682447021e8	4348.360418819554	-20.667581285205316
5.629421682447021e8	4347.276333543561	-20.67668898687251
5.638971682447021e8	4346.192518539756	-20.685796688539703
5.648521682447021e8	4345.108973740757	-20.6949043902069
5.658071682447021e8	4344.0256990792095	-20.704012091874095
5.667621682447021e8	4342.942694487749	-20.713119793541292
5.677171682447021e8	4341.859959899052	-20.722227495208486
5.686721682447021e8	4340.777495245812	-20.731335196875683
5.696271682447021e8	4339.695300460718	-20.740442898542877
5.705821682447021e8	4338.613375476495	-20.74955060021007
5.715371682447021e8	4337.53172022588	-20.75865830187727
5.724921682447021e8	4336.450334641627	-20.767766003544462
5.734471682447021e8	4335.369218656511	-20.77687370521166
5.744021682447021e8	4334.288372203306	-20.78598140687885
5.753571682447021e8	4333.207795214821	-20.795089108546048
5.763121682447021e8	4332.127487623877	-20.804196810213245
5.772671682447021e8	4331.047449363318	-20.81330451188044
5.782221682447021e8	4329.967680365982	-20.822412213547636
5.791771682447021e8	4329.078877702753	-20.83161028868717
5.801321682447021e8	4328.22531535552	-20.84082498111653
5.810871682447021e8	4327.371921304754	-20.850039673545897
5.820421682447021e8	4326.518695517273	-20.859254365975264
5.829971682447021e8	4325.665637959899	-20.868469058404628
5.839521682447021e8	4324.812748599463	-20.87768375083399
5.849071682447021e8	4323.960027402802	-20.886898443263355
5.858621682447021e8	4323.107474336758	-20.896113135692723
5.868171682447021e8	4322.255089368182	-20.905327828122086
5.877721682447021e8	4321.402872463922	-20.91454252055145
5.887271682447021e8	4320.550823590865	-20.923757212980817
5.896821682447021e8	4319.698942715847	-20.93297190541018
5.906371682447021e8	4318.8472298057695	-20.942186597839545
5.915921682447021e8	4317.995684827507	-20.95140129026891
5.925471682447021e8	4317.144307747947	-20.960615982698275
5.935021682447021e8	4316.293098533986	-20.969830675127643
5.944571682447021e8	4315.442057152534	-20.979045367557006
5.954121682447021e8	4314.591183570476	-20.988260059986374
5.963671682447021e8	4313.74047775475	-20.997474752415734
5.973221682447021e8	4312.88993967227	-21.0066894448451
5.982771682447021e8	4312.039569289965	-21.015904137274465
5.992321682447021e8	4311.1893665747675	-21.025118829703832
6.001871682447021e8	4310.339331493614	-21.034333522133196
6.011421682447021e8	4309.489464013473	-21.043548214562563
6.020971682447021e8	4308.639764101275	-21.052762906991926
6.030521682447021e8	4307.790231723991	-21.06197759942129
6.040071682447021e8	4306.9408668485785	-21.071192291850654
6.049621682447021e8	4306.0916694420275	-21.080406984280017
6.059171682447021e8	4305.242639471311	-21.08962167670939
6.068721682447021e8	4304.393776903415	-21.098836369138752
6.078271682447021e8	4303.5450817053315	-21.108051061568116
6.087821682447021e8	4302.696553844063	-21.11726575399748
6.097371682447021e8	4301.848193286613	-21.126480446426843
6.106921682447021e8	4300.999999999997	-21.13569513885621
