-1.5352197444300413e8	9382.43337645062	-16.53883950094779	4.58184170638829
-1.5123197444300413e8	9361.003259510793	-16.538998603991068	4.545941452177528
-1.4894197444300413e8	9339.622090417824	-16.539157707034345	4.508704223042783
-1.4665197444300413e8	9318.289757371496	-16.53931681007762	4.470026572504607
-1.4436197444300413e8	9297.006148826951	-16.539475913120896	4.429792563202392
-1.4207197444300413e8	9275.771153494125	-16.53963501616417	4.387871671266311
-1.3978197444300413e8	9254.584660337096	-16.539794119207446	4.3441162318894
-1.3749197444300413e8	9233.446558573609	-16.53995322225072	4.29835830002324
-1.3520197444300413e8	9212.356737674427	-16.540112325293997	4.250405757752933
-1.3291197444300413e8	9191.315087362762	-16.540271428337274	4.2000374404436505
-1.3062197444300413e8	9170.321497613731	-16.54043053138055	4.146996969017348
-1.2833197444300413e8	9145.90327818289	-16.540281235572035	4.101213524645183
-1.2604197444300413e8	9120.487862675269	-16.540037329387623	4.0565030055444415
-1.2375197444300413e8	9095.143073690322	-16.539793423203207	4.009699513055872
-1.2146197444300413e8	9069.86871496507	-16.539549517018795	3.9605974315045294
-1.1917197444300413e8	9044.664590781902	-16.539305610834383	3.908959273095212
-1.1688197444300413e8	9019.530505967086	-16.53906170464997	3.8545087300396386
-1.1459197444300413e8	8994.466265889258	-16.53881779846556	3.796921723779599
-1.1230197444300413e8	8969.471676457924	-16.538573892281146	3.735814715819862
-1.1001197444300413e8	8943.738347885235	-16.53825183431836	3.6729894554333335
-1.0772197444300413e8	8913.240301923319	-16.537460398970506	3.6203467183335807
-1.0543197444300413e8	8882.846253951013	-16.536668963622652	3.5647779774359174
-1.0314197444300413e8	8852.555849336293	-16.535877528274796	3.5059387222452894
-1.0085197444300413e8	8822.368734656551	-16.535086092926942	3.4434197707179215
-9.856197444300413e7	8792.28455769424	-16.53429465757909	3.3767299955265324
-9.627197444300413e7	8762.30296743293	-16.533503222231236	3.3052728677829286
-9.398197444300413e7	8732.423614053137	-16.532711786883382	3.228313956679284
-9.169197444300413e7	8695.512233964942	-16.531192721195826	3.1650700940463206
-8.940197444300413e7	8658.52996789125	-16.52965040373878	3.0982360394181447
-8.711197444300413e7	8621.704988469257	-16.52810808628174	3.026613232400658
-8.482197444300413e7	8585.036626754232	-16.526565768824696	2.949462099706594
-8.253197444300413e7	8548.524216646536	-16.52502345136765	2.8658572936907123
-8.024197444300413e7	8512.167094879438	-16.523481133910607	2.7746197397088377
-7.795197444300413e7	8466.58425418296	-16.520916404469116	2.6997871026739104
-7.566197444300413e7	8420.962910576873	-16.518320689500836	2.619727598327785
-7.337197444300413e7	8375.58739302409	-16.515724974532553	2.5326963703613528
-7.108197444300413e7	8330.456376915523	-16.51312925956427	2.4373623688646924
-6.879197444300413e7	8285.568544779528	-16.51053354459599	2.3319727370344596
-6.650197444300413e7	8230.260978394655	-16.506789154111146	2.235584016528558
-6.421197444300413e7	8173.630632295807	-16.502861109218816	2.132668210873188
-6.192197444300413e7	8111.807537945757	-16.498299571922026	2.030147585607782
-5.963197444300413e7	8047.303818247077	-16.493377854974053	1.9236114142749579
-5.734197444300413e7	7977.918200646211	-16.487822593817256	1.8159106605306872
-5.505197444300413e7	7904.371819955047	-16.48170323297019	1.7066689928680703
-5.276197444300413e7	7825.613269300408	-16.474890949643203	1.5962838479320658
-5.047197444300413e7	7741.4993502947555	-16.467348507580198	1.4866284776844267
-4.818197444300413e7	7652.059701613769	-16.459067798527332	1.3768890201347455
-4.589197444300413e7	7556.446897458111	-16.449922339550014	1.2711372572179274
-4.360197444300413e7	7457.440726993428	-16.44024121898475	1.1651707578204873
-4.131197444300413e7	7352.019594374603	-16.429646979540024	1.0698309820211824
-3.902197444300413e7	7247.682125834186	-16.419015713491437	0.9667689873066381
-3.673197444300413e7	7139.0625545882895	-16.407851887559367	0.888786916605103
-3.444197444300413e7	7032.070843264074	-16.396688061627295	0.8042053760000166
-3.215197444300413e7	6930.049887752952	-16.386134402772807	0.7228633033819826
-2.986197444300413e7	6837.062340470153	-16.376968475835945	0.6612793114501271
-2.757197444300413e7	6745.322501947003	-16.367802548899085	0.5956523903676179
-2.528197444300413e7	6654.813630402504	-16.35863662196222	0.5254141809496277
-2.299197444300413e7	6586.1593679866055	-16.352979407729034	0.4704434019160286
-2.070197444300413e7	6526.214163533659	-16.34869346471663	0.42067484020410895
-1.841197444300413e7	6466.8145619633715	-16.344407521704223	0.36829904417988896
-1.6121974443004131e7	6407.9555973655	-16.340121578691814	0.31302766736853566
-1.3831974443004131e7	6353.710520983252	-16.336554678545173	0.260050914371747
-1.1541974443004131e7	6310.801191042162	-16.3349195613361	0.21965449769452802
-9.251974443004131e6	6268.18164619434	-16.33328444412703	0.17755726255503262
-6.961974443004131e6	6225.849929396891	-16.331649326917958	0.13360967003109236
-4.671974443004131e6	6183.804096823635	-16.330014209708885	0.08764154914161819
-2.3819744430041313e6	6142.042217775882	-16.328379092499812	0.039458117600193056
-91974.44300413132	6109.101894180026	-16.328369551002954	0.0048553884544776035
2.1980255569958687e6	6076.709634996361	-16.328431038723476	-0.03026822515358805
4.488025556995869e6	6044.489129120008	-16.328492526444002	-0.0666705564160206
6.778025556995869e6	6012.439465864297	-16.32855401416453	-0.10444824107387084
9.068025556995869e6	5980.559739371291	-16.328615501885054	-0.14370930100366666
1.1358025556995869e7	5948.849048586165	-16.32867698960558	-0.18457500636888835
1.3648025556995869e7	5922.253938182387	-16.329724840341033	-0.21715952376264638
1.5938025556995869e7	5897.547009586274	-16.33112681333442	-0.2471455222628567
1.822802555699587e7	5872.943155314062	-16.332528786327813	-0.27805855038443245
2.051802555699587e7	5848.441945352114	-16.3339307593212	-0.309957760728041
2.280802555699587e7	5824.042951480757	-16.33533273231459	-0.34290815468885466
2.509802555699587e7	5799.745747266799	-16.33673470530798	-0.3769813798903442
2.738802555699587e7	5775.549908056066	-16.338136678301368	-0.4122566683326815
2.967802555699587e7	5754.19995353599	-16.340120593443075	-0.44259294276845423
3.196802555699587e7	5735.165477885514	-16.342580223198095	-0.4686545870343144
3.425802555699587e7	5716.193966898461	-16.345039852953114	-0.4954136571974559
3.654802555699587e7	5697.285212292278	-16.347499482708137	-0.522908509143079
3.883802555699587e7	5678.439006473422	-16.349959112463157	-0.5511807525927643
4.112802555699587e7	5659.655142535045	-16.352418742218173	-0.5802756298840522
4.341802555699587e7	5640.933414254745	-16.354878371973196	-0.6102424515236335
4.570802555699587e7	5622.273616092256	-16.357338001728216	-0.6411350990420186
4.799802555699587e7	5605.045951612508	-16.360105328694708	-0.6694920843912501
5.028802555699587e7	5590.224954108229	-16.363402618954762	-0.6924638749308876
5.257802555699587e7	5575.4431466425185	-16.36669990921482	-0.71597580081761
5.486802555699587e7	5560.700425588142	-16.369997199474874	-0.7400538753157662
5.715802555699587e7	5545.99668759185	-16.37329448973493	-0.7647260373794623
5.944802555699587e7	5531.331829573721	-16.37659177999499	-0.7900223465430548
6.173802555699587e7	5516.705748726361	-16.379889070255043	-0.8159752031080572
6.402802555699587e7	5502.11834251426	-16.3831863605151	-0.8426195976718266
6.631802555699587e7	5487.5695086729975	-16.386483650775155	-0.869993394818856
6.860802555699587e7	5473.525913718572	-16.389891417714555	-0.8968098758346216
7.089802555699587e7	5461.93609497035	-16.393872764852418	-0.9173087408913693
7.318802555699587e7	5450.37081687484	-16.397854111990284	-0.938236619034914
7.547802555699587e7	5438.8300274689	-16.401835459128154	-0.9596118521281328
7.776802555699587e7	5427.313674899377	-16.405816806266017	-0.9814539840474589
8.005802555699587e7	5415.82170742295	-16.409798153403884	-1.0037838680630837
8.234802555699587e7	5404.354073405834	-16.41377950054175	-1.026623786484434
8.463802555699587e7	5392.910721323577	-16.417760847679617	-1.0499975842914702
8.692802555699587e7	5381.49159976085	-16.421742194817483	-1.0739308187606942
8.921802555699587e7	5370.096657411168	-16.42572354195535	-1.0984509274396759
9.150802555699587e7	5358.725843076693	-16.429704889093216	-1.123587417238197
9.379802555699587e7	5349.423597337866	-16.434197006018135	-1.1426801980435182
9.608802555699587e7	5340.318672370898	-16.438734454159906	-1.1615412412066912
9.837802555699587e7	5331.229244336851	-16.44327190230168	-1.180764873075649
1.0066802555699587e8	5322.155286859348	-16.447809350443457	-1.2003653083274977
1.0295802555699587e8	5313.096773606906	-16.452346798585232	-1.2203576142738002
1.0524802555699587e8	5304.05367829286	-16.456884246727007	-1.2407577804453018
1.0753802555699587e8	5295.0259746752945	-16.461421694868783	-1.2615827954234045
1.0982802555699587e8	5286.013636556931	-16.465959143010558	-1.2828507318433233
1.1211802555699587e8	5277.016637785106	-16.470496591152333	-1.304580840634591
1.1440802555699587e8	5268.034952251652	-16.47503403929411	-1.3267936557303142
1.1669802555699587e8	5259.068553892876	-16.479571487435884	-1.349511110672466
1.1898802555699587e8	5251.213222061893	-16.4844045157661	-1.3686381736716713
1.2127802555699587e8	5243.968757141286	-16.48939936872868	-1.3858463840766808
1.2356802555699587e8	5236.734286534329	-16.494394221691255	-1.4033559096474013
1.2585802555699587e8	5229.509796453083	-16.49938907465383	-1.421177490762926
1.2814802555699587e8	5222.295273128604	-16.50438392761641	-1.4393224525000972
1.3043802555699587e8	5215.0907028109705	-16.509378780578984	-1.4578027478597624
1.3272802555699587e8	5207.896071769219	-16.51437363354156	-1.4766310050629694
1.3501802555699587e8	5200.711366291342	-16.51936848650414	-1.4958205793857942
1.3730802555699587e8	5193.536572684226	-16.524363339466717	-1.5153856100656806
1.3959802555699587e8	5186.37167727365	-16.52935819242929	-1.5353410828866352
1.4188802555699587e8	5179.216666404278	-16.534353045391867	-1.5557028991371993
1.4417802555699587e8	5172.071526439602	-16.539347898354443	-1.5764879517361154
1.4646802555699587e8	5165.445904040568	-16.544485555117394	-1.5955124358837938
1.4875802555699587e8	5159.633430339482	-16.54984893360112	-1.6113676835605337
1.5104802555699587e8	5153.827497187093	-16.555212312084844	-1.6274783756886795
1.5333802555699587e8	5148.028097223607	-16.56057569056857	-1.6438528781847461
1.5562802555699587e8	5142.235223097453	-16.56593906905229	-1.6604999747979285
1.5791802555699587e8	5136.448867465372	-16.571302447536016	-1.6774288954065208
1.6020802555699587e8	5130.66902299236	-16.57666582601974	-1.6946493467510066
1.6249802555699587e8	5124.895682351663	-16.582029204503467	-1.712171545860036
1.6478802555699587e8	5119.128838224774	-16.587392582987192	-1.7300062564574852
1.6707802555699587e8	5113.368483301421	-16.592755961470917	-1.748164828675457
1.6936802555699587e8	5107.614610279558	-16.598119339954643	-1.7666592424401109
1.7165802555699587e8	5101.867211865355	-16.603482718438364	-1.785502154945651
1.7394802555699587e8	5096.126280773191	-16.60884609692209	-1.804706952687613
1.7623802555699587e8	5090.566924371053	-16.61426210302232	-1.823481912885036
1.7852802555699587e8	5085.94278477901	-16.61995762400592	-1.8382644207086776
1.8081802555699587e8	5081.322845636019	-16.625653144989517	-1.853268734010781
1.8310802555699587e8	5076.707103126483	-16.631348665973118	-1.868501610517783
1.8539802555699587e8	5072.095553438297	-16.637044186956714	-1.8839701215702185
1.8768802555699587e8	5067.488192762811	-16.642739707940315	-1.8996816718337346
1.8997802555699587e8	5062.885017294833	-16.648435228923912	-1.915644020583437
1.9226802555699587e8	5058.286023232629	-16.654130749907512	-1.9318653047147125
1.9455802555699587e8	5053.6912067779185	-16.65982627089111	-1.948354063651356
1.9684802555699587e8	5049.10056413587	-16.66552179187471	-1.9651192663418824
1.9913802555699587e8	5044.5140915151	-16.671217312858307	-1.9821703405576787
2.0142802555699587e8	5039.931785127668	-16.676912833841907	-1.9995172047326208
2.0371802555699587e8	5035.353641189076	-16.682608354825504	-2.017170302613372
2.0600802555699587e8	5030.779655918264	-16.688303875809105	-2.0351406410234674
2.0829802555699587e8	5026.257879582276	-16.694014675475206	-2.053144948127384
2.1058802555699587e8	5022.4479900971055	-16.69995071135466	-2.067062224785162
2.1287802555699587e8	5018.640988497562	-16.705886747234114	-2.081175928984175
2.1516802555699587e8	5014.836872594628	-16.71182278311357	-2.095491684929976
2.1745802555699587e8	5011.035640200971	-16.717758818993023	-2.110015361893113
2.1974802555699587e8	5007.23728913089	-16.723694854872477	-2.1247530886569392
2.2203802555699587e8	5003.441817200341	-16.72963089075193	-2.1397112690460895
2.2432802555699587e8	4999.649222226961	-16.735566926631385	-2.1548965986340853
2.2661802555699587e8	4995.859502030017	-16.74150296251084	-2.1703160827391796
2.2890802555699587e8	4992.072654430427	-16.747438998390294	-2.1859770558294978
2.3119802555699587e8	4988.288677250788	-16.753375034269748	-2.201887202472031
2.3348802555699587e8	4984.50756831532	-16.759311070149202	-2.2180545799752522
2.3577802555699587e8	4980.7293254498945	-16.765247106028657	-2.234487642892376
2.3806802555699587e8	4976.9539464820555	-16.77118314190811	-2.251195269571793
2.4035802555699587e8	4973.181429240967	-16.777119177787565	-2.2681867909634335
2.4264802555699587e8	4969.50721663802	-16.78308367039447	-2.2849191542706917
2.4493802555699587e8	4966.476544472643	-16.789239350836084	-2.2981662034749926
2.4722802555699587e8	4963.447720573769	-16.7953950312777	-2.3115910955203924
2.4951802555699587e8	4960.4207438142375	-16.801550711719315	-2.3251986705728935
2.5180802555699587e8	4957.3956130675615	-16.80770639216093	-2.3389939691223813
2.5409802555699587e8	4954.372327207952	-16.813862072602547	-2.3529822431920686
2.5638802555699587e8	4951.350885110282	-16.820017753044162	-2.367168968343136
2.5867802555699587e8	4948.3312856501425	-16.82617343348578	-2.381559856543229
2.6096802555699587e8	4945.313527703778	-16.832329113927397	-2.396160869974501
2.6325802555699587e8	4942.297610148142	-16.838484794369013	-2.4109782358647385
2.6554802555699587e8	4939.283531860866	-16.844640474810625	-2.4260184624339076
2.6783802555699587e8	4936.271291720266	-16.850796155252244	-2.4412883560583203
2.7012802555699587e8	4933.2608886053495	-16.85695183569386	-2.4567950397657263
2.7241802555699587e8	4930.252321395792	-16.86310751613548	-2.4725459731871267
2.7470802555699587e8	4927.2455889719495	-16.86926319657709	-2.488548974105187
2.7699802555699587e8	4924.240690214881	-16.87541887701871	-2.504812241755081
2.7928802555699587e8	4921.439931597474	-16.88164744958541	-2.5196708179078944
2.8157802555699587e8	4918.919497830016	-16.887976502447515	-2.532416165048612
2.8386802555699587e8	4916.400354860873	-16.89430555530962	-2.5453260554805928
2.8615802555699587e8	4913.882502028986	-16.90063460817173	-2.558404793361337
2.8844802555699587e8	4911.365938673632	-16.906963661033835	-2.5716568539725344
2.9073802555699587e8	4908.850664134427	-16.91329271389594	-2.585086892913415
2.9302802555699587e8	4906.336677751315	-16.919621766758045	-2.5986997559198883
2.9531802555699587e8	4903.823978864615	-16.92595081962015	-2.6125004893612895
2.9760802555699587e8	4901.312566814924	-16.93227987248226	-2.6264943514716346
2.9989802555699587e8	4898.802440943235	-16.93860892534436	-2.640686824377936
3.0218802555699587e8	4896.293600590844	-16.944937978206468	-2.655083626994433
3.0447802555699587e8	4893.786045099394	-16.951267031068575	-2.669690728858647
3.0676802555699587e8	4891.279773810864	-16.95759608393068	-2.6845143649930177
3.0905802555699587e8	4888.774786067573	-16.96392513679279	-2.6995610518847464
3.1134802555699587e8	4886.271081212171	-16.970254189654895	-2.7148376046863247
3.1363802555699587e8	4883.768658587653	-16.976583242517	-2.7303511557504074
3.1592802555699587e8	4881.290079308668	-16.98292076979283	-2.7459116675999806
3.1821802555699587e8	4879.215850244534	-16.98940977260409	-2.7581383345728967
3.2050802555699587e8	4877.142502592105	-16.99589877541535	-2.7705163452690873
3.2279802555699587e8	4875.070035976838	-17.00238777822661	-2.78304949341265
3.2508802555699587e8	4872.998450024351	-17.00887678103787	-2.7957417171857424
3.2737802555699587e8	4870.927744360428	-17.01536578384913	-2.8085971066572357
3.2966802555699587e8	4868.8579186109855	-17.02185478666039	-2.821619911695114
3.3195802555699587e8	4866.788972402136	-17.02834378947165	-2.8348145504009152
3.3424802555699587e8	4864.7209053601155	-17.03483279228291	-2.848185618108095
3.3653802555699587e8	4862.653717111342	-17.04132179509417	-2.8617378969901845
3.3882802555699587e8	4860.587407282397	-17.04781079790543	-2.8754763663290026
3.4111802555699587e8	4858.5219755	-17.05429980071669	-2.8894062134980927
3.4340802555699587e8	4856.457421391029	-17.06078880352795	-2.903532845722021
3.4569802555699587e8	4854.3937445825395	-17.06727780633921	-2.9178619026782413
3.4798802555699587e8	4852.330944701736	-17.073766809150467	-2.9323992700150243
3.5027802555699587e8	4850.2690213759915	-17.08025581196173	-2.947151093866548
3.5256802555699587e8	4848.207974232817	-17.086744814772988	-2.9621237964547324
3.5485802555699587e8	4846.176737148401	-17.09324397833589	-2.9768885528463893
3.5714802555699587e8	4844.35365173065	-17.099815967770006	-2.988711465654818
3.5943802555699587e8	4842.531252140227	-17.10638795720412	-3.000675833812216
3.6172802555699587e8	4840.70953811912	-17.112959946638234	-3.012785083237023
3.6401802555699587e8	4838.888509409443	-17.11953193607235	-3.025042765833762
3.6630802555699587e8	4837.0681657533805	-17.126103925506463	-3.0374525657471967
3.6859802555699587e8	4835.248506893212	-17.132675914940574	-3.050018306009457
3.7088802555699587e8	4833.429532571341	-17.13924790437469	-3.062743955610139
3.7317802555699587e8	4831.611242530243	-17.145819893808802	-3.075633637022088
3.7546802555699587e8	4829.793636512497	-17.152391883242917	-3.0886916342185744
3.7775802555699587e8	4827.976714260782	-17.158963872677035	-3.1019224012208784
3.8004802555699587e8	4826.1604755178605	-17.165535862111145	-3.1153305712189434
3.8233802555699587e8	4824.34492002663	-17.17210785154526	-3.128920966311853
3.8462802555699587e8	4822.530047530024	-17.17867984097937	-3.142698607919356
3.8691802555699587e8	4820.715857771131	-17.18525183041349	-3.1566687279206995
3.8920802555699587e8	4818.902350493095	-17.191823819847603	-3.1708367805826074
3.9149802555699587e8	4817.089525439199	-17.198395809281713	-3.1852084553444504
3.9378802555699587e8	4815.277382352771	-17.204967798715828	-3.199789690535616
3.9607802555699587e8	4813.685574666845	-17.21161247612106	-3.212649011738619
3.9836802555699587e8	4812.259341666352	-17.218311787374617	-3.224202869777342
4.0065802555699587e8	4810.833531240318	-17.22501109862817	-3.2358917813610586
4.0294802555699587e8	4809.408143263537	-17.231710409881725	-3.2477189411626677
4.0523802555699587e8	4807.983177610845	-17.23840972113528	-3.2596876585674917
4.0752802555699587e8	4806.558634157112	-17.245109032388832	-3.2718013632319116
4.0981802555699587e8	4805.134512777245	-17.251808343642388	-3.2840636109828254
4.1210802555699587e8	4803.710813346182	-17.258507654895944	-3.2964780900833275
4.1439802555699587e8	4802.28753573892	-17.2652069661495	-3.3090486278922246
4.1668802555699587e8	4800.864679830473	-17.27190627740305	-3.321779197947478
4.1897802555699587e8	4799.442245495893	-17.278605588656603	-3.3346739275063704
4.2126802555699587e8	4798.020232610268	-17.28530489991016	-3.347737105578201
4.2355802555699587e8	4796.598641048743	-17.292004211163714	-3.3609731914886223
4.2584802555699587e8	4795.177470686477	-17.29870352241727	-3.374386824018417
4.2813802555699587e8	4793.756721398675	-17.305402833670826	-3.38798283116357
4.3042802555699587e8	4792.336393060568	-17.312102144924374	-3.401766240568032
4.3271802555699587e8	4790.916485547453	-17.318801456177933	-3.4157422906855786
4.3500802555699587e8	4789.496998734635	-17.325500767431485	-3.429916442732789
4.3729802555699587e8	4788.181011876626	-17.332245204271352	-3.4426465756215894
4.3958802555699587e8	4786.964847298275	-17.339033193572213	-3.4539324647048675
4.4187802555699587e8	4785.748991617253	-17.345821182873067	-3.465347180386243
4.4416802555699587e8	4784.533444755092	-17.352609172173924	-3.4768936977277964
4.4645802555699587e8	4783.318206633356	-17.35939716147478	-3.4885750960537405
4.4874802555699587e8	4782.103277173625	-17.36618515077564	-3.5003945638799325
4.5103802555699587e8	4780.888656297504	-17.372973140076496	-3.512355404138214
4.5332802555699587e8	4779.674343926613	-17.379761129377354	-3.5244610397169844
4.5561802555699587e8	4778.460339982594	-17.38654911867821	-3.5367150193412695
4.5790802555699587e8	4777.246644387108	-17.393337107979065	-3.5491210238175497
4.6019802555699587e8	4776.0332570618375	-17.400125097279922	-3.5616828726708483
4.6248802555699587e8	4774.820177928485	-17.40691308658078	-3.57440453120402
4.6477802555699587e8	4773.60740690877	-17.413701075881637	-3.5872901180118846
4.6706802555699587e8	4772.394943924435	-17.420489065182494	-3.6003439129858377
4.6935802555699587e8	4771.182788897241	-17.42727705448335	-3.6135703658478557
4.7164802555699587e8	4769.9709417489685	-17.43406504378421	-3.626974105256485
4.7393802555699587e8	4768.759402401411	-17.440853033085066	-3.6405599485314357
4.7622802555699587e8	4767.548170776404	-17.44764102238592	-3.6543329120479124
4.7851802555699587e8	4766.346972439209	-17.454433026515193	-3.6681367046411366
4.8080802555699587e8	4765.323959105228	-17.4612984790564	-3.6791419330843103
4.8309802555699587e8	4764.301165343236	-17.4681639315976	-3.690269625575158
4.8538802555699587e8	4763.278591106113	-17.475029384138807	-3.7015225383253707
4.8767802555699587e8	4762.256236346725	-17.481894836680013	-3.7129035216548174
4.8996802555699587e8	4761.2341010179825	-17.488760289221215	-3.724415524325225
4.9225802555699587e8	4760.212185072771	-17.495625741762417	-3.736061598126225
4.9454802555699587e8	4759.190488464022	-17.502491194303623	-3.7478449027316083
4.9683802555699587e8	4758.169011144639	-17.50935664684483	-3.759768710845121
4.9912802555699587e8	4757.147753067575	-17.516222099386034	-3.771836413656772
5.0141802555699587e8	4756.126714185755	-17.523087551927233	-3.7840515266324006
5.0370802555699587e8	4755.10589445215	-17.529953004468442	-3.796417695661248
5.0599802555699587e8	4754.085293819707	-17.536818457009645	-3.8089387035884172
5.0828802555699587e8	4753.064912241416	-17.54368390955085	-3.8216184771615094
5.1057802555699587e8	4752.0447496702445	-17.550549362092056	-3.834461094423359
5.1286802555699587e8	4751.024806059195	-17.55741481463326	-3.847470792585683
5.1515802555699587e8	4750.005081361279	-17.56428026717446	-3.860651976421691
5.1744802555699587e8	4748.985575529495	-17.571145719715666	-3.874009227219242
5.1973802555699587e8	4747.966288516883	-17.578011172256872	-3.8875473123400934
5.2202802555699587e8	4746.985393835299	-17.584892376445232	-3.9005213294029275
5.2431802555699587e8	4746.120388498204	-17.59182132580376	-3.911366386071355
5.2660802555699587e8	4745.255540784151	-17.59875027516229	-3.9223303487141545
5.2889802555699587e8	4744.390850664398	-17.60567922452082	-3.9334158536499713
5.3118802555699587e8	4743.52631811024	-17.612608173879348	-3.9446256258577685
5.3347802555699587e8	4742.66194309297	-17.619537123237876	-3.9559624829975135
5.3576802555699587e8	4741.797725583867	-17.626466072596408	-3.9674293396613973
5.380580255569959e8	4740.933665554236	-17.633395021954936	-3.9790292118716373
5.403480255569959e8	4740.06976297539	-17.640323971313464	-3.990765221842224
5.426380255569959e8	4739.20601781863	-17.647252920671995	-4.002640603023422
5.449280255569959e8	4738.342430055262	-17.654181870030524	-4.014658705449417
5.472180255569959e8	4737.478999656613	-17.66111081938905	-4.026823001411232
5.495080255569959e8	4736.615726594016	-17.66803976874758	-4.03913709147895
5.517980255569959e8	4735.752610838786	-17.67496871810611	-4.051604710899373
5.540880255569959e8	4734.889652362264	-17.68189766746464	-4.064229736397561
5.563780255569959e8	4734.0268511358	-17.68882661682317	-4.077016193413233
5.586680255569959e8	4733.164207130731	-17.6957555661817	-4.089968263805844
5.609580255569959e8	4732.301720318399	-17.702684515540227	-4.103090294065209
5.632480255569959e8	4731.43939067017	-17.709613464898755	-4.116386804068049
5.655380255569959e8	4730.597371421778	-17.71655167009177	-4.129445666822052
5.678280255569959e8	4729.876833879506	-17.72354560872183	-4.140137735150901
5.701180255569959e8	4729.156406085393	-17.73053954735189	-4.150945360460803
5.724080255569959e8	4728.436088022722	-17.73753348598195	-4.161871067884719
5.746980255569959e8	4727.715879674788	-17.744527424612006	-4.17291746623898
5.769880255569959e8	4726.995781024863	-17.751521363242063	-4.184087251762342
5.792780255569959e8	4726.275792056256	-17.758515301872123	-4.195383212066231
5.815680255569959e8	4725.555912752243	-17.76550924050218	-4.206808230310651
5.838580255569959e8	4724.8361430961295	-17.77250317913224	-4.218365289621427
5.861480255569959e8	4724.116483071222	-17.779497117762297	-4.230057477765681
5.884380255569959e8	4723.396932660807	-17.786491056392354	-4.241887992103903
5.907280255569959e8	4722.677491848204	-17.79348499502241	-4.253860144838466
5.930180255569959e8	4721.958160616704	-17.80047893365247	-4.265977368580148
5.953080255569959e8	4721.238938949632	-17.80747287228253	-4.278243222256074
5.975980255569959e8	4720.519826830283	-17.814466810912585	-4.290661397384492
5.998880255569959e8	4719.800824241981	-17.821460749542645	-4.303235724744101
6.021780255569959e8	4719.08193116805	-17.828454688172705	-4.315970181468043
6.044680255569959e8	4718.363147591794	-17.835448626802762	-4.328868898595446
6.067580255569959e8	4717.644473496549	-17.84244256543282	-4.3419361691163925
6.090480255569959e8	4716.925908865625	-17.849436504062876	-4.355176456549517
6.113380255569959e8	4716.288467259287	-17.8564578175584	-4.366221663903798
6.136280255569959e8	4715.6683227353415	-17.863484947435953	-4.37688116357092
6.159180255569959e8	4715.048259754175	-17.870512077313506	-4.387655513516904
6.182080255569959e8	4714.428278305058	-17.877539207191063	-4.398547215620468
6.204980255569959e8	4713.808378377276	-17.884566337068613	-4.409558854412138
6.227880255569959e8	4713.188559960096	-17.89159346694617	-4.4206931007554555
6.250780255569959e8	4712.568823042808	-17.898620596823722	-4.431952715735443
6.273680255569959e8	4711.9491676146845	-17.905647726701275	-4.443340554768492
6.296580255569959e8	4711.32959366503	-17.912674856578832	-4.45485957194896
6.319480255569959e8	4710.710101183131	-17.919701986456385	-4.466512824649061
6.342380255569959e8	4710.090690158257	-17.926729116333938	-4.478303478389928
6.365280255569959e8	4709.471360579706	-17.933756246211495	-4.490234812003302
6.388180255569959e8	4708.85211243677	-17.940783376089044	-4.502310223104875
6.411080255569959e8	4708.232945718739	-17.9478105059666	-4.51453323390216
6.433980255569959e8	4707.613860414907	-17.954837635844154	-4.526907497361728
6.456880255569959e8	4706.99485651457	-17.961864765721707	-4.539436803762822
6.479780255569959e8	4706.375934007023	-17.968891895599263	-4.552125087666761
6.502680255569959e8	4705.757092881565	-17.975919025476813	-4.564976435334221
6.525580255569959e8	4705.138333127493	-17.98294615535437	-4.577995092625349
6.548480255569959e8	4704.547091536988	-17.989983379900313	-4.59037002195328
6.571380255569959e8	4704.0225978962235	-17.997045138146238	-4.6008960073127145
6.594280255569959e8	4703.498162729436	-18.004106896392162	-4.6115339687432915
6.617180255569959e8	4702.973786030098	-18.01116865463809	-4.622286314301499
6.640080255569959e8	4702.449467791709	-18.018230412884012	-4.633155530567155
6.662980255569959e8	4701.925208007742	-18.025292171129937	-4.644144186095004
6.685880255569959e8	4701.40100667168	-18.032353929375862	-4.655254935058078
6.708780255569959e8	4700.876863776999	-18.039415687621787	-4.66649052109574
6.731680255569959e8	4700.352779317201	-18.046477445867716	-4.677853781380367
6.754580255569959e8	4699.82875328576	-18.053539204113637	-4.689347650917766
6.777480255569959e8	4699.304785676165	-18.060600962359562	-4.700975167097605
6.800380255569959e8	4698.780876481894	-18.067662720605483	-4.712739474511536
6.823280255569959e8	4698.25702569645	-18.07472447885141	-4.724643830058107
6.846180255569959e8	4697.733233313314	-18.08178623709734	-4.736691608355215
6.869080255569959e8	4697.209499325964	-18.08884799534326	-4.748886307482585
6.891980255569959e8	4696.68582372791	-18.095909753589186	-4.761231555078742
6.914880255569959e8	4696.162206512633	-18.10297151183511	-4.773731114819047
6.937780255569959e8	4695.6386476736225	-18.110033270081036	-4.786388893303756
6.960680255569959e8	4695.115147204372	-18.11709502832696	-4.79920894738762
6.983580255569959e8	4694.5917050983735	-18.124156786572886	-4.812195491985465
7.006480255569959e8	4694.104392995336	-18.131237870796536	-4.823602887742981
7.029380255569959e8	4693.637977126953	-18.138330124511864	-4.834120165312018
7.052280255569959e8	4693.1716076026105	-18.145422378227195	-4.844749232775266
7.075180255569959e8	4692.705284417704	-18.15251463194253	-4.855492492153857
7.098080255569959e8	4692.239007567636	-18.159606885657862	-4.866352423728538
7.120980255569959e8	4691.772777047787	-18.166699139373193	-4.877331589476705
7.143880255569959e8	4691.30659285357	-18.17379139308853	-4.888432636700221
7.166780255569959e8	4690.8404549803645	-18.180883646803856	-4.899658301856871
7.189680255569959e8	4690.374363423577	-18.18797590051919	-4.911011414609316
7.212580255569959e8	4689.908318178606	-18.19506815423452	-4.922494902106549
7.235480255569959e8	4689.442319240858	-18.202160407949854	-4.934111793514041
7.258380255569959e8	4688.976366605713	-18.209252661665186	-4.945865224810131
7.281280255569959e8	4688.51046026859	-18.21634491538052	-4.957758443867657
7.304180255569959e8	4688.04460022487	-18.223437169095853	-4.969794815841423
7.327080255569959e8	4687.578786469962	-18.230529422811184	-4.981977828883862
7.349980255569959e8	4687.113018999267	-18.237621676526516	-4.994311100213185
7.372880255569959e8	4686.6472978081865	-18.24471393024185	-5.006798382560439
7.395780255569959e8	4686.18162289213	-18.251806183957182	-5.019443571024192
7.418680255569959e8	4685.715994246482	-18.258898437672514	-5.032250710364209
7.441580255569959e8	4685.250411866663	-18.265990691387845	-5.04522400276826
7.464480255569959e8	4684.833722995642	-18.27311621658995	-5.055930151952195
7.487380255569959e8	4684.423002308786	-18.280245782014752	-5.0664533421766125
7.510280255569959e8	4684.012317629926	-18.28737534743955	-5.077088448693723
7.533180255569959e8	4683.601668955908	-18.29450491286435	-5.087837877621597
7.556080255569959e8	4683.191056283583	-18.301634478289152	-5.098704113516912
7.578980255569959e8	4682.780479609777	-18.308764043713953	-5.109689722821871
7.601880255569959e8	4682.369938931343	-18.315893609138755	-5.120797357502564
7.624780255569959e8	4681.959434245135	-18.323023174563556	-5.13202975889168
7.647680255569959e8	4681.548965547979	-18.330152739988357	-5.143389761749497
7.670580255569959e8	4681.138532836729	-18.33728230541316	-5.154880298558202
7.693480255569959e8	4680.728136108239	-18.344411870837963	-5.166504404065798
7.716380255569959e8	4680.317775359327	-18.351541436262764	-5.178265220097253
7.739280255569959e8	4679.907450586875	-18.35867100168756	-5.190166000651916
7.762180255569959e8	4679.49716178771	-18.365800567112366	-5.202210117307949
7.785080255569959e8	4679.086908958663	-18.372930132537164	-5.2144010649561805
7.807980255569959e8	4678.676692096613	-18.38005969796197	-5.22674246788782
7.830880255569959e8	4678.266511198382	-18.387189263386766	-5.239238086262526
7.853780255569959e8	4677.856366260826	-18.394318828811567	-5.2518918229857485
7.876680255569959e8	4677.4462572808	-18.401448394236372	-5.26470773102677
7.899580255569959e8	4677.042376583714	-18.408580463095678	-5.277273431160469
7.922480255569959e8	4676.672125429753	-18.41572611472249	-5.287712911253184
7.945380255569959e8	4676.301903586169	-18.422871766349296	-5.298262524837667
7.968280255569959e8	4675.93171105065	-18.430017417976103	-5.3089246204653575
7.991180255569959e8	4675.561547820886	-18.437163069602914	-5.319701622620886
8.014080255569959e8	4675.191413894538	-18.444308721229724	-5.33059603503119
8.036980255569959e8	4674.821309269304	-18.451454372856535	-5.3416104441568795
8.059880255569959e8	4674.451233942848	-18.458600024483346	-5.352747522878034
8.082780255569959e8	4674.08118791286	-18.465745676110153	-5.3640100343875625
8.105680255569959e8	4673.7111711770185	-18.472891327736964	-5.375400836306315
8.128580255569959e8	4673.341183733014	-18.480036979363774	-5.38692288503529
8.151480255569959e8	4672.971225578512	-18.48718263099058	-5.398579240361498
8.174380255569959e8	4672.601296711199	-18.494328282617392	-5.410373070335449
8.197280255569959e8	4672.231397128769	-18.501473934244203	-5.422307656439717
8.220180255569959e8	4671.861526828883	-18.50861958587101	-5.434386399069658
8.243080255569959e8	4671.491685809235	-18.51576523749782	-5.44661282334921
8.265980255569959e8	4671.121874067512	-18.52291088912463	-5.458990585306637
8.288880255569959e8	4670.752091601382	-18.530056540751442	-5.471523478437306
8.311780255569959e8	4670.382338408534	-18.537202192378253	-5.484215440682955
8.334680255569959e8	4670.012614486661	-18.54434784400506	-5.497070561859596
8.357580255569959e8	4669.650604314742	-18.551507507674668	-5.508961097543589
8.380480255569959e8	4669.299022269851	-18.55868613647163	-5.519446109689959
8.403380255569959e8	4668.947466695878	-18.565864765268586	-5.530042223244261
8.426280255569959e8	4668.59593759082	-18.573043394065547	-5.54075181795337
8.449180255569959e8	4668.244434952701	-18.580222022862504	-5.55157735085246
8.472080255569959e8	4667.892958779514	-18.587400651659465	-5.562521359648512
8.494980255569959e8	4667.5415090692795	-18.594579280456422	-5.573586466291028
8.517880255569959e8	4667.19008582	-18.601757909253383	-5.584775380742505
8.540780255569959e8	4666.838689029672	-18.608936538050344	-5.596090904962265
8.563680255569959e8	4666.487318696323	-18.6161151668473	-5.60753593711825
8.586580255569959e8	4666.135974817942	-18.62329379564426	-5.619113476042656
8.609480255569959e8	4665.784657392555	-18.63047242444122	-5.630826625948526
8.632380255569959e8	4665.433366418161	-18.63765105323818	-5.642678601425858
8.655280255569959e8	4665.082101892771	-18.644829682035137	-5.654672732737356
8.678180255569959e8	4664.730863814382	-18.652008310832098	-5.666812471435647
8.701080255569959e8	4664.379652181022	-18.659186939629056	-5.67910139632566
8.723980255569959e8	4664.028466990681	-18.666365568426016	-5.691543219797943
8.746880255569959e8	4663.677308241378	-18.673544197222974	-5.704141794560967
8.769780255569959e8	4663.326175931131	-18.68072282601993	-5.716901120802951
8.792680255569959e8	4662.975070057939	-18.687901454816892	-5.72982535381652
8.815580255569959e8	4662.631568992177	-18.69506964935358	-5.740824267593193
8.838480255569959e8	4662.290154197247	-18.70223500604818	-5.7513702412192025
8.861380255569959e8	4661.948764401946	-18.709400362742784	-5.762028618867663
8.884280255569959e8	4661.607399604453	-18.716565719437384	-5.772801822487519
8.907180255569959e8	4661.266059802912	-18.723731076131983	-5.783692353158947
8.930080255569959e8	4660.924744995526	-18.730896432826583	-5.794702794578557
8.952980255569959e8	4660.583455180441	-18.738061789521183	-5.805835816738632
8.975880255569959e8	4660.2421903558325	-18.745227146215786	-5.8170941798134805
8.998780255569959e8	4659.900950519881	-18.752392502910386	-5.828480738267053
9.021680255569959e8	4659.559735670732	-18.75955785960499	-5.839998445197137
9.044580255569959e8	4659.218545806588	-18.76672321629959	-5.851650356932652
9.067480255569959e8	4658.8773809255945	-18.77388857299419	-5.863439637901942
9.090380255569959e8	4658.536241025931	-18.78105392968879	-5.875369565791496
9.113280255569959e8	4658.195126105769	-18.788219286383388	-5.887443537016108
9.136180255569959e8	4657.854036163279	-18.79538464307799	-5.899665072523321
9.159080255569959e8	4657.512971196639	-18.80254999977259	-5.912037823956986
9.181980255569959e8	4657.171931204005	-18.80971535646719	-5.924565580206918
9.204880255569959e8	4656.830916183549	-18.816880713161794	-5.937252274374054
9.227780255569959e8	4656.489926133465	-18.824046069856394	-5.950101991183132
9.250680255569959e8	4656.1491879887135	-18.83121711937844	-5.962723670582666
9.273580255569959e8	4655.809763747964	-18.838420505754648	-5.973235399358469
9.296480255569959e8	4655.470364250583	-18.845623892130856	-5.983858799474156
9.319380255569959e8	4655.130989494767	-18.852827278507064	-5.994596269110323
9.342280255569959e8	4654.791639478713	-18.86003066488327	-6.005450284539484
9.365180255569959e8	4654.452314200606	-18.867234051259477	-6.016423403553852
9.388080255569959e8	4654.113013658673	-18.874437437635684	-6.027518269083289
9.410980255569959e8	4653.773737851072	-18.881640824011892	-6.038737613016207
9.433880255569959e8	4653.434486776028	-18.8888442103881	-6.050084260237271
9.456780255569959e8	4653.09526043173	-18.896047596764305	-6.061561132896802
9.479680255569959e8	4652.7560588163815	-18.903250983140513	-6.073171254928036
9.502580255569959e8	4652.416881928157	-18.91045436951672	-6.084917756829718
9.525480255569959e8	4652.077729765285	-18.91765775589293	-6.096803880732927
9.548380255569959e8	4651.738602325931	-18.924861142269133	-6.1088329857726835
9.571280255569959e8	4651.399499608318	-18.93206452864534	-6.121008553786582
9.594180255569959e8	4651.060421610635	-18.939267915021546	-6.133334195364629
9.617080255569959e8	4650.72136833108	-18.946471301397754	-6.145813656276624
9.639980255569959e8	4650.382339767852	-18.95367468777396	-6.1584508243056595
9.662880255569959e8	4650.0433359191475	-18.96087807415017	-6.171249736518975
9.685780255569959e8	4649.704356783166	-18.968081460526374	-6.184214587010161
9.708680255569959e8	4649.36038547762	-18.975281024041013	-6.195514576439982
9.731580255569959e8	4649.014208192005	-18.982478887082486	-6.206119120954122
9.754480255569959e8	4648.6680566817	-18.989676750123962	-6.216837328251242
9.777380255569959e8	4648.321930944789	-18.996874613165435	-6.22767166129965
9.800280255569959e8	4647.975830979342	-19.004072476206908	-6.238624664000723
9.823180255569959e8	4647.629756783459	-19.01127033924838	-6.249698964774161
9.846080255569959e8	4647.283708355211	-19.018468202289856	-6.260897280343994
9.868980255569959e8	4646.937685692681	-19.02566606533133	-6.272222419738979
9.891880255569959e8	4646.591688793949	-19.032863928372805	-6.283677288522136
9.914780255569959e8	4646.245717657091	-19.040061791414274	-6.295264893265348
9.937680255569959e8	4645.8997722802105	-19.04725965445575	-6.306988346286261
9.960580255569959e8	4645.553852661358	-19.054457517497227	-6.318850870666157
9.983480255569959e8	4645.207958798642	-19.061655380538696	-6.330855805569049
1.0006380255569959e9	4644.862090690133	-19.068853243580172	-6.343006611883941
1.0029280255569959e9	4644.516248333916	-19.076051106621648	-6.355306878214119
1.0052180255569959e9	4644.170431728073	-19.08324896966312	-6.3677603272394085
1.0075080255569959e9	4643.824640870686	-19.090446832704593	-6.380370822479606
1.0097980255569959e9	4643.478875759831	-19.097644695746066	-6.393142375489837
1.0120880255569959e9	4643.133136393614	-19.10484255878754	-6.406079153521371
1.0143780255569959e9	4642.786983105831	-19.11203159376704	-6.41832831355163
1.0166680255569959e9	4642.439945224755	-19.1192023473773	-6.428934552764368
1.0189580255569959e9	4642.092933283973	-19.126373100987557	-6.439654491286698
1.0212480255569959e9	4641.7459472815535	-19.133543854597818	-6.450490593280704
1.0235380255569959e9	4641.398987215564	-19.14071460820808	-6.461445403894135
1.0258280255569959e9	4641.052053084051	-19.14788536181834	-6.472521552848584
1.0281180255569959e9	4640.705144885084	-19.1550561154286	-6.483721758228622
1.0304080255569959e9	4640.358262616733	-19.162226869038857	-6.495048830485536
1.0326980255569959e9	4640.011406277042	-19.169397622649115	-6.506505676670438
1.0349880255569959e9	4639.664575864082	-19.176568376259375	-6.5180953049126815
1.0372780255569959e9	4639.317771375915	-19.183739129869636	-6.5298208291608555
1.0395680255569959e9	4638.970992810604	-19.190909883479897	-6.541685474205044
1.0418580255569959e9	4638.6242401662175	-19.198080637090154	-6.553692581000618
1.0441480255569959e9	4638.277513440812	-19.205251390700415	-6.565845612315542
1.0464380255569959e9	4637.930812632432	-19.212422144310672	-6.578148158725095
1.0487280255569959e9	4637.584137739175	-19.219592897920933	-6.590603944979946
1.0510180255569959e9	4637.237488759077	-19.226763651531193	-6.603216836775865
1.0533080255569959e9	4636.890865690219	-19.233934405141454	-6.61599084795584
1.0555980255569959e9	4636.544268530647	-19.241105158751715	-6.62893014817817
1.0578880255569959e9	4636.198214998744	-19.248276332511928	-6.64202189543609
1.0601780255569959e9	4635.9295810830035	-19.25551031846936	-6.652688674404416
1.0624680255569959e9	4635.660962732642	-19.26274430442679	-6.663470461413875
1.0647580255569959e9	4635.392359946757	-19.269978290384223	-6.67436976352808
1.0670480255569959e9	4635.123772724438	-19.277212276341654	-6.685389170692169
1.0693380255569959e9	4634.855201064801	-19.284446262299085	-6.69653135942688
1.0716280255569959e9	4634.586644966936	-19.291680248256515	-6.707799096730758
1.0739180255569959e9	4634.318104429931	-19.298914234213946	-6.719195244204724
1.0762080255569959e9	4634.049579452902	-19.306148220171377	-6.730722762414381
1.0784980255569959e9	4633.781070034941	-19.313382206128807	-6.742384715506702
1.0807880255569959e9	4633.512576175136	-19.32061619208624	-6.75418427609912
1.0830780255569959e9	4633.2440978725945	-19.32785017804367	-6.766124730460499
1.0853680255569959e9	4632.975635126431	-19.335084164001103	-6.778209484005202
1.0876580255569959e9	4632.70718793572	-19.342318149958537	-6.790442067123196
1.0899480255569959e9	4632.438756299561	-19.349552135915967	-6.8028261413711935
1.0922380255569959e9	4632.170340217067	-19.356786121873398	-6.815365506051973
1.0945280255569959e9	4631.90193968733	-19.36402010783083	-6.82806410521147
1.0968180255569959e9	4631.6335547094495	-19.37125409378826	-6.840926035085889
1.0991080255569959e9	4631.365185282515	-19.37848807974569	-6.853955552033993
1.1013980255569959e9	4631.094572235458	-19.38571718627378	-6.867110820229143
1.1036880255569959e9	4630.63492147067	-19.39253793653612	-6.87652573755995
1.1059780255569959e9	4630.175316327688	-19.399358686798458	-6.886030138709128
1.1082680255569959e9	4629.71575680196	-19.406179437060793	-6.895625741004921
1.1105580255569959e9	4629.256242888967	-19.413000187323135	-6.905314311692095
1.1128480255569959e9	4628.796774584181	-19.41982093758547	-6.915097669885395
1.1151380255569959e9	4628.337351883084	-19.426641687847813	-6.924977688619523
1.1174280255569959e9	4627.877974781125	-19.433462438110148	-6.934956297001388
1.1197180255569959e9	4627.418643273811	-19.44028318837249	-6.945035482470827
1.1220080255569959e9	4626.959357356591	-19.447103938634825	-6.955217293176433
1.1242980255569959e9	4626.50011702495	-19.453924688897164	-6.965503840473565
1.1265880255569959e9	4626.040922274362	-19.460745439159503	-6.975897301552197
1.1288780255569959e9	4625.581773100312	-19.46756618942184	-6.986399922202754
1.1311680255569959e9	4625.122669498259	-19.47438693968418	-6.997014019728749
1.1334580255569959e9	4624.663611463689	-19.48120768994652	-7.007741986015662
1.1357480255569959e9	4624.204598992079	-19.488028440208858	-7.018586290766213
1.1380380255569959e9	4623.745632078907	-19.494849190471196	-7.0295494849130025
1.1403280255569959e9	4623.286710719651	-19.501669940733535	-7.040634204220297
1.1426180255569959e9	4622.827834909789	-19.50849069099587	-7.051843173087687
1.1449080255569959e9	4622.369004644801	-19.515311441258213	-7.063179208569341
1.1471980255569959e9	4621.910219920166	-19.52213219152055	-7.074645224623708
1.1494880255569959e9	4621.451480731373	-19.528952941782887	-7.086244236609689
1.1517780255569959e9	4620.992787073876	-19.535773692045225	-7.097979366046634
1.1540680255569959e9	4620.53413894319	-19.542594442307568	-7.109853845656978
1.1563580255569959e9	4620.075536334772	-19.549415192569903	-7.12187102471188
1.1586480255569959e9	4619.6169792441115	-19.55623594283224	-7.13403437470198
1.1609380255569959e9	4619.158467666698	-19.56305669309458	-7.146347495357316
1.1632280255569959e9	4618.700001597999	-19.56987744335692	-7.158814121042487
1.1655180255569959e9	4618.241581033507	-19.576698193619258	-7.17143812755552
1.1678080255569959e9	4617.7832059687025	-19.583518943881597	-7.184223539361388
1.1700980255569959e9	4617.324876399071	-19.590339694143935	-7.197174537293968
1.1723880255569959e9	4616.866592320098	-19.59716044440627	-7.210295466763318
1.1746780255569959e9	4616.408353727267	-19.603981194668613	-7.22359084650859
1.1769680255569959e9	4615.950160616064	-19.610801944930948	-7.237065377940688
1.1792580255569959e9	4615.492012981982	-19.617622695193287	-7.250723955123014
1.1815480255569959e9	4615.033910820493	-19.62444344545563	-7.26457167544332
1.1838380255569959e9	4614.57585412709	-19.631264195717964	-7.278613851034896
1.1861280255569959e9	4614.11784289726	-19.638084945980303	-7.292856021011141
1.1884180255569959e9	4613.659877126492	-19.644905696242642	-7.307303964584025
1.1907080255569959e9	4613.201956810273	-19.65172644650498	-7.321963715144207
1.1929980255569959e9	4612.74396390799	-19.658549714147117	-7.333855650507562
1.1952880255569959e9	4612.28592334078	-19.66537496827185	-7.343512351610984
1.1975780255569959e9	4611.82792825651	-19.672200222396576	-7.353263214622875
1.1998680255569959e9	4611.369978650665	-19.679025476521307	-7.363110093974672
1.2021580255569959e9	4610.912074518728	-19.685850730646038	-7.373054899425032
1.2044480255569959e9	4610.454215856177	-19.69267598477077	-7.383099598282887
1.2067380255569959e9	4609.996402658512	-19.699501238895497	-7.393246217743286
1.2090280255569959e9	4609.538634921209	-19.706326493020228	-7.40349684734296
1.2113180255569959e9	4609.080912639757	-19.71315174714496	-7.4138536415430485
1.2136080255569959e9	4608.6232358096395	-19.71997700126969	-7.424318822446985
1.2158980255569959e9	4608.1656044263445	-19.72680225539442	-7.434894682662097
1.2181880255569959e9	4607.7080184853585	-19.733627509519152	-7.445583588314163
1.2204780255569959e9	4607.250477982162	-19.74045276364388	-7.45638798222481
1.2227680255569959e9	4606.792982912267	-19.74727801776861	-7.467310387262471
1.2250580255569959e9	4606.335533271128	-19.754103271893342	-7.478353409878346
1.2273480255569959e9	4605.878129054261	-19.760928526018073	-7.489519743839813
1.2296380255569959e9	4605.420770257146	-19.767753780142804	-7.500812174174639
1.2319280255569959e9	4604.9634568752645	-19.774579034267532	-7.512233581340437
1.2342180255569959e9	4604.506188904131	-19.78140428839226	-7.523786945635011
1.2365080255569959e9	4604.0489663392045	-19.788229542516994	-7.535475351864442
1.2387980255569959e9	4603.591789176	-19.795054796641722	-7.547301994287249
1.2410880255569959e9	4603.134657410002	-19.801880050766457	-7.559270181854417
1.2433780255569959e9	4602.677571036702	-19.808705304891184	-7.571383343766812
1.2456680255569959e9	4602.220530051592	-19.815530559015915	-7.583645035373344
1.2479580255569959e9	4601.763534450165	-19.822355813140646	-7.596058944435231
1.2502480255569959e9	4601.306584227916	-19.829181067265374	-7.608628897784011
1.2525380255569959e9	4600.849679380329	-19.836006321390105	-7.621358868403356
1.2548280255569959e9	4600.392819902923	-19.842831575514836	-7.634252982967485
1.2571180255569959e9	4599.936005791162	-19.849656829639564	-7.647315529871968
1.2594080255569959e9	4599.479237040564	-19.856482083764295	-7.66055096779602
1.2616980255569959e9	4599.022513646616	-19.863307337889026	-7.673963934839068
1.2639880255569959e9	4598.565835604816	-19.870132592013757	-7.687559258278435
1.2662780255569959e9	4598.109202910659	-19.876957846138485	-7.7013419649995125
1.2685680255569959e9	4597.652615559635	-19.883783100263216	-7.7153172926548175
1.2708580255569959e9	4597.196073547257	-19.890608354387947	-7.729490701613916
1.2731480255569959e9	4596.739576869015	-19.897433608512674	-7.7438678877724545
1.2754380255569959e9	4596.283125520406	-19.90425886263741	-7.758454796295493
1.2777280255569959e9	4595.826719496932	-19.911084116762137	-7.773257636378123
1.2800180255569959e9	4595.370358794091	-19.917909370886868	-7.788282897115098
1.2823080255569959e9	4594.860471803252	-19.92469614647795	-7.800121413959311
1.2845980255569959e9	4594.318731498256	-19.93145999960005	-7.810047906722967
1.2868880255569959e9	4593.77705506518	-19.938223852722157	-7.820073923494966
1.2891780255569959e9	4593.235442496492	-19.94498770584426	-7.830201480179325
1.2914680255569959e9	4592.693893784664	-19.951751558966365	-7.840432654556849
1.2937580255569959e9	4592.152408922167	-19.958515412088467	-7.850769588843672
1.2960480255569959e9	4591.610987901472	-19.965279265210572	-7.861214492383451
1.2983380255569959e9	4591.069630715052	-19.972043118332678	-7.871769644481623
1.3006280255569959e9	4590.528337355381	-19.97880697145478	-7.882437397390862
1.3029180255569959e9	4589.987107814935	-19.985570824576882	-7.893220179457486
1.3052080255569959e9	4589.445942086188	-19.992334677698988	-7.904120498439375
1.3074980255569959e9	4588.904840161617	-19.999098530821094	-7.915140945006704
1.3097880255569959e9	4588.3638020337	-20.005862383943196	-7.926284196437748
1.3120780255569959e9	4587.822827694915	-20.012626237065298	-7.937553020522923
1.3143680255569959e9	4587.2819171377405	-20.019390090187404	-7.948950279691328
1.3166580255569959e9	4586.7410703546575	-20.02615394330951	-7.9604789353751535
1.3189480255569959e9	4586.200287338146	-20.03291779643161	-7.972142052628627
1.3212380255569959e9	4585.659568080689	-20.039681649553717	-7.983942805019504
1.3235280255569959e9	4585.118912574768	-20.04644550267582	-7.995884479812644
1.3258180255569959e9	4584.578320812868	-20.053209355797925	-8.00797048346684
1.3281080255569959e9	4584.0377927874715	-20.059973208920027	-8.02020434746791
1.3303980255569959e9	4583.497328491066	-20.06673706204213	-8.032589734523045
1.3326880255569959e9	4582.956927916128	-20.073500915164235	-8.045130445143572
1.3349780255569959e9	4582.41659105517	-20.08026476828634	-8.057830424645758
1.3372680255569959e9	4581.8763179006555	-20.087028621408443	-8.070693770601919
1.3395580255569959e9	4581.336108445082	-20.09379247453055	-8.083724740777024
1.3418480255569959e9	4580.795962680938	-20.10055632765265	-8.096927761589283
1.3441380255569959e9	4580.255880600715	-20.107320180774753	-8.11030743713677
1.3464280255569959e9	4579.7158621968965	-20.11408403389686	-8.123868558836147
1.3487180255569959e9	4579.1759074619995	-20.12084788701896	-8.137616115723985
1.3510080255569959e9	4578.636016388492	-20.127611740141067	-8.151555305476093
1.3532980255569959e9	4578.09618896887	-20.134375593263172	-8.165691546205787
1.3555880255569959e9	4577.556425195643	-20.141139446385274	-8.180030489108079
1.3578780255569959e9	4577.016725061308	-20.14790329950738	-8.194578032023669
1.3601680255569959e9	4576.477088558345	-20.154667152629482	-8.2093403340042
1.3624580255569959e9	4575.937515679261	-20.161431005751588	-8.224323830968792
1.3647480255569959e9	4575.3980064165535	-20.16819485887369	-8.239535252551502
1.3670380255569959e9	4574.858560762723	-20.174958711995792	-8.254981640250037
1.3693280255569959e9	4574.300858759527	-20.18174045915089	-8.269825714430143
1.3716180255569959e9	4573.639301890101	-20.188623726805176	-8.280042470942782
1.3739080255569959e9	4572.977840698127	-20.195506994459468	-8.290364687960173
1.3761980255569959e9	4572.316475169777	-20.202390262113752	-8.300794565401864
1.3784880255569959e9	4571.655205291223	-20.209273529768044	-8.311334372749485
1.3807780255569959e9	4570.994031048615	-20.216156797422332	-8.321986452010771
1.3830680255569959e9	4570.332952428132	-20.22304006507662	-8.332753220843172
1.3853580255569959e9	4569.671969415943	-20.22992333273091	-8.343637175847451
1.3876480255569959e9	4569.011081998229	-20.236806600385197	-8.354640896042502
1.3899380255569959e9	4568.350290161148	-20.243689868039485	-8.365767046533483
1.3922280255569959e9	4567.689593890886	-20.250573135693774	-8.377018382386312
1.3945180255569959e9	4567.028993173629	-20.257456403348062	-8.388397752722636
1.3968080255569959e9	4566.368487995541	-20.26433967100235	-8.399908105050462
1.3990980255569959e9	4565.708078342822	-20.27122293865664	-8.411552489846972
1.4013880255569959e9	4565.047764201639	-20.278106206310927	-8.423334065411273
1.4036780255569959e9	4564.387545558189	-20.28498947396522	-8.435256103006484
1.4059680255569959e9	4563.727422398659	-20.291872741619507	-8.447321992312025
1.4082580255569959e9	4563.06739470924	-20.298756009273795	-8.459535247208896
1.4105480255569959e9	4562.407462476132	-20.305639276928083	-8.471899511922619
1.4128380255569959e9	4561.747625685515	-20.31252254458237	-8.484418567550739
1.4151280255569959e9	4561.087884323593	-20.31940581223666	-8.497096339004104
1.4174180255569959e9	4560.428238376573	-20.326289079890948	-8.509936902393845
1.4197080255569959e9	4559.768687830639	-20.333172347545236	-8.522944492898798
1.4219980255569959e9	4559.10923267201	-20.340055615199525	-8.536123513151411
1.4242880255569959e9	4558.449872886874	-20.346938882853813	-8.549478542183646
1.4265780255569959e9	4557.790608461447	-20.3538221505081	-8.563014344978374
1.4288680255569959e9	4557.131439381937	-20.36070541816239	-8.576735882676138
1.4311580255569959e9	4556.472365634561	-20.367588685816678	-8.590648323491944
1.4334480255569959e9	4555.813387205519	-20.374471953470966	-8.604757054402262
1.4357380255569959e9	4555.154504081031	-20.381355221125254	-8.619067693668294
1.4380280255569959e9	4554.495716247314	-20.388238488779542	-8.633586104268453
1.4403180255569959e9	4553.837023690595	-20.395121756433834	-8.648318408320348
1.4426080255569959e9	4553.1784263970785	-20.40200502408812	-8.663271002581121
1.4448980255569959e9	4552.519924352996	-20.408888291742407	-8.678450575124316
1.4471880255569959e9	4551.861517544578	-20.415771559396696	-8.69386412330213
1.4494780255569959e9	4551.203205958037	-20.422654827050984	-8.709518973113784
1.4517680255569959e9	4550.544989579609	-20.429538094705276	-8.725422800114194
1.4540580255569959e9	4549.88498071697	-20.436419459309235	-8.741466630066236
1.4563480255569959e9	4549.132370933548	-20.443207357888653	-8.751947530917208
1.4586380255569959e9	4548.379885641496	-20.449995256468075	-8.762539445602814
1.4609280255569959e9	4547.627524820245	-20.456783155047493	-8.77324475104175
1.4632180255569959e9	4546.875288449197	-20.463571053626914	-8.784065901317911
1.4655080255569959e9	4546.123176507769	-20.470358952206333	-8.795005431057122
1.4677980255569959e9	4545.371188975377	-20.47714685078575	-8.806065958990619
1.4700880255569959e9	4544.6193258314415	-20.48393474936517	-8.817250191717829
1.4723780255569959e9	4543.867587055388	-20.490722647944587	-8.828560927681943
1.4746680255569959e9	4543.115972626645	-20.497510546524005	-8.84000106137292
1.4769580255569959e9	4542.364482524643	-20.504298445103423	-8.851573587773693
1.4792480255569959e9	4541.613116728817	-20.51108634368284	-8.863281607066666
1.4815380255569959e9	4540.861875218605	-20.517874242262263	-8.875128329619027
1.4838280255569959e9	4540.110757973441	-20.52466214084168	-8.8871170812669
1.4861180255569959e9	4539.359764972793	-20.531450039421102	-8.899251308920118
1.4884080255569959e9	4538.608896196078	-20.53823793800052	-8.911534586511241
1.4906980255569959e9	4537.858151622771	-20.54502583657994	-8.92397062131451
1.4929880255569959e9	4537.107531232322	-20.551813735159357	-8.936563260662682
1.4952780255569959e9	4536.357035004194	-20.558601633738775	-8.949316499092212
1.4975680255569959e9	4535.606662917826	-20.565389532318193	-8.962234485949956
1.4998580255569959e9	4534.856414952708	-20.57217743089761	-8.975321533497668
1.5021480255569959e9	4534.106291088301	-20.578965329477032	-8.98858212555388
1.5044380255569959e9	4533.356291304076	-20.58575322805645	-9.002020926716511
1.5067280255569959e9	4532.606415579509	-20.592541126635872	-9.015642792213669
1.5090180255569959e9	4531.856663894072	-20.599329025215287	-9.029452778434688
1.5113080255569959e9	4531.107036227269	-20.60611692379471	-9.043456154198601
1.5135980255569959e9	4530.357532558556	-20.612904822374126	-9.057658412822839
1.5158880255569959e9	4529.608152867454	-20.619692720953545	-9.072065285061372
1.5181780255569959e9	4528.858897133421	-20.626480619532963	-9.086682752988558
1.5204680255569959e9	4528.109765335979	-20.63326851811238	-9.101517064912851
1.5227580255569959e9	4527.36075745462	-20.6400564166918	-9.116574751413443
1.5250480255569959e9	4526.6118734688525	-20.646844315271224	-9.131862642602869
1.5273380255569959e9	4525.86311335816	-20.65363221385064	-9.14738788672975
1.5296280255569959e9	4525.114477102075	-20.660420112430057	-9.163157970248523
1.5319180255569959e9	4524.365964680104	-20.667208011009475	-9.179180739497212
1.5342080255569959e9	4523.6175760717615	-20.673995909588893	-9.19546442414033
1.5364980255569959e9	4522.869311256561	-20.68078380816831	-9.212017662552286
1.5387880255569959e9	4522.121170214046	-20.687571706747732	-9.228849529337296
1.5410780255569959e9	4521.280202391978	-20.69439081824049	-9.240698932051892
1.5433680255569959e9	4520.421428572365	-20.701215962723936	-9.251662644694166
1.5456580255569959e9	4519.5628178685965	-20.708041107207382	-9.262747894055922
1.5479480255569959e9	4518.704370249706	-20.714866251690832	-9.273957404927636
1.5502380255569959e9	4517.846085684709	-20.721691396174275	-9.285293994772191
1.5525280255569959e9	4516.987964142634	-20.728516540657722	-9.29676057797561
1.5548180255569959e9	4516.1300055925185	-20.735341685141172	-9.30836017034431
1.5571080255569959e9	4515.272210003402	-20.742166829624622	-9.320095893866295
1.5593980255569959e9	4514.414577344332	-20.74899197410807	-9.331970981755047
1.5616880255569959e9	4513.5571075843545	-20.755817118591516	-9.343988783796517
1.5639780255569959e9	4512.699800692535	-20.762642263074966	-9.35615277202134
1.5662680255569959e9	4511.842656637947	-20.769467407558412	-9.368466546726307
1.5685580255569959e9	4510.985675389653	-20.77629255204186	-9.38093384287121
1.5708480255569959e9	4510.128856916729	-20.78311769652531	-9.393558536879517
1.5731380255569959e9	4509.272201188259	-20.789942841008752	-9.406344653873834
1.5754280255569959e9	4508.415708173321	-20.796767985492203	-9.41929637537996
1.5777180255569959e9	4507.559377841035	-20.803593129975653	-9.432418047536432
1.5800080255569959e9	4506.703210160467	-20.810418274459096	-9.44571418984988
1.5822980255569959e9	4505.847205100741	-20.817243418942546	-9.459189504540337
1.5845880255569959e9	4504.9913626309835	-20.824068563425993	-9.47284888652484
1.5868780255569959e9	4504.135682720281	-20.830893707909443	-9.486697434092392
1.5891680255569959e9	4503.28016533778	-20.83771885239289	-9.500740460328513
1.5914580255569959e9	4502.424810452602	-20.844543996876336	-9.514983505353475
1.5937480255569959e9	4501.569618033875	-20.851369141359786	-9.529432349444727
1.5960380255569959e9	4500.714588050762	-20.858194285843233	-9.54409302712135
1.5983280255569959e9	4499.859720472381	-20.86501943032668	-9.558971842276387
1.6006180255569959e9	4499.005015267899	-20.871844574810126	-9.574075384452035
1.6029080255569959e9	4498.15047240649	-20.878669719293576	-9.589410546362878
1.6051980255569959e9	4497.296091857287	-20.885494863777023	-9.604984542783775
1.6074880255569959e9	4496.441873589485	-20.892320008260473	-9.620804930931978
1.6097780255569959e9	4495.587817572252	-20.89914515274392	-9.636879632487585
1.6120680255569959e9	4494.733923774762	-20.905970297227366	-9.653216957412967
1.6143580255569959e9	4493.880192166219	-20.912795441710813	-9.66982562975047
1.6166480255569959e9	4493.026622715808	-20.919620586194263	-9.686714815598847
1.6189380255569959e9	4492.173215392721	-20.926445730677706	-9.703894153493088
1.6212280255569959e9	4491.319970166188	-20.93327087516116	-9.721373787439672
1.6235180255569959e9	4490.4627752348715	-20.940093886277168	-9.738904622590576
1.6258080255569959e9	4489.503955292067	-20.94686407427855	-9.750222390838946
1.6280980255569959e9	4488.545340079976	-20.95363426227993	-9.761669718689777
1.6303880255569959e9	4487.586929554892	-20.960404450281313	-9.773249606780384
1.6326780255569959e9	4486.628723673108	-20.967174638282696	-9.784965161214004
1.6349680255569959e9	4485.670722390929	-20.973944826284075	-9.796819598560983
1.6372580255569959e9	4484.712925664668	-20.980715014285458	-9.808816251159971
1.6395480255569959e9	4483.7553334506465	-20.987485202286837	-9.820958572740963
1.6418380255569959e9	4482.797945705198	-20.994255390288217	-9.833250144393965
1.6441280255569959e9	4481.84076238467	-21.0010255782896	-9.845694680909045
1.6464180255569959e9	4480.88378344539	-21.007795766290982	-9.858296037515894
1.6487080255569959e9	4479.9270088437415	-21.014565954292365	-9.871058217053463
1.6509980255569959e9	4478.970438536094	-21.021336142293745	-9.883985377603057
1.6532880255569959e9	4478.014072478809	-21.028106330295127	-9.897081840621274
1.6555780255569959e9	4477.057910628275	-21.034876518296507	-9.910352099612643
1.6578680255569959e9	4476.101952940913	-21.04164670629789	-9.923800829385458
1.6601580255569959e9	4475.1461993731045	-21.048416894299272	-9.937432895938553
1.6624480255569959e9	4474.190649881274	-21.05518708230065	-9.951253367031327
1.6647380255569959e9	4473.235304421846	-21.06195727030203	-9.965267523494479
1.6670280255569959e9	4472.280162951255	-21.068727458303414	-9.979480871344613
1.6693180255569959e9	4471.325225425944	-21.075497646304797	-9.993899154772295
1.6716080255569959e9	4470.370491802368	-21.082267834306176	-10.008528370080192
1.6738980255569959e9	4469.415962036986	-21.08903802230756	-10.02337478065599
1.6761880255569959e9	4468.461636086271	-21.09580821030894	-10.038444933073594
1.6784780255569959e9	4467.507513906704	-21.102578398310325	-10.053745674426288
1.6807680255569959e9	4466.553595454775	-21.109348586311704	-10.069284171006647
1.6830580255569959e9	4465.599880686983	-21.116118774313083	-10.085067928460811
1.6853480255569959e9	4464.646369559836	-21.122888962314466	-10.10110481355897
1.6876380255569959e9	4463.693062029862	-21.12965915031585	-10.117403077740157
1.6899280255569959e9	4462.739958053561	-21.136429338317228	-10.133971382607722
1.6922180255569959e9	4461.787057587497	-21.14319952631861	-10.150818827572731
1.6945080255569959e9	4460.8343605882055	-21.149969714319994	-10.167954979866142
1.6967980255569959e9	4459.881867012242	-21.156739902321373	-10.185389907167593
1.6990880255569959e9	4458.929576816178	-21.163510090322752	-10.203134213129438
1.7013780255569959e9	4457.977489956573	-21.170280278324135	-10.221199076109867
1.7036680255569959e9	4457.025606390017	-21.177050466325518	-10.239596291469423
1.7059580255569959e9	4456.073926073093	-21.183820654326897	-10.25833831783167
1.7082480255569959e9	4455.122448962421	-21.19059084232828	-10.2774383277624
1.7105380255569959e9	4454.076327686086	-21.197407332047113	-10.291897833023103
1.7128280255569959e9	4452.981833621488	-21.204247561832062	-10.303971405664093
1.7151180255569959e9	4451.887608505414	-21.21108779161701	-10.316192532785463
1.7174080255569959e9	4450.793652271777	-21.217928021401956	-10.328564865664967
1.7196980255569959e9	4449.699964854504	-21.22476825118691	-10.341092192807867
1.7219880255569959e9	4448.60654618754	-21.231608480971854	-10.353778446910905
1.7242780255569959e9	4447.513396204843	-21.2384487107568	-10.366627712273713
1.7265680255569959e9	4446.420514840385	-21.24528894054175	-10.37964423269262
1.7288580255569959e9	4445.3279020281725	-21.252129170326697	-10.39283241987501
1.7311480255569959e9	4444.235557702207	-21.258969400111646	-10.406196862415985
1.7334380255569959e9	4443.143481796506	-21.265809629896594	-10.419742335383056
1.7357280255569959e9	4442.051674245128	-21.272649859681543	-10.433473810558915
1.7380180255569959e9	4440.9601349821205	-21.27949008946649	-10.447396467397324
1.7403080255569959e9	4439.868863941559	-21.286330319251437	-10.461515704752491
1.7425980255569959e9	4438.777861057532	-21.293170549036386	-10.475837153448424
1.7448880255569959e9	4437.687126264147	-21.30001077882133	-10.490366689761514
1.7471780255569959e9	4436.596659495527	-21.30685100860628	-10.505110449897096
1.7494680255569959e9	4435.506460685801	-21.31369123839123	-10.520074845549297
1.7517580255569959e9	4434.416529769149	-21.320531468176178	-10.535266580642887
1.7540480255569959e9	4433.32686667971	-21.327371697961127	-10.550692669366557
1.7563380255569959e9	4432.237471351695	-21.334211927746075	-10.566360455619044
1.7586280255569959e9	4431.148343719298	-21.341052157531024	-10.582277634003061
1.7609180255569959e9	4430.059483716733	-21.347892387315966	-10.598452272517223
1.7632080255569959e9	4428.970891278257	-21.354732617100915	-10.614892837113548
1.7654980255569959e9	4427.8825663381	-21.361572846885867	-10.631608218307596
1.7677880255569959e9	4426.79450883053	-21.368413076670812	-10.648607760050682
1.7700780255569959e9	4425.706718689846	-21.37525330645576	-10.665901291098903
1.7723680255569959e9	4424.6191958503405	-21.38209353624071	-10.683499159142624
1.7746580255569959e9	4423.53194024633	-21.38893376602566	-10.701412267993199
1.7769480255569959e9	4422.444951812139	-21.395773995810604	-10.719652118161527
1.7792380255569959e9	4421.358230482141	-21.402614225595553	-10.738230851206618
1.7815280255569959e9	4420.271776190676	-21.4094544553805	-10.757161298282432
1.7838180255569959e9	4419.185588872126	-21.416294685165447	-10.776457033369166
1.7861080255569959e9	4418.099668460903	-21.423134914950396	-10.796132431742036
1.7883980255569959e9	4417.014014891412	-21.429975144735344	-10.816202734308458
1.7906880255569959e9	4415.928628098084	-21.436815374520293	-10.836684118534857
1.7929780255569959e9	4414.843508015356	-21.443655604305242	-10.857593776790035
1.7952680255569959e9	4413.758654577704	-21.450495834090187	-10.87895000305564
1.7975580255569959e9	4412.622114397062	-21.457234347462105	-10.895546711332399
1.7998480255569959e9	4411.447812720993	-21.463898336851727	-10.908547446332868
1.8021380255569959e9	4410.273823554	-21.47056232624135	-10.92171942923626
1.8044280255569959e9	4409.100146812902	-21.477226315630976	-10.935067231742039
1.8067180255569959e9	4407.926782414562	-21.4838903050206	-10.948595611100993
1.8090080255569959e9	4406.753730275858	-21.490554294410227	-10.962309520294381
1.8112980255569959e9	4405.580990313693	-21.497218283799853	-10.976214118920833
1.8135880255569959e9	4404.408562444987	-21.503882273189475	-10.990314784850854
1.8158780255569959e9	4403.236446586695	-21.5105462625791	-11.004617126714857
1.8181680255569959e9	4402.064642655765	-21.517210251968724	-11.019126997297247
1.8204580255569959e9	4400.893150569195	-21.52387424135835	-11.033850507916641
1.8227480255569959e9	4399.721970243997	-21.530538230747972	-11.048794043880635
1.8250380255569959e9	4398.5511015972115	-21.537202220137598	-11.063964281112952
1.8273280255569959e9	4397.380544545877	-21.543866209527224	-11.079368204061314
1.8296180255569959e9	4396.210299007078	-21.550530198916846	-11.095013125006293
1.8319080255569959e9	4395.040364897915	-21.55719418830647	-11.11090670490475
1.8341980255569959e9	4393.87074213551	-21.563858177696098	-11.12705697591659
1.8364880255569959e9	4392.701430637013	-21.57052216708572	-11.143472365780625
1.8387780255569959e9	4391.532430319566	-21.577186156475346	-11.160161724224771
1.8410680255569959e9	4390.363741100387	-21.58385014586497	-11.17713435161774
1.8433580255569959e9	4389.195362896657	-21.590514135254594	-11.19440003009448
1.8456480255569959e9	4388.027295625635	-21.597178124644216	-11.211969057416173
1.8479380255569959e9	4386.859539204554	-21.603842114033842	-11.229852283858238
1.8502280255569959e9	4385.692093550696	-21.610506103423468	-11.24806115245723
1.8525180255569959e9	4384.524958581367	-21.617170092813094	-11.266607742990448
1.8548080255569959e9	4383.358134213863	-21.623834082202716	-11.285504820111566
1.8570980255569959e9	4382.191620365557	-21.630498071592342	-11.304765886122654
1.8593880255569959e9	4381.025416953789	-21.637162060981964	-11.324405238929034
1.8616780255569959e9	4379.859523895952	-21.64382605037159	-11.344438035800039
1.8639680255569959e9	4378.693941109463	-21.650490039761216	-11.364880363647927
1.8662580255569959e9	4377.528668511725	-21.65715402915084	-11.385749316641306
1.8685480255569959e9	4376.3637060202245	-21.66381801854046	-11.407063082091167
1.8708380255569959e9	4375.199053552409	-21.67048200793009	-11.428841035690805
1.8731280255569959e9	4374.034711025783	-21.677145997319712	-11.451103847359303
1.8754180255569959e9	4372.870678357863	-21.683809986709335	-11.47387359913762
1.8777080255569959e9	4371.706955466188	-21.69047397609896	-11.497173916822673
1.8799980255569959e9	4370.543542268322	-21.697137965488583	-11.521030117306317
1.8822880255569959e9	4369.380438681853	-21.703801954878212	-11.545469373922812
1.8845780255569959e9	4368.217644624372	-21.710465944267835	-11.570520902512339
1.8868680255569959e9	4367.055160013522	-21.717129933657457	-11.596216171395405
1.8891580255569959e9	4365.892984766936	-21.723793923047083	-11.622589139042928
1.8914480255569959e9	4364.731118802292	-21.73045791243671	-11.64967652394474
1.8937380255569959e9	4363.631382122263	-21.737125575349868	-11.668658739564158
1.8960280255569959e9	4362.556562679814	-21.743794702804518	-11.684429561541316
1.8983180255569959e9	4361.482007979443	-21.750463830259168	-11.700453093103858
1.9006080255569959e9	4360.407717955945	-21.757132957713818	-11.71673756509123
1.9028980255569959e9	4359.3336925441145	-21.763802085168468	-11.733291617131224
1.9051880255569959e9	4358.25993167878	-21.77047121262312	-11.750124325166533
1.9074780255569959e9	4357.186435294781	-21.77714034007777	-11.767245231337972
1.9097680255569959e9	4356.11320332698	-21.78380946753242	-11.784664376470728
1.9120580255569959e9	4355.040235710231	-21.790478594987068	-11.802392335440524
1.9143480255569959e9	4353.967532379431	-21.79714772244172	-11.82044025573164
1.9166380255569959e9	4352.895093269489	-21.80381684989637	-11.8388198995388
1.9189280255569959e9	4351.822918315309	-21.81048597735102	-11.857543689811166
1.9212180255569959e9	4350.751007451834	-21.81715510480567	-11.876624760689781
1.9235080255569959e9	4349.6793606140145	-21.82382423226032	-11.896077012851368
1.9257980255569959e9	4348.607977736825	-21.83049335971497	-11.915915174342565
1.9280880255569959e9	4347.536858755234	-21.83716248716962	-11.936154867571497
1.9303780255569959e9	4346.466003604247	-21.84383161462427	-11.956812683219985
1.9326680255569959e9	4345.395412218888	-21.85050074207892	-11.977906261952498
1.9349580255569959e9	4344.325084534172	-21.85716986953357	-11.999454384930072
1.9372480255569959e9	4343.255020485154	-21.86383899698822	-12.021477074292918
1.9395380255569959e9	4342.185220006898	-21.87050812444287	-12.043995704958922
1.9418280255569959e9	4341.115683034489	-21.877177251897525	-12.067033129302574
1.9441180255569959e9	4340.046409503007	-21.883846379352175	-12.090613816537129
1.9464080255569959e9	4338.977399347573	-21.890515506806825	-12.11476400893114
1.9486980255569959e9	4337.908652503311	-21.897184634261478	-12.139511897359718
1.9509880255569959e9	4336.8401689053735	-21.903853761716125	-12.164887819135242
1.9532780255569959e9	4335.771948488904	-21.910522889170778	-12.19092448159906
1.9555680255569959e9	4334.703991189084	-21.917192016625428	-12.217657215607543
1.9578580255569959e9	4333.636296941114	-21.923861144080078	-12.245124263840829
1.9601480255569959e9	4332.568865680183	-21.930530271534728	-12.27336710983734
1.9624380255569959e9	4331.501697341524	-21.937199398989375	-12.30243085485869
1.9647280255569959e9	4330.434791860383	-21.943868526444028	-12.332364651178933
1.9670180255569959e9	4329.368149171997	-21.950537653898678	-12.363222202249338
1.9693080255569959e9	4328.301769211647	-21.957206781353328	-12.395062342520504
1.9715980255569959e9	4327.23565191462	-21.963875908807978	-12.427949712647775
1.9738880255569959e9	4326.169797216225	-21.970545036262628	-12.461955549551572
1.9761780255569959e9	4325.104205051764	-21.977214163717278	-12.497158615605516
1.9784680255569959e9	4324.038875356589	-21.98388329117193	-12.533646297429103
1.9807580255569959e9	4322.973808066026	-21.990552418626578	-12.57151591284654
1.9830480255569959e9	4321.909003115474	-21.99722154608123	-12.610876275206293
1.9853380255569959e9	4320.844460440289	-22.003890673535878	-12.65184957837749
1.9876280255569959e9	4319.78017997588	-22.01055980099053	-12.694573684692461
1.9899180255569959e9	4318.716161657666	-22.01722892844518	-12.73920492383266
1.9922080255569959e9	4317.652405421064	-22.02389805589983	-12.785921546010194
1.9944980255569959e9	4316.588911201526	-22.03056718335448	-12.83492802203142
1.9967880255569959e9	4315.525678934522	-22.03723631080913	-12.88646045239005
1.9990780255569959e9	4314.462708555506	-22.04390543826378	-12.940793447382106
2.0013680255569959e9	4313.400000000003	-22.05057456571843	-12.998248986054097
