-8.522079920615792e7	9783.599113002078	-16.287131833176172	4.6494895100228115
-8.414579920615792e7	9759.147303244825	-16.28819789128391	4.610468496690827
-8.307079920615792e7	9734.756605047185	-16.28926394939165	4.569862798649634
-8.199579920615792e7	9710.426865675156	-16.290330007499392	4.527538236048197
-8.092079920615792e7	9686.15793277646	-16.29139606560713	4.483342830645795
-7.984579920615792e7	9661.94965437957	-16.29246212371487	4.437103511762837
-7.877079920615792e7	9637.801878892848	-16.29352818182261	4.388622023044552
-7.769579920615792e7	9613.714455103418	-16.294594239930348	4.337669785444807
-7.662079920615792e7	9589.687232176395	-16.295660298038086	4.283981379786559
-7.554579920615792e7	9565.720059653851	-16.29672635614583	4.227246178352465
-7.447079920615792e7	9538.599950562759	-16.297528153068534	4.175767396646742
-7.339579920615792e7	9509.440057339465	-16.2981553062511	4.127499140535112
-7.232079920615792e7	9480.369307111707	-16.298782459433667	4.076782375166822
-7.124579920615792e7	9451.387427365655	-16.29940961261623	4.02335535210187
-7.017079920615792e7	9422.494146420615	-16.3000367657988	3.966911969220544
-6.909579920615792e7	9393.689193426368	-16.300663918981364	3.9070911465789973
-6.802079920615792e7	9364.97229836076	-16.30129107216393	3.8434628174678123
-6.694579920615792e7	9336.343192027043	-16.301918225346498	3.7755091520217596
-6.587079920615792e7	9303.434852876762	-16.30214340921733	3.7141465129770586
-6.479579920615792e7	9268.284523007775	-16.3021506887652	3.655393270771964
-6.372079920615792e7	9233.266998463841	-16.302157968313068	3.592971421531632
-6.264579920615792e7	9198.38177747858	-16.30216524786094	3.526392130246093
-6.157079920615792e7	9163.628360181376	-16.30217252740881	3.4550618389072447
-6.049579920615792e7	9129.006248590238	-16.30217980695668	3.378250037298124
-5.942079920615792e7	9094.129183499854	-16.30214887522172	3.2959608648408647
-5.834579920615792e7	9050.86463800283	-16.30127027996016	3.228291356565189
-5.727079920615792e7	9007.80591989829	-16.300391684698596	3.155708168973706
-5.619579920615792e7	8964.952049979986	-16.29951308943703	3.0774414430908457
-5.512079920615792e7	8922.30205370009	-16.298634494175467	2.9925248952942236
-5.404579920615792e7	8879.854961147124	-16.297755898913902	2.8997227316699616
-5.297079920615792e7	8831.620604486654	-16.29624964327238	2.8110878716893226
-5.189579920615792e7	8777.40280721353	-16.294084841545114	2.7294029304014664
-5.082079920615792e7	8723.517855934695	-16.291920039817857	2.6404472484171806
-4.974579920615792e7	8669.96370729053	-16.289755238090596	2.5427989015720565
-4.867079920615792e7	8616.738330465758	-16.287590436363335	2.434573181852779
-4.759579920615792e7	8552.385346930205	-16.284251243226507	2.3325010780239412
-4.652079920615792e7	8483.888968784166	-16.2804339431056	2.2274962529663678
-4.544579920615792e7	8408.60080621797	-16.27581153157031	2.123105360225268
-4.437079920615792e7	8329.150661761496	-16.27065420941677	2.016090860342259
-4.329579920615792e7	8242.43126266937	-16.264599246373255	1.910473325576307
-4.222079920615792e7	8150.657963448223	-16.257869976060555	1.8042482229084564
-4.114579920615792e7	8050.73011672289	-16.250124424365534	1.7011138838092834
-4.007079920615792e7	7944.421087662938	-16.241525125474418	1.600708819590149
-3.899579920615792e7	7832.963418012254	-16.232224920259817	1.5034395644593181
-3.792079920615792e7	7714.725757272558	-16.222018631207725	1.4159909803699213
-3.684579920615792e7	7597.939129115551	-16.211801980032224	1.322313038087007
-3.577079920615792e7	7477.992116861843	-16.201429910576444	1.2541555793498622
-3.469579920615792e7	7359.938681998568	-16.191057841120667	1.181010678551391
-3.362079920615792e7	7246.838414787633	-16.181213644439442	1.1061055860683315
-3.2545799206157923e7	7155.634336999747	-16.17486177457308	1.0534733571036905
-3.1470799206157923e7	7065.578095458376	-16.168509904706717	0.99791632511613
-3.0395799206157923e7	6976.655244229943	-16.162158034840353	0.9390901979034877
-2.9320799206157923e7	6898.875643751269	-16.157516158790646	0.8850762207624642
-2.8245799206157923e7	6838.39354925536	-16.155703239851587	0.8426769571824773
-2.7170799206157923e7	6778.441698228607	-16.153890320912527	0.7984000934795453
-2.6095799206157923e7	6719.015442053282	-16.152077401973468	0.7520715986558325
-2.5020799206157923e7	6660.110172865858	-16.150264483034405	0.703492065021696
-2.3945799206157923e7	6612.146143480645	-16.150354043265793	0.6665295976462644
-2.2870799206157923e7	6566.635975867024	-16.150830806929832	0.6311045919146785
-2.1795799206157923e7	6521.439046241688	-16.151307570593872	0.5943784202808834
-2.0720799206157923e7	6476.553198646021	-16.151784334257908	0.5562518419912961
-1.9645799206157923e7	6431.976291960508	-16.152261097921947	0.5166138108691083
-1.8570799206157923e7	6391.819401869885	-16.153539353600863	0.4809772047834393
-1.7495799206157923e7	6357.288281340626	-16.15587077987324	0.4516595502174856
-1.6420799206157923e7	6322.9437114959155	-16.158202206145614	0.4214563431164
-1.5345799206157923e7	6288.784684515673	-16.16053363241799	0.39031241579141457
-1.4270799206157923e7	6254.8101980243755	-16.162865058690368	0.3581672791429393
-1.3195799206157923e7	6221.019255061808	-16.165196484962742	0.3249544154630949
-1.2120799206157923e7	6188.3607770962235	-16.16772688992896	0.2920316601172271
-1.1045799206157923e7	6161.688802404839	-16.171481133577487	0.2670479529277236
-9.970799206157923e6	6135.131784526657	-16.175235377226016	0.24142403102298093
-8.895799206157923e6	6108.6892279952235	-16.178989620874546	0.21512621817486938
-7.820799206157923e6	6082.360639479553	-16.18274386452308	0.18811810908922832
-6.745799206157923e6	6056.145527774922	-16.18649810817161	0.16036026632108946
-5.670799206157923e6	6030.043403793714	-16.19025235182014	0.13180987391039947
-4.595799206157923e6	6004.053780556276	-16.194006595468665	0.10242034010346229
-3.5207992061579227e6	5982.840134251286	-16.198820285343405	0.0799424392668497
-2.4457992061579227e6	5962.059436793116	-16.203715550279597	0.057559741876768496
-1.3707992061579227e6	5941.350918664031	-16.208610815215792	0.034664566827243885
-295799.20615792274	5920.714329157538	-16.213506080151983	0.011232895578818436
779200.7938420773	5900.149418437945	-16.218401345088175	-0.012761019541884244
1.8542007938420773e6	5879.655937537356	-16.22329661002437	-0.037344825409222064
2.9292007938420773e6	5859.233638352635	-16.22819187496056	-0.06254825960224666
4.0042007938420773e6	5838.8822736423845	-16.233087139896753	-0.08840336667156633
5.079200793842077e6	5821.614831830645	-16.238727406391405	-0.1094144926847379
6.154200793842077e6	5805.10871132893	-16.244543743288478	-0.1295458005511006
7.229200793842077e6	5788.649390902777	-16.25036008018555	-0.1500907187460747
8.304200793842077e6	5772.236737859159	-16.256176417082628	-0.17106660018585035
9.379200793842077e6	5755.870619881267	-16.261992753979698	-0.19249191328438356
1.0454200793842077e7	5739.550905027493	-16.267809090876774	-0.21438633966093903
1.1529200793842077e7	5723.277461730253	-16.273625427773844	-0.2367708827854681
1.2604200793842077e7	5707.050158795061	-16.279441764670917	-0.2596679890648546
1.3679200793842077e7	5690.868865399397	-16.28525810156799	-0.2831016831196868
1.4754200793842077e7	5677.05575946548	-16.291701972219588	-0.3022551698431743
1.5829200793842077e7	5663.714334087946	-16.2982644996623	-0.3208516726831849
1.6904200793842077e7	5650.404261869275	-16.304827027105006	-0.33980056907674216
1.7979200793842077e7	5637.125469127643	-16.311389554547716	-0.35911547274159467
1.9054200793842077e7	5623.877882354371	-16.317952081990423	-0.37881080185051524
2.0129200793842077e7	5610.6614282135715	-16.324514609433134	-0.39890184368894327
2.1204200793842077e7	5597.476033541629	-16.33107713687584	-0.41940482594209755
2.2279200793842077e7	5584.321625346937	-16.337639664318548	-0.44033699544433874
2.3354200793842077e7	5571.198130809386	-16.34420219176126	-0.46171670534823556
2.4429200793842077e7	5558.36115693085	-16.350838453551127	-0.4829725217878516
2.5504200793842077e7	5547.391407389479	-16.358005789765553	-0.5003506098232372
2.6579200793842077e7	5536.443307287873	-16.36517312597998	-0.5180360447756921
2.7654200793842077e7	5525.5168138995905	-16.37234046219441	-0.5360398940825741
2.8729200793842077e7	5514.611884582515	-16.37950779840883	-0.5543738339597892
2.9804200793842077e7	5503.728476778704	-16.38667513462326	-0.5730501948859177
3.0879200793842077e7	5492.86654801421	-16.393842470837686	-0.5920820114151846
3.1954200793842077e7	5482.026055898886	-16.401009807052112	-0.6114830768232726
3.3029200793842077e7	5471.206958126246	-16.408177143266542	-0.6312680031597817
3.410420079384208e7	5460.409212473328	-16.415344479480968	-0.651452287362243
3.517920079384208e7	5449.632776800471	-16.422511815695398	-0.6720523841810385
3.625420079384208e7	5440.082671959246	-16.430058554630072	-0.6897453578790667
3.732920079384208e7	5430.900649288895	-16.437716089966244	-0.7067659382854752
3.840420079384208e7	5421.734124460288	-16.445373625302413	-0.7240812424570208
3.947920079384208e7	5412.58307131544	-16.453031160638584	-0.7417016572273338
4.055420079384208e7	5403.44746374055	-16.460688695974753	-0.7596381283828757
4.162920079384208e7	5394.3272756658625	-16.468346231310925	-0.7779022015023037
4.270420079384208e7	5385.2224810656335	-16.476003766647096	-0.796506066595205
4.377920079384208e7	5376.133053958035	-16.483661301983265	-0.8154626069724129
4.485420079384208e7	5367.058968405125	-16.491318837319433	-0.8347854528385817
4.592920079384208e7	5358.000198512706	-16.498976372655605	-0.8544890401654025
4.700420079384208e7	5348.956718430304	-16.506633907991773	-0.8745886754824064
4.807920079384208e7	5341.089768840151	-16.514671190006123	-0.8913238289418415
4.915420079384208e7	5333.3252872197745	-16.522738236839878	-0.9080433262809975
5.022920079384208e7	5325.572093029004	-16.530805283673637	-0.9250471253284496
5.130420079384208e7	5317.830169859016	-16.53887233050739	-0.9423450622283566
5.237920079384208e7	5310.099501324854	-16.546939377341147	-0.9599474925838803
5.345420079384208e7	5302.380071065322	-16.555006424174906	-0.9778653286913239
5.452920079384208e7	5294.671862743066	-16.563073471008657	-0.9961100801713584
5.560420079384208e7	5286.974860044482	-16.571140517842416	-1.0146938983761766
5.667920079384208e7	5279.289046679614	-16.579207564676167	-1.0336296250016566
5.775420079384208e7	5271.614406382284	-16.587274611509926	-1.0529308453915762
5.882920079384208e7	5263.950922909892	-16.59534165834368	-1.0726119470880646
5.990420079384208e7	5256.98233519674	-16.60365784634413	-1.0899788642273125
6.097920079384208e7	5250.307354718999	-16.61207778295393	-1.1065065950572512
6.205420079384208e7	5243.640849705228	-16.620497719563726	-1.1233120889966077
6.312920079384208e7	5236.982809393826	-16.628917656173524	-1.1404048419686592
6.420420079384208e7	5230.333223036862	-16.637337592783318	-1.1577948453352973
6.527920079384208e7	5223.692079900027	-16.645757529393116	-1.1754926209731842
6.635420079384208e7	5217.059369262668	-16.654177466002913	-1.1935092595100814
6.742920079384208e7	5210.435080417737	-16.66259740261271	-1.2118564620692975
6.850420079384208e7	5203.819202671787	-16.67101733922251	-1.230546585915717
6.957920079384208e7	5197.211725344924	-16.679437275832306	-1.2495926944493456
7.065420079384208e7	5190.6126377708515	-16.687857212442104	-1.2690086120529327
7.172920079384208e7	5184.21964531833	-16.696348992227698	-1.2879188430491344
7.280420079384208e7	5178.461436714001	-16.70506883220065	-1.3043183218715355
7.387920079384208e7	5172.709623858435	-16.7137886721736	-1.3209912339934413
7.495420079384208e7	5166.964199647727	-16.722508512146547	-1.3379468523094846
7.602920079384208e7	5161.225156985927	-16.731228352119498	-1.3551949295676105
7.710420079384208e7	5155.492488784905	-16.73994819209245	-1.3727457320596332
7.817920079384208e7	5149.7661879644365	-16.748668032065396	-1.3906100763214726
7.925420079384208e7	5144.0462474521655	-16.757387872038347	-1.4087993691715832
8.032920079384208e7	5138.3326601835515	-16.766107712011298	-1.4273256514587032
8.140420079384208e7	5132.625419101965	-16.77482755198425	-1.446201645939093
8.247920079384208e7	5126.9245171585535	-16.783547391957196	-1.4654408097600395
8.355420079384208e7	5121.229947312328	-16.792267231930147	-1.4850573920918726
8.462920079384208e7	5115.947173075528	-16.80115389336906	-1.5027691804691392
8.570420079384208e7	5110.930902236732	-16.810148063324604	-1.519295754855889
8.677920079384208e7	5105.9195499344905	-16.819142233280147	-1.5361000531558193
8.785420079384208e7	5100.913111346085	-16.82813640323569	-1.5531915692650904
8.892920079384208e7	5095.911581653541	-16.83713057319123	-1.570580292376244
9.000420079384208e7	5090.914956043603	-16.846124743146774	-1.5882767420416588
9.107920079384208e7	5085.923229707746	-16.855118913102316	-1.6062920063957995
9.215420079384208e7	5080.936397842123	-16.86411308305786	-1.624637783884016
9.322920079384208e7	5075.954455647663	-16.8731072530134	-1.643326428891153
9.430420079384208e7	5070.977398329934	-16.882101422968944	-1.6623710017156699
9.537920079384208e7	5066.005221099243	-16.891095592924486	-1.6817853233955475
9.645420079384208e7	5061.037919170582	-16.900089762880032	-1.7015840359624448
9.752920079384208e7	5056.639787432652	-16.90921497023963	-1.7183340705747716
9.860420079384208e7	5052.3000243867555	-16.918352854248212	-1.7350307452971547
9.967920079384208e7	5047.963985858332	-16.927490738256793	-1.752010939497173
1.0075420079384208e8	5043.631668650898	-16.936628622265374	-1.7692844484020918
1.0182920079384208e8	5039.30306957071	-16.945766506273955	-1.7868615837938322
1.0290420079384208e8	5034.9781854267385	-16.954904390282536	-1.804753210980761
1.0397920079384208e8	5030.657013030721	-16.964042274291117	-1.8229707891376055
1.0505420079384208e8	5026.339549197122	-16.973180158299698	-1.841526415388539
1.0612920079384208e8	5022.02579074314	-16.98231804230828	-1.8604328730581294
1.0720420079384208e8	5017.715734488705	-16.991455926316856	-1.8797036845721409
1.0827920079384208e8	5013.409377256483	-17.000593810325437	-1.8993531695564962
1.0935420079384208e8	5009.131940515387	-17.009748977532233	-1.9191384735153876
1.1042920079384208e8	5005.202560528816	-17.019140315439962	-1.93573218716982
1.1150420079384208e8	5001.276262918038	-17.028531653347695	-1.9526059049994884
1.1257920079384208e8	4997.353045265129	-17.037922991255428	-1.9697692390748889
1.1365420079384208e8	4993.4329051540035	-17.04731432916316	-1.9872323050722862
1.1472920079384208e8	4989.5158401705285	-17.056705667070894	-2.0050057580805785
1.1580420079384208e8	4985.601847902434	-17.066097004978623	-2.0231008316482186
1.1687920079384208e8	4981.690925939348	-17.075488342886356	-2.0415293804285146
1.1795420079384208e8	4977.78307187279	-17.08487968079409	-2.06030392682871
1.1902920079384208e8	4973.87828329617	-17.09427101870182	-2.0794377121225835
1.2010420079384208e8	4969.9765578047845	-17.103662356609554	-2.098944752549068
1.2117920079384208e8	4966.077892995808	-17.113053694517287	-2.118839900992193
1.2225420079384208e8	4962.321415788468	-17.12249711998841	-2.137923421160794
1.2332920079384208e8	4958.873403885749	-17.132055047102543	-2.154659119785068
1.2440420079384208e8	4955.427787794394	-17.141612974216677	-2.171679676071504
1.2547920079384208e8	4951.984565849719	-17.15117090133081	-2.1889949552805135
1.2655420079384208e8	4948.54373638816	-17.160728828444945	-2.2066153442007956
1.2762920079384208e8	4945.1052977473455	-17.170286755559083	-2.224551788570624
1.2870420079384208e8	4941.669248266033	-17.179844682673213	-2.242815833916916
1.2977920079384208e8	4938.235586284141	-17.18940260978735	-2.2614196701936358
1.3085420079384208e8	4934.804310142745	-17.198960536901485	-2.2803761806517318
1.3192920079384208e8	4931.375418184061	-17.20851846401562	-2.2996989954313016
1.3300420079384208e8	4927.948908751486	-17.218076391129753	-2.3194025504343405
1.3407920079384208e8	4924.524780189538	-17.227634318243886	-2.339502152115025
1.3515420079384208e8	4921.286586363612	-17.23726427256479	-2.3578377569866054
1.3622920079384208e8	4918.19792014219	-17.246952102099783	-2.3747377042026563
1.3730420079384208e8	4915.111192409598	-17.25663993163478	-2.3919281765270726
1.3837920079384208e8	4912.026401949203	-17.26632776116978	-2.4094193377078694
1.3945420079384208e8	4908.943547545148	-17.276015590704777	-2.427221894356701
1.4052920079384208e8	4905.862627982329	-17.285703420239777	-2.4453471353111205
1.4160420079384208e8	4902.78364204644	-17.295391249774774	-2.4638069746304385
1.4267920079384208e8	4899.7065885238735	-17.305079079309767	-2.482613998635262
1.4375420079384208e8	4896.631466201841	-17.314766908844767	-2.5017815174558464
1.4482920079384208e8	4893.558273868311	-17.324454738379764	-2.5213236216180173
1.4590420079384208e8	4890.48701031196	-17.33414256791476	-2.541255244269223
1.4697920079384208e8	4887.41767432229	-17.34383039744976	-2.561592229733068
1.4805420079384208e8	4884.551401361052	-17.353592970878637	-2.5791761225067518
1.4912920079384208e8	4881.737479451285	-17.363374384259053	-2.596261556734438
1.5020420079384208e8	4878.925178602678	-17.37315579763947	-2.6136439846409845
1.5127920079384208e8	4876.114497881341	-17.38293721101989	-2.6313339143549124
1.5235420079384208e8	4873.305436353952	-17.392718624400302	-2.64934242175631
1.5342920079384208e8	4870.497993087723	-17.402500037780722	-2.6676811921287613
1.5450420079384208e8	4867.692167150381	-17.41228145116114	-2.6863625657023875
1.5557920079384208e8	4864.887957610211	-17.422062864541555	-2.705399587532525
1.5665420079384208e8	4862.085363536041	-17.431844277921975	-2.724806062218972
1.5772920079384208e8	4859.284383997195	-17.44162569130239	-2.7445966140406854
1.5880420079384208e8	4856.485018063598	-17.45140710468281	-2.7647867531620944
1.5987920079384208e8	4853.69673373859	-17.461195142288958	-2.7852321939812357
1.6095420079384208e8	4851.135383213442	-17.47114090385794	-2.8022039950801263
1.6202920079384208e8	4848.575384341854	-17.481086665426925	-2.8194688184827066
1.6310420079384208e8	4846.016736410561	-17.491032426995908	-2.8370369604198773
1.6417920079384208e8	4843.459438706647	-17.50097818856489	-2.854919269526335
1.6525420079384208e8	4840.903490517574	-17.510923950133872	-2.873127187077311
1.6632920079384208e8	4838.348891131205	-17.520869711702858	-2.891672790956904
1.6740420079384208e8	4835.795639835753	-17.530815473271836	-2.9105688437811237
1.6847920079384208e8	4833.243735919807	-17.540761234840822	-2.9298288456558694
1.6955420079384208e8	4830.6931786723635	-17.550706996409804	-2.949467092116068
1.7062920079384208e8	4828.143967382738	-17.560652757978787	-2.9694987378688027
1.7170420079384208e8	4825.5961013406695	-17.57059851954777	-2.9899398670524238
1.7277920079384208e8	4823.124328978511	-17.580568893253535	-3.0092873818651658
1.7385420079384208e8	4820.779258918115	-17.590580588786587	-3.0264188440351028
1.7492920079384208e8	4818.435329063357	-17.600592284319642	-3.043848916258319
1.7600420079384208e8	4816.092538859869	-17.610603979852698	-3.0615881933290408
1.7707920079384208e8	4813.750887753519	-17.620615675385753	-3.079647844101526
1.7815420079384208e8	4811.41037519048	-17.63062737091881	-3.0980396537266333
1.7922920079384208e8	4809.07100061716	-17.640639066451865	-3.116776069845741
1.8030420079384208e8	4806.7327634802605	-17.65065076198492	-3.1358702531954847
1.8137920079384208e8	4804.395663226752	-17.660662457517976	-3.155336133138552
1.8245420079384208e8	4802.05969930385	-17.67067415305103	-3.1751884687074123
1.8352920079384208e8	4799.724871159062	-17.680685848584087	-3.1954429158310873
1.8460420079384208e8	4797.3911782401665	-17.690697544117143	-3.2161161015120303
1.8567920079384208e8	4795.151962912351	-17.700805159478445	-3.2343165887377725
1.8675420079384208e8	4792.953071709444	-17.710953156456906	-3.251609437934257
1.8782920079384208e8	4790.755188842156	-17.721101153435363	-3.2692065999160556
1.8890420079384208e8	4788.558313848098	-17.731249150413824	-3.287118977181786
1.8997920079384208e8	4786.362446265096	-17.741397147392284	-3.3053580688329602
1.9105420079384208e8	4784.167585631184	-17.751545144370745	-3.3239360149134822
1.9212920079384208e8	4781.9737314846125	-17.761693141349202	-3.342865644946397
1.9320420079384208e8	4779.780883363839	-17.771841138327666	-3.362160531153878
1.9427920079384208e8	4777.589040807536	-17.781989135306123	-3.3818350469134013
1.9535420079384208e8	4775.398203354584	-17.792137132284584	-3.4019044310807462
1.9642920079384208e8	4773.208370544081	-17.80228512926304	-3.4223848589008945
1.9750420079384208e8	4771.034720200888	-17.812438042190475	-3.4427688157926917
1.9857920079384208e8	4768.965270575094	-17.822624397908182	-3.4599399431134925
1.9965420079384208e8	4766.896718578861	-17.83281075362589	-3.477411076998704
2.0072920079384208e8	4764.829063822819	-17.842997109343592	-3.495192887315671
2.0180420079384208e8	4762.762305917808	-17.8531834650613	-3.5132966234709633
2.0287920079384208e8	4760.696444474798	-17.863369820779006	-3.5317341571560985
2.0395420079384208e8	4758.631479104964	-17.873556176496713	-3.550518029108481
2.0502920079384208e8	4756.567409419612	-17.88374253221442	-3.5696615003488197
2.0610420079384208e8	4754.504235030248	-17.893928887932123	-3.5891786084193282
2.0717920079384208e8	4752.441955548542	-17.904115243649827	-3.609084229220076
2.0825420079384208e8	4750.380570586309	-17.914301599367537	-3.6293941451258145
2.0932920079384208e8	4748.320079755565	-17.924487955085244	-3.6501251201646396
2.1040420079384208e8	4746.31321262325	-17.934741854658878	-3.6690019423932227
2.1147920079384208e8	4744.349742604748	-17.945050279296225	-3.686358875854954
2.1255420079384208e8	4742.387084840806	-17.95535870393357	-3.704022401794035
2.1362920079384208e8	4740.425238995401	-17.965667128570914	-3.7220035465564956
2.1470420079384208e8	4738.464204732646	-17.97597555320826	-3.740313942227627
2.1577920079384208e8	4736.503981716821	-17.986283977845606	-3.758965871829814
2.1685420079384208e8	4734.544569612317	-17.996592402482953	-3.777972318816232
2.1792920079384208e8	4732.585968083676	-18.006900827120297	-3.7973470213598817
2.1900420079384208e8	4730.628176795565	-18.017209251757645	-3.8171045320065273
2.2007920079384208e8	4728.6711954128195	-18.02751767639499	-3.8372602833403433
2.2115420079384208e8	4726.715023600387	-18.037826101032337	-3.857830660404524
2.2222920079384208e8	4724.762764340263	-18.04813629945995	-3.8785371221403446
2.2330420079384208e8	4722.851422353498	-18.058469433819326	-3.8957809583480043
2.2437920079384208e8	4720.94085357555	-18.0688025681787	-3.9133273696267854
2.2545420079384208e8	4719.031057693612	-18.07913570253807	-3.93118716439366
2.2652920079384208e8	4717.122034395026	-18.089468836897446	-3.9493717407520945
2.2760420079384208e8	4715.213783367261	-18.099801971256817	-3.9678931301840827
2.2867920079384208e8	4713.306304297891	-18.110135105616195	-3.9867640453652924
2.2975420079384208e8	4711.399596874635	-18.120468239975565	-4.005997932579249
2.3082920079384208e8	4709.493660785336	-18.130801374334943	-4.025609029271784
2.3190420079384208e8	4707.588495717968	-18.141134508694314	-4.045612427362824
2.3297920079384208e8	4705.684101360607	-18.15146764305369	-4.066024143020736
2.3405420079384208e8	4703.780477401489	-18.161800777413063	-4.086861193707382
2.3512920079384208e8	4701.903411024304	-18.17214609891286	-4.105675419907828
2.3620420079384208e8	4700.045015092292	-18.18249989338391	-4.123106257960269
2.3727920079384208e8	4698.187353678864	-18.192853687854956	-4.140846328273771
2.3835420079384208e8	4696.3304264937005	-18.203207482326004	-4.158906801201357
2.3942920079384208e8	4694.474233246617	-18.213561276797055	-4.177299463503933
2.4050420079384208e8	4692.618773647514	-18.223915071268102	-4.196036764554732
2.4157920079384208e8	4690.764047406437	-18.23426886573915	-4.21513186695579
2.4265420079384208e8	4688.910054233525	-18.244622660210197	-4.234598702081869
2.4372920079384208e8	4687.056793839038	-18.25497645468125	-4.254452031138895
2.4480420079384208e8	4685.204265933339	-18.265330249152296	-4.274707512407225
2.4587920079384208e8	4683.352470226937	-18.275684043623343	-4.295381775437126
2.4695420079384208e8	4681.50359761	-18.286049804215533	-4.316045948393199
2.4802920079384208e8	4679.673676631262	-18.29651511360362	-4.333359972655746
2.4910420079384208e8	4677.844470937842	-18.306980422991707	-4.350979062014002
2.5017920079384208e8	4676.015980250147	-18.317445732379795	-4.368914159783941
2.5125420079384208e8	4674.188204288693	-18.327911041767884	-4.3871768088915974
2.5232920079384208e8	4672.361142774104	-18.338376351155972	-4.405779196494699
2.5340420079384208e8	4670.534795427118	-18.34884166054406	-4.424734202833918
2.5447920079384208e8	4668.709161968577	-18.35930696993215	-4.4440554548041575
2.5555420079384208e8	4666.884242119434	-18.369772279320237	-4.463757384803924
2.5662920079384208e8	4665.060035600752	-18.380237588708322	-4.4838552954993895
2.5770420079384208e8	4663.236542133701	-18.39070289809641	-4.504365431231156
2.5877920079384208e8	4661.413761439561	-18.4011682074845	-4.52530505689845
2.5985420079384208e8	4659.585893975486	-18.411636090290035	-4.543662592521254
2.6092920079384208e8	4657.756467284044	-18.42210498345818	-4.561153944331488
2.6200420079384208e8	4655.927758854289	-18.432573876626325	-4.578956698457953
2.6307920079384208e8	4654.099768404226	-18.44304276979447	-4.597082144113977
2.6415420079384208e8	4652.272495651942	-18.453511662962615	-4.6155421957626475
2.6522920079384208e8	4650.445940315682	-18.463980556130757	-4.634349440159013
2.6630420079384208e8	4648.620102113768	-18.474449449298902	-4.653517187901398
2.6737920079384208e8	4646.794980764643	-18.484918342467047	-4.67305953002065
2.684542007938421e8	4644.970575986866	-18.495387235635196	-4.692991400209902
2.695292007938421e8	4643.146887499077	-18.50585612880334	-4.713328643383291
2.706042007938421e8	4641.323915020081	-18.516325021971486	-4.7340880913520715
2.716792007938421e8	4639.504677868546	-18.526800355702367	-4.753916319452566
2.727542007938421e8	4637.69232679424	-18.53728886109328	-4.771289890063353
2.738292007938421e8	4635.880683686988	-18.54777736648419	-4.788970646406182
2.749042007938421e8	4634.0697482702235	-18.558265871875104	-4.806969647134909
2.759792007938421e8	4632.2595202675	-18.568754377266018	-4.8252985590319435
2.770542007938421e8	4630.449999402475	-18.579242882656928	-4.843969702431114
2.781292007938421e8	4628.64118539891	-18.58973138804784	-4.862996100962315
2.792042007938421e8	4626.833077980704	-18.600219893438755	-4.882391536120975
2.802792007938421e8	4625.025676871807	-18.610708398829665	-4.9021706072350115
2.813542007938421e8	4623.218981796327	-18.62119690422058	-4.92234879748288
2.824292007938421e8	4621.41299247848	-18.631685409611492	-4.942942546710555
2.835042007938421e8	4619.607708642548	-18.642173915002402	-4.963969331905375
2.845792007938421e8	4617.7812953070115	-18.652758818894895	-4.981485973664306
2.856542007938421e8	4615.954218930726	-18.66334984047685	-4.999059518443565
2.867292007938421e8	4614.12786545747	-18.673940862058807	-5.016947425391535
2.878042007938421e8	4612.302234601225	-18.684531883640762	-5.035161146534339
2.888792007938421e8	4610.477326076065	-18.695122905222718	-5.053712771312068
2.899542007938421e8	4608.6531395962	-18.705713926804677	-5.072615074778626
2.910292007938421e8	4606.829674875944	-18.71630494838663	-5.091881570445476
2.921042007938421e8	4605.006931629725	-18.726895969968584	-5.111526568316745
2.931792007938421e8	4603.184909572092	-18.73748699155054	-5.1315652387399835
2.942542007938421e8	4601.363608417691	-18.7480780131325	-5.1520136827862375
2.953292007938421e8	4599.543027881279	-18.75866903471445	-5.172889009977411
2.964042007938421e8	4597.706305033246	-18.769267562985547	-5.191508490160794
2.974792007938421e8	4595.8611073214015	-18.77987019214281	-5.208980623395042
2.985542007938421e8	4594.01665014285	-18.79047282130007	-5.226763468920437
2.996292007938421e8	4592.172933200394	-18.801075450457333	-5.2448682781089095
3.007042007938421e8	4590.329956196956	-18.811678079614595	-5.263306924763634
3.017792007938421e8	4588.487718835575	-18.82228070877186	-5.282091951893837
3.028542007938421e8	4586.646220819411	-18.832883337929122	-5.30123662296769
3.039292007938421e8	4584.805461851742	-18.843485967086387	-5.320754978167826
3.050042007938421e8	4582.965441635956	-18.85408859624365	-5.34066189624708
3.060792007938421e8	4581.126159875589	-18.86469122540091	-5.360973162667107
3.071542007938421e8	4579.287616274267	-18.875293854558173	-5.381705544801563
3.082292007938421e8	4577.431823807779	-18.885931372232445	-5.401411124071598
3.093042007938421e8	4575.543949493699	-18.89663260342032	-5.418787439294713
3.103792007938421e8	4573.656853797316	-18.907333834608192	-5.436471038174523
3.114542007938421e8	4571.770536397504	-18.918035065796065	-5.454472984700838
3.125292007938421e8	4569.884996973269	-18.928736296983942	-5.472804951386867
3.136042007938421e8	4568.000235203744	-18.939437528171815	-5.491479264729296
3.146792007938421e8	4566.116250768213	-18.95013875935969	-5.510508954994445
3.157542007938421e8	4564.233043346074	-18.960839990547562	-5.529907810834096
3.168292007938421e8	4562.350612616861	-18.97154122173544	-5.549690439304397
3.179042007938421e8	4560.468958260235	-18.982242452923312	-5.569872331942195
3.189792007938421e8	4558.588079956012	-18.992943684111186	-5.590469937647582
3.200542007938421e8	4556.7066166918485	-19.003647460101032	-5.610861771404396
3.211292007938421e8	4554.818534820937	-19.014365072401127	-5.628138286484529
3.222042007938421e8	4552.931235281094	-19.02508268470122	-5.6457185346751455
3.232792007938421e8	4551.0447177481565	-19.035800297001316	-5.6636133870596534
3.243542007938421e8	4549.158981898092	-19.046517909301407	-5.6818343090125465
3.254292007938421e8	4547.274027407024	-19.057235521601502	-5.700393404322266
3.265042007938421e8	4545.389853951186	-19.067953133901597	-5.719303463486482
3.275792007938421e8	4543.506461206955	-19.078670746201688	-5.738578016662404
3.286542007938421e8	4541.623848850832	-19.089388358501786	-5.758231391821147
3.297292007938421e8	4539.7420165594785	-19.100105970801877	-5.778278778732232
3.308042007938421e8	4537.860964009666	-19.110823583101972	-5.798736299493983
3.318792007938421e8	4535.980690878304	-19.121541195402067	-5.819621086430254
3.329542007938421e8	4534.058501769178	-19.13226881556834	-5.836965022592336
3.340292007938421e8	4532.135213214328	-19.142996884575386	-5.854433500516637
3.351042007938421e8	4530.212740493422	-19.15372495358243	-5.872212559579752
3.361792007938421e8	4528.291083260409	-19.164453022589477	-5.890313443966056
3.372542007938421e8	4526.370241169364	-19.17518109159652	-5.908748019756198
3.383292007938421e8	4524.450213874511	-19.185909160603565	-5.927528821651188
3.394042007938421e8	4522.531001030226	-19.196637229610612	-5.946669104168697
3.404792007938421e8	4520.61260229103	-19.20736529861766	-5.966182897835275
3.415542007938421e8	4518.69501731159	-19.218093367624704	-5.9860850709711775
3.426292007938421e8	4516.778245746711	-19.228821436631748	-6.0063913977493195
3.437042007938421e8	4514.86228725137	-19.23954950563879	-6.027118633308795
3.447792007938421e8	4513.018404213208	-19.249864830988184	-6.043620241112866
3.458542007938421e8	4511.197935586537	-19.2600488526654	-6.058894422732124
3.469292007938421e8	4509.378201303422	-19.270232874342618	-6.074405528475224
3.480042007938421e8	4507.55920106766	-19.280416896019837	-6.090161024358046
3.490792007938421e8	4505.740934583132	-19.290600917697052	-6.106168734960199
3.501542007938421e8	4503.923401553872	-19.300784939374267	-6.122436866759637
3.512292007938421e8	4502.1066016840105	-19.310968961051486	-6.138974033396949
3.523042007938421e8	4500.290534677805	-19.321152982728705	-6.155789283063997
3.533792007938421e8	4498.475200239631	-19.331337004405924	-6.172892128234943
3.544542007938421e8	4496.660598073975	-19.34152102608314	-6.1902925779842715
3.555292007938421e8	4494.846727885461	-19.351705047760355	-6.208001173166678
3.566042007938421e8	4493.0335893788315	-19.361889069437574	-6.226029024768469
3.576792007938421e8	4491.221182258931	-19.372073091114792	-6.244387855779861
3.587542007938421e8	4489.409506230722	-19.382257112792008	-6.2630900469833355
3.598292007938421e8	4487.598560999321	-19.392441134469227	-6.282148687105943
3.609042007938421e8	4485.7883462699065	-19.402625156146446	-6.301577627844363
3.619792007938421e8	4483.978861747831	-19.41280917782366	-6.3213915443421085
3.630542007938421e8	4482.170107138525	-19.42299319950088	-6.341606001780287
3.641292007938421e8	4480.362082147572	-19.4331772211781	-6.362237528838858
3.652042007938421e8	4478.55478648065	-19.443361242855314	-6.38330369889697
3.662792007938421e8	4476.748219843555	-19.453545264532533	-6.404823219971841
3.673542007938421e8	4474.9423819422245	-19.46372928620975	-6.426816034549563
3.684292007938421e8	4473.137272482693	-19.473913307886967	-6.449303430642795
3.695042007938421e8	4471.325372752293	-19.48410878128036	-6.471557853631638
3.705792007938421e8	4469.440589537338	-19.49441643185668	-6.486830743793052
3.716542007938421e8	4467.55660080892	-19.504724082433	-6.502340517703847
3.727292007938421e8	4465.673406232131	-19.515031733009323	-6.518094639456514
3.738042007938421e8	4463.791005472215	-19.525339383585642	-6.534100931583134
3.748792007938421e8	4461.909398194566	-19.535647034161965	-6.550367598379811
3.759542007938421e8	4460.028584064695	-19.545954684738287	-6.566903251159765
3.770292007938421e8	4458.148562748274	-19.556262335314607	-6.583716935629627
3.781042007938421e8	4456.269333911114	-19.56656998589093	-6.600818161606863
3.791792007938421e8	4454.390897219161	-19.576877636467252	-6.618216935322738
3.802542007938421e8	4452.513252338507	-19.58718528704357	-6.635923794585544
3.813292007938421e8	4450.636398935381	-19.597492937619894	-6.6539498471135285
3.824042007938421e8	4448.760336676155	-19.607800588196213	-6.6723068123866485
3.834792007938421e8	4446.8850652273395	-19.618108238772535	-6.691007067412073
3.845542007938421e8	4445.010584255588	-19.628415889348858	-6.710063696850988
3.856292007938421e8	4443.1368934276925	-19.63872353992518	-6.72949054801515
3.867042007938421e8	4441.263992410586	-19.6490311905015	-6.7493022913121745
3.877792007938421e8	4439.391880871351	-19.659338841077822	-6.769514486800467
3.888542007938421e8	4437.520558477185	-19.669646491654145	-6.7901436576101535
3.899292007938421e8	4435.65002489545	-19.679954142230464	-6.811207371097967
3.910042007938421e8	4433.78027979364	-19.690261792806787	-6.832724328734725
3.920792007938421e8	4431.911322839392	-19.700569443383106	-6.854714465877878
3.931542007938421e8	4430.043153700478	-19.71087709395943	-6.877199062763004
3.942292007938421e8	4428.175772044814	-19.72118474453575	-6.900200868262951
3.953042007938421e8	4426.280887333782	-19.731549844859057	-6.9184871320808465
3.963792007938421e8	4424.370769581612	-19.741947540091417	-6.934087808120244
3.974542007938421e8	4422.461476121872	-19.752345235323773	-6.949935727509877
3.985292007938421e8	4420.553006598845	-19.76274293055613	-6.9660388533673645
3.996042007938421e8	4418.645360656979	-19.773140625788486	-6.982405539825232
4.006792007938421e8	4416.738537940851	-19.78353832102084	-6.999044558057634
4.017542007938421e8	4414.832538095211	-19.7939360162532	-7.015965124509263
4.028292007938421e8	4412.927360764959	-19.804333711485555	-7.033176931553893
4.039042007938421e8	4411.023005595147	-19.81473140671791	-7.050690180837903
4.049792007938421e8	4409.119472230979	-19.825129101950267	-7.068515619596
4.060542007938421e8	4407.216760317814	-19.835526797182624	-7.086664580262811
4.071292007938421e8	4405.314869501169	-19.84592449241498	-7.1051490237459864
4.082042007938421e8	4403.413799426701	-19.856322187647336	-7.1239815867745735
4.092792007938421e8	4401.513549740212	-19.866719882879693	-7.14317563379209
4.103542007938421e8	4399.614120087701	-19.87711757811205	-7.162745313928018
4.114292007938421e8	4397.715510115268	-19.887515273344405	-7.18270562365603
4.125042007938421e8	4395.817719469197	-19.89791296857676	-7.203072475834017
4.135792007938421e8	4393.920747795915	-19.908310663809118	-7.223862775922136
4.146542007938421e8	4392.02459474201	-19.918708359041474	-7.245094506293501
4.157292007938421e8	4390.129259954192	-19.92910605427383	-7.266786819691029
4.168042007938421e8	4388.234743079376	-19.939503749506187	-7.288960143047514
4.178792007938421e8	4386.341043764579	-19.949901444738543	-7.311636293079277
4.189542007938421e8	4384.4481616569965	-19.9602991399709	-7.334838605292813
4.200292007938421e8	4382.5421262239515	-19.970723600794027	-7.35619811523641
4.211042007938421e8	4380.602314537247	-19.98121439057064	-7.371985858894743
4.221792007938421e8	4378.663361454821	-19.99170518034725	-7.388026859097019
4.232542007938421e8	4376.725266596626	-20.002195970123864	-7.404329373637281
4.243292007938421e8	4374.788029582794	-20.012686759900475	-7.420902070898623
4.254042007938421e8	4372.851650033623	-20.02317754967709	-7.437754057532674
4.264792007938421e8	4370.916127569579	-20.0336683394537	-7.4548949085116005
4.275542007938421e8	4368.981461811291	-20.044159129230316	-7.472334699800934
4.286292007938421e8	4367.047652379584	-20.054649919006927	-7.490084043932359
4.297042007938421e8	4365.114698895398	-20.065140708783538	-7.508154128790941
4.307792007938421e8	4363.182600979894	-20.075631498560156	-7.52655675997176
4.318542007938421e8	4361.251358254371	-20.086122288336767	-7.5453044071075395
4.329292007938421e8	4359.320970340302	-20.09661307811338	-7.564410254622542
4.340042007938421e8	4357.391436859321	-20.10710386788999	-7.58388825743014
4.350792007938421e8	4355.462757433253	-20.117594657666608	-7.603753202163387
4.361542007938421e8	4353.534931684064	-20.12808544744322	-7.624020774611558
4.372292007938421e8	4351.607959233899	-20.13857623721983	-7.644707634133125
4.383042007938421e8	4349.681839705062	-20.149067026996445	-7.665831495929551
4.393792007938421e8	4347.756572720052	-20.15955781677306	-7.687411222197922
4.404542007938421e8	4345.832157901484	-20.17004860654967	-7.709466923337689
4.415292007938421e8	4343.908594872192	-20.18053939632628	-7.732020070572307
4.426042007938421e8	4341.985883255149	-20.191030186102893	-7.7550936215664965
4.436792007938421e8	4340.0640226734995	-20.20152097587951	-7.778712160881195
4.447542007938421e8	4338.14175903192	-20.212014894355587	-7.802650672254065
4.458292007938421e8	4336.179365747215	-20.22261112827823	-7.818787691965333
4.469042007938421e8	4334.21786016689	-20.23320736220088	-7.835189392072297
4.479792007938421e8	4332.257241889369	-20.24380359612352	-7.851864600175447
4.490542007938421e8	4330.297510513287	-20.254399830046168	-7.868822593001669
4.501292007938421e8	4328.338665637434	-20.264996063968812	-7.886073127397865
4.512042007938421e8	4326.380706860809	-20.275592297891457	-7.903626474045132
4.522792007938421e8	4324.4236337825705	-20.286188531814105	-7.921493454185158
4.533542007938421e8	4322.467446002057	-20.296784765736746	-7.939685479687704
4.544292007938421e8	4320.512143118814	-20.307380999659394	-7.9582145968306595
4.555042007938421e8	4318.557724732541	-20.31797723358204	-7.977093534213286
4.565792007938421e8	4316.604190443131	-20.328573467504683	-7.99633575527992
4.576542007938421e8	4314.651539850647	-20.339169701427327	-8.015955515996962
4.587292007938421e8	4312.699772555349	-20.349765935349975	-8.03596792830207
4.598042007938421e8	4310.748888157679	-20.36036216927262	-8.0563890300329
4.608792007938421e8	4308.798886258243	-20.370958403195267	-8.077235862146086
4.619542007938421e8	4306.849766457829	-20.381554637117908	-8.098526554157877
4.630292007938421e8	4304.901528357425	-20.392150871040556	-8.120280418879839
4.641042007938421e8	4302.954171558183	-20.402747104963197	-8.14251805769007
4.651792007938421e8	4301.007695661437	-20.413343338885845	-8.165261477777982
4.662542007938421e8	4299.062100268704	-20.423939572808493	-8.188534223034983
4.673292007938421e8	4297.117384981673	-20.434535806731134	-8.212361520542496
4.684042007938421e8	4295.173549402238	-20.44513204065378	-8.236770444942152
4.694792007938421e8	4293.230593132438	-20.455728274576426	-8.261790103373436
4.705542007938421e8	4291.258288652291	-20.46642213875554	-8.279593932711272
4.716292007938421e8	4289.282820468147	-20.477129153961087	-8.296647451755023
4.727042007938421e8	4287.308261685003	-20.487836169166638	-8.313996846324368
4.737792007938421e8	4285.334611884204	-20.49854318437219	-8.331652564738082
4.748542007938421e8	4283.361870647317	-20.509250199577735	-8.349625618723465
4.759292007938421e8	4281.390037556082	-20.519957214783282	-8.367927624666759
4.770042007938421e8	4279.419112192425	-20.530664229988833	-8.386570848709326
4.780792007938421e8	4277.449094138496	-20.541371245194384	-8.405568256127953
4.791542007938421e8	4275.479982976606	-20.55207826039993	-8.424933565497222
4.802292007938421e8	4273.511778289266	-20.56278527560548	-8.444681308200606
4.813042007938421e8	4271.544479659187	-20.573492290811032	-8.46482689393694
4.823792007938421e8	4269.578086669288	-20.58419930601658	-8.485386682962044
4.834542007938421e8	4267.612598902625	-20.594906321222126	-8.506378065913866
4.845292007938421e8	4265.648015942499	-20.605613336427677	-8.52781955219705
4.856042007938421e8	4263.684337372392	-20.616320351633227	-8.549730868052428
4.866792007938421e8	4261.721562775957	-20.627027366838774	-8.572133065613512
4.877542007938421e8	4259.759691737072	-20.63773438204433	-8.595048644461022
4.888292007938421e8	4257.798723839759	-20.648441397249872	-8.61850168743459
4.899042007938421e8	4255.838658668282	-20.659148412455423	-8.642518012756598
4.909792007938421e8	4253.879495807057	-20.669855427660973	-8.66712534487725
4.920542007938421e8	4251.9212348407245	-20.68056244286652	-8.692353506875474
4.931292007938421e8	4249.963875354085	-20.69126945807207	-8.718234637764054
4.942042007938421e8	4248.00741693216	-20.701976473277618	-8.744803438670333
4.952792007938421e8	4246.0431408051	-20.712771994481166	-8.764083553742568
4.963542007938421e8	4244.078147908512	-20.723584020329554	-8.782225847267233
4.974292007938421e8	4242.114064375517	-20.734396046177935	-8.800703374886314
4.985042007938421e8	4240.150889785287	-20.745208072026323	-8.819528759146216
4.995792007938421e8	4238.18862371718	-20.75602009787471	-8.838715349208627
5.006542007938421e8	4236.2272657507465	-20.7668321237231	-8.858277277713414
5.017292007938421e8	4234.266815465734	-20.777644149571483	-8.87822952331513
5.028042007938421e8	4232.3072724420845	-20.788456175419867	-8.898587979586287
5.038792007938421e8	4230.348636259932	-20.799268201268255	-8.919369531081427
5.049542007938421e8	4228.390906499608	-20.810080227116643	-8.94059213747401
5.060292007938421e8	4226.434082741635	-20.820892252965027	-8.962274926816582
5.071042007938421e8	4224.4781645667335	-20.83170427881341	-8.984438299137746
5.081792007938421e8	4222.523151555822	-20.8425163046618	-9.007104041781991
5.092542007938421e8	4220.569043289991	-20.853328330510184	-9.030295458126787
5.103292007938421e8	4218.61583935055	-20.864140356358572	-9.054037511583081
5.114042007938421e8	4216.663539318992	-20.874952382206956	-9.07835698710991
5.124792007938421e8	4214.712142777012	-20.885764408055344	-9.103282672863166
5.135542007938421e8	4212.761649306469	-20.89657643390373	-9.128845565067586
5.146292007938421e8	4210.812058489467	-20.907388459752113	-9.155079099768464
5.157042007938421e8	4208.863369908252	-20.9182004856005	-9.182019415809458
5.167792007938421e8	4206.915583145294	-20.929012511448885	-9.209705654225434
5.178542007938421e8	4204.968697783245	-20.939824537297277	-9.238180300274164
5.189292007938421e8	4203.022713404955	-20.95063656314566	-9.267489575608016
5.200042007938421e8	4201.078101272675	-20.96154515186744	-9.288368728562487
5.210792007938421e8	4199.13444980268	-20.972466223891043	-9.308469408681798
5.221542007938421e8	4197.1916975735485	-20.983387295914646	-9.328982428621089
5.232292007938421e8	4195.24984416922	-20.994308367938253	-9.34992506056672
5.243042007938421e8	4193.308889173854	-21.00522943996186	-9.371315685215242
5.253792007938421e8	4191.3688321718	-21.01615051198546	-9.393173888708203
5.264542007938421e8	4189.4296727476	-21.027071584009065	-9.415520570399924
5.275292007938421e8	4187.491410485974	-21.03799265603267	-9.4383780629443
5.286042007938421e8	4185.554044971848	-21.04891372805627	-9.461770266430067
5.296792007938421e8	4183.617575790348	-21.059834800079877	-9.485722798584042
5.307542007938421e8	4181.682002526764	-21.07075587210348	-9.510263163408903
5.318292007938421e8	4179.747324766604	-21.081676944127082	-9.535420941038918
5.329042007938421e8	4177.813542095556	-21.09259801615069	-9.561228002100103
5.339792007938421e8	4175.880654099504	-21.10351908817429	-9.587718750470858
5.350542007938421e8	4173.948660364528	-21.114440160197898	-9.614930399081649
5.361292007938421e8	4172.017560476873	-21.1253612322215	-9.642903284300852
5.372042007938421e8	4170.087354023023	-21.136282304245103	-9.67168122557188
5.382792007938421e8	4168.158040589605	-21.14720337626871	-9.701311938349763
5.393542007938421e8	4166.229619763473	-21.158124448292313	-9.73184751010646
5.404292007938421e8	4164.302091131643	-21.16904552031592	-9.763344951329286
5.415042007938421e8	4162.375454281343	-21.17996659233952	-9.795866836152912
5.425792007938421e8	4160.449708799986	-21.190887664363125	-9.829482050712402
5.436542007938421e8	4158.526333645739	-21.20181634101563	-9.863793422983152
5.447292007938421e8	4156.640237220756	-21.212932161974802	-9.887331534700705
5.458042007938421e8	4154.754996233343	-21.224047982933975	-9.911437072079039
5.468792007938421e8	4152.870610295539	-21.235163803893144	-9.936138069827285
5.479542007938421e8	4150.987079019538	-21.246279624852313	-9.961464693053358
5.490292007938421e8	4149.104402017686	-21.25739544581149	-9.987449458742446
5.501042007938421e8	4147.222578902556	-21.26851126677066	-10.014127486786668
5.511792007938421e8	4145.341609286848	-21.27962708772983	-10.041536785427411
5.522542007938421e8	4143.461492783457	-21.290742908689	-10.069718576931365
5.533292007938421e8	4141.582229005478	-21.301858729648174	-10.098717670503323
5.544042007938421e8	4139.703817566127	-21.312974550607343	-10.128582890903639
5.554792007938421e8	4137.826258078856	-21.324090371566513	-10.159367573063811
5.565542007938421e8	4135.949550157242	-21.33520619252569	-10.191130135283574
5.576292007938421e8	4134.073693415064	-21.34632201348486	-10.223934746483952
5.587042007938421e8	4132.198687466271	-21.35743783444403	-10.25785210666696
5.597792007938421e8	4130.324531924986	-21.368553655403204	-10.292960364441976
5.608542007938421e8	4128.451226405507	-21.379669476362373	-10.329346201560146
5.619292007938421e8	4126.578770522308	-21.390785297321546	-10.36710612231793
5.630042007938421e8	4124.707163890031	-21.40190111828072	-10.406347996099324
5.640792007938421e8	4122.836406123518	-21.41301693923989	-10.447192915138677
5.651542007938421e8	4120.966496837746	-21.42413276019906	-10.489777448109097
5.662292007938421e8	4119.097435647886	-21.43524858115823	-10.53425639526262
5.673042007938421e8	4117.229222169302	-21.446364402117403	-10.580806185336028
5.683792007938421e8	4115.535498264869	-21.457565704485692	-10.62094924518423
5.694542007938421e8	4114.014359486091	-21.468851656126244	-10.653887313551726
5.705292007938421e8	4112.493782933838	-21.480137607766792	-10.687947358908797
5.716042007938421e8	4110.9737684002885	-21.491423559407345	-10.723208521259114
5.726792007938421e8	4109.454315677724	-21.502709511047893	-10.759758621034376
5.737542007938421e8	4107.935424558501	-21.513995462688445	-10.79769547690494
5.748292007938421e8	4106.417094835032	-21.525281414328994	-10.837128483567529
5.759042007938421e8	4104.8993262998265	-21.536567365969546	-10.878180513592858
5.769792007938421e8	4103.382118745465	-21.547853317610095	-10.920990226637258
5.780542007938421e8	4101.865471964611	-21.559139269250647	-10.965714895428562
5.791292007938421e8	4100.3493857499825	-21.570425220891195	-11.012533893832611
5.802042007938421e8	4098.833859894405	-21.581711172531747	-11.061653042327306
5.812792007938421e8	4097.318894190748	-21.5929971241723	-11.113310076932802
5.823542007938421e8	4095.8044884319843	-21.604283075812848	-11.167781609236258
5.834292007938421e8	4094.290642411152	-21.615569027453397	-11.225392093643542
5.845042007938421e8	4092.777355921374	-21.62685497909395	-11.286525539251311
5.855792007938421e8	4091.2646287558355	-21.638140930734497	-11.35164104050924
5.866542007938421e8	4089.752460707798	-21.64942688237505	-11.421293725745876
5.877292007938421e8	4088.2408515706143	-21.660712834015598	-11.496163562823448
5.888042007938421e8	4086.729801137705	-21.67199878565615	-11.57709584713907
5.898792007938421e8	4085.219309202577	-21.6832847372967	-11.66515956324566
5.909542007938421e8	4083.709375558788	-21.69457068893725	-11.761734013527274
5.920292007938421e8	4082.1999999999966	-21.7058566405778	-11.868641922452476
