-3.610443118045792e6	9564.347370906746	-13.653388363685503	4.588229569120317
-3.539893118045792e6	9527.543334410322	-13.659675000276396	4.53845941875459
-3.469343118045792e6	9490.88092149258	-13.665961636867287	4.486081863224476
-3.398793118045792e6	9454.359587179673	-13.672248273458179	4.430808526927385
-3.328243118045792e6	9417.978788594784	-13.67853491004907	4.372300378437949
-3.257693118045792e6	9381.737984950178	-13.684821546639963	4.3101551243509055
-3.187143118045792e6	9345.636637539032	-13.691108183230854	4.243890419995438
-3.116593118045792e6	9309.674209727553	-13.697394819821746	4.17292111215311
-3.046043118045792e6	9270.428551745712	-13.703551706211275	4.110416781322538
-2.975493118045792e6	9229.274291644688	-13.70962958685083	4.052681286255474
-2.904943118045792e6	9188.302727857523	-13.715707467490386	3.9914070497432594
-2.834393118045792e6	9147.513049339585	-13.72178534812994	3.9261317881057916
-2.763843118045792e6	9106.90444864667	-13.727863228769495	3.856296262302721
-2.693293118045792e6	9066.476121919075	-13.733941109409049	3.781215113555833
-2.622743118045792e6	9026.227268865667	-13.740018990048606	3.7000358348997833
-2.552193118045792e6	8980.866707559288	-13.745831109813802	3.633389318835773
-2.481643118045792e6	8934.655832548968	-13.75158877014044	3.5666972588739263
-2.411093118045792e6	8888.68273469744	-13.757346430467084	3.4952375078779276
-2.340543118045792e6	8842.946190526944	-13.763104090793723	3.4182755538049525
-2.269993118045792e6	8797.444982855159	-13.768861751120365	3.334892873156366
-2.199443118045792e6	8752.17790076266	-13.774619411447006	3.2439198191044563
-2.128893118045792e6	8701.42999642122	-13.78001444263513	3.167320517418246
-2.058343118045792e6	8649.343530080243	-13.785305196982625	3.0915893696734713
-1.987793118045792e6	8597.568851569182	-13.79059595133012	3.0096496211593813
-1.917243118045792e6	8546.104094536639	-13.795886705677617	2.9203916371923944
-1.846693118045792e6	8494.94740380307	-13.801177460025109	2.8223788496438686
-1.776143118045792e6	8440.950644532826	-13.806248599309477	2.7259023661271087
-1.705593118045792e6	8381.709779665309	-13.810927037296416	2.6429489549069705
-1.635043118045792e6	8322.884683141687	-13.815605475283354	2.552486696939656
-1.564493118045792e6	8264.472436987737	-13.820283913270293	2.4530196788949854
-1.493943118045792e6	8206.470143708362	-13.82496235125723	2.3425550048621777
-1.423393118045792e6	8143.440217175757	-13.829387381501167	2.232619271924015
-1.352843118045792e6	8074.819749280366	-13.833526770414743	2.126990190467355
-1.282293118045792e6	8005.04571924868	-13.837512796473897	2.0150901097438374
-1.211743118045792e6	7931.502791221708	-13.841108141924357	1.9068271438842077
-1.141193118045792e6	7857.453478348036	-13.844613145037506	1.789289790976898
-1.070643118045792e6	7778.105178090556	-13.847655781340276	1.67849700601234
-1.000093118045792e6	7698.825330184659	-13.850623070959058	1.5568320682225314
-929543.118045792	7614.7380155425435	-13.853006815956745	1.4441552690955315
-858993.118045792	7530.983856727649	-13.855342988057355	1.3193012191249323
-788443.118045792	7441.167852357177	-13.857104932085637	1.2060695275403055
-717893.118045792	7352.106009882352	-13.858838194289964	1.0798072754698895
-647343.118045792	7257.8097233575245	-13.859994236833664	0.9683547225877892
-576793.118045792	7164.722857594629	-13.861150279377362	0.8429040765171519
-506243.118045792	7067.549186997994	-13.861891686181835	0.7355253556725125
-435693.118045792	6971.5174859208755	-13.86261908007143	0.6165643071146784
-365143.118045792	6874.649830046512	-13.86330703946146	0.5117883294120257
-294593.118045792	6778.526741900779	-13.86398376272558	0.40424141786529244
-224043.11804579198	6684.33360719058	-13.864898477084015	0.29888721249173134
-153493.11804579198	6592.351302493727	-13.866184655201282	0.20720253374416384
-82943.11804579198	6501.634755144511	-13.867470833318546	0.10625540978482481
-12393.118045791984	6418.0628150522525	-13.870016272126673	0.02026411746951877
58156.88195420802	6338.473578796859	-13.873190525450422	-0.05968206809804706
128706.88195420802	6259.871314266476	-13.876364778774175	-0.14657938551797087
199256.88195420802	6190.579639351733	-13.881233241241816	-0.22692252453994724
269806.881954208	6132.552205488126	-13.888255781041735	-0.2940696230258613
340356.881954208	6075.0686921096785	-13.895278320841655	-0.36605208190388633
410906.881954208	6018.124000774585	-13.902300860641573	-0.44362072064422603
481456.881954208	5972.23783575023	-13.91158585535561	-0.5092654693589886
552006.881954208	5931.914595153637	-13.921998594373324	-0.5697957427453749
622556.881954208	5891.863608237655	-13.932411333391034	-0.6342273464221961
693106.881954208	5852.083036805109	-13.942824072408747	-0.7030980405213579
763656.881954208	5815.4889439971885	-13.953965530815802	-0.7669638222730673
834206.881954208	5782.863394955296	-13.966046290283202	-0.8214143264196399
904756.881954208	5750.420878924123	-13.9781270497506	-0.879001289157829
975306.881954208	5718.160369067861	-13.990207809218003	-0.9401082481108631
1.045856881954208e6	5686.0808443112965	-14.0022885686854	-1.0051936993979742
1.116406881954208e6	5658.554686736565	-14.015570444884581	-1.0579747006438782
1.186956881954208e6	5632.247506155658	-14.02915181177647	-1.10930549680352
1.257506881954208e6	5606.062630260033	-14.04273317866836	-1.1634143883589803
1.328056881954208e6	5579.999490443109	-14.05631454556025	-1.2206193769255533
1.398606881954208e6	5554.0575207418115	-14.069895912452138	-1.2812963979024496
1.469156881954208e6	5531.449129683339	-14.084415215539103	-1.3303490328256016
1.539706881954208e6	5509.617253446953	-14.099135080588685	-1.3784655228973135
1.610256881954208e6	5487.8715446521865	-14.113854945638264	-1.4290147577534185
1.680806881954208e6	5466.211663207902	-14.128574810687846	-1.4822558950053
1.751356881954208e6	5444.637270365231	-14.143294675737426	-1.5384918453165495
1.821906881954208e6	5424.797226534869	-14.158606772731014	-1.5885719059428156
1.892456881954208e6	5406.289908246987	-14.174373027045458	-1.6336725069959366
1.963006881954208e6	5387.845729799343	-14.190139281359901	-1.6809036386301124
2.033556881954208e6	5369.4644757831265	-14.205905535674344	-1.7304766149094395
2.104106881954208e6	5351.145931524419	-14.221671789988786	-1.7826358362262826
2.174656881954208e6	5333.214919179196	-14.237543149489213	-1.8356963471204648
2.245206881954208e6	5317.4707167330625	-14.254104369942235	-1.8781632194878426
2.315756881954208e6	5301.772992802125	-14.270665590395256	-1.9225138187202155
2.386306881954208e6	5286.121610176996	-14.287226810848278	-1.968923048154158
2.456856881954208e6	5270.516432053354	-14.303788031301298	-2.0175913616768573
2.527406881954208e6	5254.957322030718	-14.320349251754322	-2.068749996305749
2.597956881954208e6	5240.433916963905	-14.337323460603935	-2.1148839183630774
2.668506881954208e6	5226.752226784755	-14.354633001085066	-2.1566637655577203
2.739056881954208e6	5213.106256671753	-14.371942541566199	-2.200265565865535
2.809606881954208e6	5199.495913367186	-14.389252082047328	-2.245855498619232
2.880156881954208e6	5185.92110385682	-14.40656162252846	-2.293623569766746
2.950706881954208e6	5172.381735369259	-14.423871163009593	-2.3437883964757353
3.021256881954208e6	5160.458740123824	-14.4417881543406	-2.384689670115522
3.091806881954208e6	5148.728458672085	-14.459768765069123	-2.4260419349077957
3.162356881954208e6	5137.024841420152	-14.477749375797647	-2.4691782491622334
3.232906881954208e6	5125.347827757403	-14.495729986526172	-2.5142595183678496
3.303456881954208e6	5113.697357211017	-14.513710597254695	-2.561469448641999
3.374006881954208e6	5102.337896666306	-14.531796299361769	-2.6084057063644543
3.444556881954208e6	5091.953040003967	-14.550259961937693	-2.647841713909004
3.515106881954208e6	5081.589319779497	-14.568723624513613	-2.688896996338268
3.585656881954208e6	5071.246692973604	-14.587187287089538	-2.731710246314135
3.656206881954208e6	5060.925116654578	-14.605650949665458	-2.776438775608933
3.726756881954208e6	5050.624547978084	-14.624114612241382	-2.8232620046193255
3.797306881954208e6	5040.9748984777325	-14.642860271454188	-2.866610942879993
3.867856881954208e6	5031.9681565716355	-14.661885973013469	-2.9059589300369812
3.938406881954208e6	5022.977507068556	-14.680911674572751	-2.946918823010126
4.008956881954208e6	5014.002921216124	-14.699937376132034	-2.9896283486229986
4.079506881954208e6	5005.044370313303	-14.718963077691317	-3.0342436763131366
4.150056881954208e6	4996.101825710338	-14.7379887792506	-3.0809428653998996
4.220606881954208e6	4987.90649712724	-14.75728284244235	-3.1210486015033867
4.291156881954208e6	4979.909088287537	-14.77664471283559	-3.1605034641460543
4.361706881954208e6	4971.924502171793	-14.796006583228834	-3.2015791824980395
4.432256881954208e6	4963.952718220569	-14.815368453622076	-3.244414656726072
4.502806881954208e6	4955.993715907398	-14.834730324015318	-3.289167444086197
4.573356881954208e6	4948.122561293971	-14.854129913156543	-3.3351450614306937
4.643906881954208e6	4941.101273119262	-14.873950772071241	-3.37317295894868
4.714456881954208e6	4934.089948013783	-14.89377163098594	-3.41270434011247
4.785006881954208e6	4927.088571840134	-14.913592489900637	-3.4538630005938975
4.855556881954208e6	4920.097130480978	-14.933413348815336	-3.4967886848771323
4.926106881954208e6	4913.11560983901	-14.953234207730034	-3.5416399492849497
4.996656881954208e6	4906.411055839394	-14.973148153362168	-3.58451307442747
5.067206881954208e6	4900.123329589301	-14.993204384251065	-3.62281194616163
5.137756881954208e6	4893.84366126606	-15.01326061513996	-3.662636237178581
5.208306881954208e6	4887.572040543166	-15.033316846028857	-3.704112519089384
5.278856881954208e6	4881.308457107364	-15.053373076917755	-3.747383801339357
5.349406881954208e6	4875.052900658618	-15.073429307806652	-3.7926125068814796
5.419956881954208e6	4869.225751824465	-15.093722409922648	-3.832814067124212
5.490506881954208e6	4863.582502066939	-15.114115319448121	-3.871565517947546
5.561056881954208e6	4857.945792623921	-15.134508228973596	-3.9118793933183036
5.631606881954208e6	4852.315615915431	-15.154901138499072	-3.953886996993911
5.702156881954208e6	4846.691964370278	-15.175294048024547	-3.997736913350565
5.772706881954208e6	4841.097051652923	-15.195696709682645	-4.043201310435013
5.843256881954208e6	4836.039820405318	-15.216332762860938	-4.080921473844977
5.913806881954208e6	4830.987872172613	-15.236968816039232	-4.12012040971624
5.984356881954208e6	4825.941201435944	-15.257604869217525	-4.160918812716139
6.054906881954208e6	4820.899802682182	-15.278240922395819	-4.203452784809271
6.125456881954208e6	4815.863670403989	-15.298876975574112	-4.247876574683814
6.196006881954208e6	4811.011541696025	-15.319595272232911	-4.290446451460653
6.266556881954208e6	4806.442258429907	-15.34044158594994	-4.328563733746717
6.337106881954208e6	4801.8773148643595	-15.361287899666968	-4.368191717211465
6.407656881954208e6	4797.316706877736	-15.382134213383996	-4.409455108494993
6.478206881954208e6	4792.760430352306	-15.402980527101022	-4.452494723088008
6.548756881954208e6	4788.208481174217	-15.423826840818048	-4.497470385116821
6.619306881954208e6	4783.955408222099	-15.444826381650893	-4.537004207830826
6.689856881954208e6	4779.800925759793	-15.465875286122447	-4.57564030373149
6.760406881954208e6	4775.650051133066	-15.486924190594	-4.615829348343123
6.830956881954208e6	4771.502781208801	-15.507973095065555	-4.657701427822497
6.901506881954208e6	4767.359112856603	-15.529021999537107	-4.701403691002076
6.972056881954208e6	4763.261028814381	-15.55009894135237	-4.745759991171273
7.042606881954208e6	4759.423360571459	-15.57134757353546	-4.783600290129155
7.113156881954208e6	4755.588784264379	-15.59259620571855	-4.8229289831621385
7.183706881954208e6	4751.757297402045	-15.613844837901642	-4.8638679690445
7.254256881954208e6	4747.928897495333	-15.635093470084731	-4.90655476351323
7.324806881954208e6	4744.103582057152	-15.656342102267821	-4.951145286406461
7.395356881954208e6	4740.431343890854	-15.677637558673633	-4.992417091427855
7.465906881954208e6	4736.882419194893	-15.69897065070245	-5.0309568282556745
7.536456881954208e6	4733.336151401983	-15.720303742731272	-5.071041621352503
7.607006881954208e6	4729.792538523034	-15.741636834760087	-5.112800545803411
7.677556881954208e6	4726.251578570441	-15.762969926788905	-5.1563795589658685
7.748106881954208e6	4722.713269558091	-15.784303018817726	-5.2019445793497425
7.818656881954208e6	4719.355273103479	-15.805804260724832	-5.240039543320497
7.889206881954208e6	4716.005538087383	-15.827311065741117	-5.279313040812476
7.959756881954208e6	4712.6581806682225	-15.848817870757403	-5.320192221510629
8.030306881954208e6	4709.313199158429	-15.870324675773684	-5.362813998527847
8.100856881954208e6	4705.9705918716045	-15.891831480789971	-5.407333579249797
8.171406881954208e6	4702.688288711228	-15.913367959164312	-5.449923109772278
8.241956881954208e6	4699.491538272604	-15.934947115322176	-5.488415662461387
8.312506881954208e6	4696.29696089175	-15.956526271480039	-5.528449414355188
8.383056881954208e6	4693.104555091502	-15.978105427637903	-5.570152947441364
8.453606881954208e6	4689.914319395658	-15.999684583795766	-5.613671638186912
8.524156881954208e6	4686.7262523290765	-16.02126373995363	-5.659170715969113
8.594706881954208e6	4683.626038031628	-16.04297556902701	-5.698176259264702
8.665256881954208e6	4680.541096290284	-16.06470788365655	-5.737379183195482
8.735806881954208e6	4677.458186492865	-16.08644019828609	-5.778181906415131
8.806356881954208e6	4674.377307301032	-16.108172512915626	-5.820720574189272
8.876906881954208e6	4671.298457377278	-16.129904827545168	-5.865149486375422
8.947456881954208e6	4668.240220893848	-16.15165999695133	-5.908227223571243
9.018006881954208e6	4665.218396122632	-16.17345750755782	-5.946655198314621
9.088556881954208e6	4662.198527425763	-16.19525501816431	-5.986619101468458
9.159106881954208e6	4659.180613537046	-16.2170525287708	-6.028246842269305
9.229656881954208e6	4656.164653191094	-16.23885003937729	-6.071683004854363
9.300206881954208e6	4653.150645123355	-16.260647549983776	-6.117091878888693
9.370756881954208e6	4650.137219022337	-16.282500738456694	-6.156289197576681
9.441306881954208e6	4647.125503814529	-16.304363719511898	-6.1955596390179695
9.511856881954208e6	4644.115739178944	-16.326226700567098	-6.23643550864098
9.582406881954208e6	4641.107923852271	-16.3480896816223	-6.279053686246354
9.652956881954208e6	4638.102056572026	-16.369952662677505	-6.323569339841559
9.723506881954208e6	4635.101894929733	-16.39185505804106	-6.366636545978605
9.794056881954208e6	4632.110156252674	-16.41382546902916	-6.405314611040225
9.864606881954208e6	4629.120348601192	-16.43579588001726	-6.44554906890207
9.935156881954208e6	4626.13247072891	-16.45776629100536	-6.4874704478054595
1.0005706881954208e7	4623.146521390231	-16.47973670199346	-6.531226417710952
1.0076256881954208e7	4620.162499340393	-16.501707112981563	-6.576984929785749
1.0146806881954208e7	4617.093307053164	-16.523985033012277	-6.6159195971440745
1.0217356881954208e7	4614.017755368447	-16.546292624673377	-6.655530105425786
1.0287906881954208e7	4610.944252379188	-16.568600216334477	-6.696774549532761
1.0358456881954208e7	4607.872796720729	-16.59090780799558	-6.739793550791703
1.0429006881954208e7	4604.803387029297	-16.61321539965668	-6.784746703446019
1.0499556881954208e7	4601.746608789536	-16.635322467663215	-6.826520943755247
1.0570106881954208e7	4598.700779701816	-16.657260471809934	-6.86547635937569
1.0640656881954208e7	4595.656966604027	-16.679198475956653	-6.90601102763815
1.0711206881954208e7	4592.615168161808	-16.701136480103372	-6.948258424515436
1.0781756881954208e7	4589.575383041702	-16.72307448425009	-6.992369697270397
1.0852306881954208e7	4586.531924890615	-16.745010510590397	-7.037685376858831
1.0922856881954208e7	4583.430412865805	-16.76692562397086	-7.075978387930802
1.0993406881954208e7	4580.330998150456	-16.78884073735132	-7.115796342111295
1.1063956881954208e7	4577.233679326332	-16.810755850731784	-7.157265750520776
1.1134506881954208e7	4574.138454976144	-16.832670964112246	-7.200529551415062
1.1205056881954208e7	4571.045323683573	-16.85458607749271	-7.2457500833839195
1.1275606881954208e7	4567.823451991269	-16.876853977486643	-7.286868361325528
1.1346156881954208e7	4564.526920470062	-16.899329471103762	-7.325933915930224
1.1416706881954208e7	4561.232768007533	-16.921804964720884	-7.366587849185436
1.1487256881954208e7	4557.94099288677	-16.944280458338003	-7.408964820345895
1.1557806881954208e7	4554.651593392062	-16.966755951955122	-7.453217373763748
1.1628356881954208e7	4551.43896403638	-16.988700406001733	-7.495006126585022
1.1698906881954208e7	4548.390210355846	-17.009490507637345	-7.5284448662642625
1.1769456881954208e7	4545.343498864404	-17.03028060927296	-7.56304055365498
1.1840006881954208e7	4542.298828194113	-17.051070710908576	-7.598876125370485
1.1910556881954208e7	4539.256196977927	-17.071860812544188	-7.636043768674749
1.1981106881954208e7	4536.215603849738	-17.0926509141798	-7.674646350526458
1.2051656881954208e7	4533.177047444344	-17.11344101581541	-7.714799133695998
1.2122206881954208e7	4530.140526397467	-17.134231117451026	-7.756631852064772
1.2192756881954208e7	4527.106039345719	-17.155021219086642	-7.8002912392750705
1.2263306881954208e7	4524.0735849266475	-17.175811320722254	-7.845944135023108
1.2333856881954208e7	4521.043161778716	-17.196601422357865	-7.893781334955479
1.2404406881954208e7	4518.014768541264	-17.217391523993477	-7.944022408567433
1.2474956881954208e7	4514.794105397525	-17.23838262724536	-7.980656597110579
1.2545506881954208e7	4511.535958072582	-17.259414913332435	-8.01525622149094
1.2616056881954208e7	4508.280162022976	-17.280447199419505	-8.05109601749865
1.2686606881954208e7	4505.026715551875	-17.301479485506583	-8.088268205037567
1.2757156881954208e7	4501.775616963675	-17.322511771593657	-8.126875688845079
1.2827706881954208e7	4498.526864564019	-17.34354405768073	-8.167033775661828
1.2898256881954208e7	4495.280456659746	-17.364576343767805	-8.20887225085365
1.2968806881954208e7	4492.0363915589205	-17.38560862985488	-8.252537908738217
1.3039356881954208e7	4488.794667570843	-17.40664091594195	-8.298197661024835
1.3109906881954208e7	4485.555283006031	-17.427673202029023	-8.346042389488852
1.3180456881954208e7	4482.318236176202	-17.448705488116097	-8.396291767506765
1.3251006881954208e7	4478.99206421191	-17.46984984632629	-8.439327457712523
1.3321556881954208e7	4475.576902462282	-17.49110635830103	-8.474067643919463
1.3392106881954208e7	4472.164344720351	-17.512362870275773	-8.510058281871297
1.3462656881954208e7	4468.754389000587	-17.533619382250514	-8.547392762047988
1.3533206881954208e7	4465.3470333190035	-17.554875894225255	-8.586175344496581
1.3603756881954208e7	4461.942275693096	-17.576132406199996	-8.626522913939814
1.3674306881954208e7	4458.540114141903	-17.597388918174737	-8.668567104087261
1.3744856881954208e7	4455.140546685943	-17.618645430149478	-8.712456888455892
1.3815406881954208e7	4451.743571347274	-17.63990194212422	-8.758361766307464
1.3885956881954208e7	4448.349186149424	-17.66115845409896	-8.806475715674322
1.3956506881954208e7	4444.9573891174805	-17.6824149660737	-8.857022146368834
1.4027056881954208e7	4441.514090047993	-17.703760661442274	-8.90418632771653
1.4097606881954208e7	4437.9500289742855	-17.72531003520602	-8.939258847720708
1.4168156881954208e7	4434.3888278557815	-17.74685940896977	-8.975606299899852
1.4238706881954208e7	4430.830484397531	-17.76840878273352	-9.013324883116791
1.4309256881954208e7	4427.274996306426	-17.78995815649727	-9.05252211245397
1.4379806881954208e7	4423.722361291198	-17.811507530261018	-9.09331866679577
1.4450356881954208e7	4420.172577062414	-17.83305690402477	-9.135850629580728
1.4520906881954208e7	4416.6256413324845	-17.85460627778852	-9.180272227604844
1.4591456881954208e7	4413.081551815649	-17.876155651552267	-9.226759206923022
1.4662006881954208e7	4409.540306227994	-17.897705025316018	-9.27551303240459
1.4732556881954208e7	4406.001902287405	-17.919254399079765	-9.326766164515494
1.4803106881954208e7	4402.450207926217	-17.940735860224365	-9.375481226016849
1.4873656881954208e7	4398.856481157376	-17.962028140453548	-9.411290141921222
1.4944206881954208e7	4395.265687953136	-17.983320420682727	-9.448429111456539
1.5014756881954208e7	4391.677825918825	-18.004612700911906	-9.48700076341442
1.5085306881954208e7	4388.0928926617225	-18.02590498114109	-9.527120083384125
1.5155856881954208e7	4384.510885791065	-18.04719726137027	-9.568916480722185
1.5226406881954208e7	4380.931802918039	-18.068489541599448	-9.612536306643216
1.5296956881954208e7	4377.3556416557785	-18.08978182182863	-9.658145946996015
1.5367506881954208e7	4373.78239961937	-18.11107410205781	-9.70593565467112
1.5438056881954208e7	4370.2120744258455	-18.132366382286992	-9.756124344606427
1.5508606881954208e7	4366.644663694181	-18.153658662516168	-9.808965656942089
1.5579156881954208e7	4363.063808000468	-18.175002926232068	-9.862884600437205
1.5649706881954208e7	4359.32015695433	-18.1968743370572	-9.900007676917156
1.5720256881954208e7	4355.579718082887	-18.218745747882323	-9.938562186107818
1.5790806881954208e7	4351.842488629986	-18.24061715870745	-9.978662960163888
1.5861356881954208e7	4348.108465841845	-18.26248856953258	-10.020439228818086
1.5931906881954208e7	4344.377646967038	-18.284359980357706	-10.064037131635223
1.6002456881954208e7	4340.650029256505	-18.306231391182834	-10.109622803317722
1.6073006881954208e7	4336.925609963542	-18.32810280200796	-10.157386196449096
1.6143556881954208e7	4333.204386343802	-18.34997421283309	-10.207545863851967
1.6214106881954208e7	4329.486355655293	-18.371845623658217	-10.260355004978882
1.6284656881954208e7	4325.771515158377	-18.393717034483345	-10.316109199739975
1.6355206881954208e7	4322.049999856526	-18.415601887066533	-10.370765712565126
1.6425756881954208e7	4318.292142361787	-18.437540682635667	-10.410126334583726
1.6496306881954208e7	4314.537552180705	-18.459479478204802	-10.451099919133942
1.6566856881954208e7	4310.786226472458	-18.481418273773933	-10.49382433139236
1.6637406881954208e7	4307.038162398728	-18.503357069343068	-10.538455904403978
1.6707956881954208e7	4303.293357123639	-18.525295864912202	-10.585172892387885
1.6778506881954208e7	4299.551807813791	-18.547234660481337	-10.634179770962463
1.6849056881954208e7	4295.81351163824	-18.569173456050468	-10.685712646451359
1.6919606881954208e7	4292.0784657685235	-18.591112251619602	-10.740046136282615
1.6990156881954208e7	4288.34666737861	-18.613051047188737	-10.797502228321877
1.7060706881954208e7	4284.618113644954	-18.634989842757868	-10.858461844066111
1.7131256881954208e7	4280.889482506589	-18.656958390458907	-10.915585265148342
1.7201806881954208e7	4277.157181546598	-18.678988971609265	-10.959116377852219
1.7272356881954208e7	4273.428134599707	-18.701019552759625	-11.004629034254574
1.7342906881954208e7	4269.702338828906	-18.723050133909986	-11.052312274072666
1.7413456881954208e7	4265.979791399637	-18.745080715060347	-11.10238354960487
1.7484006881954208e7	4262.260489479836	-18.767111296210707	-11.155094721287952
1.7554556881954208e7	4258.544430239906	-18.789141877361068	-11.210739723220653
1.7625106881954208e7	4254.83161085269	-18.811172458511425	-11.269664489923196
1.7695656881954208e7	4251.122028493545	-18.833203039661786	-11.332279995239215
1.7766206881954208e7	4247.415680340241	-18.85523362081215	-11.399079652994352
1.7836756881954208e7	4243.712563573038	-18.877264201962507	-11.470662956658153
1.7907306881954208e7	4240.009501337443	-18.899470923856473	-11.534635613688852
1.7977856881954208e7	4236.305889502402	-18.921887646760915	-11.586464242397826
1.8048406881954208e7	4232.605512740448	-18.944304369665357	-11.641126615889847
1.8118956881954208e7	4228.9083682257715	-18.966721092569802	-11.698950619293598
1.8189506881954208e7	4225.214453135033	-18.989137815474244	-11.760324559286186
1.8260056881954208e7	4221.523764647365	-19.01155453837869	-11.825712987008565
1.8330606881954208e7	4217.836299944344	-19.03397126128313	-11.895678065630332
1.8401156881954208e7	4214.152056210022	-19.056387984187573	-11.970908991000103
1.8471706881954208e7	4210.471030630932	-19.07880470709202	-12.052263406544487
1.8542256881954208e7	4206.79322039602	-19.101221429996457	-12.140827205278033
1.8612806881954208e7	4203.118622696726	-19.123638152900902	-12.238003478000426
1.8683356881954208e7	4199.881399077716	-19.14636360981651	-12.316410081603042
1.8753906881954208e7	4196.8131921955155	-19.16920756424841	-12.38952093613816
1.8824456881954208e7	4193.747226779825	-19.192051518680316	-12.468401595146164
1.8895006881954208e7	4190.683501193135	-19.214895473112215	-12.554041380585897
1.8965556881954208e7	4187.622013799156	-19.23773942754412	-12.647708129944386
1.9036106881954208e7	4184.562762962783	-19.26058338197602	-12.751063669323527
1.9106656881954208e7	4181.505747050117	-19.28342733640792	-12.866346124468487
1.9177206881954208e7	4178.450964428419	-19.30627129083982	-12.996671645683334
1.9247756881954208e7	4175.398413466199	-19.329115245271726	-13.146563755318203
1.9318306881954208e7	4172.348092533103	-19.351959199703625	-13.322953617969267
1.9388856881954208e7	4169.299999999999	-19.374803154135527	-13.53726508267285
