-5.768548886537552e7	9279.015220323587	-15.666098937192839	4.569170584286463
-5.674548886537552e7	9255.223913780424	-15.66742288745233	4.530128030165326
-5.580548886537552e7	9231.49360792039	-15.668746837711822	4.489499005451529
-5.486548886537552e7	9207.824146338296	-15.670070787971316	4.447149098595808
-5.392548886537552e7	9184.215373029994	-15.671394738230807	4.402926057767232
-5.298548886537552e7	9160.667132391327	-15.672718688490303	4.356656486888004
-5.204548886537552e7	9137.179269217095	-15.674042638749793	4.308141739524575
-5.110548886537552e7	9113.751628700067	-15.675366589009284	4.257152764960092
-5.016548886537552e7	9090.384056429959	-15.676690539268778	4.203423568244731
-4.922548886537552e7	9067.076398392295	-15.67801448952827	4.146642811388699
-4.828548886537552e7	9039.233534463605	-15.678976589255344	4.101527007933742
-4.734548886537552e7	9011.400897987754	-15.679932741612076	4.0545371367558944
-4.640548886537552e7	8983.65396077504	-15.680888893968806	4.005229876378664
-4.546548886537552e7	8955.992458949497	-15.681845046325538	3.953364743342192
-4.452548886537552e7	8928.41612944768	-15.68280119868227	3.8986617620417605
-4.358548886537552e7	8900.924710016106	-15.683757351039	3.8407923142300264
-4.264548886537552e7	8873.517939208783	-15.68471350339573	3.779367174416133
-4.170548886537552e7	8846.195556384824	-15.685669655752463	3.713920624181051
-4.076548886537552e7	8815.166452181444	-15.686289755785953	3.6559274120532983
-3.982548886537552e7	8782.355897219244	-15.686741640825808	3.6007128017611034
-3.888548886537552e7	8749.667465023827	-15.687193525865661	3.5422704520890083
-3.794548886537552e7	8717.100701047284	-15.687645410905514	3.4801994292543093
-3.700548886537552e7	8684.655152433495	-15.688097295945369	3.4140191205519694
-3.606548886537552e7	8652.33036801195	-15.68854918098522	3.34314661390188
-3.512548886537552e7	8620.125898291399	-15.689001066025074	3.266865432672121
-3.418548886537552e7	8583.640128989398	-15.68904109566656	3.197714735784751
-3.324548886537552e7	8544.581097279408	-15.688824679743751	3.132334067567137
-3.230548886537552e7	8505.69979994958	-15.688608263820942	3.0623778730501297
-3.136548886537552e7	8466.995428236713	-15.688391847898135	2.987157219971848
-3.042548886537552e7	8428.467177057697	-15.688175431975328	2.905814817847024
-2.948548886537552e7	8390.114244992941	-15.687959016052517	2.8172652573265298
-2.854548886537552e7	8346.548121520245	-15.687189587967918	2.736169308759384
-2.760548886537552e7	8299.667264562628	-15.686054612121296	2.6593511000528216
-2.666548886537552e7	8253.049727808428	-15.684919636274675	2.5761371379383657
-2.572548886537552e7	8206.694032241787	-15.683784660428053	2.485364902647212
-2.478548886537552e7	8160.598707154238	-15.682649684581431	2.385522942777907
-2.384548886537552e7	8110.093003928398	-15.68106824098166	2.2843221123087747
-2.290548886537552e7	8053.028498574788	-15.678825205803442	2.1876398931868994
-2.196548886537552e7	7995.385850891653	-15.676474175050934	2.0829739534607774
-2.102548886537552e7	7931.7409649291585	-15.673410557877194	1.9834923710216126
-2.008548886537552e7	7868.602705111384	-15.67034694070345	1.873009730149921
-1.914548886537552e7	7798.1604995780735	-15.666367679130374	1.770551441895542
-1.820548886537552e7	7728.159595707764	-15.662365999869287	1.656975061814234
-1.726548886537552e7	7649.925623581253	-15.657373346151054	1.5511050290370463
-1.6325488865375519e7	7571.432201390726	-15.652261831414778	1.4356551777973692
-1.5385488865375519e7	7485.316979477209	-15.646147753552059	1.329517595584767
-1.4445488865375519e7	7398.938875710251	-15.639884081551228	1.2148047508540962
-1.3505488865375519e7	7305.848364071247	-15.632674881997104	1.111136528726511
-1.2565488865375519e7	7212.376863899892	-15.625272755601143	1.0013108717501793
-1.1625488865375519e7	7113.935235091193	-15.617189364189311	0.9018835100987503
-1.0685488865375519e7	7014.30290225399	-15.608821912442853	0.8024338741925259
-9.745488865375519e6	6914.909476586912	-15.600354535396784	0.7064610600456074
-8.805488865375519e6	6815.292769432576	-15.591744114883166	0.6229013577503189
-7.865488865375519e6	6717.111148070439	-15.58313369436955	0.5317175222813246
-6.925488865375519e6	6625.486442586028	-15.575527275689169	0.458687512911738
-5.985488865375519e6	6536.765099951205	-15.568247986871311	0.3893536688301916
-5.045488865375519e6	6449.231817499919	-15.560968698053456	0.3148521222373361
-4.105488865375519e6	6372.750164769667	-15.555426344498867	0.24844561397173776
-3.165488865375519e6	6308.21018784544	-15.551844068459687	0.1941306848342103
-2.225488865375519e6	6244.323839027385	-15.548261792420508	0.13669534839366684
-1.2854888653755188e6	6181.0844987020455	-15.544679516381331	0.07575909696016905
-345488.8653755188	6126.471651653127	-15.54256459282082	0.01989865832486706
594511.1346244812	6083.959181255976	-15.542599897902988	-0.025386694025582975
1.5345111346244812e6	6041.741711022382	-15.54263520298516	-0.0728204869410907
2.474511134624481e6	5999.817193903643	-15.542670508067326	-0.12261677147240682
3.414511134624481e6	5958.183597055884	-15.542705813149496	-0.17502327261769357
4.354511134624481e6	5922.087842565824	-15.543784770252639	-0.2192328251742485
5.294511134624481e6	5889.325727277736	-15.545486412877807	-0.2586158667768897
6.234511134624481e6	5856.744858237044	-15.547188055502975	-0.2996137468582168
7.174511134624481e6	5824.344232755045	-15.548889698128145	-0.3423645763290152
8.114511134624481e6	5792.122853690141	-15.550591340753314	-0.38702497884703024
9.054511134624481e6	5760.856960354771	-15.552456565183084	-0.4321242724452935
9.994511134624481e6	5735.815754316232	-15.555602516648102	-0.4659186072756307
1.0934511134624481e7	5710.883397013957	-15.558748468113123	-0.5008950646504606
1.1874511134624481e7	5686.059415305889	-15.561894419578142	-0.537139352750005
1.2814511134624481e7	5661.343338106625	-15.56504037104316	-0.5747468527482668
1.3754511134624481e7	5636.734696378494	-15.56818632250818	-0.6138241314923487
1.4694511134624481e7	5612.233023122593	-15.571332273973196	-0.6544907619490008
1.5634511134624481e7	5591.96441885204	-15.575398201956904	-0.6861411648725592
1.6574511134624481e7	5572.5341440265875	-15.57963525121894	-0.7167751501190451
1.751451113462448e7	5553.171383146417	-15.583872300480973	-0.7483773136818934
1.845451113462448e7	5533.875901622318	-15.588109349743007	-0.7810108564334751
1.939451113462448e7	5514.647465680197	-15.592346399005041	-0.8147453771054817
2.033451113462448e7	5495.485842358272	-15.596583448267078	-0.8496577660814283
2.127451113462448e7	5476.390799504204	-15.60082049752911	-0.8858332609357755
2.221451113462448e7	5460.389750474634	-15.60577438720762	-0.9146384573798275
2.315451113462448e7	5445.210277818534	-15.610912201633443	-0.9420038548217466
2.409451113462448e7	5430.0730029542765	-15.616050016059265	-0.9701392375968662
2.503451113462448e7	5414.977808575184	-15.62118783048509	-0.9990891937580485
2.597451113462448e7	5399.924577700684	-15.626325644910914	-1.0289023001199815
2.691451113462448e7	5384.913193675371	-15.631463459336736	-1.0596316126902745
2.785451113462448e7	5369.943540168163	-15.63660127376256	-1.091335234872542
2.879451113462448e7	5355.01550117136	-15.641739088188384	-1.1240769787271863
2.973451113462448e7	5342.934699747152	-15.647582621544174	-1.148798545981888
3.067451113462448e7	5331.022337972898	-15.653461737367019	-1.173676971755219
3.161451113462448e7	5319.136535453231	-15.659340853189866	-1.1991901590386276
3.255451113462448e7	5307.277232972887	-15.665219969012712	-1.2253713491099605
3.349451113462448e7	5295.444371448586	-15.671099084835559	-1.2522564647938326
3.443451113462448e7	5283.637891928796	-15.676978200658404	-1.27988440687469
3.537451113462448e7	5271.857735593384	-15.682857316481249	-1.30829739263284
3.631451113462448e7	5260.103843753415	-15.688736432304097	-1.3375413438973789
3.725451113462448e7	5249.087436806367	-15.69480692201217	-1.3649561465942375
3.819451113462448e7	5239.5598971292875	-15.701272538396152	-1.3874123514823167
3.913451113462448e7	5230.049650746203	-15.707738154780136	-1.4103844445764884
4.007451113462448e7	5220.556666268325	-15.714203771164119	-1.4338966874136965
4.101451113462448e7	5211.080912363837	-15.720669387548103	-1.4579750943107979
4.195451113462448e7	5201.6223577577775	-15.727135003932087	-1.4826476053795705
4.289451113462448e7	5192.180971231946	-15.733600620316071	-1.507944281430676
4.383451113462448e7	5182.756721624832	-15.740066236700052	-1.5338975241761637
4.477451113462448e7	5173.3495778314855	-15.74653185308404	-1.5605423257762803
4.571451113462448e7	5163.959508803377	-15.752997469468022	-1.587916552551902
4.665451113462448e7	5156.303858537946	-15.75994380120308	-1.6089794680799214
4.759451113462448e7	5148.768340882182	-15.766920622504625	-1.6300383836860248
4.853451113462448e7	5141.2438357710425	-15.77389744380617	-1.6515503347566418
4.947451113462448e7	5133.730327110573	-15.780874265107716	-1.6735352427314147
5.041451113462448e7	5126.227798830395	-15.787851086409262	-1.6960143726623427
5.135451113462448e7	5118.7362348835495	-15.794827907710808	-1.7190104568256859
5.229451113462448e7	5111.255619246567	-15.801804729012353	-1.7425478328845092
5.323451113462448e7	5103.785935919394	-15.808781550313897	-1.7666525987068695
5.417451113462448e7	5096.327168925334	-15.815758371615443	-1.79135278630872
5.511451113462448e7	5088.879302311074	-15.82273519291699	-1.816678557828486
5.605451113462448e7	5082.501845159013	-15.830028901108287	-1.8370459517791307
5.699451113462448e7	5076.352095379341	-15.837388396711436	-1.856650351113598
5.793451113462448e7	5070.209786703185	-15.844747892314583	-1.8766467812565284
5.887451113462448e7	5064.074910126916	-15.85210738791773	-1.8970512416394107
5.981451113462448e7	5057.947456657813	-15.85946688352088	-1.9178807315778614
6.075451113462448e7	5051.82741731403	-15.866826379124028	-1.9391533353643717
6.169451113462448e7	5045.714783124589	-15.874185874727175	-1.9608883166102096
6.263451113462448e7	5039.609545129376	-15.881545370330322	-1.983106223069746
6.357451113462448e7	5033.511694379089	-15.888904865933473	-2.0058290033766797
6.451451113462448e7	5027.421221935292	-15.89626436153662	-2.02908013735437
6.545451113462448e7	5021.350748075775	-15.90362771234417	-2.0528232652124516
6.639451113462448e7	5016.5143891028	-15.91136595921591	-2.0710333591963277
6.733451113462448e7	5011.682688312312	-15.919104206087653	-2.089581220993561
6.827451113462448e7	5006.855641217741	-15.926842452959393	-2.1084796178835923
6.921451113462448e7	5002.033243336838	-15.934580699831134	-2.127742054998529
7.015451113462448e7	4997.215490191662	-15.942318946702875	-2.147382833298255
7.109451113462448e7	4992.40237730862	-15.950057193574617	-2.1674171133539075
7.203451113462448e7	4987.593900218378	-15.957795440446358	-2.1878609856523292
7.297451113462448e7	4982.790054455936	-15.9655336873181	-2.20873154823824
7.391451113462448e7	4977.990835560591	-15.973271934189839	-2.230046992632774
7.485451113462448e7	4973.196239075926	-15.981010181061581	-2.251826699110151
7.579451113462448e7	4968.406260549851	-15.988748427933322	-2.2740913425829112
7.673451113462448e7	4964.049392652698	-15.99662598612212	-2.293596706081057
7.767451113462448e7	4960.0052841071	-16.00460406596219	-2.3110927145805067
7.861451113462448e7	4955.964470213243	-16.012582145802263	-2.3289002927075217
7.955451113462448e7	4951.926948287033	-16.020560225642335	-2.347030738857435
8.049451113462448e7	4947.892715646581	-16.028538305482403	-2.365495977359736
8.143451113462448e7	4943.8617696121555	-16.03651638532247	-2.384308605585245
8.237451113462448e7	4939.834107506227	-16.044494465162543	-2.403481945569954
8.331451113462448e7	4935.809726653473	-16.052472545002615	-2.423030100685378
8.425451113462448e7	4931.788624380699	-16.060450624842684	-2.4429680179592372
8.519451113462448e7	4927.770798016921	-16.068428704682756	-2.4633115567362833
8.613451113462448e7	4923.756244893324	-16.076406784522824	-2.484077564469389
8.707451113462448e7	4919.744962343266	-16.084384864362896	-2.5052839605483372
8.801451113462448e7	4916.133984046528	-16.092500861966062	-2.523981823225988
8.895451113462448e7	4912.8314698204895	-16.10072315992	-2.5407105291176126
8.989451113462448e7	4909.5311741263895	-16.10894545787394	-2.5577238526451116
9.083451113462448e7	4906.233095473865	-16.11716775582788	-2.5750316464947014
9.177451113462448e7	4902.937232373583	-16.125390053781818	-2.5926442839869774
9.271451113462448e7	4899.6435833372	-16.133612351735756	-2.6105726964173357
9.365451113462448e7	4896.352146877381	-16.14183464968969	-2.6288284138052247
9.459451113462448e7	4893.062921507765	-16.150056947643634	-2.6474236094326145
9.553451113462448e7	4889.775905743025	-16.15827924559757	-2.6663711486025385
9.647451113462448e7	4886.491098098794	-16.166501543551508	-2.685684642106813
9.741451113462448e7	4883.208497091733	-16.174723841505447	-2.705378504959492
9.835451113462448e7	4879.928101239486	-16.182946139459386	-2.725468021030892
9.929451113462448e7	4876.660226735407	-16.19117164279627	-2.745895418917148
1.0023451113462448e8	4874.058838674817	-16.199603647039837	-2.7618933301963313
1.0117451113462448e8	4871.458838289284	-16.208035651283407	-2.7781513413327166
1.0211451113462448e8	4868.860224838598	-16.216467655526976	-2.7946780498973025
1.0305451113462448e8	4866.262997582908	-16.224899659770543	-2.8114824869227197
1.0399451113462448e8	4863.667155782775	-16.23333166401411	-2.8285741465403125
1.0493451113462448e8	4861.072698699131	-16.24176366825768	-2.8459630181943067
1.0587451113462448e8	4858.479625593326	-16.25019567250125	-2.8636596217067414
1.0681451113462448e8	4855.887935727095	-16.258627676744815	-2.8816750455013485
1.0775451113462448e8	4853.297628362569	-16.267059680988385	-2.9000209883341688
1.0869451113462448e8	4850.708702762271	-16.275491685231955	-2.918709804924183
1.0963451113462448e8	4848.121158189117	-16.28392368947552	-2.9377545559296823
1.1057451113462448e8	4845.534993906416	-16.292355693719088	-2.957169062776698
1.1151451113462448e8	4842.953484550579	-16.300789498586912	-2.9768787558059424
1.1245451113462448e8	4840.53997878261	-16.309314953956672	-2.9923625947631334
1.1339451113462448e8	4838.127675795139	-16.317840409326433	-3.0080899586315555
1.1433451113462448e8	4835.716574988792	-16.326365864696193	-3.024068630143769
1.1527451113462448e8	4833.306675764429	-16.334891320065953	-3.0403067711878706
1.1621451113462448e8	4830.8979775232465	-16.343416775435713	-3.0568129478433126
1.1715451113462448e8	4828.49047966673	-16.351942230805474	-3.0735961575178594
1.1809451113462448e8	4826.084181596661	-16.360467686175234	-3.090665858400915
1.1903451113462448e8	4823.679082715124	-16.368993141544998	-3.1080320014746055
1.1997451113462448e8	4821.275182424496	-16.377518596914754	-3.1257050653538845
1.2091451113462448e8	4818.872480127456	-16.386044052284518	-3.1436960942610837
1.2185451113462448e8	4816.470975226977	-16.39456950765428	-3.162016739479518
1.2279451113462448e8	4814.070667126332	-16.40309496302404	-3.180679304675774
1.2373451113462448e8	4811.671555229084	-16.4116204183938	-3.1996967955321955
1.2467451113462448e8	4809.575027720719	-16.42028772594431	-3.216426122683962
1.2561451113462448e8	4807.6845726531465	-16.429051630974126	-3.23160392866497
1.2655451113462448e8	4805.794860649222	-16.43781553600394	-3.247015655404024
1.2749451113462448e8	4803.9058914168745	-16.44657944103376	-3.262668626302966
1.2843451113462448e8	4802.017664664152	-16.455343346063575	-3.2785705141527925
1.2937451113462448e8	4800.130180099214	-16.464107251093388	-3.2947293637184494
1.3031451113462448e8	4798.243437430335	-16.472871156123208	-3.31115361617852
1.3125451113462448e8	4796.357436365905	-16.481635061153025	-3.327852135605674
1.3219451113462448e8	4794.472176614429	-16.490398966182838	-3.3448342376958347
1.3313451113462448e8	4792.587657884526	-16.499162871212654	-3.3621097209791997
1.3407451113462448e8	4790.703879884938	-16.507926776242474	-3.3796889007749145
1.3501451113462448e8	4788.820842324486	-16.51669068127229	-3.3975826461840084
1.3595451113462448e8	4786.938544912168	-16.525454586302107	-3.415802420452796
1.3689451113462448e8	4785.056987357036	-16.53421849133192	-3.43436032508208
1.3783451113462448e8	4783.431211393008	-16.543015027383326	-3.449580716857969
1.3877451113462448e8	4781.846330344256	-16.551816726603626	-3.4644449143216614
1.3971451113462448e8	4780.261974409772	-16.560618425823925	-3.479533394120262
1.4065451113462448e8	4778.678143415572	-16.56942012504423	-3.4948530283632206
1.4159451113462448e8	4777.094837187702	-16.578221824264528	-3.5104110099272687
1.4253451113462448e8	4775.512055552319	-16.587023523484827	-3.526214872735495
1.4347451113462448e8	4773.929798335603	-16.595825222705127	-3.5422725136647544
1.4441451113462448e8	4772.348065363791	-16.60462692192543	-3.558592216240879
1.4535451113462448e8	4770.766856463203	-16.61342862114573	-3.575182676299678
1.4629451113462448e8	4769.186171460192	-16.62223032036603	-3.592053029812732
1.4723451113462448e8	4767.606010181176	-16.631032019586332	-3.609212883100896
1.4817451113462448e8	4766.026372452632	-16.63983371880663	-3.626672345685684
1.4911451113462448e8	4764.447258101093	-16.64863541802693	-3.644442066059813
1.5005451113462448e8	4762.868666953149	-16.657437117247234	-3.662533270693827
1.5099451113462448e8	4761.458822129405	-16.66633638833146	-3.678061555789788
1.5193451113462448e8	4760.120429604608	-16.675276871858497	-3.692594576016053
1.5287451113462448e8	4758.782413286897	-16.684217355385535	-3.707341923570518
1.5381451113462448e8	4757.444773070517	-16.69315783891257	-3.7223100148295356
1.5475451113462448e8	4756.1075088497655	-16.70209832243961	-3.737505558686833
1.5569451113462448e8	4754.770620518947	-16.71103880596665	-3.752935574609081
1.5663451113462448e8	4753.4341079723945	-16.719979289493686	-3.7686074121064275
1.5757451113462448e8	4752.097971104496	-16.728919773020724	-3.7845287717531626
1.5851451113462448e8	4750.762209809644	-16.737860256547766	-3.8007077279090384
1.5945451113462448e8	4749.426823982261	-16.746800740074804	-3.817152753309037
1.6039451113462448e8	4748.091813516824	-16.755741223601838	-3.833872745709082
1.6133451113462448e8	4746.757178307815	-16.76468170712888	-3.850877056797464
1.6227451113462448e8	4745.422918249744	-16.773622190655917	-3.8681755236071798
1.6321451113462448e8	4744.089033237178	-16.782562674182955	-3.885778502693367
1.6415451113462448e8	4742.8271408863	-16.791513296130294	-3.902378743880805
1.6509451113462448e8	4741.708777464363	-16.800484193882856	-3.916583490407407
1.6603451113462448e8	4740.59067775364	-16.809455091635417	-3.930992922759423
1.6697451113462448e8	4739.472841691964	-16.818425989387976	-3.945613026201387
1.6791451113462448e8	4738.35526921716	-16.827396887140537	-3.9604500524226554
1.6885451113462448e8	4737.237960267071	-16.8363677848931	-3.97551053558852
1.6979451113462448e8	4736.120914779551	-16.84533868264566	-3.990801309618613
1.7073451113462448e8	4735.004132692491	-16.854309580398223	-4.006329526806945
1.7167451113462448e8	4733.887613943773	-16.863280478150784	-4.02210267791058
1.7261451113462448e8	4732.771358471295	-16.872251375903343	-4.038128613848172
1.7355451113462448e8	4731.65536621299	-16.881222273655904	-4.054415569165696
1.7449451113462448e8	4730.539637106785	-16.890193171408466	-4.070972187444967
1.7543451113462448e8	4729.424171090629	-16.899164069161024	-4.087807548851207
1.7637451113462448e8	4728.308968102483	-16.90813496691359	-4.104931200039445
1.7731451113462448e8	4727.194028080327	-16.917105864666148	-4.1223531866663965
1.7825451113462448e8	4726.187065999029	-16.926154325898807	-4.137589331565866
1.7919451113462448e8	4725.239195137297	-16.935245191386606	-4.15167873584065
1.8013451113462448e8	4724.291514377886	-16.944336056874413	-4.165969491731014
1.8107451113462448e8	4723.344023682687	-16.95342692236222	-4.180467437806875
1.8201451113462448e8	4722.396723013564	-16.96251778785002	-4.195178670329375
1.8295451113462448e8	4721.449612332414	-16.971608653337828	-4.210109558642218
1.8389451113462448e8	4720.502691601134	-16.98069951882563	-4.225266761729562
1.8483451113462448e8	4719.555960781628	-16.989790384313437	-4.240657246048206
1.8577451113462448e8	4718.609419835815	-16.99888124980124	-4.256288304753587
1.8671451113462448e8	4717.663068725607	-17.007972115289046	-4.272167578452407
1.8765451113462448e8	4716.716907412924	-17.01706298077685	-4.288303077629702
1.8859451113462448e8	4715.770935859717	-17.026153846264656	-4.304703206915141
1.8953451113462448e8	4714.82515402791	-17.03524471175246	-4.321376791372584
1.9047451113462448e8	4713.879561879463	-17.044335577240265	-4.3383331050187595
1.9141451113462448e8	4712.934159376341	-17.053426442728068	-4.355581901801794
1.9235451113462448e8	4712.112657250099	-17.062532419768537	-4.369896674119176
1.9329451113462448e8	4711.311756470588	-17.071640896216405	-4.3838771790019475
1.9423451113462448e8	4710.510991817291	-17.080749372664275	-4.398055913019361
1.9517451113462448e8	4709.710363267073	-17.089857849112146	-4.4124385784905265
1.9611451113462448e8	4708.9098707967905	-17.098966325560017	-4.427031127381581
1.9705451113462448e8	4708.109514383333	-17.108074802007884	-4.441839776094473
1.9799451113462448e8	4707.309294003574	-17.11718327845576	-4.456871021367307
1.9893451113462448e8	4706.509209634376	-17.126291754903626	-4.472131657388063
1.9987451113462448e8	4705.709261252621	-17.135400231351497	-4.487628794234503
2.0081451113462448e8	4704.909448835223	-17.14450870779937	-4.503369877765539
2.0175451113462448e8	4704.109772359037	-17.15361718424724	-4.519362711103363
2.0269451113462448e8	4703.310231800993	-17.16272566069511	-4.535615477861483
2.0363451113462448e8	4702.510827137954	-17.17183413714298	-4.552136767291742
2.0457451113462448e8	4701.7115583468485	-17.18094261359085	-4.568935601543794
2.0551451113462448e8	4700.912425404575	-17.190051090038722	-4.586021465253589
2.0645451113462448e8	4700.209072758694	-17.199256866530618	-4.600230774740018
2.0739451113462448e8	4699.521483542723	-17.208478574449575	-4.614118708970932
2.0833451113462448e8	4698.833994913549	-17.217700282368536	-4.628202237507918
2.0927451113462448e8	4698.146606856438	-17.226921990287494	-4.642486948553332
2.1021451113462448e8	4697.459319356687	-17.236143698206455	-4.656978673269995
2.1115451113462448e8	4696.772132399594	-17.245365406125412	-4.671683500072961
2.1209451113462448e8	4696.085045970433	-17.254587114044373	-4.686607789987836
2.1303451113462448e8	4695.3980600545165	-17.26380882196333	-4.70175819317264
2.1397451113462448e8	4694.711174637122	-17.27303052988229	-4.717141666710604
2.1491451113462448e8	4694.024389703556	-17.28225223780125	-4.732765493793049
2.1585451113462448e8	4693.337705239129	-17.29147394572021	-4.748637304424774
2.1679451113462448e8	4692.651121229133	-17.30069565363917	-4.764765097799256
2.1773451113462448e8	4691.964637658858	-17.309917361558128	-4.781157266507954
2.1867451113462448e8	4691.278254513642	-17.319139069477085	-4.797822622767102
2.1961451113462448e8	4690.591971778771	-17.328360777396046	-4.814770426867203
2.2055451113462448e8	4689.9812599666775	-17.337539551174558	-4.828868991486936
2.2149451113462448e8	4689.38230671356	-17.346711680102413	-4.84267687021301
2.2243451113462448e8	4688.7834299522265	-17.355883809030267	-4.856678079047318
2.2337451113462448e8	4688.184629672902	-17.36505593795812	-4.870878108757102
2.2431451113462448e8	4687.585905865809	-17.374228066885976	-4.885282687398141
2.2525451113462448e8	4686.987258521191	-17.38340019581383	-4.899897794187681
2.2619451113462448e8	4686.38868762929	-17.392572324741685	-4.914729674406287
2.2713451113462448e8	4685.790193180335	-17.401744453669544	-4.929784855421526
2.2807451113462448e8	4685.191775164555	-17.410916582597395	-4.945070163936418
2.2901451113462448e8	4684.593433572198	-17.420088711525253	-4.9605927445767
2.2995451113462448e8	4683.99516839351	-17.429260840453107	-4.976360079943607
2.3089451113462448e8	4683.3969796187175	-17.438432969380962	-4.992380012273031
2.3183451113462448e8	4682.79886723808	-17.447605098308816	-5.008660766858002
2.3277451113462448e8	4682.200831241823	-17.45677722723667	-5.0252109774096185
2.3371451113462448e8	4681.602871620209	-17.465949356164526	-5.042039713552181
2.3465451113462448e8	4681.049515860046	-17.475200650480858	-5.056797000616909
2.3559451113462448e8	4680.519090112567	-17.484492600270556	-5.070547520023808
2.3653451113462448e8	4679.988724469436	-17.493784550060248	-5.0844897554726645
2.3747451113462448e8	4679.458418923861	-17.503076499849946	-5.098629128629697
2.3841451113462448e8	4678.928173469015	-17.512368449639638	-5.112971294448094
2.3935451113462448e8	4678.397988098096	-17.521660399429337	-5.127522154747047
2.4029451113462448e8	4677.867862804305	-17.530952349219028	-5.142287872793384
2.4123451113462448e8	4677.337797580819	-17.540244299008723	-5.157274888975981
2.4217451113462448e8	4676.807792420837	-17.549536248798418	-5.172489937672718
2.4311451113462448e8	4676.277847317563	-17.558828198588113	-5.187940065420546
2.4405451113462448e8	4675.747962264175	-17.568120148377808	-5.2036326505113575
2.4499451113462448e8	4675.218137253885	-17.577412098167503	-5.219575424150098
2.4593451113462448e8	4674.688372279872	-17.5867040479572	-5.235776493326955
2.4687451113462448e8	4674.158667335351	-17.59599599774689	-5.252244365573044
2.4781451113462448e8	4673.629022413502	-17.605287947536585	-5.268987975788825
2.4875451113462448e8	4673.125228423372	-17.61459537103983	-5.28401631785755
2.4969451113462448e8	4672.641137748893	-17.623914584525274	-5.297729093333304
2.5063451113462448e8	4672.157097221536	-17.633233798010714	-5.311632526495472
2.5157451113462448e8	4671.673106836098	-17.642553011496155	-5.325731993862161
2.5251451113462448e8	4671.1891665874	-17.651872224981595	-5.340033102633458
2.5345451113462448e8	4670.705276470243	-17.66119143846704	-5.354541704079828
2.5439451113462448e8	4670.221436479423	-17.67051065195248	-5.369263907916129
2.5533451113462448e8	4669.737646609765	-17.679829865437924	-5.38420609774962
2.5627451113462448e8	4669.253906856069	-17.689149078923364	-5.399374947699726
2.5721451113462448e8	4668.770217213143	-17.698468292408805	-5.414777440297842
2.5815451113462448e8	4668.286577675795	-17.70778750589425	-5.430420885787356
2.5909451113462448e8	4667.802988238828	-17.71710671937969	-5.446312942957402
2.6003451113462448e8	4667.319448897077	-17.726425932865133	-5.4624616416589875
2.6097451113462448e8	4666.835959645318	-17.735745146350574	-5.478875407169183
2.6191451113462448e8	4666.352520478387	-17.745064359836014	-5.49556308658845
2.6285451113462448e8	4665.8892432505445	-17.754353783795466	-5.5108689669952
2.6379451113462448e8	4665.448006830751	-17.763610626124386	-5.524566412529844
2.6473451113462448e8	4665.006812137104	-17.772867468453306	-5.538454086741103
2.6567451113462448e8	4664.56565916565	-17.782124310782226	-5.552537347882699
2.6661451113462448e8	4664.124547912459	-17.791381153111146	-5.566821783838641
2.6755451113462448e8	4663.683478373569	-17.800637995440066	-5.581313225434819
2.684945111346245e8	4663.2424505450535	-17.809894837768987	-5.596017760729387
2.694345111346245e8	4662.801464422959	-17.819151680097907	-5.610941750369588
2.703745111346245e8	4662.360520003341	-17.828408522426827	-5.6260918441119765
2.713145111346245e8	4661.919617282247	-17.837665364755747	-5.6414749986134165
2.722545111346245e8	4661.478756255751	-17.846922207084667	-5.657098496612019
2.731945111346245e8	4661.0379369198945	-17.856179049413587	-5.672969967630359
2.741345111346245e8	4660.597159270751	-17.865435891742507	-5.689097410348337
2.750745111346245e8	4660.156423304369	-17.874692734071427	-5.7054892168098785
2.760145111346245e8	4659.715729016807	-17.883949576400347	-5.722154198646883
2.769545111346245e8	4659.278772190229	-17.893241429224396	-5.7381195628068
2.778945111346245e8	4658.851195678702	-17.902621762582903	-5.751825876417875
2.788345111346245e8	4658.423658405375	-17.912002095941407	-5.7657226668197605
2.797745111346245e8	4657.996160366631	-17.92138242929991	-5.779815302826652
2.807145111346245e8	4657.568701558886	-17.930762762658414	-5.79410938349097
2.816545111346245e8	4657.141281978521	-17.94014309601692	-5.808610751459341
2.825945111346245e8	4656.713901621947	-17.949523429375425	-5.823325507311311
2.835345111346245e8	4656.286560485572	-17.958903762733932	-5.838260024968864
2.844745111346245e8	4655.859258565781	-17.968284096092436	-5.853420968274169
2.854145111346245e8	4655.431995858982	-17.97766442945094	-5.868815308843449
2.863545111346245e8	4655.004772361585	-17.987044762809447	-5.884450345316734
2.872945111346245e8	4654.577588069977	-17.99642509616795	-5.900333724136507
2.882345111346245e8	4654.150442980566	-18.005805429526454	-5.916473462003348
2.891745111346245e8	4653.723337089764	-18.01518576288496	-5.932877970173628
2.901145111346245e8	4653.296270393957	-18.024566096243465	-5.949556080783639
2.910545111346245e8	4652.87109229493	-18.033935500860995	-5.965459862851346
2.919945111346245e8	4652.450142868453	-18.043280144195467	-5.979190555049962
2.929345111346245e8	4652.029231525657	-18.052624787529936	-5.993112406957041
2.938745111346245e8	4651.608358263088	-18.06196943086441	-6.007230816490297
2.948145111346245e8	4651.187523077302	-18.07131407419888	-6.021551413483214
2.957545111346245e8	4650.766725964852	-18.080658717533353	-6.036080073163671
2.966945111346245e8	4650.345966922295	-18.090003360867826	-6.050822930626198
2.976345111346245e8	4649.925245946179	-18.099348004202298	-6.065786396387134
2.985745111346245e8	4649.504563033082	-18.10869264753677	-6.080977173121339
2.995145111346245e8	4649.083918179532	-18.11803729087124	-6.09640227368988
3.004545111346245e8	4648.663311382106	-18.12738193420571	-6.112069040580012
3.013945111346245e8	4648.242742637356	-18.136726577540188	-6.127985166892379
3.023345111346245e8	4647.822211941837	-18.146071220874653	-6.144158719025565
3.032745111346245e8	4647.401719292108	-18.15541586420913	-6.160598161225464
3.042145111346245e8	4646.981264684727	-18.164760507543598	-6.177312382186484
3.051545111346245e8	4646.564078719296	-18.174113821973457	-6.193172820605073
3.060945111346245e8	4646.153459280142	-18.183484662307503	-6.20695564442736
3.070345111346245e8	4645.742876127663	-18.192855502641553	-6.220931092479921
3.079745111346245e8	4645.332329258637	-18.202226342975603	-6.23510462527347
3.089145111346245e8	4644.9218186698645	-18.211597183309653	-6.249481938852978
3.098545111346245e8	4644.511344358149	-18.220968023643703	-6.264068978541604
3.107945111346245e8	4644.100906320274	-18.230338863977753	-6.278871953701969
3.117345111346245e8	4643.690504553019	-18.2397097043118	-6.2938973536065035
3.126745111346245e8	4643.280139053213	-18.24908054464585	-6.309151964518384
3.136145111346245e8	4642.869809817633	-18.2584513849799	-6.324642888095594
3.145545111346245e8	4642.459516843075	-18.26782222531395	-6.340377561243037
3.154945111346245e8	4642.049260126317	-18.277193065648	-6.356363777551613
3.164345111346245e8	4641.639039664189	-18.28656390598205	-6.372609710478965
3.173745111346245e8	4641.228855453462	-18.295934746316096	-6.389123938444497
3.183145111346245e8	4640.818707490949	-18.30530558665015	-6.40591547203154
3.192545111346245e8	4640.402036127808	-18.314647181830036	-6.421390801662098
3.201945111346245e8	4639.977907830314	-18.323955361594905	-6.4352520242140265
3.211345111346245e8	4639.55381829773	-18.333263541359777	-6.449308084103673
3.220745111346245e8	4639.129767526523	-18.34257172112465	-6.463564536893904
3.230145111346245e8	4638.7057555131505	-18.35187990088952	-6.478027179204202
3.239545111346245e8	4638.281782254069	-18.36118808065439	-6.4927020628615395
3.248945111346245e8	4637.857847745737	-18.37049626041926	-6.507595510105155
3.258345111346245e8	4637.433951984613	-18.37980444018413	-6.522714129940787
3.267745111346245e8	4637.010094967155	-18.389112619949003	-6.53806483575028
3.277145111346245e8	4636.586276689822	-18.398420799713872	-6.553654864273996
3.286545111346245e8	4636.162497149074	-18.40772897947874	-6.56949179609649
3.295945111346245e8	4635.738756341369	-18.417037159243613	-6.585583577780604
3.305345111346245e8	4635.315054263167	-18.42634533900848	-6.601938545811779
3.314745111346245e8	4634.891390910938	-18.435653518773357	-6.618565452533171
3.324145111346245e8	4634.467766281125	-18.444961698538226	-6.635473494273583
3.333545111346245e8	4634.108681103156	-18.45435432859863	-6.650621394142404
3.342945111346245e8	4633.791918546768	-18.46380233855522	-6.664638821708221
3.352345111346245e8	4633.475177642544	-18.473250348511808	-6.678855534322793
3.361745111346245e8	4633.158458389019	-18.482698358468397	-6.69327728025785
3.371145111346245e8	4632.841760784698	-18.49214636842499	-6.707910060137832
3.380545111346245e8	4632.525084828117	-18.50159437838158	-6.722760141930786
3.389945111346245e8	4632.2084305177805	-18.51104238833817	-6.737834077069224
3.399345111346245e8	4631.891797852224	-18.52049039829476	-6.7531387178047115
3.408745111346245e8	4631.575186829953	-18.52993840825135	-6.768681235911266
3.418145111346245e8	4631.258597449512	-18.53938641820794	-6.784469142865327
3.427545111346245e8	4630.942029709381	-18.54883442816453	-6.800510311644457
3.436945111346245e8	4630.625483608122	-18.55828243812112	-6.816813000303102
3.446345111346245e8	4630.3089591442385	-18.56773044807771	-6.83338587750217
3.455745111346245e8	4629.992456316244	-18.5771784580343	-6.8502380501899856
3.465145111346245e8	4629.659347879308	-18.586577715947175	-6.86699375185585
3.474545111346245e8	4629.123885213812	-18.595383532502833	-6.879276011121562
3.483945111346245e8	4628.588484479504	-18.604189349058487	-6.891711002114492
3.493345111346245e8	4628.053145669212	-18.612995165614144	-6.904302571198583
3.502745111346245e8	4627.517868775768	-18.6218009821698	-6.917054711891741
3.512145111346245e8	4626.982653792018	-18.630606798725452	-6.9299715724693005
3.521545111346245e8	4626.447500710817	-18.639412615281106	-6.94305746406504
3.530945111346245e8	4625.912409524974	-18.648218431836764	-6.956316869309286
3.540345111346245e8	4625.377380227353	-18.657024248392418	-6.969754451547455
3.549745111346245e8	4624.842412810781	-18.66583006494807	-6.983375064686438
3.559145111346245e8	4624.307507268117	-18.674635881503725	-6.997183763720873
3.568545111346245e8	4623.772663592197	-18.683441698059383	-7.011185815996422
3.577945111346245e8	4623.237881775856	-18.692247514615037	-7.025386713272852
3.587345111346245e8	4622.703161811958	-18.70105333117069	-7.039792184656065
3.596745111346245e8	4622.1685036933395	-18.70985914772635	-7.054408210475281
3.606145111346245e8	4621.633907412847	-18.718664964282002	-7.069241037189496
3.615545111346245e8	4621.099372963321	-18.727470780837656	-7.084297193416219
3.624945111346245e8	4620.564900337627	-18.736276597393314	-7.0995835071854225
3.634345111346245e8	4620.030489528597	-18.745082413948968	-7.11510712453283
3.643745111346245e8	4619.496140529098	-18.75388823050462	-7.130875529559304
3.653145111346245e8	4618.9618533319735	-18.76269404706028	-7.146896566097228
3.662545111346245e8	4618.427627930076	-18.771499863615933	-7.163178461140954
3.671945111346245e8	4617.893464316248	-18.780305680171587	-7.179729850216471
3.681345111346245e8	4617.359362483362	-18.78911149672724	-7.196559804886174
3.690745111346245e8	4616.825322424263	-18.7979173132829	-7.213677862608053
3.700145111346245e8	4616.291344131797	-18.806723129838552	-7.231094059195345
3.709545111346245e8	4615.757427598839	-18.815528946394206	-7.248818964153288
3.718945111346245e8	4615.223572818236	-18.824334762949864	-7.266863719204479
3.728345111346245e8	4614.689779782838	-18.833140579505518	-7.285240080354499
3.737745111346245e8	4614.156048485521	-18.84194639606117	-7.303960463895501
3.747145111346245e8	4613.6223789191345	-18.85075221261683	-7.323037996798597
3.756545111346245e8	4613.082101752324	-18.859598962343217	-7.338426727804471
3.765945111346245e8	4612.537123336479	-18.86847495789851	-7.35111990656597
3.775345111346245e8	4611.992209303073	-18.8773509534538	-7.363976275738813
3.784745111346245e8	4611.447359644499	-18.886226949009092	-7.377000086162834
3.794145111346245e8	4610.902574353151	-18.895102944564382	-7.390195756963051
3.803545111346245e8	4610.357853421418	-18.903978940119675	-7.403567884551513
3.812945111346245e8	4609.813196841723	-18.912854935674968	-7.417121252239212
3.822345111346245e8	4609.268604606427	-18.921730931230258	-7.430860840508371
3.831745111346245e8	4608.724076707964	-18.93060692678555	-7.444791838000295
3.841145111346245e8	4608.1796131387	-18.939482922340844	-7.458919653279458
3.850545111346245e8	4607.63521389106	-18.948358917896137	-7.473249927440576
3.859945111346245e8	4607.090878957436	-18.957234913451426	-7.487788547632203
3.869345111346245e8	4606.546608330231	-18.96611090900672	-7.502541661577987
3.878745111346245e8	4606.002402001848	-18.97498690456201	-7.5175156931852305
3.888145111346245e8	4605.458259964683	-18.983862900117302	-7.5327173593399515
3.897545111346245e8	4604.914182211164	-18.992738895672595	-7.5481536879983215
3.906945111346245e8	4604.370168733665	-19.001614891227888	-7.563832037696478
3.916345111346245e8	4603.826219524618	-19.010490886783177	-7.579760118614251
3.925745111346245e8	4603.28233457642	-19.01936688233847	-7.59594601534375
3.935145111346245e8	4602.738513881482	-19.02824287789376	-7.612398211531119
3.944545111346245e8	4602.19475743221	-19.037118873449053	-7.6291256165794765
3.953945111346245e8	4601.651065221018	-19.045994869004346	-7.646137594623477
3.963345111346245e8	4601.1074372403145	-19.05487086455964	-7.663443996011384
3.972745111346245e8	4600.563873482512	-19.06374686011493	-7.681055191559679
3.982145111346245e8	4600.020373940015	-19.07262285567022	-7.698982109878454
3.991545111346245e8	4599.476938605263	-19.081498851225515	-7.717236278103971
4.000945111346245e8	4598.933567470636	-19.090374846780804	-7.735829866418563
4.010345111346245e8	4598.390260528576	-19.099250842336097	-7.754775736788477
4.019745111346245e8	4597.84701777149	-19.108126837891387	-7.774087496408467
4.029145111346245e8	4597.303839191795	-19.11700283344668	-7.793779556409371
4.038545111346245e8	4596.676308579409	-19.125866535531063	-7.80809851632794
4.047945111346245e8	4596.028912814533	-19.134727331763663	-7.8212469079387805
4.057345111346245e8	4595.381608228867	-19.143588127996264	-7.834570485725476
4.066745111346245e8	4594.73439480956	-19.15244892422886	-7.848073981080388
4.076145111346245e8	4594.087272543775	-19.16130972046146	-7.861762319699441
4.085545111346245e8	4593.440241418671	-19.170170516694057	-7.875640632369214
4.094945111346245e8	4592.793301421413	-19.179031312926657	-7.8897142665131605
4.104345111346245e8	4592.146452539166	-19.187892109159257	-7.903988798561979
4.113745111346245e8	4591.499694759098	-19.196752905391854	-7.918470047219751
4.123145111346245e8	4590.853028068378	-19.20561370162445	-7.9331640877048315
4.132545111346245e8	4590.206452454177	-19.21447449785705	-7.948077267052715
4.141945111346245e8	4589.559967903669	-19.22333529408965	-7.963216220577353
4.151345111346245e8	4588.913574404025	-19.232196090322248	-7.97858788959779
4.160745111346245e8	4588.267271942425	-19.241056886554844	-7.99419954054863
4.170145111346245e8	4587.621060506046	-19.249917682787444	-8.01005878560605
4.179545111346245e8	4586.974940082067	-19.258778479020044	-8.026173604975915
4.188945111346245e8	4586.328910657664	-19.26763927525264	-8.042552371007327
4.198345111346245e8	4585.682972220043	-19.276500071485238	-8.059203874314045
4.207745111346245e8	4585.037124756357	-19.285360867717838	-8.076137352107793
4.217145111346245e8	4584.391368253827	-19.294221663950438	-8.093362518972064
4.226545111346245e8	4583.745702699608	-19.303082460183035	-8.110889600333149
4.235945111346245e8	4583.100128080917	-19.31194325641563	-8.128729368917101
4.245345111346245e8	4582.454644384945	-19.32080405264823	-8.14689318451814
4.254745111346245e8	4581.809251598871	-19.32966484888083	-8.165393037446076
4.264145111346245e8	4581.16394970989	-19.338525645113428	-8.184241596068942
4.273545111346245e8	4580.518738705227	-19.347386441346025	-8.203452258922887
4.282945111346245e8	4579.873618572048	-19.356247237578625	-8.223039211926247
4.292345111346245e8	4579.228589297579	-19.365108033811225	-8.243017491309676
4.301745111346245e8	4578.583650869023	-19.37396883004382	-8.26340305296166
4.311145111346245e8	4577.833254080099	-19.382868830995463	-8.278925412246602
4.320545111346245e8	4577.04096057827	-19.39178444236511	-8.292561641660916
4.329945111346245e8	4576.248804200035	-19.40070005373476	-8.306386391497181
4.339345111346245e8	4575.456784921672	-19.409615665104408	-8.320404947493145
4.348745111346245e8	4574.664902719453	-19.418531276474056	-8.334622820853484
4.358145111346245e8	4573.873157569652	-19.427446887843704	-8.34904576125826
4.367545111346245e8	4573.081549448551	-19.436362499213352	-8.363679770823287
4.376945111346245e8	4572.290078332435	-19.445278110583	-8.378531119097236
4.386345111346245e8	4571.498744197589	-19.45419372195265	-8.393606359189278
4.395745111346245e8	4570.707547020309	-19.4631093333223	-8.408912345131071
4.405145111346245e8	4569.9164867768895	-19.472024944691945	-8.424456250588264
4.414545111346245e8	4569.125563443631	-19.480940556061597	-8.440245589049344
4.423945111346245e8	4568.3347769968395	-19.489856167431242	-8.456288235634064
4.433345111346245e8	4567.5441274128225	-19.498771778800894	-8.472592450679912
4.442745111346245e8	4566.753614667886	-19.50768739017054	-8.489166905283449
4.452145111346245e8	4565.963238738371	-19.51660300154019	-8.50602070899424
4.461545111346245e8	4565.172999600573	-19.52551861290984	-8.523163439882802
4.470945111346245e8	4564.3828972308265	-19.534434224279487	-8.540605177231061
4.480345111346245e8	4563.592931605462	-19.543349835649135	-8.558356537124673
4.489745111346245e8	4562.80310270081	-19.552265447018783	-8.576428711261904
4.499145111346245e8	4562.013410493203	-19.56118105838843	-8.594833509334341
4.508545111346245e8	4561.2238549589965	-19.57009666975808	-8.61358340538133
4.517945111346245e8	4560.434436074537	-19.57901228112773	-8.632691588573786
4.527345111346245e8	4559.645153816158	-19.58792789249738	-8.652172018945205
4.536745111346245e8	4558.856008160223	-19.596843503867028	-8.672039488659697
4.546145111346245e8	4558.0669990830875	-19.605759115236676	-8.692309689490607
4.555545111346245e8	4557.278126561107	-19.614674726606324	-8.712999287280834
4.564945111346245e8	4556.489390570662	-19.623590337975973	-8.734126004270031
4.574345111346245e8	4555.630386728238	-19.63247549135684	-8.751805974319037
4.583745111346245e8	4554.702891963781	-19.64133093841874	-8.765943624817304
4.593145111346245e8	4553.775586030821	-19.65018638548064	-8.780284018210672
4.602545111346245e8	4552.84846889092	-19.659041832542542	-8.79483305413016
4.611945111346245e8	4551.92154050565	-19.667897279604446	-8.809596893524239
4.621345111346245e8	4550.9948008365645	-19.67675272666635	-8.8245819743234
4.630745111346245e8	4550.068249845252	-19.68560817372825	-8.8397950282964
4.640145111346245e8	4549.141887493296	-19.694463620790152	-8.855243099208568
4.649545111346245e8	4548.215713742302	-19.703319067852057	-8.870933562404847
4.658945111346245e8	4547.289728553863	-19.712174514913958	-8.886874145953803
4.668345111346245e8	4546.363931889581	-19.72102996197586	-8.903072953504356
4.677745111346245e8	4545.4383237110815	-19.729885409037763	-8.919538489024458
4.687145111346245e8	4544.5129039799895	-19.738740856099664	-8.936279683610762
4.696545111346245e8	4543.58767265794	-19.747596303161565	-8.953305924580917
4.705945111346245e8	4542.662629706581	-19.75645175022347	-8.970627087085703
4.715345111346245e8	4541.737775087547	-19.76530719728537	-8.988253568507572
4.724745111346245e8	4540.813108762501	-19.774162644347275	-9.006196325945604
4.734145111346245e8	4539.888630693116	-19.783018091409176	-9.02446691712528
4.743545111346245e8	4538.96434084105	-19.791873538471076	-9.043077545115542
4.752945111346245e8	4538.04023916799	-19.80072898553298	-9.062041107286463
4.762345111346245e8	4537.116325635631	-19.80958443259488	-9.08137124899936
4.771745111346245e8	4536.192600205655	-19.818439879656786	-9.101082422589238
4.781145111346245e8	4535.269062839773	-19.827295326718687	-9.121189952278097
4.790545111346245e8	4534.345713499696	-19.836150773780588	-9.141710105749521
4.799945111346245e8	4533.422552147152	-19.845006220842492	-9.162660173222005
4.809345111346245e8	4532.49957874385	-19.853861667904397	-9.184058554984013
4.818745111346245e8	4531.5767932515355	-19.862717114966294	-9.205924858501163
4.828145111346245e8	4530.654195631957	-19.8715725620282	-9.228280006379768
4.837545111346245e8	4529.600121825243	-19.880465610041426	-9.245157318197917
4.846945111346245e8	4528.496224640885	-19.889372960392503	-9.260016456020542
4.856345111346245e8	4527.3925964844675	-19.898280310743576	-9.275099722362567
4.865745111346245e8	4526.289237290435	-19.90718766109465	-9.290413982211081
4.875145111346245e8	4525.186146993224	-19.916095011445723	-9.305966420873835
4.884545111346245e8	4524.083325527308	-19.9250023617968	-9.321764564222741
4.893945111346245e8	4522.980772827173	-19.933909712147873	-9.337816300562274
4.903345111346245e8	4521.878488827318	-19.942817062498946	-9.354129904281805
4.912745111346245e8	4520.776473462267	-19.95172441285002	-9.370714061469428
4.922145111346245e8	4519.674726666535	-19.960631763201093	-9.387577897685771
4.931545111346245e8	4518.573248374679	-19.96953911355217	-9.404731008120107
4.940945111346245e8	4517.47203852126	-19.978446463903246	-9.422183490378297
4.950345111346245e8	4516.371097040861	-19.98735381425432	-9.439945980183058
4.959745111346245e8	4515.2704238680835	-19.996261164605393	-9.458029690302624
4.969145111346245e8	4514.170018937523	-20.005168514956466	-9.476446453064577
4.978545111346245e8	4513.069882183815	-20.01407586530754	-9.495208766858543
4.987945111346245e8	4511.970013541604	-20.022983215658613	-9.514329847085403
4.997345111346245e8	4510.8704129455555	-20.03189056600969	-9.533823682073262
5.006745111346245e8	4509.771080330329	-20.040797916360766	-9.553705094552699
5.016145111346245e8	4508.672015630625	-20.04970526671184	-9.57398980936808
5.025545111346245e8	4507.573218781148	-20.058612617062913	-9.59469452819975
5.034945111346245e8	4506.4746897166315	-20.067519967413986	-9.615837012186702
5.044345111346245e8	4505.376428371789	-20.076427317765063	-9.637436173473752
5.053745111346245e8	4504.278434681407	-20.085334668116136	-9.659512176865631
5.063145111346245e8	4503.180708580233	-20.09424201846721	-9.682086552957248
5.072545111346245e8	4502.083250003068	-20.103149368818286	-9.705182324330824
5.081945111346245e8	4500.986058884693	-20.112056719169356	-9.72882414667392
5.091345111346245e8	4499.776150219772	-20.12092531037082	-9.748041361366065
5.100745111346245e8	4498.476702977042	-20.129763065072883	-9.763599066934974
5.110145111346245e8	4497.177630989232	-20.138600819774947	-9.779402644955265
5.119545111346245e8	4495.878934147967	-20.147438574477015	-9.795459991876802
5.128945111346245e8	4494.580612344927	-20.156276329179082	-9.811779390770328
5.138345111346245e8	4493.282665471803	-20.165114083881146	-9.828369536986106
5.147745111346245e8	4491.985093420312	-20.173951838583214	-9.845239565977128
5.157145111346245e8	4490.687896082231	-20.18278959328528	-9.862399083509764
5.166545111346245e8	4489.39107334934	-20.191627347987346	-9.879858198511974
5.175945111346245e8	4488.094625113455	-20.200465102689414	-9.897627558840352
5.185345111346245e8	4486.798551266441	-20.209302857391478	-9.915718390282878
5.194745111346245e8	4485.502851700168	-20.218140612093546	-9.934142539155086
5.204145111346245e8	4484.207526306568	-20.226978366795613	-9.952912518894465
5.213545111346245e8	4482.912574977569	-20.235816121497677	-9.97204156111201
5.222945111346245e8	4481.617997605174	-20.244653876199745	-9.991543671622592
5.232345111346245e8	4480.32379408136	-20.253491630901813	-10.011433692048438
5.241745111346245e8	4479.029964298182	-20.262329385603877	-10.031727367674396
5.251145111346245e8	4477.736508147717	-20.27116714030594	-10.052441422332196
5.260545111346245e8	4476.443425522063	-20.28000489500801	-10.073593641205937
5.269945111346245e8	4475.150716313344	-20.288842649710077	-10.095202962586052
5.279345111346245e8	4473.85838041374	-20.29768040441214	-10.117289579757898
5.288745111346245e8	4472.566417715438	-20.306518159114205	-10.139875054398631
5.298145111346245e8	4471.274828110658	-20.315355913816273	-10.162982443078347
5.307545111346245e8	4469.983611491664	-20.324193668518337	-10.186636438725763
5.316945111346245e8	4468.6927677507565	-20.333031423220405	-10.21086352923434
5.326345111346245e8	4467.402296780245	-20.34186917792247	-10.235692175762955
5.335745111346245e8	4466.1121984724805	-20.35070693262454	-10.261153013740739
5.345145111346245e8	4464.76176565537	-20.359515126367782	-10.284326058192608
5.354545111346245e8	4463.265126953671	-20.36825190390078	-10.300780649617444
5.363945111346245e8	4461.768989942212	-20.376988681433776	-10.317510530715467
5.373345111346245e8	4460.273354452821	-20.38572545896677	-10.334525069781256
5.382745111346245e8	4458.77822031739	-20.39446223649977	-10.3518341216135
5.392145111346245e8	4457.283587367844	-20.403199014032765	-10.369448061795417
5.401545111346245e8	4455.789455436187	-20.41193579156576	-10.387377824048754
5.410945111346245e8	4454.295824354482	-20.420672569098755	-10.405634940998128
5.420345111346245e8	4452.80269395482	-20.429409346631754	-10.424231588726267
5.429745111346245e8	4451.310064069376	-20.438146124164753	-10.44318063555127
5.439145111346245e8	4449.81793453038	-20.446882901697748	-10.462495695515214
5.448545111346245e8	4448.326305170093	-20.455619679230743	-10.482191187141005
5.457945111346245e8	4446.83517582086	-20.464356456763742	-10.502282398092639
5.467345111346245e8	4445.3445463150765	-20.47309323429674	-10.522785556465259
5.476745111346245e8	4443.854416485176	-20.481830011829736	-10.543717909537833
5.486145111346245e8	4442.364786163668	-20.49056678936273	-10.56509781094597
5.495545111346245e8	4440.875655183112	-20.499303566895726	-10.586944817378829
5.504945111346245e8	4439.387023376124	-20.508040344428725	-10.609279796076766
5.514345111346245e8	4437.89889057538	-20.516777121961724	-10.632125044610522
5.523745111346245e8	4436.411256613605	-20.52551389949472	-10.655504424665203
5.533145111346245e8	4434.92412132357	-20.534250677027714	-10.679443511841193
5.542545111346245e8	4433.437484538124	-20.542987454560713	-10.703969763829592
5.551945111346245e8	4431.9513460901635	-20.551724232093708	-10.729112709735011
5.561345111346245e8	4430.4657058126395	-20.560461009626703	-10.75490416381916
5.570745111346245e8	4428.980563538567	-20.569197787159702	-10.781378467545718
5.580145111346245e8	4427.495919100995	-20.577934564692697	-10.808572764545728
5.589545111346245e8	4426.0117723330495	-20.586671342225692	-10.836527314027279
5.598945111346245e8	4424.528123067915	-20.59540811975869	-10.865285849265481
5.608345111346245e8	4423.012218024896	-20.604129954894027	-10.892785591106781
5.617745111346245e8	4421.339189538256	-20.612779845124333	-10.910675550886854
5.627145111346245e8	4419.666793883769	-20.621429735354642	-10.928891400330794
5.636545111346245e8	4417.995030822065	-20.63007962558495	-10.947445233118367
5.645945111346245e8	4416.323900113846	-20.638729515815264	-10.96634982886678
5.655345111346245e8	4414.653401519929	-20.647379406045573	-10.98561870600591
5.664745111346245e8	4412.983534801213	-20.656029296275882	-11.005266179848627
5.674145111346245e8	4411.314299718687	-20.664679186506188	-11.02530742648107
5.683545111346245e8	4409.645696033441	-20.673329076736497	-11.045758553187115
5.692945111346245e8	4407.977723506628	-20.68197896696681	-11.066636676225764
5.702345111346245e8	4406.310381899518	-20.69062885719712	-11.08796000690238
5.711745111346245e8	4404.643670973461	-20.699278747427424	-11.109747947018228
5.721145111346245e8	4402.977590489906	-20.707928637657734	-11.132021194951944
5.730545111346245e8	4401.312140210372	-20.716578527888043	-11.154801863826483
5.739945111346245e8	4399.647319896485	-20.725228418118352	-11.178113613452368
5.749345111346245e8	4397.983129309967	-20.73387830834866	-11.201981798020672
5.758745111346245e8	4396.319568212596	-20.742528198578967	-11.226433631857011
5.768145111346245e8	4394.656636366296	-20.75117808880928	-11.251498375953508
5.777545111346245e8	4392.994333533025	-20.759827979039592	-11.277207548484792
5.786945111346245e8	4391.332659474865	-20.768477869269894	-11.303595163106582
5.796345111346245e8	4389.671613953977	-20.777127759500207	-11.330697999556218
5.805745111346245e8	4388.011196732621	-20.785777649730516	-11.35855591195632
5.815145111346245e8	4386.351407573125	-20.794427539960825	-11.387212181306525
5.824545111346245e8	4384.692246237927	-20.803077430191134	-11.416713919988174
5.833945111346245e8	4383.03371248955	-20.81172732042144	-11.447112537772647
5.843345111346245e8	4381.3758060906075	-20.82037721065175	-11.47846428090794
5.852745111346245e8	4379.718526803798	-20.829027100882058	-11.510830858481969
5.862145111346245e8	4378.061874391923	-20.83767699111237	-11.544280173587433
5.871545111346245e8	4376.405848617848	-20.846326881342677	-11.578887181061138
5.880945111346245e8	4374.7504492445505	-20.85497677157299	-11.614734899037769
5.890345111346245e8	4373.095676035092	-20.8636266618033	-11.651915608652757
5.899745111346245e8	4371.5460570990435	-20.87218174334626	-11.674241284379656
5.909145111346245e8	4370.003400963862	-20.880731005594427	-11.696062575020708
5.918545111346245e8	4368.461289209987	-20.889280267842597	-11.718370676985883
5.927945111346245e8	4366.919721645306	-20.897829530090764	-11.741187807414239
5.937345111346245e8	4365.378698077797	-20.90637879233893	-11.764537739953667
5.946745111346245e8	4363.838218315484	-20.914928054587097	-11.788445953641055
5.956145111346245e8	4362.298282166458	-20.923477316835264	-11.812939800019933
5.965545111346245e8	4360.758889438902	-20.932026579083434	-11.838048691243959
5.974945111346245e8	4359.220039941042	-20.9405758413316	-11.863804312410219
5.984345111346245e8	4357.681733481172	-20.949125103579767	-11.890240861966918
5.993745111346245e8	4356.143969867678	-20.957674365827934	-11.917395324771066
6.003145111346245e8	4354.606748908988	-20.9662236280761	-11.945307783266141
6.012545111346245e8	4353.070070413601	-20.97477289032427	-11.97402177334967
6.021945111346245e8	4351.533934190103	-20.983322152572438	-12.00358469286085
6.031345111346245e8	4349.998340047127	-20.991871414820604	-12.034048272310223
6.040745111346245e8	4348.463287793375	-21.000420677068774	-12.065469119590825
6.050145111346245e8	4346.928777237634	-21.00896993931694	-12.097909353077473
6.059545111346245e8	4345.39480818874	-21.017519201565104	-12.131437340904046
6.068945111346245e8	4343.861380455596	-21.026068463813274	-12.166128568531274
6.078345111346245e8	4342.328493847195	-21.03461772606144	-12.202066662284095
6.087745111346245e8	4340.796148172573	-21.043166988309608	-12.239344603765385
6.097145111346245e8	4339.264343240835	-21.051716250557774	-12.278066179521682
6.106545111346245e8	4337.733078861176	-21.060265512805945	-12.3183477228593
6.115945111346245e8	4336.202354842836	-21.06881477505411	-12.360320221441288
6.125345111346245e8	4334.67217099512	-21.077364037302278	-12.404131886898327
6.134745111346245e8	4333.142527127433	-21.085913299550448	-12.449951313584272
6.144145111346245e8	4331.613423049186	-21.09446256179861	-12.497971396389293
6.153545111346245e8	4330.0848585699405	-21.10301182404678	-12.548414237594429
6.162945111346245e8	4328.556833499241	-21.11156108629495	-12.601537358390505
6.172345111346245e8	4327.029347646762	-21.120110348543115	-12.657641654826312
6.181745111346245e8	4325.502400822206	-21.12865961079128	-12.717081721235859
6.191145111346245e8	4323.9759928353715	-21.137208873039448	-12.7802794403392
6.200545111346245e8	4322.4501234961035	-21.14575813528762	-12.847742164743346
6.209945111346245e8	4320.924792614322	-21.154307397535785	-12.920087487041354
6.219345111346245e8	4319.400000000003	-21.16285665978395	-12.998077689028955
