-3.3160831805087402e6	9179.853661883919	-13.323097582509122	4.511760954643702
-3.1859831805087402e6	9107.661801961796	-13.334853920319777	4.404320856477785
-3.0558831805087402e6	9036.037670549407	-13.34661025813043	4.283932246334132
-2.9257831805087402e6	8964.976802937555	-13.358366595941083	4.147040822619403
-2.7956831805087402e6	8884.825659661845	-13.369792657370597	4.036665943007141
-2.6655831805087402e6	8805.257353956731	-13.381214096813292	3.9133257442205336
-2.5354831805087402e6	8726.401624447855	-13.39263553625599	3.772603747450671
-2.4053831805087402e6	8643.467124478828	-13.403819714971872	3.6326729779887668
-2.2752831805087402e6	8555.813545894209	-13.414728032198461	3.501711695189395
-2.1451831805087402e6	8469.048864059938	-13.425636349425051	3.3509775854613095
-2.0150831805087402e6	8379.823977550082	-13.436376956417579	3.1892768656232304
-1.8849831805087402e6	8282.935936225558	-13.446680673277134	3.0447991628540003
-1.7548831805087402e6	8187.168120406589	-13.456984390136691	2.875864482659584
-1.6247831805087402e6	8087.1655673234345	-13.466965661941508	2.699709921618911
-1.4946831805087402e6	7980.701935847636	-13.476477097123954	2.5331023835207316
-1.3645831805087402e6	7875.639846696236	-13.4859885323064	2.3330763479332783
-1.2344831805087402e6	7757.8980595454905	-13.495014176958241	2.1340270070900837
-1.1043831805087402e6	7632.966108544537	-13.503543578465273	1.9293807265368532
-974283.1805087402	7502.302871866759	-13.511443268349126	1.7164737876407212
-844183.1805087402	7365.713606320964	-13.518680778858652	1.4959350691028315
-714083.1805087402	7222.831675897234	-13.525209691437501	1.2687793653040307
-583983.1805087402	7073.4174702232995	-13.53090609166538	1.0365046262869297
-453883.18050874025	6918.01875255948	-13.535847914954623	0.8013160504129105
-323783.18050874025	6757.6906035098455	-13.540120471061996	0.5660684194294175
-193683.18050874025	6594.295618103381	-13.543924540573272	0.3342173772923057
-63583.180508740246	6430.128274389183	-13.547554457270813	0.10925009254157082
66516.81949125975	6268.114564659881	-13.551349322171701	-0.1065911786584062
196616.81949125975	6113.55528341434	-13.556314419053436	-0.29920899255892575
326716.81949125975	5972.409022079687	-13.56346846390341	-0.47358371058925786
456816.81949125975	5843.720008192996	-13.572650202636554	-0.6430480107324769
586916.8194912598	5732.811313166817	-13.585130770767186	-0.7901870542410279
717016.8194912598	5640.112655441769	-13.601277474537218	-0.9286118695046971
847116.8194912598	5561.338704998662	-13.620291936526908	-1.0589391115311426
977216.8194912598	5497.897696315007	-13.642676641051576	-1.1820652166964762
1.1073168194912598e6	5446.161873472639	-13.66768565821808	-1.2991158383397696
1.2374168194912598e6	5397.52416141711	-13.693439463474064	-1.4167615107750475
1.3675168194912598e6	5353.591977051155	-13.720421681583504	-1.5225438488742344
1.4976168194912598e6	5310.280282043393	-13.747476654286062	-1.6397523052681477
1.6277168194912598e6	5275.250703720369	-13.776742729057425	-1.7350280872653947
1.7578168194912598e6	5240.452200084992	-13.806008803828787	-1.8403465627657782
1.8879168194912598e6	5208.693902145716	-13.836186225041873	-1.9403904869508988
2.0180168194912598e6	5179.571321647467	-13.867160291565337	-2.0345856032746505
2.1481168194912598e6	5150.611569818135	-13.8981343580888	-2.1385849499311056
2.2782168194912598e6	5126.009769469934	-13.930573284582739	-2.2258233357862007
2.4083168194912598e6	5101.923543855659	-13.963151782165466	-2.3184295510754045
2.5384168194912598e6	5078.591003399733	-13.99596642265185	-2.4152116218228894
2.6685168194912598e6	5058.009598918484	-14.029760174273957	-2.4983446301163306
2.7986168194912598e6	5037.511602258447	-14.063553925896063	-2.589020535731158
2.9287168194912598e6	5018.438617290415	-14.097771942465977	-2.6786581742095437
3.0588168194912598e6	5001.507557640079	-14.13264657692688	-2.7601328040411666
3.1889168194912598e6	4984.633619497586	-14.167521211387784	-2.8488391004160056
3.3190168194912598e6	4968.863386232213	-14.202870325153212	-2.933590743732584
3.4491168194912598e6	4954.118994747446	-14.238663127232138	-3.0134370534862187
3.5792168194912598e6	4939.418355135765	-14.274455929311065	-3.1002163735616635
3.7093168194912598e6	4925.910104789067	-14.310627351631416	-3.1813766061728392
3.8394168194912598e6	4913.2136836191485	-14.347054817953577	-3.2595854360630865
3.9695168194912598e6	4900.549987185795	-14.38348228427574	-3.344433829957294
4.0996168194912598e6	4888.961607969614	-14.420423208837995	-3.423334072517668
4.22971681949126e6	4878.026874573176	-14.457673199989342	-3.5000365038509993
4.35981681949126e6	4867.116597984568	-14.494923191140694	-3.583114612681892
4.48991681949126e6	4856.986825640608	-14.532476370217019	-3.6603343651003315
4.62001681949126e6	4847.318884079588	-14.570206630745126	-3.7356081256193048
4.75011681949126e6	4837.670186773771	-14.607936891273237	-3.8170126396511037
4.88021681949126e6	4828.809644302076	-14.645964064984023	-3.8932392018268627
5.01031681949126e6	4820.458779528822	-14.684182098123639	-3.9671953117610363
5.14041681949126e6	4812.122356605124	-14.722400131263255	-4.047060875988157
5.27051681949126e6	4804.371781120533	-14.760850797498716	-4.122812950650012
5.40061681949126e6	4797.073087945368	-14.799480615622212	-4.195633454960736
5.53071681949126e6	4789.785482780151	-14.83811043374571	-4.274176208813851
5.66081681949126e6	4782.914736058964	-14.876938146010806	-4.349840331928087
5.79091681949126e6	4776.4471947647435	-14.915957946336402	-4.421710337859253
5.92101681949126e6	4769.98839899344	-14.954977746661996	-4.499148399420007
6.05111681949126e6	4763.830532702846	-14.994161843306282	-4.574967501867637
6.18121681949126e6	4758.046321336483	-15.03355182092988	-4.646066077987501
6.31131681949126e6	4752.269133121111	-15.072941798553474	-4.722609231851444
6.44141681949126e6	4746.7200603884485	-15.112401697154828	-4.798692843230561
6.57151681949126e6	4741.53538256126	-15.151974908403474	-4.869177428911853
6.70161681949126e6	4736.356367777982	-15.191548119652122	-4.945009379362626
6.83171681949126e6	4731.309994661429	-15.231185547957706	-5.02160158299761
6.96181681949126e6	4726.5478474329975	-15.27096413649775	-5.091616638846843
7.09191681949126e6	4721.790493390025	-15.310742725037796	-5.166905354308403
7.22201681949126e6	4717.127205408558	-15.350571740476962	-5.244126267934231
7.35211681949126e6	4712.743966721	-15.390556483148949	-5.313834601469543
7.48221681949126e6	4708.364801016967	-15.430541225820935	-5.388768743329471
7.61231681949126e6	4704.0278155806745	-15.470558213042798	-5.466633850005568
7.74241681949126e6	4699.862261642343	-15.510716990495727	-5.536177550235788
7.87251681949126e6	4695.700396423613	-15.550875767948657	-5.610921471266691
8.00261681949126e6	4691.555484084887	-15.59106007505338	-5.689448361381097
8.13271681949126e6	4687.499756867971	-15.631409098726966	-5.758946995586654
8.26281681949126e6	4683.447535721337	-15.671758122400554	-5.833638858138278
8.39291681949126e6	4679.4098035372635	-15.712111253834435	-5.912704472909742
8.52301681949126e6	4675.475307932486	-15.752501716728673	-5.982283130118706
8.65311681949126e6	4671.544120491839	-15.792892179622914	-6.057067435543423
8.78321681949126e6	4667.616425062877	-15.833290960046877	-6.136693388853962
8.91331681949126e6	4663.694425628788	-15.873796510866018	-6.206477778105441
9.04341681949126e6	4659.775721683909	-15.914302061685161	-6.281499819159087
9.17351681949126e6	4655.854339977389	-15.954810452793748	-6.361586707797583
9.30361681949126e6	4651.8448153234185	-15.995362382415	-6.431690888558485
9.43371681949126e6	4647.838743588464	-16.035914312036248	-6.507082677152269
9.56381681949126e6	4643.831138379889	-16.07647862368182	-6.587518130672993
9.69391681949126e6	4639.756473279215	-16.117218293787968	-6.658035094859891
9.82401681949126e6	4635.685383436803	-16.15795796389412	-6.733904526765073
9.95411681949126e6	4631.60626033193	-16.198660027064136	-6.814416242756856
1.008421681949126e7	4627.41895089816	-16.238999560192568	-6.88540385583925
1.021431681949126e7	4623.235427097122	-16.279339093321	-6.96181840812323
1.034441681949126e7	4619.0228410363225	-16.319819782954855	-7.042741897712076
1.047451681949126e7	4614.538349936144	-16.36148666260745	-7.114273487251536
1.060461681949126e7	4610.058212713632	-16.403153542260043	-7.191318780642539
1.073471681949126e7	4605.601907946808	-16.444059937068005	-7.268950873778386
1.086481681949126e7	4601.216027367854	-16.482383090642813	-7.3318020841644485
1.099491681949126e7	4596.834323430477	-16.52070624421762	-7.398870080221319
1.112501681949126e7	4592.4567921573	-16.559029397792425	-7.470761636541707
1.125511681949126e7	4588.083429574725	-16.59735255136723	-7.548224719346638
1.138521681949126e7	4583.71423171295	-16.63567570494204	-7.632196003337939
1.151531681949126e7	4579.344256280704	-16.674000258095397	-7.72346738942402
1.164541681949126e7	4574.559718980559	-16.712443602380116	-7.786813648939645
1.177551681949126e7	4569.780180605122	-16.750886946664835	-7.854445674043417
1.190561681949126e7	4565.005635931479	-16.78933029094955	-7.926985736565925
1.203571681949126e7	4560.236079742171	-16.82777363523427	-8.005202318003139
1.216581681949126e7	4555.471506825178	-16.866216979518985	-8.090059836351637
1.229591681949126e7	4550.71191197396	-16.9046603238037	-8.182791494499654
1.242601681949126e7	4545.575079825938	-16.943276139357792	-8.251547087450373
1.255611681949126e7	4540.3876864818585	-16.981917417010514	-8.320164345103603
1.268621681949126e7	4535.206212971735	-17.02055869466324	-8.39383909192104
1.281631681949126e7	4530.030652539867	-17.059199972315966	-8.473376607133417
1.294641681949126e7	4524.860998438288	-17.09784124996869	-8.55979126734409
1.307651681949126e7	4519.697243926707	-17.13648252762141	-8.654385856709649
1.320661681949126e7	4514.188069271793	-17.17534810659205	-8.726872509856058
1.333671681949126e7	4508.601559598304	-17.21426741687845	-8.796902592926878
1.346681681949126e7	4503.021963480435	-17.253186727164852	-8.872208686010719
1.359691681949126e7	4497.449272362368	-17.29210603745125	-8.953651018159475
1.372701681949126e7	4491.883477698841	-17.33102534773765	-9.042319026358498
1.385711681949126e7	4486.3245709551975	-17.369944658024053	-9.139620793073242
1.398721681949126e7	4480.486117974603	-17.408774944534848	-9.213643383963186
1.411731681949126e7	4474.590571447244	-17.447585097285288	-9.285482663588907
1.424741681949126e7	4468.702782441712	-17.486395250035727	-9.362885052152862
1.437751681949126e7	4462.822740750446	-17.52520540278616	-9.446785013264067
1.450761681949126e7	4456.950436179328	-17.5640155555366	-9.53837422792524
1.463771681949126e7	4451.085858547625	-17.60282570828704	-9.639205619983036
1.476781681949126e7	4444.980729301414	-17.641701221266374	-9.715773743504167
1.489791681949126e7	4438.827585684835	-17.680591600148723	-9.790093281281031
1.502801681949126e7	4432.682959805163	-17.719481979031077	-9.870382872099885
1.515811681949126e7	4426.546839871367	-17.75837235791343	-9.95768609868302
1.528821681949126e7	4420.419214108751	-17.79726273679578	-10.053346610469315
1.541831681949126e7	4414.3000707589135	-17.83615311567813	-10.159135476401497
1.554841681949126e7	4407.995361034003	-17.87530675198082	-10.239885876128918
1.567851681949126e7	4401.652338317068	-17.914524679547437	-10.317950929385873
1.580861681949126e7	4395.318443090951	-17.953742607114055	-10.40263010970652
1.593871681949126e7	4388.993662221366	-17.992960534680673	-10.495148814252236
1.606881681949126e7	4382.677982592932	-18.032178462247295	-10.597108075200579
1.619891681949126e7	4376.371391109108	-18.071396389813906	-10.710655746444987
1.632901681949126e7	4370.004035761026	-18.11113089430159	-10.798423634309492
1.645911681949126e7	4363.626544427241	-18.151009105880647	-10.882604105543187
1.658921681949126e7	4357.258360269242	-18.1908873174597	-10.974527743135397
1.671931681949126e7	4350.899469704319	-18.23076552903876	-11.075764666077415
1.684941681949126e7	4344.549859169605	-18.270643740617814	-11.188417008303313
1.697951681949126e7	4338.209515122023	-18.310521952196872	-11.315390240586524
1.710961681949126e7	4332.115831805897	-18.350034223266498	-11.416207939083353
1.723971681949126e7	4326.111467090262	-18.389421841703225	-11.511836464726478
1.736981681949126e7	4320.115424496435	-18.428809460139956	-11.617586207420915
1.749991681949126e7	4314.127692489855	-18.468197078576683	-11.735855990013475
1.763001681949126e7	4308.148259551955	-18.507584697013414	-11.870013548460362
1.776011681949126e7	4302.177114180111	-18.54697231545014	-12.024999726425815
1.789021681949126e7	4296.720266111471	-18.586811155588105	-12.173611581283861
1.802031681949126e7	4291.886648122824	-18.627200187331464	-12.299656300729882
1.815041681949126e7	4287.058467738075	-18.667589219074827	-12.443911149078799
1.828051681949126e7	4282.23571884016	-18.707978250818186	-12.612541025779285
1.841061681949126e7	4277.418395318901	-18.748367282561546	-12.81549225805095
1.854071681949126e7	4272.606491070999	-18.78875631430491	-13.070400928076419
1.867081681949126e7	4267.8	-18.829145346048268	-13.413375535160736
