-8.440331525911301e6	9479.546401845908	-14.325118842900547	4.529696015807963
-8.144331525911301e6	9423.634488812604	-14.332345427186663	4.4425971137201135
-7.848331525911301e6	9368.052353374806	-14.339572011472779	4.347181893684873
-7.552331525911301e6	9312.798050450421	-14.346798595758896	4.241692980537088
-7.256331525911301e6	9256.33284207145	-14.353939426947644	4.12925250512844
-6.960331525911301e6	9192.473161172218	-14.360645693568543	4.033628116250731
-6.664331525911301e6	9129.054049871582	-14.367351960189442	3.9278834331584362
-6.368331525911301e6	9066.072468668413	-14.37405822681034	3.809619980575034
-6.072331525911301e6	9002.33464310865	-14.380686638971744	3.679645056526529
-5.776331525911301e6	8929.350392276996	-14.386676323555903	3.5691344050571776
-5.480331525911301e6	8856.957843607113	-14.392666008140065	3.4448761748073777
-5.184331525911301e6	8785.15220001685	-14.398655692724226	3.3029574443263967
-4.888331525911301e6	8706.397619154508	-14.404078359685752	3.1652400639073273
-4.592331525911301e6	8622.896043173105	-14.40908644536534	3.028667781620785
-4.296331525911301e6	8540.195316578167	-14.414094531044926	2.8704481443264704
-4.0003315259113014e6	8450.597425217251	-14.41845406517508	2.7102041218424286
-3.7043315259113014e6	8354.170645603415	-14.422150867287229	2.5526392059802996
-3.4083315259113014e6	8258.844157881229	-14.425847669399372	2.3655180498660657
-3.1123315259113014e6	8149.058220716098	-14.428458676183158	2.1772393361287197
-2.8163315259113014e6	8029.905174694776	-14.430135310107426	1.9821707867517777
-2.5203315259113014e6	7902.3073002088795	-14.430800398580221	1.7779063777361646
-2.2243315259113014e6	7764.883150264061	-14.430266888443366	1.5654978190882047
-1.9283315259113014e6	7616.691337140848	-14.428375401215085	1.3466105694474648
-1.6323315259113014e6	7457.553090443696	-14.425004347086299	1.1235471796155216
-1.3363315259113014e6	7287.4192766909255	-14.420100439423901	0.8996348325444509
-1.0403315259113014e6	7107.680787620867	-14.413756648127809	0.6792450985280186
-744331.5259113014	6921.953538868255	-14.406312375634378	0.46668712203228907
-448331.5259113014	6734.134137499817	-14.398258532054363	0.2651481389853737
-152331.52591130137	6550.560028452215	-14.390546981283535	0.08876043441805619
143668.47408869863	6381.2028635209435	-14.384717496134268	-0.06739125235021166
439668.4740886986	6226.425101221701	-14.380876187323791	-0.21783013902778164
735668.4740886986	6098.470909888221	-14.381511245439281	-0.34129198685596535
1.0316684740886986e6	5989.359251149133	-14.385325196819128	-0.46351843011343113
1.3276684740886986e6	5907.714852062847	-14.394215128550144	-0.569434447414703
1.6236684740886986e6	5831.6824031605975	-14.404041149730315	-0.679159139451236
1.9196684740886986e6	5771.018499412625	-14.416895320603315	-0.7710319498127197
2.2156684740886986e6	5710.985650129486	-14.429749491476315	-0.8722072188497523
2.5116684740886986e6	5661.119251179983	-14.444844589010017	-0.9572569993546934
2.8076684740886986e6	5613.730478610511	-14.460423027817262	-1.043812287303916
3.1036684740886986e6	5568.153731276877	-14.476340096139866	-1.1343723852220027
3.3996684740886986e6	5530.728443930209	-14.49413260641694	-1.2086200492583539
3.6956684740886986e6	5493.554703541578	-14.51192511669401	-1.2888257554620897
3.9916684740886986e6	5458.209241625632	-14.530132586209316	-1.3705238652473333
4.287668474088699e6	5428.510803850861	-14.54977314743942	-1.438979675401202
4.583668474088699e6	5398.973957024185	-14.569413708669531	-1.5124683195994737
4.879668474088699e6	5369.8820926662065	-14.589131201849277	-1.590679924235235
5.175668474088699e6	5346.181809026126	-14.610272330249746	-1.6534492813085655
5.471668474088699e6	5322.586127951777	-14.631413458650215	-1.7204240761786542
5.767668474088699e6	5299.094587773735	-14.652554587050682	-1.792208547825327
6.063668474088699e6	5278.440018816223	-14.674484634789852	-1.8564486615498472
6.359668474088699e6	5259.3875808004295	-14.696855415122211	-1.9173442505980676
6.655668474088699e6	5240.403912230344	-14.71922619545457	-1.9821899567184
6.951668474088699e6	5221.527357284021	-14.741608736140174	-2.0513340625071863
7.247668474088699e6	5206.118641615935	-14.765030721231994	-2.1067619198414884
7.543668474088699e6	5190.755397033654	-14.788452706323813	-2.1654432386442752
7.839668474088699e6	5175.437489352123	-14.811874691415635	-2.2277839053417754
8.135668474088699e6	5160.6495146318075	-14.835446630535605	-2.2912757726243016
8.431668474088699e6	5148.116624114656	-14.85970490341243	-2.3445320483120744
8.727668474088699e6	5135.614170336972	-14.883963176289257	-2.40078488876358
9.023668474088699e6	5123.142079381614	-14.908221449166078	-2.4603917197891465
9.319668474088699e6	5111.0453070077765	-14.932604790087426	-2.521276092022671
9.615668474088699e6	5100.7726986623875	-14.957640413246756	-2.5722997964293075
9.911668474088699e6	5090.520737068453	-14.982676036406083	-2.626067558492189
1.0207668474088699e7	5080.2893807284245	-15.007711659565413	-2.682891388717051
1.0503668474088699e7	5070.078588228121	-15.032747282724742	-2.7431397377287183
1.0799668474088699e7	5061.248471571159	-15.058218357074434	-2.7919757985920204
1.1095668474088699e7	5052.4442771155545	-15.083692812358791	-2.843195923477682
1.1391668474088699e7	5043.6553978219	-15.109167267643148	-2.8971818515800405
1.1687668474088699e7	5034.881807049009	-15.134641722927505	-2.9542494161698114
1.1983668474088699e7	5027.455270572825	-15.160520686939694	-3.0053767977629477
1.2279668474088699e7	5020.7256782843215	-15.18660827432911	-3.054182862619103
1.2575668474088699e7	5014.005094014763	-15.21269586171853	-3.105493731744033
1.2871668474088699e7	5007.29350570631	-15.238783449107945	-3.159580480862549
1.3167668474088699e7	5000.694681141466	-15.264933538537898	-3.214158828156203
1.3463668474088699e7	4994.531300458402	-15.291340964872026	-3.2606180186569547
1.3759668474088699e7	4988.37551617223	-15.317748391206155	-3.309341279451704
1.4055668474088699e7	4982.227318920327	-15.344155817540283	-3.3605606332113127
1.4351668474088699e7	4976.086699351645	-15.370563243874413	-3.414545704639978
1.4647668474088699e7	4970.698373786989	-15.397125562220946	-3.463388169612178
1.4943668474088699e7	4965.757931437819	-15.423779908843375	-3.5096296399461604
1.5239668474088699e7	4960.82239945914	-15.450434255465805	-3.558113493871519
1.5535668474088699e7	4955.891772970467	-15.477088602088234	-3.609068343956041
1.5831668474088699e7	4950.966047096163	-15.503742948710663	-3.662759650294283
1.6127668474088699e7	4946.730492582689	-15.53075962172818	-3.70766048861031
1.6423668474088699e7	4942.553563709478	-15.557805398788947	-3.753682316183296
1.6719668474088699e7	4938.380161758706	-15.584851175849716	-3.8019247599933905
1.70156684740887e7	4934.21028375232	-15.611896952910485	-3.852613028070151
1.73116684740887e7	4930.148430127664	-15.638987310399564	-3.904130990718163
1.76076684740887e7	4926.648401308354	-15.666316092270378	-3.947912194515585
1.79036684740887e7	4923.150857242182	-15.693644874141189	-3.993698304192978
1.81996684740887e7	4919.655796165143	-15.720973656012003	-4.041681793426309
1.84956684740887e7	4916.163216314517	-15.748302437882813	-4.092084256149173
1.87916684740887e7	4912.843242352658	-15.775744491121998	-4.141381243936695
1.90876684740887e7	4909.881938328644	-15.803424004199169	-4.184936262412928
1.93836684740887e7	4906.922419283528	-15.831103517276341	-4.2304750515501865
1.96796684740887e7	4903.964684141384	-15.858783030353514	-4.278186977449921
1.99756684740887e7	4901.008731826932	-15.886462543430685	-4.328289885850541
2.02716684740887e7	4898.261965033828	-15.914076840835742	-4.37578550327295
2.05676684740887e7	4895.764526741104	-15.941613183815825	-4.419091648161567
2.08636684740887e7	4893.2683617975945	-15.969149526795906	-4.464358443719439
2.11596684740887e7	4890.773469554068	-15.996685869775991	-4.511771877380225
2.14556684740887e7	4888.27984936162	-16.024222212756072	-4.561545724173732
2.17516684740887e7	4885.960681140758	-16.051917646911473	-4.608413845282811
2.20476684740887e7	4883.825286674698	-16.07978096636276	-4.651510823797141
2.23436684740887e7	4881.6908254763775	-16.107644285814047	-4.696549131262514
2.26396684740887e7	4879.557297137932	-16.13550760526533	-4.743711948199883
2.29356684740887e7	4877.424701251643	-16.163370924716617	-4.793209671368015
2.32316684740887e7	4875.44743054609	-16.191359193359983	-4.839499861391827
2.35276684740887e7	4873.613796375987	-16.21946310061017	-4.88244824314295
2.38236684740887e7	4871.780851827569	-16.247567007860354	-4.927324287976566
2.41196684740887e7	4869.94859664147	-16.27567091511054	-4.974309200350361
2.44156684740887e7	4868.117030558428	-16.303774822360726	-5.0236110006854116
2.47116684740887e7	4866.401943902076	-16.331853183318792	-5.069383044689867
2.50076684740887e7	4864.780725451904	-16.359910961109406	-5.112234377808201
2.53036684740887e7	4863.160047102877	-16.387968738900017	-5.157004476046358
2.55996684740887e7	4861.539908675063	-16.41602651669063	-5.203873261344532
2.58956684740887e7	4859.920309988591	-16.444084294481243	-5.253047212690383
2.61916684740887e7	4858.3774501400185	-16.47218535971394	-5.298721521795163
2.64876684740887e7	4856.896121946673	-16.500321112248624	-5.341530245875281
2.67836684740887e7	4855.415245412992	-16.528456864783312	-5.38625383523317
2.70796684740887e7	4853.934820401299	-16.556592617317996	-5.433071650725658
2.73756684740887e7	4852.454846773898	-16.58472836985268	-5.482189497201885
2.76716684740887e7	4851.052058616027	-16.61287342527302	-5.52782928316414
2.79676684740887e7	4849.710581979504	-16.641025866671328	-5.570669380924168
2.82636684740887e7	4848.369476305722	-16.669178308069636	-5.615427215072343
2.85596684740887e7	4847.028741492106	-16.697330749467945	-5.662282559481103
2.88556684740887e7	4845.688377436082	-16.725483190866253	-5.711441715222681
2.91516684740887e7	4844.375989649849	-16.753716676365695	-5.757125325101452
2.94476684740887e7	4843.0855587081005	-16.782013595758308	-5.800082136197292
2.97436684740887e7	4841.795471507627	-16.810310515150924	-5.8449673842403875
3.00396684740887e7	4840.50572795687	-16.838607434543533	-5.891962385383768
3.03356684740887e7	4839.216327964291	-16.86690435393615	-5.941275294325607
3.06316684740887e7	4837.9572710789635	-16.895260103495417	-5.986736153827495
3.09276684740887e7	4836.718579391636	-16.9236551574311	-6.0298951236665275
3.12236684740887e7	4835.480204854091	-16.952050211366778	-6.075001138471416
3.15196684740887e7	4834.242147385118	-16.980445265302457	-6.122238207555593
3.18156684740887e7	4833.004406903554	-17.008840319238136	-6.171817724835159
3.21116684740887e7	4831.765814577535	-17.037136819381214	-6.216788571798464
3.24076684740887e7	4830.526972496896	-17.065385480467892	-6.260235961354704
3.27036684740887e7	4829.288448049561	-17.09363414155457	-6.305657105616659
3.29996684740887e7	4828.050241154075	-17.121882802641245	-6.353239904326821
3.32956684740887e7	4826.812351729033	-17.150131463727924	-6.403200435941381
3.35916684740887e7	4825.575769866487	-17.17852715941482	-6.447788048155598
3.38876684740887e7	4824.339838955364	-17.206972487198282	-6.491642385528893
3.41836684740887e7	4823.104224591996	-17.235417814981744	-6.537508487592034
3.44796684740887e7	4821.868926695317	-17.263863142765207	-6.585579840369733
3.47756684740887e7	4820.633945184281	-17.292308470548665	-6.636079259681453
3.50716684740887e7	4819.6052997086135	-17.32091492794288	-6.679771020004797
3.53676684740887e7	4818.601936042956	-17.349540990478243	-6.7242565789012945
3.56636684740887e7	4817.598781261351	-17.37816705301361	-6.770813610870123
3.59596684740887e7	4816.595835320304	-17.40679311554897	-6.8196444945895385
3.62556684740887e7	4815.542361213758	-17.43521715219304	-6.869347732235135
3.65516684740887e7	4814.064100949108	-17.46194839181218	-6.907329986915672
3.68476684740887e7	4812.586294476219	-17.488679631431317	-6.946812046658457
3.71436684740887e7	4811.1089416557725	-17.515410871050456	-6.987917243748898
3.74396684740887e7	4809.632042348513	-17.542142110669598	-7.030784778043872
3.77356684740887e7	4808.155596415233	-17.56887335028874	-7.0755725613779425
3.80316684740887e7	4806.67960371674	-17.59560458990788	-7.1224607293518485
3.83276684740887e7	4805.204064113918	-17.622335829527017	-7.171656017699942
3.86236684740887e7	4803.72897746766	-17.649067069146152	-7.2233972719488175
3.89196684740887e7	4802.254343638928	-17.675798308765295	-7.277962461863042
3.92156684740887e7	4800.769398187185	-17.702545200080124	-7.333981583951582
3.95116684740887e7	4799.163317115919	-17.72946895188163	-7.373209209432394
3.98076684740887e7	4797.557773353603	-17.756392703683133	-7.414038692361395
4.01036684740887e7	4795.952766720499	-17.783316455484634	-7.456606446418517
4.03996684740887e7	4794.348297036906	-17.81024020728614	-7.50106708867036
4.06956684740887e7	4792.744364123195	-17.837163959087643	-7.547596829760639
4.09916684740887e7	4791.140967799767	-17.864087710889144	-7.5963976920402425
4.12876684740887e7	4789.538107887142	-17.89101146269065	-7.6477028107879805
4.15836684740887e7	4787.93578420584	-17.917935214492154	-7.701783170400225
4.18796684740887e7	4786.333996576466	-17.944858966293655	-7.758956268473709
4.21756684740887e7	4784.574573480679	-17.97177025849806	-7.811882130117226
4.24716684740887e7	4782.527648991241	-17.998658843064028	-7.85306300735467
4.27676684740887e7	4780.481600211819	-18.025547427629995	-7.896012857822275
4.30636684740887e7	4778.436426767765	-18.05243601219596	-7.940890506197743
4.33596684740887e7	4776.392128284598	-18.07932459676193	-7.987877176396941
4.36556684740887e7	4774.348704387992	-18.1062131813279	-8.03718091223266
4.39516684740887e7	4772.306154703778	-18.133101765893862	-8.089042145493424
4.42476684740887e7	4770.264478857967	-18.159990350459832	-8.143740788491817
4.45436684740887e7	4768.223676476709	-18.1868789350258	-8.20160538110077
4.48396684740887e7	4766.183747186321	-18.213767519591766	-8.263025050577278
4.51356684740887e7	4763.6225212612835	-18.240664910171045	-8.30709719606148
4.54316684740887e7	4761.010998728551	-18.267563172698708	-8.351011854597981
4.57276684740887e7	4758.400907889862	-18.294461435226374	-8.396943944244999
4.60236684740887e7	4755.792247960318	-18.321359697754033	-8.445087788811366
4.63196684740887e7	4753.1850181554655	-18.3482579602817	-8.495667215618056
4.66156684740887e7	4750.579217691269	-18.37515622280936	-8.548941847916614
4.69116684740887e7	4747.9748457841515	-18.402054485337022	-8.60521516979164
4.72076684740887e7	4745.371901650937	-18.428952747864685	-8.664844998643826
4.75036684740887e7	4742.770384508879	-18.455851010392347	-8.728257282793097
4.77996684740887e7	4739.7176726977605	-18.4827090182563	-8.777721515815482
4.80956684740887e7	4736.509838628303	-18.509553045390035	-8.82316826077067
4.83916684740887e7	4733.304175616316	-18.536397072523766	-8.87077915612718
4.86876684740887e7	4730.100682192413	-18.563241099657496	-8.920770664063205
4.89836684740887e7	4726.899356888228	-18.59008512679123	-8.973393440718183
4.92796684740887e7	4723.700198236389	-18.616929153924964	-9.028939940493547
4.95756684740887e7	4720.5032047704935	-18.643773181058695	-9.087754259315219
4.98716684740887e7	4717.308375025154	-18.670617208192425	-9.150245057699578
5.01676684740887e7	4714.115707535977	-18.69746123532616	-9.216902797616173
5.04636684740887e7	4710.454931227735	-18.724204503184662	-9.267892845567982
5.07596684740887e7	4706.661156926186	-18.750918641501265	-9.31547297881067
5.10556684740887e7	4702.87043810943	-18.777632779817868	-9.365430571864296
5.13516684740887e7	4699.082772316615	-18.80434691813447	-9.418015770004752
5.16476684740887e7	4695.298157088841	-18.831061056451073	-9.473520400096776
5.19436684740887e7	4691.516589969203	-18.857775194767672	-9.53228777853165
5.22396684740887e7	4687.73806850276	-18.884489333084275	-9.594725585306929
5.25356684740887e7	4683.962590236579	-18.911203471400878	-9.661323031652744
5.28316684740887e7	4680.190152719673	-18.93791760971748	-9.732674163078874
5.31276684740887e7	4675.907212317008	-18.964634025317267	-9.783483113970165
5.34236684740887e7	4671.568981892888	-18.99135070373611	-9.833889292886466
5.37196684740887e7	4667.234776408177	-19.018067382154957	-9.886971752415288
5.40156684740887e7	4662.904592128593	-19.044784060573804	-9.943030696574073
5.43116684740887e7	4658.578425323354	-19.071500738992647	-10.00241985821427
5.46076684740887e7	4654.256272265078	-19.09821741741149	-10.065560033875304
5.49036684740887e7	4649.938129229911	-19.124934095830337	-10.132957186916055
5.51996684740887e7	4645.623992497385	-19.15165077424918	-10.205227103984866
5.54956684740887e7	4641.303818921617	-19.17836311798673	-10.282509863631349
5.57916684740887e7	4636.496087807652	-19.204863007411028	-10.333780312426443
5.60876684740887e7	4631.693336819833	-19.23136289683533	-10.387822150317215
5.63836684740887e7	4626.89556079945	-19.25786278625963	-10.444952195260175
5.66796684740887e7	4622.102754593144	-19.284362675683926	-10.505544903029449
5.69756684740887e7	4617.314913052893	-19.310862565108224	-10.57004725614479
5.72716684740887e7	4612.5320310360075	-19.337362454532524	-10.638998794350917
5.75676684740887e7	4607.754103405127	-19.363862343956825	-10.713059076380349
5.78636684740887e7	4602.9811250282055	-19.390362233381126	-10.793046148449918
5.81596684740887e7	4598.213090778533	-19.41686212280542	-10.879991778261633
5.84556684740887e7	4593.109965648711	-19.44317283451898	-10.94056286127944
5.87516684740887e7	4587.962354386759	-19.469455613003017	-10.999689921871793
5.90476684740887e7	4582.820512179304	-19.495738391487052	-11.062533913704778
5.93436684740887e7	4577.684432560825	-19.52202116997109	-11.12959368979612
5.96396684740887e7	4572.554109073039	-19.54830394845513	-11.201475800821497
5.99356684740887e7	4567.429535264934	-19.574586726939167	-11.278927916950998
6.02316684740887e7	4562.310704692661	-19.6008695054232	-11.362886313110334
6.05276684740887e7	4557.197610919682	-19.627152283907243	-11.454545176821945
6.08236684740887e7	4552.090247516587	-19.653435062391278	-11.555461002588503
6.11196684740887e7	4547.024366649529	-19.679709678583176	-11.663558557948683
6.14156684740887e7	4542.371142195031	-19.70589128928153	-11.732785151562991
6.17116684740887e7	4537.7226796454715	-19.732072899979883	-11.80716287099043
6.20076684740887e7	4533.078974127742	-19.75825451067824	-11.887520375809306
6.23036684740887e7	4528.4400207737	-19.78443612137659	-11.974903913595726
6.25996684740887e7	4523.80581472018	-19.810617732074945	-12.070660869258178
6.28956684740887e7	4519.176351109029	-19.8367993427733	-12.176567715510787
6.31916684740887e7	4514.551625087009	-19.862980953471656	-12.295034084411817
6.34876684740887e7	4509.931631805902	-19.889162564170007	-12.429444735031808
6.37836684740887e7	4505.316366422422	-19.915344174868363	-12.584768962738549
6.40796684740887e7	4500.705824098249	-19.941525785566714	-12.76873580372931
6.43756684740887e7	4496.100000000001	-19.96770739626507	-12.994352368050167
