-1.9779306339684534e8	10126.99444793688	-17.492718834043828
-1.9528806339684534e8	10106.193405347576	-17.4917025754184
-1.9278306339684534e8	10085.435088502323	-17.490686316792978
-1.9027806339684534e8	10064.719409641637	-17.48967005816755
-1.8777306339684534e8	10044.046281186233	-17.488653799542124
-1.8526806339684534e8	10023.415615736792	-17.4876375409167
-1.8276306339684534e8	10002.827326073462	-17.486621282291274
-1.8025806339684534e8	9982.281325155556	-17.485605023665848
-1.7775306339684534e8	9961.777526121139	-17.48458876504042
-1.7524806339684534e8	9941.315842286795	-17.483572506414998
-1.7274306339684534e8	9920.896187147051	-17.48255624778957
-1.7023806339684534e8	9900.518474374141	-17.481539989164144
-1.6773306339684534e8	9875.611934268334	-17.48002371384452
-1.6522806339684534e8	9850.552667793441	-17.4784838112053
-1.6272306339684534e8	9825.556988956505	-17.476943908566078
-1.6021806339684534e8	9800.624736404527	-17.47540400592686
-1.5771306339684534e8	9775.755749193944	-17.473864103287635
-1.5520806339684534e8	9750.949866789606	-17.472324200648416
-1.5270306339684534e8	9726.20692906368	-17.470784298009193
-1.5019806339684534e8	9701.526776294653	-17.46924439536997
-1.4769306339684534e8	9676.909249166347	-17.467704492730746
-1.4518806339684534e8	9648.292788090113	-17.46569925085956
-1.4268306339684534e8	9617.616936728711	-17.463447548356587
-1.4017806339684534e8	9587.038616389369	-17.46119584585361
-1.3767306339684534e8	9556.557516981271	-17.458944143350635
-1.3516806339684534e8	9526.173329399455	-17.456692440847664
-1.3266306339684534e8	9495.885745521784	-17.454440738344687
-1.3015806339684534e8	9465.694458205748	-17.452189035841712
-1.2765306339684534e8	9433.899608454365	-17.449737948609304
-1.2514806339684534e8	9395.563257451766	-17.44650393362208
-1.2264306339684534e8	9357.382693119493	-17.443269918634854
-1.2013806339684534e8	9319.357282390354	-17.440035903647633
-1.1763306339684534e8	9281.486394769696	-17.436801888660412
-1.1512806339684534e8	9243.769402325053	-17.43356787367319
-1.1262306339684534e8	9204.35748492982	-17.430111755520308
-1.1011806339684534e8	9155.252252699309	-17.42546473416867
-1.0761306339684534e8	9106.408996802982	-17.420817712817037
-1.0510806339684534e8	9057.826319597536	-17.4161706914654
-1.0260306339684534e8	9009.502830896065	-17.41152367011376
-1.0009806339684534e8	8959.553937999548	-17.406650698966015
-9.759306339684534e7	8896.448693075685	-17.400155609127793
-9.508806339684534e7	8833.78792027228	-17.393660519289572
-9.258306339684534e7	8760.145081849423	-17.385790689558846
-9.007806339684534e7	8686.547123893388	-17.377851755906953
-8.757306339684534e7	8599.734303163068	-17.36828244158609
-8.506806339684534e7	8512.029455311427	-17.358503453627943
-8.256306339684534e7	8408.193296511678	-17.34677116800301
-8.005806339684534e7	8302.909414146305	-17.334723254447972
-7.755306339684534e7	8182.45765956719	-17.320945830231125
-7.504806339684534e7	8058.592231600719	-17.306618274117753
-7.254306339684534e7	7934.511997962682	-17.29241012161834
-7.003806339684534e7	7808.2499092884655	-17.278439533158885
-6.753306339684534e7	7683.997032402002	-17.264468944699434
-6.502806339684534e7	7563.657274766361	-17.25083898241202
-6.252306339684534e7	7482.729793205506	-17.24389951364136
-6.001806339684534e7	7402.668196630429	-17.2369600448707
-5.751306339684534e7	7323.463220489776	-17.23002057610004
-5.500806339684534e7	7245.105699358427	-17.223081107329378
-5.250306339684534e7	7184.3956767889185	-17.219075844118805
-4.999806339684534e7	7130.009331541292	-17.216092605434547
-4.749306339684534e7	7076.034694484915	-17.213109366750288
-4.498806339684534e7	7022.468648961859	-17.210126128066037
-4.248306339684534e7	6969.3081019075	-17.207142889381778
-3.997806339684534e7	6921.45859344875	-17.205048734601576
-3.747306339684534e7	6881.25943073551	-17.204288747067952
-3.496806339684534e7	6841.293740874986	-17.20352875953433
-3.246306339684534e7	6801.560167879407	-17.202768772000706
-2.995806339684534e7	6762.057363636488	-17.202008784467083
-2.745306339684534e7	6722.783987863576	-17.20124879693346
-2.494806339684534e7	6683.7387080622975	-17.200488809399836
-2.244306339684534e7	6653.348031755899	-17.201316040840787
-1.993806339684534e7	6623.30297329009	-17.202182491185372
-1.743306339684534e7	6593.39359170965	-17.203048941529957
-1.492806339684534e7	6563.61927432756	-17.20391539187454
-1.242306339684534e7	6533.979411223577	-17.20478184221912
-9.91806339684534e6	6504.473395231697	-17.205648292563705
-7.413063396845341e6	6475.10062192775	-17.20651474290829
-4.908063396845341e6	6448.443869797017	-17.207892315828122
-2.4030633968453407e6	6425.414280899583	-17.209968357456855
101936.60315465927	6402.466938506199	-17.212044399085592
2.6069366031546593e6	6379.60154888657	-17.214120440714325
5.111936603154659e6	6356.817819359446	-17.216196482343054
7.616936603154659e6	6334.115458288828	-17.21827252397179
1.012193660315466e7	6311.494175080275	-17.220348565600524
1.262693660315466e7	6288.953680177076	-17.222424607229254
1.513193660315466e7	6266.493685056727	-17.22450064885799
1.763693660315466e7	6247.30086400165	-17.227245945626937
2.014193660315466e7	6229.43573864479	-17.23025843454614
2.264693660315466e7	6211.6217013835785	-17.233270923465348
2.515193660315466e7	6193.858606123676	-17.23628341238455
2.765693660315466e7	6176.14630718854	-17.239295901303755
3.016193660315466e7	6158.484659318185	-17.242308390222963
3.266693660315466e7	6140.873517668049	-17.245320879142167
3.517193660315466e7	6123.312737807766	-17.24833336806137
3.767693660315466e7	6105.8021757199895	-17.251345856980578
4.018193660315466e7	6088.341687799213	-17.254358345899778
4.268693660315466e7	6073.730969883251	-17.258005468352874
4.519193660315466e7	6059.654337027599	-17.261765944456673
4.769693660315466e7	6045.610328533074	-17.26552642056047
5.020193660315466e7	6031.598868788629	-17.269286896664273
5.270693660315466e7	6017.619882358458	-17.273047372768072
5.521193660315466e7	6003.673293981584	-17.27680784887187
5.771693660315466e7	5989.759028571457	-17.28056832497567
6.022193660315466e7	5975.87701121556	-17.284328801079468
6.272693660315466e7	5962.027167174964	-17.288089277183268
6.523193660315466e7	5948.20942188399	-17.291849753287067
6.773693660315466e7	5934.423700949761	-17.295610229390867
7.024193660315466e7	5922.846696964085	-17.29989085922814
7.274693660315466e7	5911.624067210119	-17.30425091065582
7.525193660315466e7	5900.422702132569	-17.308610962083502
7.775693660315466e7	5889.242561439097	-17.312971013511184
8.026193660315466e7	5878.083604913625	-17.317331064938863
8.276693660315466e7	5866.945792416365	-17.321691116366544
8.527193660315466e7	5855.82908388351	-17.326051167794226
8.777693660315466e7	5844.733439327196	-17.330411219221908
9.028193660315466e7	5833.658818835362	-17.33477127064959
9.278693660315466e7	5822.605182571508	-17.33913132207727
9.529193660315466e7	5811.57249077465	-17.34349137350495
9.779693660315466e7	5800.560703759161	-17.34785142493263
1.0030193660315466e8	5791.129246547575	-17.35263036422952
1.0280693660315466e8	5782.009881469846	-17.357489132457715
1.0531193660315466e8	5772.904876772591	-17.362347900685915
1.0781693660315466e8	5763.814209842358	-17.367206668914115
1.1032193660315466e8	5754.737858101262	-17.372065437142314
1.1282693660315466e8	5745.675799007011	-17.376924205370514
1.1533193660315466e8	5736.628010052783	-17.38178297359871
1.1783693660315466e8	5727.594468767205	-17.38664174182691
1.2034193660315466e8	5718.575152714294	-17.39150051005511
1.2284693660315466e8	5709.570039493382	-17.39635927828331
1.2535193660315466e8	5700.579106739099	-17.401218046511506
1.2785693660315466e8	5691.602332121295	-17.406076814739706
1.3036193660315466e8	5682.6396933449605	-17.410935582967902
1.3286693660315466e8	5675.014896115213	-17.41615639248147
1.3537193660315466e8	5667.519371284818	-17.421409799643598
1.3787693660315466e8	5660.033746497596	-17.426663206805728
1.4038193660315466e8	5652.558008677623	-17.431916613967857
1.4288693660315466e8	5645.09214476627	-17.437170021129987
1.4539193660315466e8	5637.636141722132	-17.442423428292116
1.4789693660315466e8	5630.189986521035	-17.447676835454246
1.5040193660315466e8	5622.753666156009	-17.45293024261637
1.5290693660315466e8	5615.327167637262	-17.4581836497785
1.5541193660315466e8	5607.91047799215	-17.46343705694063
1.5791693660315466e8	5600.503584265193	-17.46869046410276
1.6042193660315466e8	5593.106473517993	-17.47394387126489
1.6292693660315466e8	5585.71913282925	-17.47919727842702
1.6543193660315466e8	5578.5676570787555	-17.484517272122023
1.6793693660315466e8	5572.341311027126	-17.490107329208776
1.7044193660315466e8	5566.121914319412	-17.49569738629553
1.7294693660315466e8	5559.9094591993	-17.501287443382278
1.7545193660315466e8	5553.703937919169	-17.50687750046903
1.7795693660315466e8	5547.50534274001	-17.512467557555784
1.8046193660315466e8	5541.313665931487	-17.518057614642537
1.8296693660315466e8	5535.128899771856	-17.523647671729286
1.8547193660315466e8	5528.951036548018	-17.52923772881604
1.8797693660315466e8	5522.780068555485	-17.53482778590279
1.9048193660315466e8	5516.615988098339	-17.54041784298954
1.9298693660315466e8	5510.458787489277	-17.546007900076294
1.9549193660315466e8	5504.308459049582	-17.551597957163047
1.9799693660315466e8	5498.164995109072	-17.5571880142498
2.0050193660315466e8	5492.02838800616	-17.562778071336552
2.0300693660315466e8	5486.601448728138	-17.568586146939804
2.0551193660315466e8	5481.321345552156	-17.574438148485093
2.0801693660315466e8	5476.046323753028	-17.580290150030386
2.1052193660315466e8	5470.776378440603	-17.586142151575675
2.1302693660315466e8	5465.511504729478	-17.591994153120964
2.1553193660315466e8	5460.251697738919	-17.597846154666257
2.1803693660315466e8	5454.996952592892	-17.60369815621155
2.2054193660315466e8	5449.747264420073	-17.60955015775684
2.2304693660315466e8	5444.502628353829	-17.615402159302132
2.2555193660315466e8	5439.2630395321785	-17.62125416084742
2.2805693660315466e8	5434.028493097858	-17.627106162392714
2.3056193660315466e8	5428.798984198241	-17.632958163938003
2.3306693660315466e8	5423.574507985407	-17.638810165483292
2.3557193660315466e8	5418.355059616067	-17.644662167028585
2.3807693660315466e8	5413.1406342516175	-17.650514168573874
2.4058193660315466e8	5408.615706866033	-17.656604484568742
2.4308693660315466e8	5404.1423904182675	-17.66271146574744
2.4559193660315466e8	5399.672773726804	-17.66881844692613
2.4809693660315466e8	5395.206853731684	-17.674925428104828
2.5060193660315466e8	5390.744627375454	-17.681032409283524
2.5310693660315466e8	5386.286091603218	-17.68713939046222
2.5561193660315466e8	5381.831243362595	-17.693246371640917
2.5811693660315466e8	5377.380079603739	-17.699353352819614
2.6062193660315466e8	5372.9325972792985	-17.70546033399831
2.6312693660315466e8	5368.488793344471	-17.711567315177007
2.6563193660315466e8	5364.0486647569605	-17.717674296355703
2.6813693660315466e8	5359.61220847699	-17.7237812775344
2.7064193660315466e8	5355.179421467296	-17.729888258713096
2.7314693660315466e8	5350.750300693126	-17.73599523989179
2.7565193660315466e8	5346.324843122247	-17.74210222107049
2.7815693660315466e8	5342.278849550302	-17.748338607055118
2.8066193660315466e8	5338.414386667948	-17.754636490569723
2.8316693660315466e8	5334.552719235577	-17.760934374084332
2.8567193660315466e8	5330.6938452310615	-17.767232257598938
2.8817693660315466e8	5326.837762633674	-17.773530141113547
2.9068193660315466e8	5322.984469424213	-17.779828024628152
2.9318693660315466e8	5319.133963584899	-17.786125908142758
2.9569193660315466e8	5315.286243099432	-17.792423791657367
2.9819693660315466e8	5311.4413059529315	-17.798721675171976
3.0070193660315466e8	5307.599150132043	-17.80501955868658
3.0320693660315466e8	5303.759773624792	-17.811317442201187
3.0571193660315466e8	5299.923174420723	-17.817615325715792
3.0821693660315466e8	5296.089350510801	-17.8239132092304
3.1072193660315466e8	5292.25829988745	-17.83021109274501
3.1322693660315466e8	5288.43002054455	-17.836508976259616
3.1573193660315466e8	5284.6527914680455	-17.842825323022353
3.1823693660315466e8	5281.202403126919	-17.849265710254578
3.2074193660315466e8	5277.75426756951	-17.855706097486795
3.2324693660315466e8	5274.308383324938	-17.862146484719016
3.2575193660315466e8	5270.864748923317	-17.868586871951237
3.2825693660315466e8	5267.4233628957145	-17.875027259183458
3.3076193660315466e8	5263.984223774143	-17.88146764641568
3.3326693660315466e8	5260.547330091572	-17.887908033647896
3.3577193660315466e8	5257.112680381946	-17.894348420880117
3.3827693660315466e8	5253.680273180159	-17.90078880811234
3.4078193660315466e8	5250.250107022072	-17.90722919534456
3.4328693660315466e8	5246.822180444481	-17.91366958257678
3.4579193660315466e8	5243.396491985138	-17.920109969808998
3.4829693660315466e8	5239.973040182769	-17.92655035704122
3.5080193660315466e8	5236.551823577053	-17.93299074427344
3.5330693660315466e8	5233.132840708606	-17.93943113150566
3.5581193660315466e8	5229.876797603027	-17.945929417960183
3.5831693660315466e8	5226.925598844858	-17.952536866041942
3.6082193660315466e8	5223.976065436475	-17.959144314123705
3.6332693660315466e8	5221.028196438101	-17.965751762205464
3.6583193660315466e8	5218.081990910524	-17.972359210287223
3.6833693660315466e8	5215.1374479150545	-17.978966658368982
3.7084193660315466e8	5212.194566513533	-17.98557410645074
3.7334693660315466e8	5209.253345768327	-17.992181554532504
3.7585193660315466e8	5206.313784742335	-17.998789002614263
3.7835693660315466e8	5203.375882498985	-18.005396450696022
3.8086193660315466e8	5200.4396381022425	-18.012003898777785
3.8336693660315466e8	5197.505050616571	-18.018611346859544
3.8587193660315466e8	5194.5721191069915	-18.025218794941303
3.8837693660315466e8	5191.6408426390435	-18.031826243023062
3.9088193660315466e8	5188.711220278794	-18.038433691104824
3.9338693660315466e8	5185.7832510928365	-18.045041139186583
3.9589193660315466e8	5182.965021892704	-18.051693372489872
3.9839693660315466e8	5180.294570008916	-18.058406232911324
4.0090193660315466e8	5177.625494038951	-18.06511909333277
4.0340693660315466e8	5174.957793273897	-18.071831953754216
4.0591193660315466e8	5172.291467005199	-18.078544814175665
4.0841693660315466e8	5169.626514524665	-18.085257674597113
4.1092193660315466e8	5166.962935124471	-18.09197053501856
4.1342693660315466e8	5164.300728097156	-18.098683395440005
4.1593193660315466e8	5161.639892735623	-18.105396255861457
4.1843693660315466e8	5158.9804283331405	-18.112109116282905
4.2094193660315466e8	5156.322334183349	-18.118821976704353
4.2344693660315466e8	5153.665609580227	-18.1255348371258
4.2595193660315466e8	5151.010253818144	-18.13224769754725
4.2845693660315466e8	5148.35626619182	-18.138960557968694
4.3096193660315466e8	5145.7036459963465	-18.145673418390142
4.3346693660315466e8	5143.052392527179	-18.15238627881159
4.3597193660315466e8	5140.47985772038	-18.159142983955363
4.3847693660315466e8	5138.017943086217	-18.165961690918994
4.4098193660315466e8	5135.557207529452	-18.172780397882626
4.4348693660315466e8	5133.097650485413	-18.179599104846258
4.4599193660315466e8	5130.639271389668	-18.18641781180989
4.4849693660315466e8	5128.182069678066	-18.19323651877352
4.5100193660315466e8	5125.726044786717	-18.200055225737152
4.5350693660315466e8	5123.271196152027	-18.206873932700784
4.5601193660315466e8	5120.817523210649	-18.213692639664416
4.5851693660315466e8	5118.365025399498	-18.220511346628047
4.6102193660315466e8	5115.913702155795	-18.22733005359168
4.6352693660315466e8	5113.463552916996	-18.234148760555314
4.6603193660315466e8	5111.01457712084	-18.240967467518942
4.6853693660315466e8	5108.566774205333	-18.247786174482574
4.7104193660315466e8	5106.120143608741	-18.254604881446205
4.7354693660315466e8	5103.674684769628	-18.26142358840984
4.7605193660315466e8	5101.309648691313	-18.268279135663064
4.7855693660315466e8	5099.089120294129	-18.27520137766993
4.8106193660315466e8	5096.86955846175	-18.282123619676792
4.8356693660315466e8	5094.650962773452	-18.289045861683658
4.8607193660315466e8	5092.433332808668	-18.29596810369052
4.8857693660315466e8	5090.216668147051	-18.302890345697385
4.9108193660315466e8	5088.000968368399	-18.30981258770425
4.9358693660315466e8	5085.786233052722	-18.316734829711113
4.9609193660315466e8	5083.572461780212	-18.323657071717975
4.9859693660315466e8	5081.3596541312145	-18.33057931372484
5.0110193660315466e8	5079.147809686289	-18.337501555731706
5.0360693660315466e8	5076.936928026174	-18.34442379773857
5.0611193660315466e8	5074.727008731776	-18.35134603974543
5.0861693660315466e8	5072.518051384179	-18.358268281752295
5.1112193660315466e8	5070.310055564671	-18.36519052375916
5.1362693660315466e8	5068.103020854712	-18.372112765766023
5.1613193660315466e8	5065.950623130888	-18.379060993886974
5.1863693660315466e8	5063.941731628561	-18.386078282611468
5.2114193660315466e8	5061.93363674772	-18.393095571335962
5.2364693660315466e8	5059.926338172458	-18.400112860060457
5.2615193660315466e8	5057.919835587	-18.40713014878495
5.2865693660315466e8	5055.914128675701	-18.414147437509442
5.3116193660315466e8	5053.909217123036	-18.421164726233936
5.3366693660315466e8	5051.905100613608	-18.42818201495843
5.3617193660315466e8	5049.9017788321435	-18.435199303682925
5.386769366031547e8	5047.899251463487	-18.44221659240742
5.411819366031547e8	5045.897518192643	-18.449233881131914
5.436869366031547e8	5043.896578704685	-18.456251169856408
5.461919366031547e8	5041.896432684852	-18.4632684585809
5.486969366031547e8	5039.897079818485	-18.470285747305397
5.512019366031547e8	5037.898519791087	-18.47730303602989
5.537069366031547e8	5035.900752288225	-18.484320324754382
5.562119366031547e8	5033.92377208171	-18.491348879572353
5.587169366031547e8	5032.028301796105	-18.498422940705133
5.612219366031547e8	5030.13354522962	-18.50549700183791
5.637269366031547e8	5028.239502113494	-18.51257106297069
5.662319366031547e8	5026.346172179104	-18.51964512410347
5.687369366031547e8	5024.453555157899	-18.526719185236246
5.712419366031547e8	5022.56165078144	-18.533793246369026
5.737469366031547e8	5020.670458781379	-18.540867307501806
5.762519366031547e8	5018.779978889495	-18.547941368634586
5.787569366031547e8	5016.890210837645	-18.555015429767366
5.812619366031547e8	5015.00115435779	-18.562089490900142
5.837669366031547e8	5013.112809181988	-18.569163552032922
5.862719366031547e8	5011.225175042424	-18.576237613165702
5.887769366031547e8	5009.338251671354	-18.58331167429848
5.912819366031547e8	5007.452038801145	-18.590385735431255
5.937869366031547e8	5005.566536164269	-18.59745979656404
5.962919366031547e8	5003.69421653581	-18.604540291701007
5.987969366031547e8	5001.917784840176	-18.61166990556469
6.013019366031547e8	5000.141983820495	-18.61879951942837
6.038069366031547e8	4998.366813252844	-18.62592913329205
6.063119366031547e8	4996.592272913404	-18.63305874715573
6.088169366031547e8	4994.81836257843	-18.640188361019412
6.113219366031547e8	4993.045082024257	-18.64731797488309
6.138269366031547e8	4991.272431027304	-18.65444758874677
6.163319366031547e8	4989.500409364047	-18.661577202610452
6.188369366031547e8	4987.729016811066	-18.668706816474135
6.213419366031547e8	4985.9582531450105	-18.675836430337817
6.238469366031547e8	4984.188118142621	-18.682966044201496
6.263519366031547e8	4982.418611580688	-18.690095658065175
6.288569366031547e8	4980.64973323611	-18.697225271928858
6.313619366031547e8	4978.881482885861	-18.70435488579254
6.338669366031547e8	4977.113860306965	-18.71148449965622
6.363719366031547e8	4975.349086230907	-18.718615910852797
6.388769366031547e8	4973.6565371953475	-18.725805284723208
6.413819366031547e8	4971.96456394296	-18.73299465859362
6.438869366031547e8	4970.273166277854	-18.740184032464033
6.463919366031547e8	4968.582344004231	-18.747373406334443
6.488969366031547e8	4966.892096926358	-18.754562780204857
6.514019366031547e8	4965.202424848544	-18.761752154075268
6.539069366031547e8	4963.5133275751905	-18.768941527945678
6.564119366031547e8	4961.824804910765	-18.77613090181609
6.589169366031547e8	4960.136856659775	-18.7833202756865
6.614219366031547e8	4958.449482626822	-18.790509649556913
6.639269366031547e8	4956.762682616572	-18.797699023427327
6.664319366031547e8	4955.076456433735	-18.804888397297738
6.689369366031547e8	4953.390803883109	-18.81207777116815
6.714419366031547e8	4951.705724769551	-18.81926714503856
6.739469366031547e8	4950.021218897989	-18.82645651890897
6.764519366031547e8	4948.337286073417	-18.833645892779384
6.789569366031547e8	4946.707130892628	-18.840894272606782
6.814619366031547e8	4945.0787173159	-18.848143988781345
6.839669366031547e8	4943.450839798959	-18.855393704955915
6.864719366031547e8	4941.823498165341	-18.862643421130482
6.889769366031547e8	4940.196692238637	-18.86989313730505
6.914819366031547e8	4938.570421842496	-18.87714285347962
6.939869366031547e8	4936.944686800618	-18.884392569654185
6.964919366031547e8	4935.319486936795	-18.891642285828752
6.989969366031547e8	4933.6948220748245	-18.898892002003322
7.015019366031547e8	4932.070692038598	-18.906141718177892
7.040069366031547e8	4930.447096652046	-18.913391434352455
7.065119366031547e8	4928.824035739183	-18.920641150527025
7.090169366031547e8	4927.201509124067	-18.927890866701592
7.115219366031547e8	4925.579516630793	-18.935140582876166
7.140269366031547e8	4923.958058083533	-18.94239029905073
7.165319366031547e8	4922.337133306533	-18.949640015225295
7.190369366031547e8	4920.752811427533	-18.956942128008404
7.215419366031547e8	4919.169845035785	-18.964245469485263
7.240469366031547e8	4917.587387871518	-18.97154881096212
7.265519366031547e8	4916.005439770935	-18.978852152438982
7.290569366031547e8	4914.424000570255	-18.986155493915838
7.315619366031547e8	4912.843070105789	-18.993458835392698
7.340669366031547e8	4911.26264821386	-19.000762176869557
7.365719366031547e8	4909.6827347308845	-19.008065518346413
7.390769366031547e8	4908.103329493301	-19.015368859823276
7.415819366031547e8	4906.524432337613	-19.022672201300132
7.440869366031547e8	4904.946043100364	-19.02997554277699
7.465919366031547e8	4903.368161618178	-19.03727888425385
7.490969366031547e8	4901.790787727699	-19.04458222573071
7.516019366031547e8	4900.213921265656	-19.05188556720757
7.541069366031547e8	4898.637562068803	-19.05918890868443
7.566119366031547e8	4897.062131201156	-19.066492793340792
7.591169366031547e8	4895.504113536444	-19.073818486231392
7.616219366031547e8	4893.94659156058	-19.08114417912199
7.641269366031547e8	4892.389565115841	-19.088469872012585
7.666319366031547e8	4890.83303404459	-19.09579556490318
7.691369366031547e8	4889.276998189213	-19.10312125779378
7.716419366031547e8	4887.7214573921565	-19.110446950684377
7.741469366031547e8	4886.166411495914	-19.117772643574973
7.766519366031547e8	4884.611860343024	-19.12509833646557
7.791569366031547e8	4883.057803776099	-19.132424029356166
7.816619366031547e8	4881.504241637766	-19.139749722246762
7.841669366031547e8	4879.951173770741	-19.147075415137362
7.866719366031547e8	4878.398600017759	-19.154401108027958
7.891769366031547e8	4876.846520221617	-19.161726800918558
7.916819366031547e8	4875.2949342251595	-19.169052493809154
7.941869366031547e8	4873.7438418712745	-19.17637818669975
7.966919366031547e8	4872.1948017391405	-19.183708273908753
7.991969366031547e8	4870.66732516825	-19.191097782904517
8.017019366031547e8	4869.140327474892	-19.19848729190028
8.042069366031547e8	4867.613808508945	-19.20587680089604
8.067119366031547e8	4866.087768120323	-19.213266309891804
8.092169366031547e8	4864.562206158988	-19.220655818887565
8.117219366031547e8	4863.037122474949	-19.228045327883326
8.142269366031547e8	4861.512516918261	-19.235434836879087
8.167319366031547e8	4859.988389339035	-19.24282434587485
8.192369366031547e8	4858.464739587405	-19.250213854870612
8.217419366031547e8	4856.941567513577	-19.257603363866373
8.242469366031547e8	4855.418872967792	-19.264992872862134
8.267519366031547e8	4853.896655800343	-19.272382381857895
8.292569366031547e8	4852.3749158615665	-19.27977189085366
8.317619366031547e8	4850.853653001847	-19.28716139984942
8.342669366031547e8	4849.3328670716255	-19.29455090884518
8.367719366031547e8	4847.814770053341	-19.301944275637705
8.392769366031547e8	4846.3066318832325	-19.309354186302293
8.417819366031547e8	4844.798962889637	-19.316764096966885
8.442869366031547e8	4843.2917629265585	-19.324174007631477
8.467919366031547e8	4841.7850318481105	-19.33158391829607
8.492969366031547e8	4840.278769508416	-19.33899382896066
8.518019366031547e8	4838.772975761652	-19.346403739625252
8.543069366031547e8	4837.26765046204	-19.353813650289844
8.568119366031547e8	4835.762793463849	-19.361223560954436
8.593169366031547e8	4834.2584046213915	-19.368633471619027
8.618219366031547e8	4832.754483789017	-19.376043382283616
8.643269366031547e8	4831.251030821156	-19.38345329294821
8.668319366031547e8	4829.7480455722225	-19.3908632036128
8.693369366031547e8	4828.245527896735	-19.39827311427739
8.718419366031547e8	4826.743477649227	-19.405683024941986
8.743469366031547e8	4825.241894684291	-19.413092935606574
8.768519366031547e8	4823.738233900498	-19.42052043573065
8.793569366031547e8	4822.229270323151	-19.427987837139145
8.818619366031547e8	4820.720778780347	-19.43545523854764
8.843669366031547e8	4819.212759124426	-19.442922639956137
8.868719366031547e8	4817.70521120778	-19.45039004136463
8.893769366031547e8	4816.198134882813	-19.457857442773125
8.918819366031547e8	4814.6915300020355	-19.46532484418162
8.943869366031547e8	4813.185396417946	-19.472792245590114
8.968919366031547e8	4811.679733983121	-19.480259646998604
8.993969366031547e8	4810.174542550175	-19.487727048407102
9.019019366031547e8	4808.669821971769	-19.495194449815596
9.044069366031547e8	4807.165572100612	-19.50266185122409
9.069119366031547e8	4805.661792789455	-19.510129252632584
9.094169366031547e8	4804.158483891098	-19.51759665404108
9.119219366031547e8	4802.655645258385	-19.52506405544957
9.144269366031547e8	4801.15327674421	-19.532531456858067
9.169319366031547e8	4799.647358420911	-19.540011349236927
9.194369366031547e8	4798.137869569249	-19.547503808289253
9.219419366031547e8	4796.628855451755	-19.554996267341572
9.244469366031547e8	4795.1203159191155	-19.562488726393898
9.269519366031547e8	4793.612250822092	-19.56998118544622
9.294569366031547e8	4792.104660011465	-19.577473644498546
9.319619366031547e8	4790.597543338072	-19.584966103550865
9.344669366031547e8	4789.090900652796	-19.59245856260319
9.369719366031547e8	4787.58473180657	-19.599951021655514
9.394769366031547e8	4786.07903665036	-19.607443480707836
9.419819366031547e8	4784.573815035209	-19.61493593976016
9.444869366031547e8	4783.069066812181	-19.62242839881248
9.469919366031547e8	4781.564791832392	-19.629920857864807
9.494969366031547e8	4780.060989947008	-19.63741331691713
9.520019366031547e8	4778.557661007242	-19.64490577596945
9.545069366031547e8	4777.054804864351	-19.652398235021774
9.570119366031547e8	4775.555309109205	-19.659910711795014
9.595169366031547e8	4774.057537157138	-19.66743187786837
9.620219366031547e8	4772.5602349558485	-19.674953043941727
9.645269366031547e8	4771.063402358015	-19.682474210015087
9.670319366031547e8	4769.567039216339	-19.689995376088447
9.695369366031547e8	4768.071145383591	-19.697516542161804
9.720419366031547e8	4766.575720712581	-19.705037708235164
9.745469366031547e8	4765.080765056172	-19.71255887430852
9.770519366031547e8	4763.586278267248	-19.72008004038188
9.795569366031547e8	4762.092260198767	-19.72760120645524
9.820619366031547e8	4760.59871070373	-19.7351223725286
9.845669366031547e8	4759.105629635152	-19.742643538601957
9.870719366031547e8	4757.613016846151	-19.750164704675313
9.895769366031547e8	4756.1208721898365	-19.757685870748674
9.920819366031547e8	4754.629195519403	-19.765207036822034
9.945869366031547e8	4753.137986688056	-19.77272820289539
9.970919366031547e8	4751.643086294565	-19.780288212372163
9.995969366031547e8	4750.14823199792	-19.78785218341936
1.0021019366031547e9	4748.653847978469	-19.795416154466558
1.0046069366031547e9	4747.15993408826	-19.802980125513756
1.0071119366031547e9	4745.666490179396	-19.810544096560953
1.0096169366031547e9	4744.173516104009	-19.818108067608147
1.0121219366031547e9	4742.6810117143195	-19.825672038655345
1.0146269366031547e9	4741.188976862531	-19.833236009702542
1.0171319366031547e9	4739.69741140096	-19.840799980749743
1.0196369366031547e9	4738.206315181907	-19.848363951796934
1.0221419366031547e9	4736.715688057772	-19.855927922844135
1.0246469366031547e9	4735.225529880972	-19.86349189389133
1.0271519366031547e9	4733.735840503979	-19.871055864938526
1.0296569366031547e9	4732.246619779306	-19.878619835985727
1.0321619366031547e9	4730.757867559519	-19.88618380703292
1.0346669366031547e9	4729.268490041772	-19.893751460541054
1.0371719366031547e9	4727.773613861961	-19.90133921383991
1.0396769366031547e9	4726.279210198119	-19.90892696713877
1.0421819366031547e9	4724.78527890085	-19.916514720437625
1.0446869366031547e9	4723.291819820873	-19.924102473736486
1.0471919366031547e9	4721.798832808913	-19.931690227035343
1.0496969366031547e9	4720.3063177157555	-19.9392779803342
1.0522019366031547e9	4718.814274392232	-19.946865733633057
1.0547069366031547e9	4717.322702689219	-19.954453486931918
1.0572119366031547e9	4715.831602457634	-19.962041240230775
1.0597169366031547e9	4714.340973548467	-19.96962899352963
1.0622219366031547e9	4712.850815812729	-19.97721674682849
1.0647269366031547e9	4711.361129101486	-19.984804500127343
1.0672319366031547e9	4709.871913265852	-19.992392253426203
1.0697369366031547e9	4708.383168156986	-19.99998000672506
1.0722419366031547e9	4706.894893626091	-20.007567760023914
1.0747469366031547e9	4705.404277992953	-20.015165081641864
1.0772519366031547e9	4703.909892926854	-20.022776842664612
1.0797569366031547e9	4702.415982461158	-20.030388603687364
1.0822619366031547e9	4700.922546445119	-20.038000364710115
1.0847669366031547e9	4699.4295847280755	-20.045612125732863
1.0872719366031547e9	4697.937097159386	-20.05322388675561
1.0897769366031547e9	4696.44508358845	-20.06083564777836
1.0922819366031547e9	4694.953543864764	-20.068447408801113
1.0947869366031547e9	4693.462477837822	-20.076059169823864
1.0972919366031547e9	4691.971885357176	-20.083670930846615
1.0997969366031547e9	4690.48176627244	-20.091282691869363
1.1023019366031547e9	4688.992120433278	-20.09889445289211
1.1048069366031547e9	4687.502947689374	-20.106506213914862
1.1073119366031547e9	4686.014247890489	-20.11411797493761
1.1098169366031547e9	4684.526020886427	-20.12172973596036
1.1123219366031547e9	4683.038266527018	-20.129341496983113
1.1148269366031547e9	4681.592432232502	-20.13674358970182
1.1173319366031547e9	4680.170541903627	-20.1440267807517
1.1198369366031547e9	4678.749083430386	-20.151309971801588
1.1223419366031547e9	4677.328056681633	-20.15859316285147
1.1248469366031547e9	4675.907461526236	-20.165876353901353
1.1273519366031547e9	4674.487297833104	-20.173159544951236
1.1298569366031547e9	4673.06756547121	-20.18044273600112
1.1323619366031547e9	4671.648264309542	-20.187725927051005
1.1348669366031547e9	4670.229394217128	-20.195009118100888
1.1373719366031547e9	4668.810955063061	-20.20229230915077
1.1398769366031547e9	4667.392946716438	-20.209575500200653
1.1423819366031547e9	4665.975369046433	-20.216858691250536
1.1448869366031547e9	4664.558221922233	-20.224141882300422
1.1473919366031547e9	4663.141505213064	-20.2314250733503
1.1498969366031547e9	4661.725218788217	-20.238708264400188
1.1524019366031547e9	4660.3093625169895	-20.24599145545007
1.1549069366031547e9	4658.893936268761	-20.253274646499953
1.1574119366031547e9	4657.478939912891	-20.26055783754984
1.1599169366031547e9	4656.064373318832	-20.26784102859972
1.1624219366031547e9	4654.650236356062	-20.275124219649605
1.1649269366031547e9	4653.236528894087	-20.282407410699488
1.1674319366031547e9	4651.823250802451	-20.28969060174937
1.1699369366031547e9	4650.410401950763	-20.296973792799257
1.1724419366031547e9	4648.997982208645	-20.304256983849136
1.1749469366031547e9	4647.5859914457615	-20.311540174899022
1.1774519366031547e9	4646.174429531838	-20.318823365948905
1.1799569366031547e9	4644.763296336617	-20.326106556998788
1.1824619366031547e9	4643.35259172988	-20.33338974804867
1.1849669366031547e9	4641.942315581474	-20.340672939098557
1.1874719366031547e9	4640.53246776125	-20.34795613014844
1.1899769366031547e9	4639.123048139133	-20.35523932119832
1.1924819366031547e9	4637.714056585064	-20.362522512248205
1.1949869366031547e9	4636.3054929690215	-20.369805703298088
1.1974919366031547e9	4634.896558357234	-20.377086590703662
1.1999969366031547e9	4633.487250230567	-20.38436516547193
1.2025019366031547e9	4632.078370624659	-20.391643740240198
1.2050069366031547e9	4630.6699194092225	-20.398922315008466
1.2075119366031547e9	4629.261896453981	-20.406200889776738
1.2100169366031547e9	4627.854301628724	-20.413479464545002
1.2125219366031547e9	4626.447134803281	-20.420758039313274
1.2150269366031547e9	4625.040395847495	-20.428036614081538
1.2175319366031547e9	4623.634084631284	-20.435315188849806
1.2200369366031547e9	4622.228201024571	-20.442593763618078
1.2225419366031547e9	4620.82274489735	-20.449872338386346
1.2250469366031547e9	4619.417716119625	-20.457150913154614
1.2275519366031547e9	4618.013114561469	-20.46442948792288
1.2300569366031547e9	4616.608940092963	-20.47170806269115
1.2325619366031547e9	4615.205192584253	-20.47898663745942
1.2350669366031547e9	4613.801871905525	-20.486265212227686
1.2375719366031547e9	4612.398977926986	-20.493543786995957
1.2400769366031547e9	4610.996510518883	-20.500822361764225
1.2425819366031547e9	4609.594469551519	-20.508100936532493
1.2450869366031547e9	4608.192854895229	-20.51537951130076
1.2475919366031547e9	4606.791666420396	-20.52265808606903
1.2500969366031547e9	4605.390903997415	-20.529936660837297
1.2526019366031547e9	4603.990567496756	-20.537215235605565
1.2551069366031547e9	4602.590656788894	-20.544493810373837
1.2576119366031547e9	4601.191171744379	-20.5517723851421
1.2601169366031547e9	4599.792112233763	-20.559050959910373
1.2626219366031547e9	4598.393478127674	-20.56632953467864
1.2651269366031547e9	4596.9952692967445	-20.573608109446905
1.2676319366031547e9	4595.597485611671	-20.580886684215173
1.2701369366031547e9	4594.200126943191	-20.588165258983445
1.2726419366031547e9	4592.803193162056	-20.595443833751713
1.2751469366031547e9	4591.406684139088	-20.60272240851998
1.2776519366031547e9	4590.010599745108	-20.61000098328825
1.2801569366031547e9	4588.613505614314	-20.617288864168124
1.2826619366031547e9	4587.194748268027	-20.624720111044784
1.2851669366031547e9	4585.77642958855	-20.63215135792144
1.2876719366031547e9	4584.358549440233	-20.639582604798097
1.2901769366031547e9	4582.941107687497	-20.647013851674753
1.2926819366031547e9	4581.524104194799	-20.654445098551413
1.2951869366031547e9	4580.10753882662	-20.66187634542807
1.2976919366031547e9	4578.691411447501	-20.66930759230473
1.3001969366031547e9	4577.275721922022	-20.676738839181382
1.3027019366031547e9	4575.860470114802	-20.684170086058042
1.3052069366031547e9	4574.44565589051	-20.691601332934702
1.3077119366031547e9	4573.031279113834	-20.69903257981136
1.3102169366031547e9	4571.617339649527	-20.706463826688015
1.3127219366031547e9	4570.203837362375	-20.71389507356467
1.3152269366031547e9	4568.79077211721	-20.721326320441328
1.3177319366031547e9	4567.378143778907	-20.728757567317988
1.3202369366031547e9	4565.965952212363	-20.736188814194644
1.3227419366031547e9	4564.554197282542	-20.743620061071304
1.3252469366031547e9	4563.142878854446	-20.75105130794796
1.3277519366031547e9	4561.731996793091	-20.758482554824617
1.3302569366031547e9	4560.321550963586	-20.765913801701274
1.3327619366031547e9	4558.911541231028	-20.77334504857793
1.3352669366031547e9	4557.501967460591	-20.78077629545459
1.3377719366031547e9	4556.092829517484	-20.78820754233125
1.3402769366031547e9	4554.684127266939	-20.795638789207906
1.3427819366031547e9	4553.27586057425	-20.803070036084563
1.3452869366031547e9	4551.868029304749	-20.810501282961223
1.3477919366031547e9	4550.460633323814	-20.81793252983788
1.3502969366031547e9	4549.053672496834	-20.825363776714536
1.3528019366031547e9	4547.6471466892945	-20.832795023591192
1.3553069366031547e9	4546.241055766668	-20.840226270467852
1.3578119366031547e9	4544.835399594501	-20.84765751734451
1.3603169366031547e9	4543.430178038379	-20.85508876422117
1.3628219366031547e9	4542.025390963908	-20.86252001109782
1.3653269366031547e9	4540.629231732642	-20.869927580275718
1.3678319366031547e9	4539.2336524606	-20.87733471354113
1.3703369366031547e9	4537.838502125033	-20.88474184680654
1.3728419366031547e9	4536.443780594101	-20.892148980071955
1.3753469366031547e9	4535.0494877360225	-20.899556113337365
1.3778519366031547e9	4533.655623419037	-20.90696324660278
1.3803569366031547e9	4532.262187511438	-20.91437037986819
1.3828619366031547e9	4530.86917988153	-20.9217775131336
1.3853669366031547e9	4529.476600397702	-20.92918464639901
1.3878719366031547e9	4528.0844489283545	-20.936591779664422
1.3903769366031547e9	4526.692725341935	-20.943998912929835
1.3928819366031547e9	4525.301429506934	-20.951406046195245
1.3953869366031547e9	4523.910561291879	-20.958813179460655
1.3978919366031547e9	4522.52012056534	-20.966220312726065
1.4003969366031547e9	4521.130107195927	-20.97362744599148
1.4029019366031547e9	4519.740521052289	-20.981034579256892
1.4054069366031547e9	4518.35136200311	-20.988441712522302
1.4079119366031547e9	4516.962629917144	-20.995848845787712
1.4104169366031547e9	4515.574324663131	-21.003255979053126
1.4129219366031547e9	4514.186446109906	-21.01066311231854
1.4154269366031547e9	4512.798994126312	-21.01807024558395
1.4179319366031547e9	4511.411968581252	-21.02547737884936
1.4204369366031547e9	4510.0253693436325	-21.032884512114773
1.4229419366031547e9	4508.63919628245	-21.040291645380183
1.4254469366031547e9	4507.253449266711	-21.047698778645596
1.4279519366031547e9	4505.868128165468	-21.055105911911006
1.4304569366031547e9	4504.483232847814	-21.062513045176416
1.4329619366031547e9	4503.098763182877	-21.069920178441826
1.4354669366031547e9	4501.714719039853	-21.07732731170724
1.4379719366031547e9	4500.331100287933	-21.084734444972653
1.4404769366031547e9	4498.94790679637	-21.09214157823806
1.4429819366031547e9	4497.565138434477	-21.099548711503473
1.4454869366031547e9	4496.182795071581	-21.106955844768883
1.4479919366031547e9	4494.790331927528	-21.11445428842628
1.4504969366031547e9	4493.384529154443	-21.12207201692015
1.4530019366031547e9	4491.979166064041	-21.129689745414023
1.4555069366031547e9	4490.574242518798	-21.137307473907896
1.4580119366031547e9	4489.16975838124	-21.14492520240177
1.4605169366031547e9	4487.765713513937	-21.152542930895642
1.4630219366031547e9	4486.3621077795015	-21.16016065938951
1.4655269366031547e9	4484.95894104059	-21.167778387883384
1.4680319366031547e9	4483.556213159892	-21.175396116377257
1.4705369366031547e9	4482.153924000165	-21.183013844871127
1.4730419366031547e9	4480.752073424193	-21.190631573365
1.4755469366031547e9	4479.3506612947895	-21.198249301858873
1.4780519366031547e9	4477.949687474824	-21.205867030352746
1.4805569366031547e9	4476.549151827224	-21.21348475884662
1.4830619366031547e9	4475.149054214939	-21.221102487340488
1.4855669366031547e9	4473.749394500966	-21.22872021583436
1.4880719366031547e9	4472.35017254835	-21.236337944328234
1.4905769366031547e9	4470.951388220174	-21.243955672822104
1.4930819366031547e9	4469.553041379564	-21.251573401315976
1.4955869366031547e9	4468.155131889693	-21.25919112980985
1.4980919366031547e9	4466.757659613771	-21.266808858303722
1.5005969366031547e9	4465.360624415055	-21.274426586797595
1.5031019366031547e9	4463.964026156837	-21.282044315291465
1.5056069366031547e9	4462.567864702481	-21.289662043785338
1.5081119366031547e9	4461.172139915346	-21.29727977227921
1.5106169366031547e9	4459.7768516588685	-21.304897500773084
1.5131219366031547e9	4458.381999796517	-21.312515229266953
1.5156269366031547e9	4456.987584191797	-21.320132957760826
1.5181319366031547e9	4455.593604708278	-21.327750686254696
1.5206369366031547e9	4454.20006120955	-21.335368414748572
1.5231419366031547e9	4452.806953559253	-21.34298614324244
1.5256469366031547e9	4451.414281621071	-21.350603871736315
1.5281519366031547e9	4450.022045258727	-21.358221600230184
1.5306569366031547e9	4448.633634483132	-21.36583648418378
1.5331619366031547e9	4447.250545921558	-21.373447264667604
1.5356669366031547e9	4445.867887364819	-21.38105804515142
1.5381719366031547e9	4444.485658679225	-21.388668825635243
1.5406769366031547e9	4443.103859731128	-21.396279606119062
1.5431819366031547e9	4441.722490386915	-21.403890386602882
1.5456869366031547e9	4440.341550513044	-21.411501167086705
1.5481919366031547e9	4438.96103997596	-21.419111947570524
1.5506969366031547e9	4437.5809586422065	-21.426722728054344
1.5532019366031547e9	4436.201306378333	-21.434333508538167
1.5557069366031547e9	4434.8220830509445	-21.441944289021986
1.5582119366031547e9	4433.443288526681	-21.449555069505806
1.5607169366031547e9	4432.064922672227	-21.45716584998963
1.5632219366031547e9	4430.686985354309	-21.464776630473445
1.5657269366031547e9	4429.309476439695	-21.472387410957268
1.5682319366031547e9	4427.932395795191	-21.47999819144109
1.5707369366031547e9	4426.555743287649	-21.48760897192491
1.5732419366031547e9	4425.179518783962	-21.49521975240873
1.5757469366031547e9	4423.803722151051	-21.502830532892553
1.5782519366031547e9	4422.428353255917	-21.51044131337637
1.5807569366031547e9	4421.053411965541	-21.51805209386019
1.5832619366031547e9	4419.678898147007	-21.52566287434401
1.5857669366031547e9	4418.304811667403	-21.53327365482783
1.5882719366031547e9	4416.9311523938695	-21.540884435311654
1.5907769366031547e9	4415.557920193587	-21.548495215795477
1.5932819366031547e9	4414.185114933777	-21.556105996279292
1.5957869366031547e9	4412.812736481696	-21.563716776763115
1.5982919366031547e9	4411.440784704672	-21.57132755724693
1.6007969366031547e9	4410.0692594700195	-21.578938337730754
1.6033019366031547e9	4408.698160645149	-21.586549118214574
1.6058069366031547e9	4407.32748809748	-21.594159898698397
1.6083119366031547e9	4405.957241694486	-21.601770679182216
1.6108169366031547e9	4404.587421303673	-21.609381459666036
1.6133219366031547e9	4403.218026792596	-21.61699224014986
1.6158269366031547e9	4401.851223649092	-21.62469306062362
1.6183319366031547e9	4400.485049006892	-21.632402375079813
1.6208369366031547e9	4399.119298375641	-21.640111689536006
1.6233419366031547e9	4397.753971623759	-21.647821003992203
1.6258469366031547e9	4396.389068619679	-21.655530318448395
1.6283519366031547e9	4395.024589231888	-21.663239632904588
1.6308569366031547e9	4393.660533328901	-21.67094894736078
1.6333619366031547e9	4392.296900779299	-21.678658261816977
1.6358669366031547e9	4390.9336914516825	-21.68636757627317
1.6383719366031547e9	4389.570905214689	-21.694076890729363
1.6408769366031547e9	4388.208541937024	-21.701786205185556
1.6433819366031547e9	4386.8466014874075	-21.709495519641752
1.6458869366031547e9	4385.485083734602	-21.717204834097945
1.6483919366031547e9	4384.12398854744	-21.72491414855414
1.6508969366031547e9	4382.763315794742	-21.732623463010334
1.6534019366031547e9	4381.403065345423	-21.740332777466527
1.6559069366031547e9	4380.043237068407	-21.74804209192272
1.6584119366031547e9	4378.68383083266	-21.755751406378913
1.6609169366031547e9	4377.324846507219	-21.76346072083511
1.6634219366031547e9	4375.966283961107	-21.771170035291302
1.6659269366031547e9	4374.608143063443	-21.7788793497475
1.6684319366031547e9	4373.2504236833465	-21.78658866420369
1.6709369366031547e9	4371.893125690009	-21.794297978659884
1.6734419366031547e9	4370.536248952641	-21.802007293116077
1.6759469366031547e9	4369.179793340497	-21.809716607572273
1.6784519366031547e9	4367.8237587228705	-21.817425922028466
1.6809569366031547e9	4366.468144969114	-21.825135236484662
1.6834619366031547e9	4365.1129519486	-21.832844550940855
1.6859669366031547e9	4363.758179530747	-21.840553865397048
1.6884719366031547e9	4362.403827585015	-21.848263179853245
1.6909769366031547e9	4361.0498959809065	-21.855972494309437
1.6934819366031547e9	4359.696384587961	-21.86368180876563
1.6959869366031547e9	4358.343293275753	-21.871391123221827
1.6984919366031547e9	4356.99817188675	-21.879113673307852
1.7009969366031547e9	4355.665959120908	-21.886858132042363
1.7035019366031547e9	4354.334153697641	-21.894602590776874
1.7060069366031547e9	4353.002755492398	-21.902347049511384
1.7085119366031547e9	4351.671764380667	-21.910091508245895
1.7110169366031547e9	4350.341180237972	-21.9178359669804
1.7135219366031547e9	4349.011002939878	-21.925580425714916
1.7160269366031547e9	4347.681232361986	-21.933324884449426
1.7185319366031547e9	4346.351868379944	-21.941069343183937
1.7210369366031547e9	4345.022910869406	-21.948813801918448
1.7235419366031547e9	4343.694359706118	-21.956558260652955
1.7260469366031547e9	4342.366214765804	-21.964302719387465
1.7285519366031547e9	4341.038475924279	-21.972047178121976
1.7310569366031547e9	4339.711143057362	-21.979791636856486
1.7335619366031547e9	4338.384216040925	-21.987536095590997
1.7360669366031547e9	4337.05769475087	-21.995280554325504
1.7385719366031547e9	4335.731579063143	-22.003025013060018
1.7410769366031547e9	4334.405868853723	-22.010769471794525
1.7435819366031547e9	4333.080563998632	-22.01851393052904
1.7460869366031547e9	4331.755664373925	-22.026258389263546
1.7485919366031547e9	4330.4311698556985	-22.034002847998057
1.7510969366031547e9	4329.1070803200855	-22.041747306732567
1.7536019366031547e9	4327.783395643256	-22.049491765467078
1.7561069366031547e9	4326.46011570142	-22.05723622420159
1.7586119366031547e9	4325.137240370824	-22.0649806829361
1.7611169366031547e9	4323.814769527751	-22.07272514167061
1.7636219366031547e9	4322.492703048525	-22.080469600405117
1.7661269366031547e9	4321.171040809506	-22.088214059139627
1.7686319366031547e9	4319.849782687091	-22.095958517874138
1.7711369366031547e9	4318.528928557716	-22.10370297660865
1.7736419366031547e9	4317.2084782978545	-22.11144743534316
1.7761469366031547e9	4315.888431784019	-22.119191894077666
1.7786519366031547e9	4314.568788892765	-22.12693635281218
1.7811569366031547e9	4313.249549500656	-22.13468081154669
1.7836619366031547e9	4311.9528856437155	-22.142525695038866
1.7861669366031547e9	4310.678120255818	-22.15046802689776
1.7886719366031547e9	4309.403731733547	-22.158410358756655
1.7911769366031547e9	4308.129719965473	-22.16635269061555
1.7936819366031547e9	4306.856084840221	-22.174295022474443
1.7961869366031547e9	4305.582826246443	-22.18223735433334
1.7986919366031547e9	4304.309944072823	-22.19017968619223
1.8011969366031547e9	4303.0374382080845	-22.198122018051127
1.8037019366031547e9	4301.765308540964	-22.206064349910022
1.8062069366031547e9	4300.49355496025	-22.214006681768915
1.8087119366031547e9	4299.222177354766	-22.221949013627807
1.8112169366031547e9	4297.951175613346	-22.229891345486703
1.8137219366031547e9	4296.680549624878	-22.2378336773456
1.8162269366031547e9	4295.410299278277	-22.24577600920449
1.8187319366031547e9	4294.14042446249	-22.253718341063387
1.8212369366031547e9	4292.870925066496	-22.261660672922282
1.8237419366031547e9	4291.601800979309	-22.269603004781175
1.8262469366031547e9	4290.333052089981	-22.27754533664007
1.8287519366031547e9	4289.064678287583	-22.285487668498966
1.8312569366031547e9	4287.796679461218	-22.29343000035786
1.8337619366031547e9	4286.529055500038	-22.30137233221675
1.8362669366031547e9	4285.26180629322	-22.309314664075647
1.8387719366031547e9	4283.994931729972	-22.317256995934542
1.8412769366031547e9	4282.728431699538	-22.325199327793435
1.8437819366031547e9	4281.4623060912	-22.333141659652334
1.8462869366031547e9	4280.196554794249	-22.341083991511226
1.8487919366031547e9	4278.931177698041	-22.34902632337012
1.8512969366031547e9	4277.666174691935	-22.356968655229018
1.8538019366031547e9	4276.401545665344	-22.364910987087907
1.8563069366031547e9	4275.137290507706	-22.372853318946802
1.8588119366031547e9	4273.873409108501	-22.380795650805698
1.8613169366031547e9	4272.6099013572075	-22.38873798266459
1.8638219366031547e9	4271.346767143394	-22.396680314523483
1.8663269366031547e9	4270.087098867857	-22.40462339575505
1.8688319366031547e9	4269.068775612069	-22.412624884885165
1.8713369366031547e9	4268.0506952043215	-22.42062637401528
1.8738419366031547e9	4267.032857586685	-22.4286278631454
1.8763469366031547e9	4266.015262701276	-22.43662935227552
1.8788519366031547e9	4264.997910490191	-22.44463084140564
1.8813569366031547e9	4263.980800895575	-22.452632330535756
1.8838619366031547e9	4262.963933859552	-22.46063381966588
1.8863669366031547e9	4261.947309324285	-22.468635308795996
1.8888719366031547e9	4260.930927231951	-22.476636797926115
1.8913769366031547e9	4259.914787524716	-22.484638287056235
1.8938819366031547e9	4258.8988901447865	-22.49263977618635
1.8963869366031547e9	4257.883235034378	-22.500641265316474
1.8988919366031547e9	4256.8678221357	-22.50864275444659
1.9013969366031547e9	4255.852651391007	-22.516644243576707
1.9039019366031547e9	4254.8377227425335	-22.52464573270683
1.9064069366031547e9	4253.8230361325595	-22.532647221836946
1.9089119366031547e9	4252.808591503343	-22.540648710967062
1.9114169366031547e9	4251.794388797214	-22.548650200097182
1.9139219366031547e9	4250.780427956441	-22.5566516892273
1.9164269366031547e9	4249.766708923367	-22.56465317835742
1.9189319366031547e9	4248.753231640304	-22.57265466748754
1.9214369366031547e9	4247.73999604963	-22.580656156617657
1.9239419366031547e9	4246.72700209369	-22.588657645747777
1.9264469366031547e9	4245.714249714854	-22.596659134877896
1.9289519366031547e9	4244.701738855518	-22.604660624008012
1.9314569366031547e9	4243.6894694580915	-22.612662113138132
1.9339619366031547e9	4242.6774414649835	-22.62066360226825
1.9364669366031547e9	4241.665654818611	-22.628665091398368
1.9389719366031547e9	4240.654109461447	-22.63666658052849
1.9414769366031547e9	4239.642805335933	-22.64466806965861
1.9439819366031547e9	4238.631742384528	-22.652669558788727
1.9464869366031547e9	4237.620920549752	-22.660671047918843
1.9489919366031547e9	4236.610339774061	-22.668672537048963
1.9514969366031547e9	4235.600000000004	-22.676674026179082
