-1.7018449769789052e8	9906.243210805413	-17.174457399621204
-1.6784949769789052e8	9886.045416172963	-17.17388122521855
-1.6551449769789052e8	9865.888802732952	-17.1733050508159
-1.6317949769789052e8	9845.773286521233	-17.172728876413252
-1.6084449769789052e8	9825.698783744852	-17.1721527020106
-1.5850949769789052e8	9805.6652107817	-17.171576527607947
-1.5617449769789052e8	9785.67248418015	-17.171000353205297
-1.5383949769789052e8	9765.720520658788	-17.170424178802648
-1.5150449769789052e8	9745.809237105905	-17.169848004399995
-1.4916949769789052e8	9725.938550579294	-17.169271829997346
-1.4683449769789052e8	9706.108378305917	-17.168695655594696
-1.4449949769789052e8	9686.318637681372	-17.168119481192043
-1.4216449769789052e8	9662.461646346768	-17.16713525473795
-1.3982949769789052e8	9638.197503349042	-17.166104619134188
-1.3749449769789052e8	9613.99429188791	-17.165073983530426
-1.3515949769789052e8	9589.851858953572	-17.16404334792666
-1.3282449769789052e8	9565.77005192041	-17.1630127123229
-1.3048949769789052e8	9541.748718546121	-17.161982076719134
-1.2815449769789052e8	9517.787706970716	-17.160951441115373
-1.2581949769789052e8	9493.8868657155	-17.159920805511607
-1.2348449769789052e8	9470.046043682218	-17.158890169907846
-1.2114949769789052e8	9442.6847396357	-17.157490244375904
-1.1881449769789052e8	9413.012179159545	-17.155842981210427
-1.1647949769789052e8	9383.43286132246	-17.154195718044953
-1.1414449769789052e8	9353.946493120118	-17.152548454879476
-1.1180949769789052e8	9324.552782468867	-17.150901191714
-1.0947449769789052e8	9295.251438202915	-17.149253928548525
-1.0713949769789052e8	9266.042170071407	-17.14760666538305
-1.0480449769789052e8	9236.032559976455	-17.14585978233441
-1.0246949769789052e8	9199.571958897026	-17.143379021866377
-1.0013449769789052e8	9163.255291419222	-17.140898261398345
-9.779949769789052e7	9127.081989343915	-17.138417500930316
-9.546449769789052e7	9091.051486715045	-17.135936740462284
-9.312949769789052e7	9055.1632198107	-17.133455979994256
-9.079449769789052e7	9019.416627134387	-17.13097521952622
-8.845949769789052e7	8973.557446088043	-17.127333349039493
-8.612449769789052e7	8927.478730368515	-17.123639922319725
-8.378949769789052e7	8881.636626277666	-17.119946495599955
-8.145449769789052e7	8836.029918827999	-17.116253068880187
-7.911949769789052e7	8790.657399270953	-17.112559642160416
-7.678449769789052e7	8734.352729202417	-17.107581243492945
-7.444949769789052e7	8676.18531408093	-17.102345113638272
-7.211449769789052e7	8612.014657105297	-17.096369455576895
-6.977949769789052e7	8544.466221902796	-17.0899444047285
-6.744449769789052e7	8470.609585141621	-17.082724901172703
-6.510949769789052e7	8391.455336908128	-17.07480920134051
-6.277449769789052e7	8304.830949159346	-17.065940349081686
-6.043949769789052e7	8211.36522266169	-17.05616316043695
-5.810449769789052e7	8109.827362794595	-17.045359161507797
-5.576949769789052e7	7999.675497213288	-17.03342921672147
-5.343449769789052e7	7886.1165533026915	-17.021014158993967
-5.109949769789052e7	7762.569235603844	-17.00743362679865
-4.876449769789052e7	7640.957463697076	-16.99385309460333
-4.642949769789052e7	7526.84297648126	-16.98164895716624
-4.409449769789052e7	7417.329946492804	-16.97016832053449
-4.175949769789052e7	7309.410294202651	-16.958687683902745
-3.942449769789052e7	7205.207319375719	-16.947563396224307
-3.708949769789052e7	7138.742206766654	-16.94252815531339
-3.475449769789052e7	7072.890207840267	-16.937492914402473
-3.241949769789052e7	7007.645666871739	-16.93245767349155
-3.008449769789052e7	6943.002980308014	-16.927422432580634
-2.774949769789052e7	6886.88224628986	-16.923760706413304
-2.541449769789052e7	6839.088536572993	-16.921472975068312
-2.307949769789052e7	6791.626506505466	-16.91918524372332
-2.074449769789052e7	6744.493854290863	-16.916897512378327
-1.840949769789052e7	6697.688294106814	-16.914609781033334
-1.607449769789052e7	6651.207555994143	-16.912322049688342
-1.373949769789052e7	6615.2818558747895	-16.91188353873006
-1.140449769789052e7	6580.060023823618	-16.911537587917554
-9.06949769789052e6	6545.02572383535	-16.91119163710505
-6.73449769789052e6	6510.177957430548	-16.910845686292543
-4.39949769789052e6	6475.515731445993	-16.910499735480034
-2.06449769789052e6	6441.038058006401	-16.91015378466753
270502.3021094799	6409.46998220512	-16.910325369505006
2.60550230210948e6	6382.627248882245	-16.911368462333208
4.94050230210948e6	6355.896932394798	-16.912411555161405
7.27550230210948e6	6329.278561943321	-16.91345464798961
9.61050230210948e6	6302.771668700022	-16.914497740817808
1.194550230210948e7	6276.375785800563	-16.91554083364601
1.428050230210948e7	6250.090448335809	-16.916583926474207
1.661550230210948e7	6223.915193343683	-16.917627019302408
1.895050230210948e7	6201.758982057734	-16.91945463159505
2.128550230210948e7	6181.170210360979	-16.921581897159953
2.362050230210948e7	6160.649789840259	-16.923709162724855
2.595550230210948e7	6140.197493581463	-16.92583642828976
2.829050230210948e7	6119.813095423766	-16.927963693854664
3.062550230210948e7	6099.496369957154	-16.930090959419566
3.296050230210948e7	6079.247092519958	-16.93221822498447
3.529550230210948e7	6059.065039196349	-16.934345490549376
3.763050230210948e7	6038.9499868138255	-16.93647275611428
3.996550230210948e7	6022.805513634217	-16.93943208524239
4.230050230210948e7	6006.733508683846	-16.942397675778423
4.463550230210948e7	5990.704392274782	-16.94536326631446
4.697050230210948e7	5974.718049957907	-16.94832885685049
4.930550230210948e7	5958.774367589502	-16.951294447386523
5.164050230210948e7	5942.873231330454	-16.95426003792256
5.397550230210948e7	5927.0145276453995	-16.957225628458595
5.631050230210948e7	5911.198143301979	-16.960191218994627
5.864550230210948e7	5895.42396537	-16.96315680953066
6.098050230210948e7	5880.20333621195	-16.966237131022943
6.331550230210948e7	5867.586226964476	-16.969894003873005
6.565050230210948e7	5854.99619015594	-16.973550876723063
6.798550230210948e7	5842.433167697207	-16.97720774957312
7.032050230210948e7	5829.8971016237965	-16.98086462242318
7.265550230210948e7	5817.387934095568	-16.984521495273242
7.499050230210948e7	5804.905607396511	-16.9881783681233
7.732550230210948e7	5792.450063934486	-16.99183524097336
7.966050230210948e7	5780.0212462408645	-16.995492113823417
8.199550230210948e7	5767.619096970373	-16.999148986673475
8.433050230210948e7	5755.243558900771	-17.002805859523534
8.666550230210948e7	5743.5036612673875	-17.006609874012874
8.900050230210948e7	5733.449300383899	-17.0108160321145
9.133550230210948e7	5723.412540285365	-17.01502219021613
9.367050230210948e7	5713.393350160496	-17.01922834831776
9.600550230210948e7	5703.39169925198	-17.023434506419388
9.834050230210948e7	5693.407556856315	-17.027640664521016
1.0067550230210948e8	5683.440892323749	-17.031846822622644
1.0301050230210948e8	5673.491675058213	-17.03605298072427
1.0534550230210948e8	5663.559874517162	-17.040259138825903
1.0768050230210948e8	5653.645460211553	-17.044465296927527
1.1001550230210948e8	5643.748401705679	-17.048671455029158
1.1235050230210948e8	5633.86866861715	-17.052877613130786
1.1468550230210948e8	5624.620033081572	-17.057240644799954
1.1702050230210948e8	5616.553755356225	-17.061902422310766
1.1935550230210948e8	5608.499045494301	-17.066564199821578
1.2169050230210948e8	5600.455886906294	-17.07122597733239
1.2402550230210948e8	5592.424263026512	-17.0758877548432
1.2636050230210948e8	5584.40415731302	-17.080549532354013
1.2869550230210948e8	5576.395553247584	-17.085211309864825
1.3103050230210948e8	5568.398434335661	-17.089873087375636
1.3336550230210948e8	5560.41278410639	-17.094534864886448
1.3570050230210948e8	5552.438586112504	-17.09919664239726
1.3803550230210948e8	5544.475823930321	-17.103858419908068
1.4037050230210948e8	5536.524481159733	-17.10852019741888
1.4270550230210948e8	5528.58454142415	-17.11318197492969
1.4504050230210948e8	5521.295200410509	-17.118011643716574
1.4737550230210948e8	5514.804776588046	-17.12304887339645
1.4971050230210948e8	5508.3219824248945	-17.12808610307633
1.5204550230210948e8	5501.846808952205	-17.13312333275621
1.5438050230210948e8	5495.379247211671	-17.138160562436088
1.5671550230210948e8	5488.919288255497	-17.143197792115966
1.5905050230210948e8	5482.466923146405	-17.14823502179585
1.6138550230210948e8	5476.022142957652	-17.153272251475723
1.6372050230210948e8	5469.584938772953	-17.158309481155605
1.6605550230210948e8	5463.155301686538	-17.163346710835484
1.6839050230210948e8	5456.733222803073	-17.168383940515362
1.7072550230210948e8	5450.318693237713	-17.17342117019524
1.7306050230210948e8	5443.911704116024	-17.17845839987512
1.7539550230210948e8	5437.512246574031	-17.183495629554997
1.7773050230210948e8	5431.826550913045	-17.188743403888697
1.8006550230210948e8	5426.520028998033	-17.194102550847273
1.8240050230210948e8	5421.218691190894	-17.199461697805848
1.8473550230210948e8	5415.922532427128	-17.204820844764424
1.8707050230210948e8	5410.631547647136	-17.210179991723
1.8940550230210948e8	5405.345731796331	-17.215539138681574
1.9174050230210948e8	5400.0650798249935	-17.220898285640146
1.9407550230210948e8	5394.789586688377	-17.22625743259872
1.9641050230210948e8	5389.519247346664	-17.231616579557297
1.9874550230210948e8	5384.254056764941	-17.236975726515873
2.0108050230210948e8	5378.994009913203	-17.242334873474448
2.0341550230210948e8	5373.739101766418	-17.247694020433023
2.0575050230210948e8	5368.489327304393	-17.253053167391595
2.0808550230210948e8	5363.244681511891	-17.25841231435017
2.1042050230210948e8	5358.086979249754	-17.263794849451727
2.1275550230210948e8	5353.717676591838	-17.269401527566764
2.1509050230210948e8	5349.351936923052	-17.275008205681793
2.1742550230210948e8	5344.989757337941	-17.28061488379683
2.1976050230210948e8	5340.631134933385	-17.286221561911866
2.2209550230210948e8	5336.276066808663	-17.2918282400269
2.2443050230210948e8	5331.924550065387	-17.29743491814193
2.2676550230210948e8	5327.576581807568	-17.303041596256968
2.2910050230210948e8	5323.232159141541	-17.308648274372
2.3143550230210948e8	5318.891279176039	-17.314254952487033
2.3377050230210948e8	5314.553939022123	-17.319861630602066
2.3610550230210948e8	5310.220135793212	-17.325468308717102
2.3844050230210948e8	5305.889866605095	-17.331074986832135
2.4077550230210948e8	5301.563128575907	-17.336681664947168
2.4311050230210948e8	5297.239918826139	-17.342288343062204
2.4544550230210948e8	5292.920234478613	-17.347895021177237
2.4778050230210948e8	5289.176759900873	-17.35368125528888
2.5011550230210948e8	5285.570159276584	-17.35950960067617
2.5245050230210948e8	5281.9660179325765	-17.36533794606346
2.5478550230210948e8	5278.3643341918905	-17.37116629145075
2.5712050230210948e8	5274.765106378747	-17.376994636838038
2.5945550230210948e8	5271.168332818479	-17.382822982225328
2.6179050230210948e8	5267.574011837565	-17.388651327612614
2.6412550230210948e8	5263.982141763651	-17.394479672999907
2.6646050230210948e8	5260.392720925485	-17.400308018387193
2.687955023021095e8	5256.805747652994	-17.406136363774483
2.711305023021095e8	5253.221220277215	-17.411964709161772
2.734655023021095e8	5249.639137130332	-17.417793054549062
2.758005023021095e8	5246.059496545656	-17.423621399936348
2.781355023021095e8	5242.482296857664	-17.429449745323637
2.804705023021095e8	5238.907536401942	-17.435278090710927
2.828055023021095e8	5235.335213515207	-17.441106436098217
2.851405023021095e8	5232.25931008474	-17.447096095519456
2.874755023021095e8	5229.220026719542	-17.453097129458587
2.898105023021095e8	5226.182508795012	-17.45909816339772
2.921455023021095e8	5223.146755285652	-17.465099197336848
2.944805023021095e8	5220.112765166559	-17.471100231275976
2.968155023021095e8	5217.080537413416	-17.477101265215108
2.991505023021095e8	5214.050071002539	-17.48310229915424
3.014855023021095e8	5211.021364910773	-17.489103333093368
3.038205023021095e8	5207.99441811562	-17.495104367032496
3.061555023021095e8	5204.969229595144	-17.501105400971632
3.084905023021095e8	5201.945798328007	-17.50710643491076
3.108255023021095e8	5198.924123293467	-17.513107468849892
3.131605023021095e8	5195.904203471375	-17.519108502789024
3.154955023021095e8	5192.886037842171	-17.525109536728152
3.178305023021095e8	5189.869625386894	-17.531110570667284
3.201655023021095e8	5186.854965087167	-17.537111604606412
3.225005023021095e8	5184.096083546392	-17.543196977525614
3.248355023021095e8	5181.546113638664	-17.549351256978195
3.271705023021095e8	5178.997398018352	-17.555505536430775
3.295055023021095e8	5176.449936068504	-17.561659815883356
3.318405023021095e8	5173.903727172467	-17.567814095335937
3.341755023021095e8	5171.358770713878	-17.573968374788517
3.365105023021095e8	5168.815066076672	-17.580122654241098
3.388455023021095e8	5166.272612645122	-17.58627693369368
3.411805023021095e8	5163.731409803758	-17.59243121314626
3.435155023021095e8	5161.191456937456	-17.598585492598843
3.458505023021095e8	5158.652753431355	-17.604739772051424
3.481855023021095e8	5156.115298670927	-17.610894051504005
3.505205023021095e8	5153.579092041941	-17.61704833095658
3.528555023021095e8	5151.044132930456	-17.623202610409166
3.551905023021095e8	5148.510420722828	-17.629356889861747
3.575255023021095e8	5145.977954805736	-17.635511169314327
3.598605023021095e8	5143.446734566159	-17.64166544876691
3.621955023021095e8	5141.192168728638	-17.647924076084056
3.645305023021095e8	5139.033109757418	-17.65421852929166
3.668655023021095e8	5136.874957489428	-17.66051298249927
3.692005023021095e8	5134.717711543934	-17.666807435706875
3.715355023021095e8	5132.561371540283	-17.67310188891448
3.738705023021095e8	5130.405937098061	-17.679396342122086
3.762055023021095e8	5128.251407836948	-17.68569079532969
3.785405023021095e8	5126.097783376817	-17.6919852485373
3.808755023021095e8	5123.945063337705	-17.698279701744905
3.832105023021095e8	5121.79324733977	-17.70457415495251
3.855455023021095e8	5119.642335003384	-17.710868608160116
3.878805023021095e8	5117.492325949043	-17.71716306136772
3.902155023021095e8	5115.343219797412	-17.72345751457533
3.925505023021095e8	5113.195016169313	-17.729751967782935
3.948855023021095e8	5111.047714685728	-17.73604642099054
3.972205023021095e8	5108.901314967801	-17.742340874198145
3.995555023021095e8	5106.755816636831	-17.748635327405754
4.018905023021095e8	5104.756934412461	-17.754992554930897
4.042255023021095e8	5102.83809123125	-17.76138393897233
4.065605023021095e8	5100.9199693300425	-17.767775323013755
4.088955023021095e8	5099.002568437735	-17.77416670705518
4.112305023021095e8	5097.085888283285	-17.78055809109661
4.135655023021095e8	5095.169928595784	-17.786949475138037
4.159005023021095e8	5093.254689104419	-17.793340859179466
4.182355023021095e8	5091.340169538458	-17.799732243220895
4.205705023021095e8	5089.426369627293	-17.80612362726232
4.229055023021095e8	5087.513289100421	-17.81251501130375
4.252405023021095e8	5085.600927687421	-17.818906395345174
4.275755023021095e8	5083.689285117974	-17.825297779386602
4.299105023021095e8	5081.77836112188	-17.83168916342803
4.322455023021095e8	5079.868155429032	-17.83808054746946
4.345805023021095e8	5077.958667769436	-17.844471931510885
4.369155023021095e8	5076.049897873168	-17.850863315552314
4.392505023021095e8	5074.141845470444	-17.85725469959374
4.415855023021095e8	5072.306679223875	-17.863671220559443
4.439205023021095e8	5070.643335709529	-17.87014737749621
4.462555023021095e8	5068.980537649523	-17.876623534432973
4.485905023021095e8	5067.318284864979	-17.88309969136974
4.509255023021095e8	5065.656577177078	-17.889575848306507
4.532605023021095e8	5063.995414407086	-17.896052005243273
4.555955023021095e8	5062.334796376293	-17.902528162180037
4.579305023021095e8	5060.674722906081	-17.909004319116804
4.602655023021095e8	5059.015193817858	-17.915480476053567
4.626005023021095e8	5057.3562089331235	-17.921956632990337
4.649355023021095e8	5055.697768073401	-17.928432789927097
4.672705023021095e8	5054.0398710603085	-17.934908946863867
4.696055023021095e8	5052.382517715487	-17.94138510380063
4.719405023021095e8	5050.72570786067	-17.947861260737398
4.742755023021095e8	5049.069441317615	-17.95433741767416
4.766105023021095e8	5047.413717908174	-17.960813574610928
4.789455023021095e8	5045.758537454221	-17.96728973154769
4.812805023021095e8	5044.103899777717	-17.973765888484458
4.836155023021095e8	5042.593121775646	-17.980303879420045
4.859505023021095e8	5041.145555569699	-17.986868955346438
4.882855023021095e8	5039.698404913416	-17.993434031272834
4.906205023021095e8	5038.251669687515	-17.99999910719923
4.929555023021095e8	5036.805349772738	-18.006564183125622
4.952905023021095e8	5035.359445049872	-18.013129259052015
4.976255023021095e8	5033.913955399712	-18.01969433497841
4.999605023021095e8	5032.4688807031125	-18.026259410904803
5.022955023021095e8	5031.024220840953	-18.0328244868312
5.046305023021095e8	5029.579975694157	-18.03938956275759
5.069655023021095e8	5028.136145143656	-18.045954638683988
5.093005023021095e8	5026.692729070441	-18.05251971461038
5.116355023021095e8	5025.249727355528	-18.059084790536772
5.139705023021095e8	5023.807139879979	-18.06564986646317
5.163055023021095e8	5022.36496652486	-18.072214942389564
5.186405023021095e8	5020.9232071713	-18.078780018315957
5.209755023021095e8	5019.481861700461	-18.08534509424235
5.233105023021095e8	5018.040929993513	-18.091910170168745
5.256455023021095e8	5016.74520372117	-18.0985335487421
5.279805023021095e8	5015.454044721423	-18.10515863209165
5.303155023021095e8	5014.163218027084	-18.111783715441206
5.326505023021095e8	5012.87272355262	-18.11840879879076
5.349855023021095e8	5011.582561212544	-18.125033882140315
5.373205023021095e8	5010.292730921365	-18.13165896548987
5.396555023021095e8	5009.003232593616	-18.138284048839424
5.419905023021095e8	5007.714066143878	-18.144909132188978
5.443255023021095e8	5006.425231486725	-18.151534215538533
5.466605023021095e8	5005.136728536765	-18.158159298888084
5.489955023021095e8	5003.8485572086165	-18.164784382237638
5.513305023021095e8	5002.560717416949	-18.17140946558719
5.536655023021095e8	5001.273209076426	-18.178034548936743
5.560005023021095e8	4999.986032101731	-18.184659632286298
5.583355023021095e8	4998.699186407602	-18.191284715635852
5.606705023021095e8	4997.412671908756	-18.197909798985403
5.630055023021095e8	4996.126488519964	-18.204534882334958
5.653405023021095e8	4994.854863177255	-18.211167515503384
5.676755023021095e8	4993.684090059458	-18.21785350889171
5.700105023021095e8	4992.513591365999	-18.224539502280038
5.723455023021095e8	4991.343367032536	-18.231225495668365
5.746805023021095e8	4990.173416994778	-18.237911489056692
5.770155023021095e8	4989.003741188413	-18.24459748244502
5.793505023021095e8	4987.834339549181	-18.251283475833347
5.816855023021095e8	4986.6652120128	-18.257969469221678
5.840205023021095e8	4985.49635851503	-18.26465546261
5.863555023021095e8	4984.327778991638	-18.27134145599833
5.886905023021095e8	4983.159473378423	-18.278027449386656
5.910255023021095e8	4981.991441611147	-18.284713442774986
5.933605023021095e8	4980.823683625647	-18.291399436163314
5.956955023021095e8	4979.656199357733	-18.29808542955164
5.980305023021095e8	4978.488988743264	-18.304771422939968
6.003655023021095e8	4977.322051718079	-18.311457416328295
6.027005023021095e8	4976.155388218067	-18.318143409716622
6.050355023021095e8	4974.988998179107	-18.32482940310495
6.073705023021095e8	4973.84431290791	-18.331528469429735
6.097055023021095e8	4972.768619766662	-18.33826946892072
6.120405023021095e8	4971.693159265533	-18.345010468411708
6.143755023021095e8	4970.617931354211	-18.35175146790269
6.167105023021095e8	4969.542935982392	-18.358492467393678
6.190455023021095e8	4968.468173099777	-18.36523346688466
6.213805023021095e8	4967.393642656113	-18.371974466375647
6.237155023021095e8	4966.319344601093	-18.378715465866634
6.260505023021095e8	4965.245278884487	-18.38545646535762
6.283855023021095e8	4964.171445456044	-18.3921974648486
6.307205023021095e8	4963.097844265504	-18.398938464339587
6.330555023021095e8	4962.024475262666	-18.405679463830573
6.353905023021095e8	4960.951338397305	-18.41242046332156
6.377255023021095e8	4959.878433619218	-18.419161462812546
6.400605023021095e8	4958.805760878212	-18.42590246230353
6.423955023021095e8	4957.733320124094	-18.432643461794513
6.447305023021095e8	4956.66111130671	-18.4393844612855
6.470655023021095e8	4955.589134375891	-18.446125460776486
6.494005023021095e8	4954.542748385455	-18.452872929280122
6.517355023021095e8	4953.54224431077	-18.459632048102705
6.540705023021095e8	4952.541942274598	-18.46639116692528
6.564055023021095e8	4951.541842236123	-18.473150285747863
6.587405023021095e8	4950.541944154569	-18.479909404570442
6.610755023021095e8	4949.542247989147	-18.486668523393025
6.634105023021095e8	4948.542753699074	-18.493427642215604
6.657455023021095e8	4947.543461243591	-18.500186761038183
6.680805023021095e8	4946.544370581951	-18.506945879860766
6.704155023021095e8	4945.5454816733945	-18.513704998683345
6.727505023021095e8	4944.546794477172	-18.520464117505924
6.750855023021095e8	4943.548308952567	-18.527223236328503
6.774205023021095e8	4942.5500250588375	-18.533982355151082
6.797555023021095e8	4941.5519427552845	-18.540741473973664
6.820905023021095e8	4940.5540620011825	-18.547500592796244
6.844255023021095e8	4939.556382755847	-18.554259711618826
6.867605023021095e8	4938.558904978579	-18.561018830441405
6.890955023021095e8	4937.561628628686	-18.567777949263984
6.914305023021095e8	4936.582806747302	-18.574559999262814
6.937655023021095e8	4935.627714366867	-18.58137162237693
6.961005023021095e8	4934.672806770428	-18.58818324549105
6.984355023021095e8	4933.7180839222165	-18.594994868605166
7.007705023021095e8	4932.763545786499	-18.601806491719284
7.031055023021095e8	4931.809192327537	-18.6086181148334
7.054405023021095e8	4930.855023509602	-18.615429737947515
7.077755023021095e8	4929.90103929697	-18.622241361061636
7.101105023021095e8	4928.947239653927	-18.62905298417575
7.124455023021095e8	4927.99362454477	-18.635864607289868
7.147805023021095e8	4927.040193933781	-18.642676230403985
7.171155023021095e8	4926.086947785264	-18.649487853518103
7.194505023021095e8	4925.133886063557	-18.65629947663222
7.217855023021095e8	4924.181008732952	-18.663111099746338
7.241205023021095e8	4923.228315757784	-18.669922722860456
7.264555023021095e8	4922.2758071023845	-18.676734345974573
7.287905023021095e8	4921.323482731093	-18.68354596908869
7.311255023021095e8	4920.371342608255	-18.690357592202805
7.334605023021095e8	4919.431729467302	-18.697190571757503
7.357955023021095e8	4918.5001875634325	-18.704037208920656
7.381305023021095e8	4917.568822056018	-18.71088384608381
7.404655023021095e8	4916.637632911647	-18.71773048324696
7.428005023021095e8	4915.706620096942	-18.724577120410114
7.451355023021095e8	4914.775783578496	-18.731423757573268
7.474705023021095e8	4913.845123322942	-18.73827039473642
7.498055023021095e8	4912.914639296886	-18.745117031899575
7.521405023021095e8	4911.984331466973	-18.751963669062725
7.544755023021095e8	4911.054199799824	-18.758810306225882
7.568105023021095e8	4910.124244262098	-18.765656943389033
7.591455023021095e8	4909.1944648204235	-18.772503580552183
7.614805023021095e8	4908.264861441474	-18.77935021771534
7.638155023021095e8	4907.3354340919	-18.78619685487849
7.661505023021095e8	4906.406182738363	-18.793043492041644
7.684855023021095e8	4905.477107347551	-18.799890129204798
7.708205023021095e8	4904.548207886128	-18.806736766367948
7.731555023021095e8	4903.619484320797	-18.8135834035311
7.754905023021095e8	4902.713785900691	-18.820453950217917
7.778255023021095e8	4901.811628263401	-18.827328027583253
7.801605023021095e8	4900.909636633845	-18.834202104948584
7.824955023021095e8	4900.007810981476	-18.84107618231392
7.848305023021095e8	4899.106151275751	-18.84795025967925
7.871655023021095e8	4898.204657486132	-18.854824337044583
7.895005023021095e8	4897.303329582092	-18.86169841440992
7.918355023021095e8	4896.402167533104	-18.868572491775254
7.941705023021095e8	4895.50117130865	-18.875446569140585
7.965055023021095e8	4894.6003408782235	-18.882320646505917
7.988405023021095e8	4893.699676211291	-18.889194723871253
8.011755023021095e8	4892.799177277385	-18.896068801236588
8.035105023021095e8	4891.8988440459825	-18.90294287860192
8.058455023021095e8	4890.998676486601	-18.909816955967255
8.081805023021095e8	4890.098674568754	-18.91669103333259
8.105155023021095e8	4889.198838261963	-18.923565110697922
8.128505023021095e8	4888.299167535753	-18.930439188063254
8.151855023021095e8	4887.394213336078	-18.93731530834707
8.175205023021095e8	4886.470415187289	-18.944198557649948
8.198555023021095e8	4885.546791651593	-18.95108180695283
8.221905023021095e8	4884.623342695976	-18.957965056255706
8.245255023021095e8	4883.700068287457	-18.964848305558586
8.268605023021095e8	4882.776968393027	-18.971731554861467
8.291955023021095e8	4881.854042979718	-18.978614804164344
8.315305023021095e8	4880.93129201453	-18.985498053467225
8.338655023021095e8	4880.00871546451	-18.9923813027701
8.362005023021095e8	4879.08631329668	-18.999264552072983
8.385355023021095e8	4878.164085478079	-19.00614780137586
8.408705023021095e8	4877.242031975744	-19.01303105067874
8.432055023021095e8	4876.320152756744	-19.019914299981618
8.455405023021095e8	4875.398447788119	-19.026797549284495
8.478755023021095e8	4874.476917036949	-19.033680798587376
8.502105023021095e8	4873.555560470289	-19.040564047890253
8.525455023021095e8	4872.63437805523	-19.047447297193134
8.548805023021095e8	4871.713369758848	-19.05433054649601
8.572155023021095e8	4870.793479010817	-19.061233470179758
8.595505023021095e8	4869.874248520859	-19.0681465422323
8.618855023021095e8	4868.955191510786	-19.07505961428484
8.642205023021095e8	4868.03630794785	-19.08197268633738
8.665555023021095e8	4867.117597799336	-19.08888575838992
8.688905023021095e8	4866.199061032506	-19.09579883044246
8.712255023021095e8	4865.280697614631	-19.102711902495003
8.735605023021095e8	4864.362507513014	-19.109624974547543
8.758955023021095e8	4863.444490694937	-19.116538046600084
8.782305023021095e8	4862.526647127688	-19.123451118652625
8.805655023021095e8	4861.608976778581	-19.130364190705166
8.829005023021095e8	4860.691479614932	-19.137277262757706
8.852355023021095e8	4859.774155604052	-19.144190334810247
8.875705023021095e8	4858.857004713259	-19.151103406862788
8.899055023021095e8	4857.940026909884	-19.15801647891533
8.922405023021095e8	4857.023222161252	-19.164929550967866
8.945755023021095e8	4856.106590434712	-19.171842623020407
8.969105023021095e8	4855.18255575377	-19.178759960557493
8.992455023021095e8	4854.233197349519	-19.185691657891322
9.015805023021095e8	4853.284024578119	-19.192623355225145
9.039155023021095e8	4852.335037403281	-19.19955505255897
9.062505023021095e8	4851.386235788696	-19.206486749892797
9.085855023021095e8	4850.43761969809	-19.213418447226623
9.109205023021095e8	4849.489189095188	-19.22035014456045
9.132555023021095e8	4848.540943943726	-19.22728184189427
9.155905023021095e8	4847.592884207427	-19.234213539228094
9.179255023021095e8	4846.6450098500445	-19.24114523656192
9.202605023021095e8	4845.697320835329	-19.248076933895746
9.225955023021095e8	4844.749817127042	-19.255008631229572
9.249305023021095e8	4843.802498688955	-19.261940328563398
9.272655023021095e8	4842.855365484826	-19.26887202589722
9.296005023021095e8	4841.908417478451	-19.275803723231046
9.319355023021095e8	4840.961654633593	-19.28273542056487
9.342705023021095e8	4840.015076914072	-19.2896671178987
9.366055023021095e8	4839.0686842836885	-19.29659881523252
9.389405023021095e8	4838.091174573565	-19.303550467068042
9.412755023021095e8	4837.111413029947	-19.31050368060189
9.436105023021095e8	4836.13184989777	-19.317456894135734
9.459455023021095e8	4835.152485136861	-19.324410107669575
9.482805023021095e8	4834.17331870705	-19.33136332120342
9.506155023021095e8	4833.194350568172	-19.338316534737263
9.529505023021095e8	4832.215580680071	-19.345269748271107
9.552855023021095e8	4831.237009002599	-19.352222961804948
9.576205023021095e8	4830.258635495626	-19.359176175338796
9.599555023021095e8	4829.280460118993	-19.366129388872636
9.622905023021095e8	4828.302482832612	-19.373082602406484
9.646255023021095e8	4827.324703596343	-19.380035815940325
9.669605023021095e8	4826.347122370086	-19.38698902947417
9.692955023021095e8	4825.369739113743	-19.393942243008013
9.716305023021095e8	4824.392553787222	-19.400895456541857
9.739655023021095e8	4823.415566350441	-19.4078486700757
9.763005023021095e8	4822.438776763325	-19.41480188360954
9.786355023021095e8	4821.447694708146	-19.421693036815164
9.809705023021095e8	4820.452128339515	-19.428564107664766
9.833055023021095e8	4819.456767542417	-19.435435178514368
9.856405023021095e8	4818.461612274413	-19.44230624936397
9.879755023021095e8	4817.466662493047	-19.449177320213575
9.903105023021095e8	4816.471918155897	-19.456048391063177
9.926455023021095e8	4815.477379220541	-19.46291946191278
9.949805023021095e8	4814.483045644574	-19.469790532762385
9.973155023021095e8	4813.488917385576	-19.476661603611987
9.996505023021095e8	4812.494994401161	-19.483532674461593
1.0019855023021095e9	4811.501276648942	-19.490403745311195
1.0043205023021095e9	4810.50776408654	-19.497274816160797
1.0066555023021095e9	4809.514456671587	-19.5041458870104
1.0089905023021095e9	4808.521354361731	-19.511016957860004
1.0113255023021095e9	4807.528457114603	-19.517888028709603
1.0136605023021095e9	4806.53576488787	-19.52475909955921
1.0159955023021095e9	4805.543277639205	-19.53163017040881
1.0183305023021095e9	4804.530937513452	-19.538561184049343
1.0206655023021095e9	4803.494549229208	-19.54556471857325
1.0230005023021095e9	4802.458384504901	-19.552568253097157
1.0253355023021095e9	4801.422443292324	-19.559571787621064
1.0276705023021095e9	4800.386725543262	-19.56657532214497
1.0300055023021095e9	4799.351231209497	-19.573578856668878
1.0323405023021095e9	4798.315960242834	-19.580582391192785
1.0346755023021095e9	4797.280912595117	-19.587585925716688
1.0370105023021095e9	4796.246088218139	-19.5945894602406
1.0393455023021095e9	4795.211487063764	-19.601592994764502
1.0416805023021095e9	4794.177109083832	-19.60859652928841
1.0440155023021095e9	4793.142954230209	-19.61560006381232
1.0463505023021095e9	4792.1090224547415	-19.622603598336227
1.0486855023021095e9	4791.075313709333	-19.62960713286013
1.0510205023021095e9	4790.041827945865	-19.636610667384037
1.0533555023021095e9	4789.008565116238	-19.643614201907944
1.0556905023021095e9	4787.975525172364	-19.65061773643185
1.0580255023021095e9	4786.9127248489485	-19.657707688540842
1.0603605023021095e9	4785.824584992858	-19.664871370955506
1.0626955023021095e9	4784.736692487903	-19.672035053370166
1.0650305023021095e9	4783.649047277869	-19.67919873578483
1.0673655023021095e9	4782.561649306546	-19.686362418199494
1.0697005023021095e9	4781.474498517719	-19.693526100614157
1.0720355023021095e9	4780.387594855217	-19.700689783028817
1.0743705023021095e9	4779.300938262845	-19.70785346544348
1.0767055023021095e9	4778.21452868445	-19.71501714785814
1.0790405023021095e9	4777.128366063881	-19.722180830272805
1.0813755023021095e9	4776.0424503450095	-19.72934451268747
1.0837105023021095e9	4774.956781471695	-19.736508195102132
1.0860455023021095e9	4773.871359387832	-19.743671877516793
1.0883805023021095e9	4772.786184037332	-19.750835559931456
1.0907155023021095e9	4771.701255364091	-19.75799924234612
1.0930505023021095e9	4770.6165733120515	-19.765162924760787
1.0953855023021095e9	4769.53355841086	-19.772286293819047
1.0977205023021095e9	4768.4720625055625	-19.778805838668738
1.1000555023021095e9	4767.410802844238	-19.785325383518423
1.1023905023021095e9	4766.349779374309	-19.791844928368114
1.1047255023021095e9	4765.2889920432	-19.798364473217806
1.1070605023021095e9	4764.228440798374	-19.804884018067497
1.1093955023021095e9	4763.16812558728	-19.811403562917185
1.1117305023021095e9	4762.108046357377	-19.817923107766877
1.1140655023021095e9	4761.048203056173	-19.824442652616565
1.1164005023021095e9	4759.9885956311255	-19.830962197466256
1.1187355023021095e9	4758.929224029763	-19.837481742315944
1.1210705023021095e9	4757.870088199594	-19.844001287165632
1.1234055023021095e9	4756.811188088137	-19.850520832015324
1.1257405023021095e9	4755.752523642947	-19.857040376865015
1.1280755023021095e9	4754.694094811568	-19.863559921714703
1.1304105023021095e9	4753.635901541561	-19.870079466564395
1.1327455023021095e9	4752.5779437805	-19.876599011414083
1.1350805023021095e9	4751.520221475971	-19.883118556263774
1.1374155023021095e9	4750.462734575555	-19.889638101113462
1.1397505023021095e9	4749.405483026903	-19.89615764596315
1.1420855023021095e9	4748.348466777593	-19.90267719081284
1.1444205023021095e9	4747.291685775283	-19.909196735662533
1.1467555023021095e9	4746.235139967608	-19.91571628051222
1.1490905023021095e9	4745.1788293022255	-19.92223582536191
1.1514255023021095e9	4744.1227537268005	-19.9287553702116
1.1537605023021095e9	4743.0669131890045	-19.935274915061292
1.1560955023021095e9	4742.011307636544	-19.94179445991098
1.1584305023021095e9	4740.9559370171155	-19.948314004760675
1.1607655023021095e9	4739.90080127843	-19.954833549610363
1.1631005023021095e9	4738.845900368214	-19.961353094460055
1.1654355023021095e9	4737.791234234205	-19.96787263930974
1.1677705023021095e9	4736.7368028241435	-19.97439218415943
1.1701055023021095e9	4735.682606085806	-19.980911729009122
1.1724405023021095e9	4734.628643966956	-19.987431273858814
1.1747755023021095e9	4733.574916415369	-19.993950818708498
1.1771105023021095e9	4732.521423378858	-20.00047036355819
1.1794455023021095e9	4731.465907662857	-20.006994682595575
1.1817805023021095e9	4730.338232358723	-20.013672163071902
1.1841155023021095e9	4729.210825819411	-20.02034964354823
1.1864505023021095e9	4728.083687980865	-20.027027124024556
1.1887855023021095e9	4726.956818779044	-20.033704604500887
1.1911205023021095e9	4725.830218149921	-20.04038208497721
1.1934555023021095e9	4724.703886029487	-20.047059565453537
1.1957905023021095e9	4723.577822353747	-20.053737045929864
1.1981255023021095e9	4722.452027058722	-20.06041452640619
1.2004605023021095e9	4721.326500080437	-20.06709200688252
1.2027955023021095e9	4720.201241354959	-20.073769487358845
1.2051305023021095e9	4719.076250818349	-20.080446967835172
1.2074655023021095e9	4717.951528406685	-20.0871244483115
1.2098005023021095e9	4716.827074056064	-20.093801928787826
1.2121355023021095e9	4715.702887702599	-20.100479409264153
1.2144705023021095e9	4714.578969282415	-20.10715688974048
1.2168055023021095e9	4713.455318731646	-20.113834370216807
1.2191405023021095e9	4712.331935986466	-20.120511850693134
1.2214755023021095e9	4711.208820983049	-20.12718933116946
1.2238105023021095e9	4710.085973657557	-20.133866811645788
1.2261455023021095e9	4708.963393946216	-20.140544292122115
1.2284805023021095e9	4707.841081785238	-20.14722177259844
1.2308155023021095e9	4706.719037110855	-20.153899253074766
1.2331505023021095e9	4705.597259859316	-20.160576733551096
1.2354855023021095e9	4704.475749966886	-20.16725421402742
1.2378205023021095e9	4703.3545073698415	-20.17393169450375
1.2401555023021095e9	4702.233532004478	-20.180609174980077
1.2424905023021095e9	4701.112823807104	-20.187286655456404
1.2448255023021095e9	4699.9923827140365	-20.193964135932728
1.2471605023021095e9	4698.872208661632	-20.200641616409055
1.2494955023021095e9	4697.752301586235	-20.207319096885378
1.2518305023021095e9	4696.632661424217	-20.21399657736171
1.2541655023021095e9	4695.513288111963	-20.220674057838036
1.2565005023021095e9	4694.394181585874	-20.227351538314363
1.2588355023021095e9	4693.275341782355	-20.23402901879069
1.2611705023021095e9	4692.156768637856	-20.240706499267016
1.2635055023021095e9	4691.009883803004	-20.24732596512503
1.2658405023021095e9	4689.858621618299	-20.25393597343725
1.2681755023021095e9	4688.707641975019	-20.260545981749477
1.2705105023021095e9	4687.556944803823	-20.267155990061696
1.2728455023021095e9	4686.406530035395	-20.27376599837392
1.2751805023021095e9	4685.256397600412	-20.280376006686147
1.2775155023021095e9	4684.106547429593	-20.286986014998366
1.2798505023021095e9	4682.956979453673	-20.293596023310588
1.2821855023021095e9	4681.807693603369	-20.300206031622814
1.2845205023021095e9	4680.658689809478	-20.306816039935036
1.2868555023021095e9	4679.509968002752	-20.31342604824726
1.2891905023021095e9	4678.361528114004	-20.32003605655948
1.2915255023021095e9	4677.213370074019	-20.326646064871703
1.2938605023021095e9	4676.06549381366	-20.33325607318393
1.2961955023021095e9	4674.917899263749	-20.33986608149615
1.2985305023021095e9	4673.7705863551555	-20.346476089808373
1.3008655023021095e9	4672.623555018761	-20.353086098120595
1.3032005023021095e9	4671.476805185462	-20.359696106432818
1.3055355023021095e9	4670.33033678618	-20.366306114745043
1.3078705023021095e9	4669.184149751829	-20.372916123057266
1.3102055023021095e9	4668.038244013375	-20.379526131369488
1.3125405023021095e9	4666.892619501765	-20.38613613968171
1.3148755023021095e9	4665.7472761479885	-20.392746147993936
1.3172105023021095e9	4664.602213883044	-20.399356156306155
1.3195455023021095e9	4663.457432637949	-20.40596616461838
1.3218805023021095e9	4662.312932343733	-20.4125761729306
1.3242155023021095e9	4661.168712931456	-20.419186181242825
1.3265505023021095e9	4660.024774332167	-20.425796189555047
1.3288855023021095e9	4658.881116476965	-20.43240619786727
1.3312205023021095e9	4657.737739296935	-20.439016206179495
1.3335555023021095e9	4656.5946427232	-20.445626214491714
1.3358905023021095e9	4655.451826686897	-20.45223622280394
1.3382255023021095e9	4654.3092911191825	-20.458846231116162
1.3405605023021095e9	4653.167035951201	-20.465456239428384
1.3428955023021095e9	4652.025061114169	-20.47206624774061
1.3452305023021095e9	4650.871711279309	-20.478705055355036
1.3475655023021095e9	4649.66889625204	-20.485466825715548
1.3499005023021095e9	4648.466392298505	-20.49222859607606
1.3522355023021095e9	4647.264199338236	-20.498990366436576
1.3545705023021095e9	4646.062317290822	-20.50575213679709
1.3569055023021095e9	4644.860746075844	-20.5125139071576
1.3592405023021095e9	4643.659485612907	-20.519275677518117
1.3615755023021095e9	4642.458535821659	-20.52603744787863
1.3639105023021095e9	4641.257896621748	-20.53279921823914
1.3662455023021095e9	4640.057567932838	-20.539560988599654
1.3685805023021095e9	4638.857549674642	-20.546322758960166
1.3709155023021095e9	4637.657841766858	-20.553084529320678
1.3732505023021095e9	4636.45844412924	-20.559846299681194
1.3755855023021095e9	4635.259356681538	-20.566608070041706
1.3779205023021095e9	4634.060579343529	-20.573369840402222
1.3802555023021095e9	4632.862112035004	-20.580131610762734
1.3825905023021095e9	4631.6639546757915	-20.586893381123247
1.3849255023021095e9	4630.466107185741	-20.59365515148376
1.3872605023021095e9	4629.268569484703	-20.60041692184427
1.3895955023021095e9	4628.071341492561	-20.607178692204783
1.3919305023021095e9	4626.8744231292185	-20.6139404625653
1.3942655023021095e9	4625.677814314581	-20.62070223292581
1.3966005023021095e9	4624.4815149686265	-20.627464003286327
1.3989355023021095e9	4623.28552501131	-20.63422577364684
1.4012705023021095e9	4622.089844362594	-20.640987544007352
1.4036055023021095e9	4620.8944729425075	-20.647749314367864
1.4059405023021095e9	4619.699410671071	-20.65451108472838
1.4082755023021095e9	4618.504657468315	-20.661272855088892
1.4106105023021095e9	4617.310213254348	-20.66803462544941
1.4129455023021095e9	4616.116077949218	-20.674796395809917
1.4152805023021095e9	4614.922251473061	-20.68155816617043
1.4176155023021095e9	4613.728733745997	-20.688319936530945
1.4199505023021095e9	4612.535524688169	-20.695081706891457
1.4222855023021095e9	4611.342624219766	-20.701843477251973
1.4246205023021095e9	4610.150032260971	-20.708605247612486
1.4269555023021095e9	4608.957748731988	-20.715367017973
1.4292905023021095e9	4607.76748841026	-20.72206914150015
1.4316255023021095e9	4606.57762275001	-20.728768228522934
1.4339605023021095e9	4605.388064349242	-20.73546731554572
1.4362955023021095e9	4604.198813128629	-20.742166402568504
1.4386305023021095e9	4603.009869008831	-20.74886548959129
1.4409655023021095e9	4601.821231910553	-20.755564576614077
1.4433005023021095e9	4600.632901754522	-20.762263663636862
1.4456355023021095e9	4599.444878461459	-20.768962750659647
1.4479705023021095e9	4598.25716195213	-20.77566183768243
1.4503055023021095e9	4597.069752147325	-20.782360924705216
1.4526405023021095e9	4595.882648967824	-20.789060011728
1.4549755023021095e9	4594.695852334466	-20.795759098750786
1.4573105023021095e9	4593.5093621680735	-20.80245818577357
1.4596455023021095e9	4592.323178389515	-20.809157272796355
1.4619805023021095e9	4591.137300919682	-20.815856359819144
1.4643155023021095e9	4589.951729679459	-20.822555446841925
1.4666505023021095e9	4588.766464589778	-20.829254533864713
1.4689855023021095e9	4587.581505571586	-20.835953620887494
1.4713205023021095e9	4586.396852545832	-20.842652707910283
1.4736555023021095e9	4585.212505433508	-20.849351794933064
1.4759905023021095e9	4584.028464155617	-20.856050881955852
1.4783255023021095e9	4582.844728633192	-20.862749968978637
1.4806605023021095e9	4581.6612987872695	-20.86944905600142
1.4829955023021095e9	4580.478174538906	-20.876148143024206
1.4853305023021095e9	4579.295355809195	-20.88284723004699
1.4876655023021095e9	4578.112842519243	-20.889546317069776
1.4900005023021095e9	4576.930634590175	-20.89624540409256
1.4923355023021095e9	4575.748731943155	-20.90294449111535
1.4946705023021095e9	4574.567134499316	-20.90964357813813
1.4970055023021095e9	4573.385842179862	-20.916342665160915
1.4993405023021095e9	4572.204854906003	-20.9230417521837
1.5016755023021095e9	4571.024172598971	-20.929740839206488
1.5040105023021095e9	4569.843795180001	-20.936439926229273
1.5063455023021095e9	4568.663722570376	-20.943139013252054
1.5086805023021095e9	4567.483954691371	-20.949838100274842
1.5110155023021095e9	4566.30449146431	-20.956537187297627
1.5133505023021095e9	4565.126149792304	-20.9632979676627
1.5156855023021095e9	4563.948396492909	-20.970080222104755
1.5180205023021095e9	4562.7709470411755	-20.97686247654681
1.5203555023021095e9	4561.593801358698	-20.983644730988864
1.5226905023021095e9	4560.416959367101	-20.99042698543092
1.5250255023021095e9	4559.24042098805	-20.997209239872973
1.5273605023021095e9	4558.0641861432005	-21.003991494315024
1.5296955023021095e9	4556.888254754261	-21.010773748757078
1.5320305023021095e9	4555.712626742933	-21.017556003199132
1.5343655023021095e9	4554.53730203095	-21.024338257641187
1.5367005023021095e9	4553.3622805400555	-21.03112051208324
1.5390355023021095e9	4552.18756219203	-21.037902766525296
1.5413705023021095e9	4551.013146908674	-21.04468502096735
1.5437055023021095e9	4549.839034611792	-21.0514672754094
1.5460405023021095e9	4548.665225223208	-21.058249529851455
1.5483755023021095e9	4547.491718664792	-21.06503178429351
1.5507105023021095e9	4546.318514858408	-21.07181403873556
1.5530455023021095e9	4545.145613725943	-21.07859629317762
1.5553805023021095e9	4543.973015189316	-21.08537854761967
1.5577155023021095e9	4542.80071917047	-21.092160802061727
1.5600505023021095e9	4541.628725591351	-21.098943056503778
1.5623855023021095e9	4540.457034373924	-21.105725310945836
1.5647205023021095e9	4539.2856454402	-21.11250756538789
1.5670555023021095e9	4538.114558712184	-21.11928981982994
1.5693905023021095e9	4536.943774111901	-21.126072074271995
1.5717255023021095e9	4535.773291561416	-21.132854328714046
1.5740605023021095e9	4534.60311098281	-21.139636583156104
1.5763955023021095e9	4533.433232298162	-21.146418837598155
1.5787305023021095e9	4532.263655429602	-21.15320109204021
1.5810655023021095e9	4531.094380299257	-21.159983346482264
1.5834005023021095e9	4529.925406829274	-21.166765600924315
1.5857355023021095e9	4528.756734941844	-21.173547855366373
1.5880705023021095e9	4527.588364559153	-21.180330109808427
1.5904055023021095e9	4526.42029560341	-21.18711236425048
1.5927405023021095e9	4525.252527996855	-21.193894618692536
1.5950755023021095e9	4524.085061661754	-21.20067687313459
1.5974105023021095e9	4522.917896520373	-21.207459127576644
1.5997455023021095e9	4521.775095308007	-21.21431834245566
1.6020805023021095e9	4520.632957510687	-21.221178755929365
1.6044155023021095e9	4519.491108201574	-21.228039169403072
1.6067505023021095e9	4518.349547307783	-21.23489958287678
1.6090855023021095e9	4517.208274756472	-21.24175999635049
1.6114205023021095e9	4516.067290474809	-21.248620409824195
1.6137555023021095e9	4514.92659438999	-21.2554808232979
1.6160905023021095e9	4513.786186429204	-21.262341236771608
1.6184255023021095e9	4512.646066519683	-21.269201650245314
1.6207605023021095e9	4511.506234588669	-21.276062063719024
1.6230955023021095e9	4510.366690563424	-21.28292247719273
1.6254305023021095e9	4509.227434371224	-21.289782890666437
1.6277655023021095e9	4508.088465939378	-21.296643304140147
1.6301005023021095e9	4506.949785195183	-21.303503717613854
1.6324355023021095e9	4505.811392065983	-21.31036413108756
1.6347705023021095e9	4504.673286479136	-21.317224544561267
1.6371055023021095e9	4503.535468361999	-21.324084958034973
1.6394405023021095e9	4502.397937641968	-21.330945371508683
1.6417755023021095e9	4501.260694246452	-21.33780578498239
1.6441105023021095e9	4500.123738102874	-21.344666198456096
1.6464455023021095e9	4498.987069138689	-21.351526611929806
1.6487805023021095e9	4497.850687281341	-21.35838702540351
1.6511155023021095e9	4496.714592458322	-21.36524743887722
1.6534505023021095e9	4495.578784597135	-21.372107852350926
1.6557855023021095e9	4494.443263625285	-21.378968265824632
1.6581205023021095e9	4493.308029470314	-21.385828679298342
1.6604555023021095e9	4492.173082059776	-21.39268909277205
1.6627905023021095e9	4491.038421321244	-21.399549506245755
1.6651255023021095e9	4489.904047182308	-21.406409919719465
1.6674605023021095e9	4488.769959570585	-21.41327033319317
1.6697955023021095e9	4487.636158413687	-21.420130746666878
1.6721305023021095e9	4486.502643639266	-21.426991160140584
1.6744655023021095e9	4485.369415174995	-21.43385157361429
1.6768005023021095e9	4484.236472948539	-21.440711987088
1.6791355023021095e9	4483.1038168876075	-21.447572400561707
1.6814705023021095e9	4481.971446919926	-21.454432814035414
1.6838055023021095e9	4480.839362973208	-21.46129322750912
1.6861405023021095e9	4479.725610213148	-21.468154740843847
1.6884755023021095e9	4478.663909702746	-21.475019410660988
1.6908105023021095e9	4477.60246081668	-21.481884080478125
1.6931455023021095e9	4476.541263495319	-21.488748750295265
1.6954805023021095e9	4475.480317679029	-21.495613420112406
1.6978155023021095e9	4474.4196233082175	-21.502478089929543
1.7001505023021095e9	4473.359180323275	-21.509342759746687
1.7024855023021095e9	4472.29898866464	-21.51620742956382
1.7048205023021095e9	4471.239048272731	-21.523072099380965
1.7071555023021095e9	4470.179359088015	-21.529936769198105
1.7094905023021095e9	4469.1199210509385	-21.536801439015242
1.7118255023021095e9	4468.060734101994	-21.543666108832383
1.7141605023021095e9	4467.001798181667	-21.550530778649524
1.7164955023021095e9	4465.943113230454	-21.557395448466664
1.7188305023021095e9	4464.8846791888855	-21.564260118283805
1.7211655023021095e9	4463.826495997501	-21.571124788100942
1.7235005023021095e9	4462.768563596842	-21.577989457918083
1.7258355023021095e9	4461.710881927463	-21.584854127735223
1.7281705023021095e9	4460.653450929946	-21.59171879755236
1.7305055023021095e9	4459.596270544893	-21.5985834673695
1.7328405023021095e9	4458.539340712899	-21.60544813718664
1.7351755023021095e9	4457.482661374573	-21.612312807003782
1.7375105023021095e9	4456.426232470558	-21.619177476820923
1.7398455023021095e9	4455.370053941508	-21.626042146638063
1.7421805023021095e9	4454.314125728068	-21.6329068164552
1.7445155023021095e9	4453.258447770928	-21.63977148627234
1.7468505023021095e9	4452.203020010761	-21.64663615608948
1.7491855023021095e9	4451.147842388287	-21.653500825906622
1.7515205023021095e9	4450.092914844216	-21.66036549572376
1.7538555023021095e9	4449.038237319268	-21.667230165540897
1.7561905023021095e9	4447.983809754199	-21.674094835358037
1.7585255023021095e9	4446.929632089775	-21.680959505175178
1.7608605023021095e9	4445.87570426676	-21.68782417499232
1.7631955023021095e9	4444.822026225936	-21.69468884480946
1.7655305023021095e9	4443.768597908111	-21.7015535146266
1.7678655023021095e9	4442.7154192541075	-21.708418184443737
1.7702005023021095e9	4441.66249020474	-21.715282854260877
1.7725355023021095e9	4440.6098107008675	-21.722147524078018
1.7748705023021095e9	4439.557380683331	-21.729012193895155
1.7772055023021095e9	4438.505200093019	-21.735876863712296
1.7795405023021095e9	4437.507010430143	-21.74280823671952
1.7818755023021095e9	4436.542705024641	-21.74978139669907
1.7842105023021095e9	4435.57860917033	-21.756754556678626
1.7865455023021095e9	4434.61472282169	-21.763727716658178
1.7888805023021095e9	4433.651045933192	-21.77070087663773
1.7912155023021095e9	4432.687578459296	-21.777674036617277
1.7935505023021095e9	4431.724320354517	-21.78464719659683
1.7958855023021095e9	4430.761271573351	-21.79162035657638
1.7982205023021095e9	4429.798432070317	-21.798593516555933
1.8005555023021095e9	4428.835801799915	-21.805566676535488
1.8028905023021095e9	4427.873380716699	-21.81253983651504
1.8052255023021095e9	4426.911168775213	-21.81951299649459
1.8075605023021095e9	4425.949165929991	-21.826486156474143
1.8098955023021095e9	4424.987372135595	-21.833459316453695
1.8122305023021095e9	4424.025787346614	-21.84043247643325
1.8145655023021095e9	4423.064411517629	-21.847405636412798
1.8169005023021095e9	4422.103244603214	-21.85437879639235
1.8192355023021095e9	4421.142286557972	-21.861351956371905
1.8215705023021095e9	4420.181537336529	-21.868325116351457
1.8239055023021095e9	4419.220996893505	-21.87529827633101
1.8262405023021095e9	4418.260665183517	-21.88227143631056
1.8285755023021095e9	4417.300542161205	-21.889244596290112
1.8309105023021095e9	4416.340627781242	-21.896217756269664
1.8332455023021095e9	4415.380921998266	-21.903190916249216
1.8355805023021095e9	4414.421424766947	-21.910164076228767
1.8379155023021095e9	4413.462136041989	-21.91713723620832
1.8402505023021095e9	4412.5030557780565	-21.92411039618787
1.8425855023021095e9	4411.54418392986	-21.931083556167422
1.8449205023021095e9	4410.5855204520985	-21.938056716146974
1.8472555023021095e9	4409.627065299517	-21.945029876126526
1.8495905023021095e9	4408.668818426812	-21.952003036106078
1.8519255023021095e9	4407.710779788756	-21.95897619608563
1.8542605023021095e9	4406.752949340072	-21.96594935606518
1.8565955023021095e9	4405.795327035527	-21.972922516044733
1.8589305023021095e9	4404.837912829891	-21.979895676024285
1.8612655023021095e9	4403.880706677943	-21.98686883600384
1.8636005023021095e9	4402.923708534461	-21.993841995983388
1.8659355023021095e9	4401.966918354268	-22.000815155962943
1.8682705023021095e9	4401.0103360921485	-22.00778831594249
1.8706055023021095e9	4400.05396170292	-22.014761475922047
1.8729405023021095e9	4399.097795141426	-22.0217346359016
1.8752755023021095e9	4398.141836362503	-22.02870779588115
1.8776105023021095e9	4397.391205253996	-22.035734756973916
1.8799455023021095e9	4396.650089657477	-22.042764180657944
1.8822805023021095e9	4395.909098965098	-22.04979360434197
1.8846155023021095e9	4395.16823315579	-22.056823028026
1.8869505023021095e9	4394.427492208516	-22.063852451710027
1.8892855023021095e9	4393.6868761022315	-22.070881875394054
1.8916205023021095e9	4392.946384815897	-22.07791129907808
1.8939555023021095e9	4392.206018328474	-22.084940722762113
1.8962905023021095e9	4391.465776618931	-22.09197014644614
1.8986255023021095e9	4390.7256596662455	-22.098999570130168
1.9009605023021095e9	4389.985667449378	-22.106028993814196
1.9032955023021095e9	4389.245799947312	-22.113058417498223
1.9056305023021095e9	4388.506057139028	-22.12008784118225
1.9079655023021095e9	4387.7664390035125	-22.12711726486628
1.9103005023021095e9	4387.026945519761	-22.13414668855031
1.9126355023021095e9	4386.287576666741	-22.141176112234334
1.9149705023021095e9	4385.548332423481	-22.148205535918365
1.9173055023021095e9	4384.809212768954	-22.155234959602392
1.9196405023021095e9	4384.070217682172	-22.16226438328642
1.9219755023021095e9	4383.331347142141	-22.169293806970447
1.9243105023021095e9	4382.592601127869	-22.176323230654475
1.9266455023021095e9	4381.853979618378	-22.183352654338506
1.9289805023021095e9	4381.11548259266	-22.19038207802253
1.9313155023021095e9	4380.377110029767	-22.19741150170656
1.9336505023021095e9	4379.6388619087	-22.204440925390585
1.9359855023021095e9	4378.900738208493	-22.211470349074617
1.9383205023021095e9	4378.162738908177	-22.218499772758644
1.9406555023021095e9	4377.4248639867865	-22.22552919644267
1.9429905023021095e9	4376.687113423366	-22.232558620126703
1.9453255023021095e9	4375.949487196943	-22.239588043810727
1.9476605023021095e9	4375.211985286568	-22.246617467494755
1.9499955023021095e9	4374.474607671291	-22.253646891178786
1.9523305023021095e9	4373.737354330163	-22.26067631486281
1.9546655023021095e9	4373.00022524224	-22.267705738546837
1.9570005023021095e9	4372.263220386589	-22.27473516223087
1.9593355023021095e9	4371.526339742255	-22.281764585914896
1.9616705023021095e9	4370.789583288314	-22.288794009598924
1.9640055023021095e9	4370.052951003835	-22.29582343328295
1.9663405023021095e9	4369.31644286789	-22.30285285696698
1.9686755023021095e9	4368.580058859557	-22.309882280651006
1.9710105023021095e9	4367.843798957922	-22.316911704335038
1.9733455023021095e9	4367.107663142056	-22.323941128019065
1.9756805023021095e9	4366.371651391044	-22.33097055170309
1.9780155023021095e9	4365.635763684	-22.33799997538712
1.9803505023021095e9	4364.899999999996	-22.345029399071148
