-2.3960493394476265e7	9821.910688768232	-15.476969109119098
-2.3574493394476265e7	9797.323113339611	-15.479086240249307
-2.3188493394476265e7	9772.797088955871	-15.481203371379518
-2.2802493394476265e7	9748.332461533826	-15.483320502509725
-2.2416493394476265e7	9723.929077376099	-15.485437633639936
-2.2030493394476265e7	9699.586783169945	-15.487554764770145
-2.1644493394476265e7	9675.305425986524	-15.489671895900353
-2.1258493394476265e7	9651.084853279803	-15.491789027030562
-2.0872493394476265e7	9626.924912885594	-15.493906158160772
-2.0486493394476265e7	9602.825453020661	-15.496023289290981
-2.0100493394476265e7	9574.10902683756	-15.497810404585973
-1.9714493394476265e7	9545.249771975963	-15.499581330763354
-1.9328493394476265e7	9516.477507620635	-15.501352256940734
-1.8942493394476265e7	9487.791971555915	-15.503123183118113
-1.8556493394476265e7	9459.192902356535	-15.504894109295492
-1.8170493394476265e7	9430.680039385275	-15.506665035472874
-1.7784493394476265e7	9402.253122790542	-15.508435961650253
-1.7398493394476265e7	9373.911893504028	-15.510206887827634
-1.7012493394476265e7	9342.284214901725	-15.511714539557419
-1.6626493394476265e7	9308.059027156829	-15.51301026332207
-1.6240493394476265e7	9273.959222396335	-15.51430598708672
-1.5854493394476265e7	9239.984341283349	-15.51560171085137
-1.5468493394476265e7	9206.133926163682	-15.516897434616023
-1.5082493394476265e7	9172.407521059758	-15.518193158380674
-1.4696493394476265e7	9138.804671664524	-15.519488882145327
-1.4310493394476265e7	9101.570026451986	-15.52044048659298
-1.3924493394476265e7	9060.726889534984	-15.5210459330809
-1.3538493394476265e7	9020.067035483271	-15.521651379568823
-1.3152493394476265e7	8979.589641818215	-15.522256826056744
-1.2766493394476265e7	8939.293889751978	-15.522862272544664
-1.2380493394476265e7	8899.178964171064	-15.523467719032586
-1.1994493394476265e7	8854.157062259152	-15.523599932243048
-1.1608493394476265e7	8804.156017765237	-15.523245009210036
-1.1222493394476265e7	8754.437338315565	-15.522890086177021
-1.0836493394476265e7	8704.999429343066	-15.52253516314401
-1.0450493394476265e7	8655.840705285485	-15.522180240110995
-1.0064493394476265e7	8602.274187808209	-15.521399378397108
-9.678493394476265e6	8540.966363475534	-15.519879517568683
-9.292493394476265e6	8479.031169935579	-15.518247239067378
-8.906493394476265e6	8409.946879594014	-15.515806117533845
-8.520493394476265e6	8341.42546478343	-15.513364996000309
-8.134493394476265e6	8263.412034597568	-15.509880857358986
-7.748493394476265e6	8186.036182068321	-15.506387070191723
-7.362493394476265e6	8098.356834016868	-15.501674973009614
-6.976493394476265e6	8010.853544239927	-15.496877602569358
-6.590493394476265e6	7912.617867335989	-15.490779329832277
-6.204493394476265e6	7814.443003293887	-15.484551948608669
-5.818493394476265e6	7706.997269192255	-15.477197876489537
-5.432493394476265e6	7599.127592673893	-15.469636560702634
-5.046493394476265e6	7487.341253400532	-15.461544464371972
-4.660493394476265e6	7374.1978229934575	-15.453154226767781
-4.274493394476265e6	7263.17895727366	-15.444874426727774
-3.8884933944762647e6	7156.535011778282	-15.43732522806479
-3.5024933944762647e6	7051.456900083451	-15.429776029401808
-3.1164933944762647e6	6949.218244232865	-15.42244639306681
-2.7304933944762647e6	6869.955842763288	-15.418803853323485
-2.3444933944762647e6	6791.597503889808	-15.41516131358016
-1.9584933944762647e6	6714.132915924139	-15.411518773836834
-1.5724933944762647e6	6643.697524672891	-15.408947602009945
-1.1864933944762647e6	6591.197156613003	-15.409400651386044
-800493.3944762647	6539.11166124054	-15.409853700762138
-414493.3944762647	6487.437760114716	-15.410306750138236
-28493.394476264715	6436.172200701951	-15.41075979951433
357506.6055237353	6393.339718143902	-15.412734095889084
743506.6055237353	6352.731003711426	-15.415077939710923
1.1295066055237353e6	6312.38022453042	-15.417421783532763
1.5155066055237353e6	6272.2857422679335	-15.419765627354604
1.9015066055237353e6	6232.445928997289	-15.422109471176444
2.2875066055237353e6	6198.461066453474	-15.425589972033944
2.6735066055237353e6	6167.239901140124	-15.429596161805016
3.0595066055237353e6	6136.175994403219	-15.43360235157609
3.4455066055237353e6	6105.268554143587	-15.43760854134716
3.8315066055237353e6	6074.516792251764	-15.441614731118234
4.217506605523735e6	6043.919924587946	-15.445620920889308
4.603506605523735e6	6018.672880537823	-15.450750779857644
4.989506605523735e6	5994.184773051221	-15.456022488398796
5.375506605523735e6	5969.796300055496	-15.461294196939946
5.761506605523735e6	5945.507056168914	-15.466565905481097
6.147506605523735e6	5921.316637659099	-15.471837614022249
6.533506605523735e6	5897.22464243635	-15.477109322563399
6.919506605523735e6	5875.1570534506	-15.482820598329392
7.305506605523735e6	5855.776747234923	-15.489128224501588
7.691506605523735e6	5836.460370590082	-15.495435850673784
8.077506605523735e6	5817.2077126323975	-15.50174347684598
8.463506605523735e6	5798.018563173866	-15.508051103018179
8.849506605523735e6	5778.892712719793	-15.514358729190374
9.235506605523735e6	5759.8299524665545	-15.520666355362572
9.621506605523735e6	5741.905657080315	-15.527247963421887
1.0007506605523735e7	5726.374233689809	-15.534426576799273
1.0393506605523735e7	5710.88482163264	-15.541605190176657
1.0779506605523735e7	5695.437307271313	-15.548783803554043
1.1165506605523735e7	5680.031577275693	-15.55596241693143
1.1551506605523735e7	5664.667518622227	-15.563141030308813
1.1937506605523735e7	5649.345018593047	-15.5703196436862
1.2323506605523735e7	5634.063964775216	-15.577498257063587
1.2709506605523735e7	5620.478726527712	-15.585082106870148
1.3095506605523735e7	5607.957377954775	-15.592919064432513
1.3481506605523735e7	5595.463924544826	-15.600756021994876
1.3867506605523735e7	5582.998304152782	-15.60859297955724
1.4253506605523735e7	5570.560454772016	-15.616429937119603
1.4639506605523735e7	5558.150314534032	-15.624266894681966
1.5025506605523735e7	5545.767821708205	-15.632103852244331
1.5411506605523735e7	5533.412914701364	-15.639940809806694
1.5797506605523735e7	5521.783789566273	-15.64798447541626
1.6183506605523735e7	5511.519188424445	-15.656425613637857
1.6569506605523735e7	5501.273668442016	-15.664866751859455
1.6955506605523735e7	5491.047194148456	-15.673307890081052
1.7341506605523735e7	5480.839730139201	-15.681749028302647
1.7727506605523735e7	5470.651241075501	-15.690190166524244
1.8113506605523735e7	5460.481691684272	-15.698631304745842
1.8499506605523735e7	5450.331046758035	-15.70707244296744
1.8885506605523735e7	5440.199271154723	-15.715513581189036
1.9271506605523735e7	5431.089741455778	-15.724238569915109
1.9657506605523735e7	5422.650241108462	-15.733149067430082
2.0043506605523735e7	5414.223855102743	-15.742059564945055
2.0429506605523735e7	5405.810563059932	-15.750970062460029
2.0815506605523735e7	5397.4103446330055	-15.759880559975002
2.1201506605523735e7	5389.023179506569	-15.768791057489974
2.1587506605523735e7	5380.649047396758	-15.777701555004947
2.1973506605523735e7	5372.287928051294	-15.78661205251992
2.2359506605523735e7	5363.939801249293	-15.795522550034892
2.2745506605523735e7	5356.158339307252	-15.804611125856558
2.3131506605523735e7	5349.1165677894915	-15.813934282168123
2.3517506605523735e7	5342.084054128372	-15.82325743847969
2.3903506605523735e7	5335.06078615255	-15.832580594791256
2.4289506605523735e7	5328.046751706666	-15.84190375110282
2.4675506605523735e7	5321.041938651351	-15.851226907414386
2.5061506605523735e7	5314.046334863188	-15.86055006372595
2.5447506605523735e7	5307.059928234703	-15.869873220037515
2.5833506605523735e7	5300.082706674348	-15.879196376349082
2.6219506605523735e7	5293.114658106432	-15.888519532660649
2.6605506605523735e7	5287.154360679069	-15.898149325342557
2.6991506605523735e7	5281.280391579729	-15.907803590947076
2.7377506605523735e7	5275.412948394091	-15.917457856551595
2.7763506605523735e7	5269.552023871898	-15.927112122156114
2.8149506605523735e7	5263.697610771017	-15.936766387760635
2.8535506605523735e7	5257.849701857324	-15.946420653365152
2.8921506605523735e7	5252.00828990473	-15.956074918969673
2.9307506605523735e7	5246.173367695203	-15.965729184574192
2.9693506605523735e7	5240.344928018701	-15.975383450178711
3.0079506605523735e7	5234.607052532517	-15.985072401739806
3.0465506605523735e7	5229.5134566166	-15.9950247920212
3.0851506605523735e7	5224.424817084055	-16.004977182302596
3.1237506605523735e7	5219.341129112016	-16.01492957258399
3.1623506605523735e7	5214.262387882307	-16.024881962865386
3.2009506605523735e7	5209.188588581443	-16.034834353146778
3.2395506605523735e7	5204.119726400622	-16.044786743428176
3.2781506605523735e7	5199.055796535722	-16.05473913370957
3.3167506605523735e7	5193.996794187295	-16.064691523990962
3.3553506605523735e7	5188.942714560561	-16.074643914272357
3.3939506605523735e7	5183.975771127306	-16.084620890115136
3.4325506605523735e7	5179.75005477379	-16.09481828547459
3.4711506605523735e7	5175.527783011739	-16.10501568083405
3.5097506605523735e7	5171.308953033297	-16.115213076193506
3.5483506605523735e7	5167.093562032885	-16.12541047155296
3.5869506605523735e7	5162.881607207239	-16.135607866912416
3.6255506605523735e7	5158.673085755354	-16.14580526227187
3.6641506605523735e7	5154.467994878515	-16.156002657631326
3.7027506605523735e7	5150.266331780282	-16.16620005299078
3.7413506605523735e7	5146.0680936665185	-16.176397448350237
3.7799506605523735e7	5141.873277745342	-16.186594843709692
3.8185506605523735e7	5138.051359539327	-16.196947518037984
3.8571506605523735e7	5134.27926066348	-16.20731994970258
3.8957506605523735e7	5130.509931072908	-16.217692381367176
3.9343506605523735e7	5126.743368734534	-16.22806481303177
3.9729506605523735e7	5122.979571616778	-16.23843724469637
4.0115506605523735e7	5119.218537689538	-16.24880967636097
4.0501506605523735e7	5115.460264924253	-16.259182108025563
4.0887506605523735e7	5111.704751293801	-16.269554539690162
4.1273506605523735e7	5107.951994772562	-16.27992697135476
4.1659506605523735e7	5104.201993336397	-16.290299403019358
4.2045506605523735e7	5100.77194013939	-16.300771780694447
4.2431506605523735e7	5097.6377390565685	-16.311336709689826
4.2817506605523735e7	5094.505463803112	-16.321901638685198
4.3203506605523735e7	5091.375113195691	-16.332466567680576
4.3589506605523735e7	5088.246686051693	-16.34303149667595
4.3975506605523735e7	5085.120181189237	-16.353596425671327
4.4361506605523735e7	5081.9955974271625	-16.3641613546667
4.4747506605523735e7	5078.8729335850385	-16.374726283662078
4.5133506605523735e7	5075.7521884831585	-16.38529121265745
4.5519506605523735e7	5072.63336094254	-16.395856141652825
4.5905506605523735e7	5069.522150148772	-16.40642433789937
4.6291506605523735e7	5066.619617918926	-16.417111118001117
4.6677506605523735e7	5063.718747520907	-16.427797898102867
4.7063506605523735e7	5060.819538003266	-16.438484678204613
4.7449506605523735e7	5057.921988415065	-16.449171458306363
4.7835506605523735e7	5055.026097805911	-16.45985823840811
4.8221506605523735e7	5052.131865225981	-16.47054501850986
4.8607506605523735e7	5049.239289725967	-16.48123179861161
4.8993506605523735e7	5046.348370357116	-16.491918578713356
4.9379506605523735e7	5043.45910617121	-16.502605358815106
4.9765506605523735e7	5040.5714962205975	-16.513292138916853
5.0151506605523735e7	5037.855416723603	-16.524056217089207
5.0537506605523735e7	5035.343736470185	-16.534912682101236
5.0923506605523735e7	5032.833308443592	-16.545769147113262
5.1309506605523735e7	5030.324132019521	-16.556625612125288
5.1695506605523735e7	5027.816206573954	-16.567482077137317
5.2081506605523735e7	5025.309531483211	-16.578338542149346
5.2467506605523735e7	5022.80410612392	-16.589195007161372
5.2853506605523735e7	5020.299929872989	-16.600051472173398
5.3239506605523735e7	5017.797002107694	-16.610907937185427
5.3625506605523735e7	5015.295322205573	-16.621764402197453
5.4011506605523735e7	5012.794889544479	-16.632620867209482
5.4397506605523735e7	5010.5323902517775	-16.643568608162067
5.4783506605523735e7	5008.315298583905	-16.6545334735687
5.5169506605523735e7	5006.099187948592	-16.665498338975333
5.5555506605523735e7	5003.884057911763	-16.676463204381967
5.5941506605523735e7	5001.66990803951	-16.6874280697886
5.6327506605523735e7	4999.456737898121	-16.698392935195233
5.6713506605523735e7	4997.24454705408	-16.709357800601865
5.7099506605523735e7	4995.033335074061	-16.7203226660085
5.7485506605523735e7	4992.823101524921	-16.73128753141513
5.7871506605523735e7	4990.613845973736	-16.742252396821765
5.8257506605523735e7	4988.441528924047	-16.753233255045885
5.8643506605523735e7	4986.435423174659	-16.76428764200983
5.9029506605523735e7	4984.430124182293	-16.775342028973775
5.9415506605523735e7	4982.425631622521	-16.78639641593772
5.9801506605523735e7	4980.421945171042	-16.797450802901665
6.0187506605523735e7	4978.419064503664	-16.808505189865613
6.0573506605523735e7	4976.416989296356	-16.81955957682956
6.0959506605523735e7	4974.415719225185	-16.830613963793503
6.1345506605523735e7	4972.415253966373	-16.841668350757445
6.1731506605523735e7	4970.415593196273	-16.852722737721393
6.2117506605523735e7	4968.416736591342	-16.86377712468534
6.2503506605523735e7	4966.501973188919	-16.874874303195064
6.2889506605523735e7	4964.6741942538265	-16.886015808887432
6.3275506605523735e7	4962.847087980478	-16.8971573145798
6.3661506605523735e7	4961.02065412131	-16.90829882027217
6.4047506605523735e7	4959.194892428862	-16.919440325964537
6.4433506605523735e7	4957.36980265576	-16.93058183165691
6.4819506605523735e7	4955.5453845547245	-16.941723337349273
6.5205506605523735e7	4953.721637878566	-16.95286484304164
6.5591506605523735e7	4951.898562380185	-16.96400634873401
6.5977506605523735e7	4950.076157812573	-16.97514785442638
6.6363506605523735e7	4948.2544239288145	-16.986289360118747
6.6749506605523735e7	4946.533197001913	-16.99748396293975
6.713550660552374e7	4944.836682476398	-17.008691394700367
6.752150660552374e7	4943.140749805168	-17.019898826460985
6.790750660552374e7	4941.445398788672	-17.031106258221598
6.829350660552374e7	4939.750629227403	-17.042313689982215
6.867950660552374e7	4938.056440921948	-17.053521121742833
6.906550660552374e7	4936.362833672953	-17.064728553503446
6.945150660552374e7	4934.669807281132	-17.075935985264064
6.983750660552374e7	4932.97736154727	-17.087143417024677
7.022350660552374e7	4931.285496272218	-17.098350848785294
7.060950660552374e7	4929.606666044233	-17.109565773592948
7.099550660552374e7	4928.018267777805	-17.120834778056693
7.138150660552374e7	4926.430381318753	-17.13210378252044
7.176750660552374e7	4924.843006502164	-17.14337278698418
7.215350660552374e7	4923.256143163179	-17.154641791447926
7.253950660552374e7	4921.669791136993	-17.16591079591167
7.292550660552374e7	4920.0839502588415	-17.177179800375416
7.331150660552374e7	4918.498620364053	-17.18844880483916
7.369750660552374e7	4916.913801287945	-17.199717809302907
7.408350660552374e7	4915.329492865948	-17.210986813766652
7.446950660552374e7	4913.745694933515	-17.222255818230398
7.485550660552374e7	4912.182388477443	-17.23355829012286
7.524150660552374e7	4910.642478115157	-17.24489912827852
7.562750660552374e7	4909.10305049634	-17.256239966434176
7.601350660552374e7	4907.56410546965	-17.267580804589834
7.639950660552374e7	4906.025642883789	-17.278921642745495
7.678550660552374e7	4904.487662587538	-17.29026248090115
7.717150660552374e7	4902.950164429693	-17.30160331905681
7.755750660552374e7	4901.413148259104	-17.312944157212467
7.794350660552374e7	4899.876613924688	-17.324284995368124
7.832950660552374e7	4898.340561275389	-17.335625833523782
7.871550660552374e7	4896.804990160194	-17.34696667167944
7.910150660552374e7	4895.303004664356	-17.358329662056498
7.948750660552374e7	4893.806579430274	-17.36969606591905
7.987350660552374e7	4892.310611632325	-17.381062469781604
8.025950660552374e7	4890.815101130679	-17.39242887364416
8.064550660552374e7	4889.320047785546	-17.403795277506713
8.103150660552374e7	4887.825451457188	-17.41516168136927
8.141750660552374e7	4886.3313120058765	-17.426528085231823
8.180350660552374e7	4884.837629291977	-17.437894489094376
8.218950660552374e7	4883.344403175868	-17.44926089295693
8.257550660552374e7	4881.851633517961	-17.46062729681949
8.296150660552374e7	4880.364141242708	-17.47200615488903
8.334750660552374e7	4878.8886018940375	-17.48341472899929
8.373350660552374e7	4877.413508662983	-17.49482330310955
8.411950660552374e7	4875.938861414664	-17.506231877219804
8.450550660552374e7	4874.464660014222	-17.517640451330063
8.489150660552374e7	4872.99090432686	-17.529049025440322
8.527750660552374e7	4871.517594217847	-17.54045759955058
8.566350660552374e7	4870.044729552429	-17.55186617366084
8.604950660552374e7	4868.572310195967	-17.5632747477711
8.643550660552374e7	4867.100336013797	-17.574683321881356
8.682150660552374e7	4865.628806871334	-17.586091895991615
8.720750660552374e7	4864.130521752813	-17.59753928043325
8.759350660552374e7	4862.624871798361	-17.608997834819057
8.797950660552374e7	4861.11968790496	-17.620456389204865
8.836550660552374e7	4859.614969928346	-17.63191494359067
8.875150660552374e7	4858.110717724288	-17.643373497976476
8.913750660552374e7	4856.606931148622	-17.65483205236228
8.952350660552374e7	4855.103610057221	-17.66629060674809
8.990950660552374e7	4853.600754305992	-17.677749161133896
9.029550660552374e7	4852.098363750884	-17.6892077155197
9.068150660552374e7	4850.596438247918	-17.700666269905508
9.106750660552374e7	4849.09079493059	-17.712133692913493
9.145350660552374e7	4847.577370066811	-17.72361861151662
9.183950660552374e7	4846.064417550308	-17.735103530119748
9.222550660552374e7	4844.551937233656	-17.746588448722875
9.261150660552374e7	4843.039928969481	-17.758073367326
9.299750660552374e7	4841.528392610451	-17.76955828592913
9.338350660552374e7	4840.017328009276	-17.781043204532253
9.376950660552374e7	4838.506735018733	-17.79252812313538
9.415550660552374e7	4836.996613491623	-17.804013041738507
9.454150660552374e7	4835.4869632808	-17.815497960341634
9.492750660552374e7	4833.977784239155	-17.826982878944758
9.531350660552374e7	4832.429604323076	-17.838481801100976
9.569950660552374e7	4830.879775603481	-17.849981484363934
9.608550660552374e7	4829.330443935957	-17.86148116762689
9.647150660552374e7	4827.781609161058	-17.872980850889846
9.685750660552374e7	4826.233271119459	-17.8844805341528
9.724350660552374e7	4824.685429651813	-17.89598021741576
9.762950660552374e7	4823.1380845988915	-17.907479900678716
9.801550660552374e7	4821.591235801476	-17.918979583941674
9.840150660552374e7	4820.04488310042	-17.930479267204632
9.878750660552374e7	4818.499026336592	-17.941978950467586
9.917350660552374e7	4816.912663177553	-17.953595932450117
9.955950660552374e7	4815.300880948186	-17.965287152181425
9.994550660552374e7	4813.689638035625	-17.976978371912736
1.0033150660552374e8	4812.078934259411	-17.988669591644047
1.0071750660552374e8	4810.468769439142	-18.00036081137536
1.0110350660552374e8	4808.859143394481	-18.012052031106666
1.0148950660552374e8	4807.250055945147	-18.023743250837978
1.0187550660552374e8	4805.6415069109225	-18.03543447056929
1.0226150660552374e8	4804.033496111649	-18.0471256903006
1.0264750660552374e8	4802.426023367227	-18.058816910031908
1.0303350660552374e8	4800.805500749578	-18.070427841405802
1.0341950660552374e8	4799.1711595660745	-18.081953860516837
1.0380550660552374e8	4797.537374762358	-18.09347987962787
1.0419150660552374e8	4795.904146149004	-18.105005898738902
1.0457750660552374e8	4794.271473536685	-18.116531917849937
1.0496350660552374e8	4792.639356736104	-18.12805793696097
1.0534950660552374e8	4791.007795558062	-18.139583956072002
1.0573550660552374e8	4789.3767898134	-18.151109975183036
1.0612150660552374e8	4787.746339313024	-18.16263599429407
1.0650750660552374e8	4786.116443867927	-18.174162013405102
1.0689350660552374e8	4784.475562503653	-18.185677386494202
1.0727950660552374e8	4782.801260750851	-18.197161400448678
1.0766550660552374e8	4781.1275449110335	-18.208645414403154
1.0805150660552374e8	4779.454414779164	-18.220129428357627
1.0843750660552374e8	4777.781870150277	-18.231613442312103
1.0882350660552374e8	4776.109910819471	-18.243097456266575
1.0920950660552374e8	4774.438536581942	-18.254581470221055
1.0959550660552374e8	4772.767747232928	-18.266065484175527
1.0998150660552374e8	4771.0975425677525	-18.277549498130004
1.1036750660552374e8	4769.4279223818085	-18.289033512084476
1.1075350660552374e8	4767.758195978362	-18.300505783041316
1.1113950660552374e8	4766.061727984039	-18.3115131621812
1.1152550660552374e8	4764.3658636284945	-18.322520541321083
1.1191150660552374e8	4762.670602696917	-18.333527920460966
1.1229750660552374e8	4760.9759449746025	-18.34453529960085
1.1268350660552374e8	4759.281890246918	-18.355542678740733
1.1306950660552374e8	4757.588438299305	-18.366550057880612
1.1345550660552374e8	4755.895588917282	-18.3775574370205
1.1384150660552374e8	4754.203341886444	-18.38856481616038
1.1422750660552374e8	4752.51169699246	-18.399572195300262
1.1461350660552374e8	4750.820654021079	-18.410579574440142
1.1499950660552374e8	4749.130212758123	-18.421586953580025
1.1538550660552374e8	4747.440372989492	-18.43259433271991
1.1577150660552374e8	4745.751134501163	-18.44360171185979
1.1615750660552374e8	4744.062497079186	-18.454609090999675
1.1654350660552374e8	4742.37446050969	-18.465616470139558
1.1692950660552374e8	4740.68702457888	-18.47662384927944
1.1731550660552374e8	4739.000189073035	-18.48763122841932
1.1770150660552374e8	4737.31395377851	-18.498638607559204
1.1808750660552374e8	4735.628318481739	-18.509645986699084
1.1847350660552374e8	4733.943282969231	-18.52065336583897
1.1885950660552374e8	4732.25884702757	-18.531660744978854
1.1924550660552374e8	4730.499593325893	-18.542617146321625
1.1963150660552374e8	4728.720579849158	-18.55355974379999
1.2001750660552374e8	4726.9422354114795	-18.564502341278363
1.2040350660552374e8	4725.164559761243	-18.575444938756732
1.2078950660552374e8	4723.387552646935	-18.5863875362351
1.2117550660552374e8	4721.611213817129	-18.59733013371347
1.2156150660552374e8	4719.835543020518	-18.60827273119184
1.2194750660552374e8	4718.060540005865	-18.619215328670208
1.2233350660552374e8	4716.286204522034	-18.630157926148577
1.2271950660552374e8	4714.512536317976	-18.641100523626946
1.2310550660552374e8	4712.739535142763	-18.652043121105315
1.2349150660552374e8	4710.9672007455265	-18.662985718583684
1.2387750660552374e8	4709.195532875526	-18.673928316062053
1.2426350660552374e8	4707.424531282089	-18.684870913540422
1.2464950660552374e8	4705.654195714649	-18.69581351101879
1.2503550660552374e8	4703.884525922729	-18.70675610849716
1.2542150660552374e8	4702.115521655943	-18.71769870597553
1.2580750660552374e8	4700.347182664011	-18.728641303453898
1.2619350660552374e8	4698.579508696751	-18.739583900932267
1.2657950660552374e8	4696.812499504056	-18.750526498410636
1.2696550660552374e8	4695.046154835922	-18.761469095889
1.2735150660552374e8	4693.2246071435275	-18.77247371512326
1.2773750660552374e8	4691.352386818608	-18.783535396544835
1.2812350660552374e8	4689.4809133594945	-18.794597077966404
1.2850950660552374e8	4687.6101864682405	-18.805658759387978
1.2889550660552374e8	4685.740205847025	-18.81672044080955
1.2928150660552374e8	4683.870971198146	-18.82778212223112
1.2966750660552374e8	4682.002482224021	-18.838843803652694
1.3005350660552374e8	4680.134738627185	-18.849905485074263
1.3043950660552374e8	4678.267740110291	-18.860967166495833
1.3082550660552374e8	4676.401486376114	-18.872028847917406
1.3121150660552374e8	4674.5359771275525	-18.88309052933898
1.3159750660552374e8	4672.671212067592	-18.894152210760552
1.3198350660552374e8	4670.807190899385	-18.905213892182122
1.3236950660552374e8	4668.943913326171	-18.91627557360369
1.3275550660552374e8	4667.081379051315	-18.927337255025265
1.3314150660552374e8	4665.219587778301	-18.938398936446834
1.3352750660552374e8	4663.358539210729	-18.949460617868404
1.3391350660552374e8	4661.498233052321	-18.960522299289977
1.3429950660552374e8	4659.638669006915	-18.971583980711547
1.3468550660552374e8	4657.779846778466	-18.98264566213312
1.3507150660552374e8	4655.92176607105	-18.99370734355469
1.3545750660552374e8	4654.0338294615885	-19.00478810155034
1.3584350660552374e8	4652.116531255631	-19.015887650835744
1.3622950660552374e8	4650.200022909092	-19.026987200121145
1.3661550660552374e8	4648.284304096559	-19.03808674940655
1.3700150660552374e8	4646.369374492789	-19.049186298691954
1.3738750660552374e8	4644.455233772647	-19.060285847977358
1.3777350660552374e8	4642.541881611133	-19.07138539726276
1.3815950660552374e8	4640.629317683405	-19.082484946548163
1.3854550660552374e8	4638.71754166473	-19.093584495833568
1.3893150660552374e8	4636.806553230509	-19.104684045118972
1.3931750660552374e8	4634.896352056301	-19.115783594404377
1.3970350660552374e8	4632.986937817775	-19.12688314368978
1.4008950660552374e8	4631.078310190741	-19.137982692975182
1.4047550660552374e8	4629.1704688511345	-19.149082242260587
1.4086150660552374e8	4627.263413475049	-19.160181791545988
1.4124750660552374e8	4625.357143738678	-19.171281340831392
1.4163350660552374e8	4623.451659318384	-19.182380890116796
1.4201950660552374e8	4621.546959890635	-19.1934804394022
1.4240550660552374e8	4619.643045132041	-19.204579988687605
1.4279150660552374e8	4617.739914719339	-19.215679537973006
1.4317750660552374e8	4615.837568329422	-19.22677908725841
1.4356350660552374e8	4613.919692081124	-19.237907424327
1.4394950660552374e8	4611.986756269885	-19.249063754249846
1.4433550660552374e8	4610.054630234511	-19.260220084172687
1.4472150660552374e8	4608.123313635775	-19.271376414095535
1.4510750660552374e8	4606.19280613456	-19.28253274401838
1.4549350660552374e8	4604.26310739192	-19.293689073941227
1.4587950660552374e8	4602.334217069022	-19.30484540386407
1.4626550660552374e8	4600.406134827198	-19.316001733786916
1.4665150660552374e8	4598.478860327923	-19.32715806370976
1.4703750660552374e8	4596.552393232788	-19.338314393632608
1.4742350660552374e8	4594.6267332035495	-19.349470723555452
1.4780950660552374e8	4592.701879902101	-19.360627053478296
1.4819550660552374e8	4590.777832990481	-19.371783383401144
1.4858150660552374e8	4588.85459213085	-19.38293971332399
1.4896750660552374e8	4586.932156985539	-19.394096043246833
1.4935350660552374e8	4585.010527216989	-19.40525237316968
1.4973950660552374e8	4583.089702487809	-19.416408703092525
1.5012550660552374e8	4581.169682460745	-19.42756503301537
1.5051150660552374e8	4579.250466798663	-19.438721362938214
1.5089750660552374e8	4577.332055164603	-19.44987769286106
1.5128350660552374e8	4575.414447221711	-19.461034022783906
1.5166950660552374e8	4573.479850833851	-19.472239275479915
1.5205550660552374e8	4571.5260832911345	-19.48349951656106
1.5244150660552374e8	4569.573150388057	-19.4947597576422
1.5282750660552374e8	4567.621051768081	-19.506019998723342
1.5321350660552374e8	4565.66978707479	-19.517280239804485
1.5359950660552374e8	4563.719355951942	-19.528540480885628
1.5398550660552374e8	4561.769758043447	-19.53980072196677
1.5437150660552374e8	4559.8209929933455	-19.551060963047913
1.5475750660552374e8	4557.87306044586	-19.562321204129056
1.5514350660552374e8	4555.925960045332	-19.573581445210195
1.5552950660552374e8	4553.979691436292	-19.58484168629134
1.5591550660552374e8	4552.034254263384	-19.59610192737248
1.5630150660552374e8	4550.08964817144	-19.607362168453626
1.5668750660552374e8	4548.14587280541	-19.618622409534765
1.5707350660552374e8	4546.20292781042	-19.629882650615908
1.5745950660552374e8	4544.26081283174	-19.64114289169705
1.5784550660552374e8	4542.319527514798	-19.652403132778193
1.5823150660552374e8	4540.379071505153	-19.663663373859336
1.5861750660552374e8	4538.439444448534	-19.674923614940475
1.5900350660552374e8	4536.500645990828	-19.686183856021618
1.5938950660552374e8	4534.562675778043	-19.69744409710276
1.5977550660552374e8	4532.626125365037	-19.70872772821859
1.6016150660552374e8	4530.691290023634	-19.720046466360724
1.6054750660552374e8	4528.757280602493	-19.73136520450286
1.6093350660552374e8	4526.824096749073	-19.742683942644998
1.6131950660552374e8	4524.891738110955	-19.75400268078713
1.6170550660552374e8	4522.960204335874	-19.76532141892927
1.6209150660552374e8	4521.029495071737	-19.776640157071405
1.6247750660552374e8	4519.099609966579	-19.787958895213542
1.6286350660552374e8	4517.170548668591	-19.79927763335568
1.6324950660552374e8	4515.242310826111	-19.810596371497816
1.6363550660552374e8	4513.314896087644	-19.82191510963995
1.6402150660552374e8	4511.388304101827	-19.83323384778209
1.6440750660552374e8	4509.462534517453	-19.844552585924223
1.6479350660552374e8	4507.537586983454	-19.85587132406636
1.6517950660552374e8	4505.613461148942	-19.867190062208497
1.6556550660552374e8	4503.6901566631495	-19.87850880035063
1.6595150660552374e8	4501.767673175462	-19.889827538492767
1.6633750660552374e8	4499.846010335435	-19.901146276634904
1.6672350660552374e8	4497.925167792753	-19.91246501477704
1.6710950660552374e8	4496.00514519725	-19.923783752919178
1.6749550660552374e8	4494.085942198931	-19.935102491061315
1.6788150660552374e8	4492.169436371255	-19.946428918754574
1.6826750660552374e8	4490.279055053389	-19.957859016044832
1.6865350660552374e8	4488.389469240133	-19.969289113335087
1.6903950660552374e8	4486.500678596731	-19.980719210625345
1.6942550660552374e8	4484.612682788572	-19.992149307915604
1.6981150660552374e8	4482.725481481159	-20.003579405205862
1.7019750660552374e8	4480.839074340167	-20.01500950249612
1.7058350660552374e8	4478.953461031384	-20.026439599786375
1.7096950660552374e8	4477.068641220759	-20.037869697076633
1.7135550660552374e8	4475.184614574381	-20.04929979436689
1.7174150660552374e8	4473.301380758458	-20.060729891657147
1.7212750660552374e8	4471.418939439363	-20.072159988947405
1.7251350660552374e8	4469.537290283605	-20.08359008623766
1.7289950660552374e8	4467.656432957815	-20.095020183527918
1.7328550660552374e8	4465.776367128784	-20.106450280818176
1.7367150660552374e8	4463.897092463444	-20.11788037810843
1.7405750660552374e8	4462.018608628845	-20.12931047539869
1.7444350660552374e8	4460.1409152922	-20.140740572688948
1.7482950660552374e8	4458.264012120861	-20.152170669979206
1.7521550660552374e8	4456.387898782297	-20.16360076726946
1.7560150660552374e8	4454.512574944143	-20.17503086455972
1.7598750660552374e8	4452.63804027417	-20.186460961849974
1.7637350660552374e8	4450.791985477495	-20.197934428160345
1.7675950660552374e8	4448.989504034214	-20.20947496655527
1.7714550660552374e8	4447.187752559757	-20.2210155049502
1.7753150660552374e8	4445.386730758492	-20.23255604334512
1.7791750660552374e8	4443.586438334918	-20.244096581740045
1.7830350660552374e8	4441.7868749936415	-20.255637120134974
1.7868950660552374e8	4439.988040439415	-20.2671776585299
1.7907550660552374e8	4438.18993437708	-20.278718196924828
1.7946150660552374e8	4436.392556511627	-20.290258735319753
1.7984750660552374e8	4434.595906548143	-20.30179927371468
1.8023350660552374e8	4432.799984191841	-20.313339812109604
1.8061950660552374e8	4431.004789148056	-20.32488035050453
1.8100550660552374e8	4429.210321122234	-20.336420888899454
1.8139150660552374e8	4427.416579819961	-20.34796142729438
1.8177750660552374e8	4425.6235649469145	-20.359501965689304
1.8216350660552374e8	4423.83127620892	-20.371042504084233
1.8254950660552374e8	4422.039713311892	-20.38258304247916
1.8293550660552374e8	4420.248875961904	-20.394123580874087
1.8332150660552374e8	4418.45876386509	-20.40566411926901
1.8370750660552374e8	4416.669376727763	-20.417204657663937
1.8409350660552374e8	4414.880714256312	-20.428745196058863
1.8447950660552374e8	4413.092776157278	-20.44028573445379
1.8486550660552374e8	4411.340234527567	-20.45185314671115
1.8525150660552374e8	4409.872254568065	-20.46364065693838
1.8563750660552374e8	4408.404763114333	-20.47542816716561
1.8602350660552374e8	4406.937760003811	-20.48721567739284
1.8640950660552374e8	4405.471245073989	-20.499003187620065
1.8679550660552374e8	4404.005218162413	-20.510790697847295
1.8718150660552374e8	4402.539679106685	-20.522578208074524
1.8756750660552374e8	4401.074627744466	-20.534365718301753
1.8795350660552374e8	4399.61006391344	-20.54615322852898
1.8833950660552374e8	4398.145987451402	-20.55794073875621
1.8872550660552374e8	4396.682398196135	-20.569728248983438
1.8911150660552374e8	4395.219295985543	-20.581515759210667
1.8949750660552374e8	4393.756680657524	-20.593303269437897
1.8988350660552374e8	4392.294552050066	-20.605090779665126
1.9026950660552374e8	4390.8329100012	-20.616878289892355
1.9065550660552374e8	4389.371754349012	-20.62866580011958
1.9104150660552374e8	4387.911084931649	-20.64045331034681
1.9142750660552374e8	4386.450901587283	-20.65224082057404
1.9181350660552374e8	4384.991204154183	-20.66402833080127
1.9219950660552374e8	4383.531992470651	-20.6758158410285
1.9258550660552374e8	4382.073266375026	-20.687603351255728
1.9297150660552374e8	4380.615025705718	-20.699390861482954
1.9335750660552374e8	4379.1572703012125	-20.711178371710183
1.9374350660552374e8	4377.700000000003	-20.722965881937412
