-3.296459350844465e6	9829.632947654756	-13.789080623559858	4.58214580979678
-3.240509350844465e6	9800.2246986665	-13.793757317447588	4.542404488027345
-3.184559350844465e6	9770.904433137392	-13.798434011335317	4.501018194817827
-3.128609350844465e6	9741.671887838887	-13.803110705223046	4.4578448508711075
-3.072659350844465e6	9712.526800330035	-13.807787399110776	4.412723135315417
-3.016709350844465e6	9683.468908955037	-13.812464092998507	4.365468846290165
-2.960759350844465e6	9654.497952840933	-13.817140786886235	4.315870358176376
-2.904809350844465e6	9625.613671895191	-13.821817480773966	4.263682892281338
-2.848859350844465e6	9596.815806803472	-13.826494174661693	4.208621208477056
-2.792909350844465e6	9568.104099027232	-13.831170868549425	4.150350164932959
-2.736959350844465e6	9535.73222950089	-13.835685579071779	4.102511838916527
-2.681009350844465e6	9502.622268173332	-13.840163504562483	4.055593093741357
-2.625059350844465e6	9469.627271225303	-13.844641430053187	4.006364143371526
-2.569109350844465e6	9436.74683947758	-13.849119355543888	3.9545856506572457
-2.513159350844465e6	9403.980575136975	-13.85359728103459	3.89997904388423
-2.457209350844465e6	9371.328081791513	-13.858075206525294	3.8422174429312768
-2.401259350844465e6	9338.788964405641	-13.862553132015998	3.7809138004321685
-2.345309350844465e6	9306.362829315449	-13.8670310575067	3.7156051647271555
-2.289359350844465e6	9271.00768740617	-13.871344124113532	3.6568626377543816
-2.233409350844465e6	9233.486010037173	-13.87553196962019	3.60336252973193
-2.177459350844465e6	9196.116190623665	-13.87971981512685	3.5468375679788684
-2.121509350844465e6	9158.897614565194	-13.883907660633508	3.4869251004561366
-2.0655593508444652e6	9121.829669748771	-13.888095506140164	3.4231930748885224
-2.0096093508444652e6	9084.911746538757	-13.892283351646824	3.355121116876063
-1.9536593508444652e6	9048.14323776678	-13.896471197153483	3.2820746844325064
-1.8977093508444652e6	9009.318125631693	-13.900524144387338	3.2110210528090715
-1.8417593508444652e6	8966.521774722754	-13.904322812606964	3.1501207555353443
-1.7858093508444652e6	8923.928716407725	-13.908121480826587	3.0852697103133773
-1.7298593508444652e6	8881.53798499963	-13.91192014904621	3.0159195488057926
-1.6739093508444652e6	8839.348619398743	-13.915718817265834	2.941399160247444
-1.6179593508444652e6	8797.35966307074	-13.919517485485457	2.860875085031848
-1.5620093508444652e6	8755.421529534586	-13.923305242338637	2.773799854727696
-1.5060593508444652e6	8706.402356416615	-13.926555709006973	2.7054121267979583
-1.4501093508444652e6	8657.657628032695	-13.92980617567531	2.6320019424738037
-1.3941593508444652e6	8609.185807842978	-13.933056642343645	2.552772705680727
-1.3382093508444652e6	8560.98536791032	-13.936307109011983	2.466721850999575
-1.2822593508444652e6	8513.05478885203	-13.939557575680318	2.372563081453476
-1.2263093508444652e6	8461.15091997346	-13.942588846063652	2.278787590064373
-1.1703593508444652e6	8404.186860558786	-13.945340402178033	2.189531135136661
-1.1144093508444652e6	8347.606307371067	-13.948091958292414	2.0915201915357176
-1.0584593508444652e6	8286.518538282264	-13.95036860127747	2.0007171590464283
-1.0025093508444652e6	8225.833858296157	-13.952640941382404	1.901015227434883
-946559.3508444652	8161.7015439423185	-13.954581015642457	1.8026675578864653
-890609.3508444652	8096.020854344038	-13.956344780359284	1.700852351609968
-834659.3508444652	8028.120604258628	-13.95785686705517	1.596178530082941
-778709.3508444652	7957.174510474349	-13.959034923223937	1.4920860493144128
-722759.3508444652	7884.846361518198	-13.960022227242307	1.3822966257446323
-666809.3508444652	7808.40882509929	-13.960552581887661	1.2761191842862016
-610859.3508444652	7731.165346111839	-13.960933603873963	1.1625814612436502
-554909.3508444652	7649.380575335906	-13.960797125930625	1.0549646597220679
-498959.3508444652	7567.100085087884	-13.960527101637563	0.9392107441800183
-443009.3508444652	7479.982131764417	-13.959689142158101	0.8314967564522467
-387059.3508444652	7392.804959848844	-13.9587489140082	0.7152811566800494
-331109.3508444652	7301.284820166644	-13.957286400248105	0.6096747211834933
-275159.3508444652	7210.3439585655315	-13.955773586808082	0.4945040377361535
-219209.3508444652	7115.5637772708615	-13.953803231558876	0.39408251150181894
-163259.3508444652	7022.029484219243	-13.95183287630967	0.2824391055256119
-107309.3508444652	6926.536457190459	-13.949683657863003	0.18919334284773281
-51359.350844465196	6832.150656533223	-13.947523551626796	0.08850182662418361
4590.649155534804	6739.831431598839	-13.945650012414086	-0.0026392405491951223
60540.649155534804	6649.253917806664	-13.943960430928772	-0.08840019094292265
116490.6491555348	6559.893687575366	-13.942270849443464	-0.1822119198198249
172440.6491555348	6479.574412697219	-13.942148984215432	-0.25225497930579105
228390.6491555348	6400.481148707453	-13.942076197150469	-0.3264650066871339
284340.6491555348	6322.353340781649	-13.942003410085505	-0.4066267919581309
340290.6491555348	6259.157129472165	-13.9446153200268	-0.4681014289691638
396240.6491555348	6199.017269275425	-13.947697011949401	-0.5288790776415325
452190.6491555348	6139.455250904615	-13.950778703872002	-0.5935910575293624
508140.6491555348	6082.846526465643	-13.954331931496444	-0.6600606762913669
564090.6491555348	6043.850862564647	-13.961295889217716	-0.710375287283013
620040.6491555348	6005.1051904720025	-13.968259846938988	-0.7633562047488572
675990.6491555348	5966.607907550432	-13.97522380466026	-0.8193019091705128
731940.6491555348	5928.357421436811	-13.982187762381532	-0.8785639884884121
787890.6491555348	5898.363694588844	-13.990867488309124	-0.925642812027893
843840.6491555348	5869.7983019966605	-13.999821783928894	-0.9723964530524855
899790.6491555348	5841.371249747009	-14.008776079548664	-1.0214436682071515
955740.6491555348	5813.081867866608	-14.017730375168433	-1.0730211484737397
1.0116906491555348e6	5785.696580383421	-14.02686330183148	-1.1251177246997885
1.0676406491555348e6	5762.821869190223	-14.03702092734771	-1.1663316462673492
1.1235906491555348e6	5740.037596962318	-14.04717855286394	-1.209317442641759
1.1795406491555348e6	5717.343406134244	-14.057336178380172	-1.254234338225506
1.2354906491555348e6	5694.738940554235	-14.067493803896404	-1.3012640336152077
1.2914406491555348e6	5672.223845478657	-14.077651429412633	-1.350615145716482
1.3473906491555348e6	5654.091729642317	-14.088916730788052	-1.3885378069411738
1.4033406491555348e6	5636.080190611975	-14.100198229903842	-1.4277441631079044
1.4592906491555348e6	5618.126028708466	-14.111479729019631	-1.4685506044586638
1.5152406491555348e6	5600.229061152571	-14.12276122813542	-1.511093313532806
1.5711906491555348e6	5582.389105747358	-14.134042727251213	-1.5555266342354093
1.6271406491555348e6	5565.956505085654	-14.14567385437406	-1.5969981967143434
1.6830906491555348e6	5551.551737630597	-14.15781878970028	-1.6325969978251864
1.7390406491555348e6	5537.184249900111	-14.169963725026498	-1.669510001514934
1.7949906491555348e6	5522.85394541377	-14.182108660352714	-1.7078379725539738
1.8509406491555348e6	5508.560727940872	-14.194253595678934	-1.7476937283165124
1.9068906491555348e6	5494.304501499731	-14.206398531005153	-1.7892041410580215
1.9628406491555348e6	5481.159829425733	-14.218851481078786	-1.827914620158061
2.0187906491555348e6	5469.594518527808	-14.231749045776734	-1.8613138671913383
2.0747406491555348e6	5458.053610570207	-14.244646610474685	-1.8958672832967345
2.130690649155535e6	5446.537054062432	-14.257544175172633	-1.931657501144106
2.186640649155535e6	5435.0447976226305	-14.27044173987058	-1.9687763580470312
2.242590649155535e6	5423.576789977397	-14.283339304568532	-2.0073263159596038
2.298540649155535e6	5412.216561935692	-14.296260543857603	-2.0470062736480554
2.354490649155535e6	5402.838816699014	-14.30973764079438	-2.0782028419508376
2.410440649155535e6	5393.4773202773395	-14.323214737731155	-2.1104040619106756
2.466390649155535e6	5384.132044516363	-14.336691834667931	-2.1436768003038216
2.522340649155535e6	5374.802961310553	-14.350168931604705	-2.178094830089024
2.578290649155535e6	5365.490042603076	-14.363646028541481	-2.21373981547405
2.634240649155535e6	5356.193260385715	-14.377123125478256	-2.250702479129101
2.690190649155535e6	5347.452164848984	-14.390759891844546	-2.286127231458777
2.746140649155535e6	5339.917268562462	-14.404749889052235	-2.3161001739674996
2.802090649155535e6	5332.392989418505	-14.418739886259925	-2.3469993264779037
2.858040649155535e6	5324.879312456911	-14.432729883467616	-2.37888376190932
2.913990649155535e6	5317.37622273854	-14.446719880675307	-2.411818391301114
2.969940649155535e6	5309.883705345271	-14.460709877882994	-2.4458747593970385
3.025890649155535e6	5302.401745380052	-14.474699875090685	-2.4811319805458782
3.081840649155535e6	5295.231987238295	-14.488784432676496	-2.5153473340010675
3.137790649155535e6	5288.912885707873	-14.503132932905899	-2.5440657288414745
3.193740649155535e6	5282.601325120755	-14.517481433135304	-2.573633317453488
3.249690649155535e6	5276.297296477887	-14.531829933364708	-2.6041018548800103
3.305640649155535e6	5270.00079079098	-14.546178433594111	-2.6355279766789645
3.361590649155535e6	5263.711799082473	-14.560526933823514	-2.667973832539064
3.417540649155535e6	5257.430312385489	-14.574875434052917	-2.7015078261792302
3.473490649155535e6	5251.156321743889	-14.589223934282321	-2.7362054836703202
3.529440649155535e6	5245.958974626958	-14.60397069638931	-2.764378391272641
3.585390649155535e6	5240.870781957184	-14.618756236510855	-2.7925923859335935
3.641340649155535e6	5235.787524458409	-14.633541776632402	-2.821625578862543
3.697290649155535e6	5230.709197343902	-14.648327316753948	-2.8515269673795087
3.753240649155535e6	5225.635795831543	-14.663112856875497	-2.8823500805685742
3.809190649155535e6	5220.567315143854	-14.67789839699704	-2.914153555961517
3.865140649155535e6	5215.503750508016	-14.692683937118586	-2.9470018109755327
3.921090649155535e6	5210.754609397665	-14.707546061160114	-2.978379764366117
3.977040649155535e6	5206.645557009205	-14.722565624115164	-3.0053049627814796
4.032990649155535e6	5202.539744902199	-14.737585187070216	-3.0329752350238297
4.088940649155535e6	5198.437170521466	-14.752604750025267	-3.0614329928448636
4.144890649155535e6	5194.337831313797	-14.767624312980317	-3.0907243756484117
4.200840649155535e6	5190.241724728066	-14.782643875935367	-3.1208997005500025
4.256790649155535e6	5186.148848215091	-14.79766343889042	-3.152013982478699
4.312740649155535e6	5182.059199227747	-14.81268300184547	-3.1841275378233136
4.368690649155535e6	5178.129527032066	-14.827794782083213	-3.2135057137399947
4.424640649155535e6	5174.361880341702	-14.843000197162073	-3.2398105669269666
4.480590649155535e6	5170.596975019917	-14.858205612240933	-3.2668261018796967
4.536540649155535e6	5166.834809072061	-14.873411027319793	-3.2945917886018385
4.592490649155535e6	5163.0753805049635	-14.888616442398654	-3.323150479384526
4.648440649155535e6	5159.318687326875	-14.903821857477514	-3.352548806647589
4.704390649155535e6	5155.564727547506	-14.919027272556374	-3.382837641052643
4.760340649155535e6	5151.813499178015	-14.934232687635234	-3.414072621188581
4.816290649155535e6	5148.423688777273	-14.949560815685874	-3.442905297933152
4.872240649155535e6	5145.451979509694	-14.965031302580543	-3.4685347272727367
4.928190649155535e6	5142.481985535282	-14.980501789475213	-3.494838341097884
4.984140649155535e6	5139.513705863955	-14.995972276369884	-3.521852568813673
5.040090649155535e6	5136.547139506196	-15.01144276326455	-3.5496168746908823
5.096040649155535e6	5133.582285473087	-15.02691325015922	-3.5781741046234523
5.151990649155535e6	5130.61914277625	-15.042383737053889	-3.6075708838706064
5.207940649155535e6	5127.65771042789	-15.057854223948558	-3.63785807505256
5.263890649155535e6	5124.81602214898	-15.073366269442348	-3.6674289415735655
5.319840649155535e6	5122.355213242734	-15.089011931062903	-3.6924105496168864
5.375790649155535e6	5119.895585955584	-15.104657592683456	-3.71803226341337
5.431740649155535e6	5117.437139720145	-15.120303254304009	-3.744327750481112
5.487690649155535e6	5114.979873969306	-15.13594891592456	-3.771333406450496
5.543640649155535e6	5112.523788136228	-15.151594577545115	-3.799088658014751
5.599590649155535e6	5110.068881654343	-15.167240239165668	-3.827636309136691
5.655540649155535e6	5107.6151539573575	-15.182885900786221	-3.8570229381415406
5.711490649155535e6	5105.162604479247	-15.198531562406773	-3.8872993549435813
5.767440649155535e6	5103.048597437976	-15.21429360937075	-3.9126328541533533
5.823390649155535e6	5100.993995385696	-15.230075855670886	-3.937579632084675
5.879340649155535e6	5098.940220562368	-15.245858101971024	-3.9631647092024753
5.935290649155535e6	5096.88727263495	-15.261640348271161	-3.9894216087282603
5.991240649155535e6	5094.835151270506	-15.277422594571298	-4.016386566208208
6.047190649155535e6	5092.783856136234	-15.293204840871432	-4.044098830243837
6.103140649155535e6	5090.733386899485	-15.308987087171568	-4.072601006093446
6.159090649155535e6	5088.683743227742	-15.324769333471707	-4.101939449693857
6.215040649155535e6	5086.747667286358	-15.340585105305042	-4.1300068490259525
6.270990649155535e6	5085.046769468342	-15.356470615701332	-4.154280191617725
6.326940649155535e6	5083.346440393582	-15.372356126097621	-4.179157418036282
6.382890649155535e6	5081.646679871886	-15.388241636493909	-4.204669343980372
6.438840649155535e6	5079.947487713149	-15.404127146890199	-4.2308492057951925
6.494790649155535e6	5078.2488637273245	-15.420012657286486	-4.257732920835064
6.550740649155535e6	5076.550807724428	-15.435898167682776	-4.285359383801198
6.606690649155535e6	5074.853319514537	-15.451783678079064	-4.313770805189398
6.662640649155535e6	5073.156398907796	-15.467669188475353	-4.343013099238939
6.718590649155535e6	5071.653180499615	-15.483631894178089	-4.368729072262163
6.774540649155535e6	5070.24463341184	-15.49963227174469	-4.392922835623445
6.830490649155535e6	5068.836477518975	-15.515632649311291	-4.417716480548671
6.886440649155535e6	5067.428712712361	-15.531633026877893	-4.443140513020491
6.942390649155535e6	5066.021338883393	-15.547633404444493	-4.469227826865208
6.998340649155535e6	5064.614355923492	-15.563633782011095	-4.496013959654556
7.054290649155535e6	5063.207763724096	-15.579634159577695	-4.523537383834228
7.110240649155535e6	5061.801562176669	-15.595634537144297	-4.5518398390633585
7.166190649155535e6	5060.395751172723	-15.611634914710898	-4.580966712969811
7.222140649155535e6	5059.198947676055	-15.627720315433086	-4.604945588436791
7.278090649155535e6	5058.017674032838	-15.643811931415643	-4.629063909163861
7.334040649155535e6	5056.836676205502	-15.659903547398198	-4.653778329823901
7.389990649155535e6	5055.65595412964	-15.675995163380756	-4.679119064753219
7.445940649155535e6	5054.4755077408745	-15.692086779363315	-4.70511868535071
7.501890649155535e6	5053.295336974834	-15.70817839534587	-4.731812371808694
7.557840649155535e6	5052.115441767165	-15.724270011328427	-4.759238199373396
7.613790649155535e6	5050.935822053537	-15.740361627310985	-4.787437464979455
7.669740649155535e6	5049.780413920043	-15.756462275192542	-4.8156995865536825
7.725690649155535e6	5048.797964655062	-15.772628100070452	-4.8391889156845735
7.781640649155535e6	5047.815706528413	-15.788793924948367	-4.863243292596363
7.837590649155535e6	5046.833639502891	-15.804959749826281	-4.887890573792196
7.893540649155535e6	5045.851763541325	-15.821125574704194	-4.913160727910652
7.949490649155535e6	5044.870078606554	-15.837291399582107	-4.939086054803075
8.005440649155535e6	5043.888584661394	-15.853457224460023	-4.965701433772995
8.061390649155535e6	5042.907281668705	-15.869623049337935	-4.993044605763628
8.117340649155535e6	5041.926169591319	-15.88578887421585	-5.02115649522152
8.173290649155535e6	5040.980879828097	-15.901968997956732	-5.048488205498041
8.229240649155535e6	5040.137307180636	-15.918189876648878	-5.071931663641747
8.285190649155535e6	5039.293875699107	-15.934410755341021	-5.095937938274887
8.341140649155535e6	5038.450585359897	-15.950631634033165	-5.120534719037954
8.397090649155535e6	5037.607436139395	-15.96685251272531	-5.145751790643531
8.453040649155535e6	5036.764428013977	-15.983073391417456	-5.171621249715283
8.508990649155535e6	5035.921560960021	-15.999294270109601	-5.198177750427207
8.564940649155535e6	5035.0788349539325	-16.015515148801743	-5.22545878365896
8.620890649155535e6	5034.236249972114	-16.03173602749389	-5.253504995309294
8.676840649155535e6	5033.435290575862	-16.047966682336313	-5.280151344025626
8.732790649155535e6	5032.70709543413	-16.064214457114126	-5.303563336626763
8.788740649155535e6	5031.979005641563	-16.080462231891936	-5.327536617760192
8.844690649155535e6	5031.251021182903	-16.096710006669753	-5.352098763001198
8.900640649155535e6	5030.523142042921	-16.112957781447562	-5.377279431353822
8.956590649155535e6	5029.795368206396	-16.129205556225376	-5.403110580565294
9.012540649155535e6	5029.0676996580605	-16.14545333100319	-5.4296267109947705
9.068490649155535e6	5028.340136382698	-16.161701105781002	-5.456865142704564
9.124440649155535e6	5027.612678365088	-16.177948880558816	-5.484866331357525
9.180390649155535e6	5026.927953089051	-16.19423154137339	-5.511068001546127
9.236340649155535e6	5026.2992136037465	-16.21055995001721	-5.5344745319709725
9.292290649155535e6	5025.670552757583	-16.226888358661032	-5.558442085903126
9.348240649155535e6	5025.041970540744	-16.243216767304855	-5.5829982191497685
9.404190649155535e6	5024.413466943374	-16.259545175948674	-5.608172568930712
9.460140649155535e6	5023.78504195566	-16.275873584592496	-5.633997068929087
9.516090649155535e6	5023.15669556776	-16.292201993236322	-5.660506192853808
9.572040649155535e6	5022.528427769834	-16.30853040188014	-5.687737231173805
9.627990649155535e6	5021.900238552072	-16.324858810523967	-5.715730606597572
9.683940649155535e6	5021.29580298813	-16.34118022564035	-5.7414049427859455
9.739890649155535e6	5020.7131160194585	-16.3574952370546	-5.764826620304367
9.795840649155535e6	5020.130496667616	-16.373810248468853	-5.788810056425151
9.851790649155535e6	5019.547944924758	-16.390125259883103	-5.813382861797971
9.907740649155535e6	5018.965460783036	-16.406440271297356	-5.838574734079696
9.963690649155535e6	5018.3830442346	-16.422755282711606	-5.864417673717145
1.0019640649155535e7	5017.800695271621	-16.439070294125855	-5.890946228359635
1.0075590649155535e7	5017.218413886249	-16.45538530554011	-5.918197770584176
1.0131540649155535e7	5016.636200070641	-16.47170031695436	-5.946212814534823
1.0187490649155535e7	5016.078339928787	-16.488070013587244	-5.971491559374151
1.0243440649155535e7	5015.537120799634	-16.504477045226768	-5.994950365402992
1.0299390649155535e7	5014.995960066329	-16.520884076866288	-6.018972733981577
1.0355340649155535e7	5014.4548577225705	-16.537291108505805	-6.043586410504462
1.0411290649155535e7	5013.91381376205	-16.55369814014533	-6.0688212411356535
1.0467240649155535e7	5013.372828178494	-16.570105171784846	-6.0947093903944145
1.0523190649155535e7	5012.83190096557	-16.58651220342437	-6.121285587661989
1.0579140649155535e7	5012.291032117014	-16.60291923506389	-6.1485874073483915
1.0635090649155535e7	5011.750221626493	-16.61932626670341	-6.176655588389995
1.0691040649155535e7	5011.225341546852	-16.635714551140083	-6.2012412075862
1.0746990649155535e7	5010.706620835199	-16.652095624659093	-6.224758120512998
1.0802940649155535e7	5010.187953817244	-16.668476698178104	-6.248841425149194
1.0858890649155535e7	5009.66934048742	-16.68485777169711	-6.273519078668007
1.0914840649155535e7	5009.150780840162	-16.701238845216118	-6.2988211606901405
1.0970790649155535e7	5008.632274869939	-16.71761991873513	-6.324780093716194
1.1026740649155535e7	5008.113822571158	-16.73400099225414	-6.35143089294063
1.1082690649155535e7	5007.595423938293	-16.75038206577315	-6.37881145027585
1.1138640649155535e7	5007.077078965777	-16.76676313929216	-6.406962858366858
1.1194590649155535e7	5006.587119620185	-16.78310014319315	-6.430883367773641
1.1250540649155535e7	5006.102157036831	-16.79942944861346	-6.454489377050706
1.1306490649155535e7	5005.6172414293405	-16.815758754033773	-6.4786661301288655
1.1362440649155535e7	5005.132372793154	-16.832088059454083	-6.503441911045028
1.1418390649155535e7	5004.647551123712	-16.848417364874393	-6.528847159856239
1.1474340649155535e7	5004.162776416485	-16.864746670294704	-6.5549146974960655
1.1530290649155535e7	5003.678048666912	-16.881075975715014	-6.581679980731028
1.1586240649155535e7	5003.193367870439	-16.897405281135324	-6.609181392185564
1.1642190649155535e7	5002.708734022524	-16.913734586555634	-6.637460571387936
1.1698140649155535e7	5002.349359893979	-16.93033360614409	-6.660789876475864
1.1754090649155535e7	5001.992309547138	-16.946937575950606	-6.68456826843758
1.1810040649155535e7	5001.6352846853015	-16.963541545757117	-6.708925873023503
1.1865990649155535e7	5001.278285306662	-16.98014551556363	-6.733891614074812
1.1921940649155535e7	5000.9213114094	-16.996749485370145	-6.759496637566153
1.1977890649155535e7	5000.564362991697	-17.01335345517666	-6.78577454522819
1.2033840649155535e7	5000.207440051743	-17.029957424983174	-6.812761659703024
1.2089790649155535e7	4999.850542587701	-17.046561394789688	-6.840497326481804
1.2145740649155535e7	4999.424996346462	-17.06281768263091	-6.8664639000856065
1.2201690649155535e7	4998.837693355537	-17.07825476121661	-6.8869540299596865
1.2257640649155535e7	4998.250459357499	-17.093691839802304	-6.907872803531468
1.2313590649155535e7	4997.66329434425	-17.109128918388006	-6.9292385387268975
1.2369540649155535e7	4997.076198307688	-17.1245659969737	-6.951070753371617
1.2425490649155535e7	4996.489171239708	-17.1400030755594	-6.973390272332565
1.2481440649155535e7	4995.902213132219	-17.155440154145097	-6.9962193468917695
1.2537390649155535e7	4995.315323977101	-17.170877232730795	-7.019581788067436
1.2593340649155535e7	4994.728503766262	-17.186314311316494	-7.043503115884659
1.2649290649155535e7	4994.141752491613	-17.201751389902192	-7.068010726941759
1.2705240649155535e7	4993.555070145038	-17.21718846848789	-7.09313408303091
1.2761190649155535e7	4992.968456718448	-17.23262554707359	-7.1189049240695725
1.2817140649155535e7	4992.381912203756	-17.248062625659287	-7.145357509202488
1.2873090649155535e7	4991.795436592848	-17.263499704244982	-7.172528890668362
1.2929040649155535e7	4991.209029877639	-17.278936782830684	-7.200459225923985
1.2984990649155535e7	4990.622692050037	-17.29437386141638	-7.229192134623727
1.3040940649155535e7	4990.036423101947	-17.309810940002077	-7.258775108419336
1.3096890649155535e7	4989.450223025279	-17.325248018587775	-7.289259983245391
1.3152840649155535e7	4988.864091811951	-17.340685097173473	-7.320703485884305
1.3208790649155535e7	4988.285431176181	-17.356105053550646	-7.342698586601173
1.3264740649155535e7	4987.707746345489	-17.371522907646533	-7.363881419930722
1.3320690649155535e7	4987.130128415483	-17.38694076174242	-7.385522694280811
1.3376640649155535e7	4986.552577378434	-17.40235861583831	-7.40764269268176
1.3432590649155535e7	4985.975093226576	-17.417776469934196	-7.430263074762081
1.3488540649155535e7	4985.397675952183	-17.433194324030083	-7.453407004209571
1.3544490649155535e7	4984.8203255475	-17.44861217812597	-7.477099291334918
1.3600440649155535e7	4984.243042004773	-17.464030032221856	-7.501366552937424
1.3656390649155535e7	4983.665825316279	-17.479447886317747	-7.526237392055456
1.3712340649155535e7	4983.088675474256	-17.494865740413633	-7.551742600645553
1.3768290649155535e7	4982.511592470981	-17.510283594509524	-7.577915388791941
1.3824240649155535e7	4981.934576298696	-17.52570144860541	-7.604791644726105
1.3880190649155535e7	4981.357626949678	-17.541119302701297	-7.632410230763777
1.3936140649155535e7	4980.780744416173	-17.556537156797184	-7.660813321282588
1.3992090649155535e7	4980.203928690458	-17.571955010893074	-7.690046790117204
1.4048040649155535e7	4979.627179764781	-17.58737286498896	-7.720160656304541
1.4103990649155535e7	4979.050497631422	-17.602790719084847	-7.751209599054024
1.4159940649155535e7	4978.473882282629	-17.618208573180738	-7.783253555258539
1.4215890649155535e7	4977.7699997550035	-17.633626145853366	-7.808024770221478
1.4271840649155535e7	4977.011242436604	-17.649043597006802	-7.8297562334800235
1.4327790649155535e7	4976.2526007749575	-17.66446104816023	-7.8519704638913295
1.4383740649155535e7	4975.494074752424	-17.679878499313663	-7.874689399191926
1.4439690649155535e7	4974.735664351369	-17.695295950467095	-7.897936507282734
1.4495640649155535e7	4973.977369554187	-17.710713401620527	-7.921736931929293
1.4551590649155535e7	4973.219190343246	-17.72613085277396	-7.946117656227475
1.4607540649155535e7	4972.4611267009195	-17.74154830392739	-7.9711076864992165
1.4663490649155535e7	4971.703178609609	-17.756965755080827	-7.99673825976101
1.4719440649155535e7	4970.945346051692	-17.77238320623426	-8.023043078486799
1.4775390649155535e7	4970.187629009549	-17.787800657387688	-8.050058577090994
1.4831340649155535e7	4969.430027465591	-17.80321810854112	-8.077824225417833
1.4887290649155535e7	4968.672541402201	-17.818635559694552	-8.106382875580568
1.4943240649155535e7	4967.915170801771	-17.834053010847985	-8.135781159799908
1.4999190649155535e7	4967.157915646716	-17.849470462001417	-8.166069948513861
1.5055140649155535e7	4966.400775919423	-17.86488791315485	-8.197304880059336
1.5111090649155535e7	4965.643751602314	-17.88030536430828	-8.229546975777748
1.5167040649155535e7	4964.886842677789	-17.895722815461713	-8.262863357629254
1.5222990649155535e7	4963.880573399496	-17.911297838207737	-8.286302399983072
1.5278940649155535e7	4962.842179603616	-17.926893284684326	-8.308849326428858
1.5334890649155535e7	4961.804003029247	-17.942488731160914	-8.33191636626679
1.5390840649155535e7	4960.766043630955	-17.958084177637506	-8.355528083241797
1.5446790649155535e7	4959.72830136332	-17.973679624114094	-8.3797108234034
1.5502740649155535e7	4958.6907761809	-17.989275070590686	-8.404492891816577
1.5558690649155535e7	4957.653468038293	-18.004870517067275	-8.429904751730994
1.5614640649155535e7	4956.616376890106	-18.020465963543863	-8.455979249723267
1.5670590649155535e7	4955.579502690928	-18.03606141002045	-8.482751870985792
1.5726540649155535e7	4954.542845395385	-18.05165685649704	-8.510261029739736
1.5782490649155535e7	4953.50640495811	-18.067252302973632	-8.538548400735763
1.5838440649155535e7	4952.470181333721	-18.082847749450224	-8.567659299021866
1.5894390649155535e7	4951.434174476873	-18.098443195926812	-8.597643116665239
1.5950340649155535e7	4950.398384342228	-18.1140386424034	-8.628553826995713
1.6006290649155535e7	4949.362810884434	-18.12963408887999	-8.660450569298941
1.6062240649155535e7	4948.32745405818	-18.14522953535658	-8.693398329870991
1.6118190649155535e7	4947.292313818132	-18.16082498183317	-8.727468739142946
1.6174140649155535e7	4946.097532453074	-18.176281363269094	-8.754724178422949
1.6230090649155535e7	4944.8054827179285	-18.19165285427303	-8.77774315470495
1.6286040649155535e7	4943.513770499887	-18.207024345276967	-8.801304513867853
1.6341990649155535e7	4942.222395710783	-18.222395836280906	-8.825434433674278
1.6397940649155535e7	4940.931358262469	-18.237767327284843	-8.85016103403101
1.6453890649155535e7	4939.6406580668245	-18.253138818288782	-8.875514573989628
1.6509840649155535e7	4938.350295035759	-18.26851030929272	-8.901527674376837
1.6565790649155535e7	4937.060269081177	-18.283881800296655	-8.92823557016292
1.6621740649155535e7	4935.770580115044	-18.299253291300595	-8.955676397466247
1.6677690649155535e7	4934.481228049313	-18.314624782304534	-8.983891521059508
1.6733640649155535e7	4933.192212795976	-18.329996273308467	-9.01292590943606
1.6789590649155535e7	4931.903534267076	-18.345367764312407	-9.042828565972851
1.6845540649155535e7	4930.615192374624	-18.360739255316343	-9.073653026569314
1.6901490649155535e7	4929.327187030691	-18.37611074632028	-9.10545793645354
1.6957440649155535e7	4928.039518147362	-18.39148223732422	-9.138307721767093
1.7013390649155535e7	4926.752185636754	-18.406853728328155	-9.172273375253761
1.7069340649155535e7	4925.46518941098	-18.422225219332095	-9.207433380136889
1.7125290649155535e7	4924.101833425362	-18.437621695354462	-9.239426344982553
1.7181240649155535e7	4922.581482228774	-18.45306945359871	-9.263104448685088
1.7237190649155535e7	4921.061600451358	-18.46851721184296	-9.287356830274753
1.7293140649155535e7	4919.542187948159	-18.48396497008721	-9.312212040180613
1.7349090649155535e7	4918.023244574286	-18.499412728331464	-9.33770081231539
1.7405040649155535e7	4916.50477018491	-18.514860486575714	-9.363856292564668
1.7460990649155535e7	4914.986764635228	-18.530308244819963	-9.390714297968431
1.7516940649155535e7	4913.469227780456	-18.545756003064213	-9.418313611679288
1.7572890649155535e7	4911.952159475917	-18.561203761308462	-9.44669631979221
1.7628840649155535e7	4910.4355595769075	-18.576651519552716	-9.475908197387517
1.7684790649155535e7	4908.919427938838	-18.59209927779697	-9.50599915267602
1.7740740649155535e7	4907.403764417097	-18.60754703604122	-9.537023740066573
1.7796690649155535e7	4905.8885688671735	-18.622994794285468	-9.56904175540269
1.7852640649155535e7	4904.37384114458	-18.638442552529717	-9.602118929683819
1.7908590649155535e7	4902.8595811048535	-18.653890310773967	-9.63632774149607
1.7964540649155535e7	4901.345788603593	-18.66933806901822	-9.671748373395113
1.8020490649155535e7	4899.83246349647	-18.68478582726247	-9.708469843977081
1.8076440649155535e7	4898.29285382063	-18.700218196276097	-9.743908463248616
1.8132390649155535e7	4896.636198071856	-18.715582932914373	-9.768507672928342
1.8188340649155535e7	4894.980102622026	-18.730947669552652	-9.793727297514883
1.8244290649155535e7	4893.324567281623	-18.746312406190928	-9.81959944338647
1.8300240649155535e7	4891.66959186122	-18.761677142829203	-9.846158775521788
1.8356190649155535e7	4890.015176171448	-18.777041879467482	-9.873442796800537
1.8412140649155535e7	4888.361320022998	-18.792406616105758	-9.901492166486863
1.8468090649155535e7	4886.708023226638	-18.807771352744034	-9.930351064682904
1.8524040649155535e7	4885.055285593169	-18.82313608938231	-9.960067610952143
1.8579990649155535e7	4883.403106933487	-18.838500826020585	-9.990694347071086
1.8635940649155535e7	4881.75148705854	-18.85386556265886	-10.022288796071335
1.8691890649155535e7	4880.10042577934	-18.869230299297136	-10.054914112513156
1.8747840649155535e7	4878.449922906966	-18.884595035935412	-10.088639842461113
1.8803790649155535e7	4876.799978252566	-18.89995977257369	-10.123542816147781
1.8859740649155535e7	4875.150591627327	-18.915324509211967	-10.159708202134631
1.8915690649155535e7	4873.501762842528	-18.930689245850242	-10.19723075935148
1.8971640649155535e7	4871.8534917094985	-18.946053982488518	-10.236216333332024
1.9027590649155535e7	4870.205778039637	-18.961418719126797	-10.276783656126714
1.9083540649155535e7	4868.49449077532	-18.97687100675314	-10.305788879267144
1.9139490649155535e7	4866.769193397606	-18.992343248959738	-10.332567998627892
1.9195440649155535e7	4865.044507430883	-19.007815491166337	-10.36008401800318
1.9251390649155535e7	4863.320432658487	-19.023287733372936	-10.38837864335146
1.9307340649155535e7	4861.596968863799	-19.038759975579538	-10.41749722461637
1.9363290649155535e7	4859.874115830333	-19.054232217786137	-10.447489193009929
1.9419240649155535e7	4858.151873341623	-19.069704459992735	-10.478408565923047
1.9475190649155535e7	4856.430241181312	-19.085176702199334	-10.510314532415538
1.9531140649155535e7	4854.709219133121	-19.100648944405933	-10.543272135227681
1.9587090649155535e7	4852.988806980821	-19.11612118661253	-10.577353069060866
1.9643040649155535e7	4851.269004508277	-19.131593428819127	-10.612636619755285
1.9698990649155535e7	4849.549811499457	-19.14706567102573	-10.649210775302238
1.9754940649155535e7	4847.831227738352	-19.162537913232327	-10.687173547855915
1.9810890649155535e7	4846.113253009066	-19.178010155438926	-10.726634556736435
1.9866840649155535e7	4844.395887095771	-19.193482397645525	-10.767716936804682
1.9922790649155535e7	4842.679129782714	-19.208954639852124	-10.810559655914755
1.9978740649155535e7	4840.9629808542195	-19.224426882058722	-10.855320351403204
2.0034690649155535e7	4839.2445254803415	-19.23986856290908	-10.898342840691999
2.0090640649155535e7	4837.515418370826	-19.255192115857604	-10.927939155271876
2.0146590649155535e7	4835.786929087374	-19.270515668806123	-10.958438196986231
2.0202540649155535e7	4834.059057409231	-19.28583922175465	-10.989896771801654
2.0258490649155535e7	4832.3318031157205	-19.301162774703172	-11.022377222306632
2.0314440649155535e7	4830.605165986246	-19.316486327651695	-11.055948171448136
2.0370390649155535e7	4828.879145800287	-19.33180988060022	-11.090685395503872
2.0426340649155535e7	4827.153742337406	-19.34713343354874	-11.12667285421144
2.0482290649155535e7	4825.4289553772405	-19.362456986497264	-11.16400391327719
2.0538240649155535e7	4823.704784699518	-19.377780539445787	-11.202782804056117
2.0594190649155535e7	4821.981230084009	-19.39310409239431	-11.243126377853827
2.0650140649155535e7	4820.258291310614	-19.40842764534283	-11.285166229223277
2.0706090649155535e7	4818.53596815928	-19.423751198291352	-11.329051285497808
2.0762040649155535e7	4816.814260410038	-19.439074751239875	-11.37495099107819
2.0817990649155535e7	4815.093167842998	-19.4543983041884	-11.42305925831998
2.0873940649155535e7	4813.372690238351	-19.46972185713692	-11.473599417739402
2.0929890649155535e7	4811.652827376367	-19.48504541008544	-11.526830487089732
2.0985840649155535e7	4809.93357903739	-19.50036896303397	-11.583055204818152
2.1041790649155535e7	4808.214945001854	-19.51569251598249	-11.642630459515836
2.1097740649155535e7	4806.509643314756	-19.531022550992372	-11.6860006225722
2.1153690649155535e7	4804.808994228252	-19.546354649750317	-11.724768680845616
2.1209640649155535e7	4803.1089468688915	-19.561686748508258	-11.765100530355538
2.1265590649155535e7	4801.409501023769	-19.577018847266203	-11.807127650803885
2.1321540649155535e7	4799.710656480056	-19.592350946024148	-11.850998834066381
2.1377490649155535e7	4798.012413025	-19.60768304478209	-11.896883363641036
2.1433440649155535e7	4796.314770445921	-19.623015143540034	-11.944974959266387
2.1489390649155535e7	4794.617728530216	-19.63834724229798	-11.995496718908718
2.1545340649155535e7	4792.921287065357	-19.65367934105592	-12.048707376924266
2.1601290649155535e7	4791.225445838893	-19.669011439813865	-12.104909322815333
2.1657240649155535e7	4789.530204638445	-19.68434353857181	-12.164459010566343
2.1713190649155535e7	4787.83556325171	-19.69967563732975	-12.22778066831438
2.1769140649155535e7	4786.141521466453	-19.715007736087692	-12.29538464954295
2.1825090649155535e7	4784.448079070547	-19.730339834845637	-12.367892449351732
2.1881040649155535e7	4782.7552358518815	-19.74567193360358	-12.446071519799323
2.1936990649155535e7	4781.062991598478	-19.761004032361527	-12.530884884867916
2.1992940649155535e7	4779.371346098404	-19.776336131119468	-12.6235638117823
2.2048890649155535e7	4777.680299139804	-19.79166822987741	-12.725717725647122
2.2104840649155535e7	4775.989850510904	-19.807000328635358	-12.839506914666764
2.2160790649155535e7	4774.299999999999	-19.8223324273933	-12.967926688681587
