-6.501918317272639e7	10209.352989368397	-16.67218776744895	4.5690652755951096
-6.411418317272639e7	10188.877041023994	-16.67232884997159	4.537801822265665
-6.320918317272639e7	10168.44215938194	-16.67246993249423	4.505529334692732
-6.230418317272639e7	10148.048262078617	-16.672611015016873	4.472180500761582
-6.139918317272639e7	10127.695266915533	-16.672752097539515	4.437681039721868
-6.049418317272639e7	10107.383091859056	-16.672893180062154	4.4019487057755
-5.958918317272639e7	10087.111655040157	-16.673034262584796	4.364892106951033
-5.868418317272639e7	10066.880874753873	-16.673175345107435	4.326409296586883
-5.777918317272639e7	10046.690669459258	-16.673316427630077	4.286386082779326
-5.687418317272639e7	10026.540957778758	-16.67345751015272	4.244693985189741
-5.596918317272639e7	10006.431658498155	-16.673598592675358	4.201187747082761
-5.506418317272639e7	9986.362690566046	-16.673739675198	4.15570228110337
-5.415918317272639e7	9964.225731726316	-16.673690267744384	4.1130004637873485
-5.325418317272639e7	9939.793452070966	-16.67342851482243	4.074134249641447
-5.234918317272639e7	9915.421080360804	-16.673166761900475	4.033696153950973
-5.144418317272639e7	9891.108469701594	-16.67290500897852	3.9915536537779914
-5.053918317272639e7	9866.855473559219	-16.672643256056567	3.9475567265892373
-4.963418317272639e7	9842.661945758906	-16.672381503134616	3.90153462673958
-4.872918317272639e7	9818.527740484315	-16.672119750212662	3.853291883738152
-4.782418317272639e7	9794.452712276585	-16.671857997290708	3.802603285357106
-4.691918317272639e7	9770.436716033593	-16.671596244368757	3.7492075199595623
-4.601418317272639e7	9746.47960700896	-16.671334491446803	3.6927990236515695
-4.510918317272639e7	9718.558398661087	-16.670688482552386	3.642278946642331
-4.420418317272639e7	9688.96275515144	-16.669874362356666	3.5933147581863376
-4.329918317272639e7	9659.457238395044	-16.669060242160942	3.5418290859257198
-4.239418317272639e7	9630.041573931516	-16.66824612196522	3.48754806804827
-4.148918317272639e7	9600.71548813628	-16.667432001769498	3.430150650955046
-4.058418317272639e7	9571.47870821802	-16.666617881573778	3.3692570821816883
-3.967918317272639e7	9542.330962216123	-16.66580376137805	3.3044136670254076
-3.877418317272639e7	9513.271978998248	-16.66498964118233	3.2350722313643194
-3.786918317272639e7	9478.32681169106	-16.663559786204036	3.1742286685960104
-3.696418317272639e7	9441.999640258957	-16.661973640934225	3.1131112185579206
-3.605918317272639e7	9405.811698398778	-16.660387495664413	3.0480138649969675
-3.515418317272639e7	9369.76245249133	-16.6588013503946	2.9783819452486657
-3.424918317272639e7	9333.851370962704	-16.65721520512479	2.903536101900869
-3.3344183172726393e7	9298.077924276275	-16.655629059854977	2.8226318558070056
-3.2439183172726393e7	9258.901886661246	-16.65366244211554	2.742137923829408
-3.1534183172726393e7	9213.349473095279	-16.650989342457507	2.6696956815412687
-3.0629183172726393e7	9168.021170596381	-16.64831624279947	2.5915928249981564
-2.9724183172726393e7	9122.915876571575	-16.645643143141434	2.506869158371461
-2.8819183172726393e7	9078.03249385253	-16.642970043483402	2.4142973404869945
-2.7914183172726393e7	9033.369930668769	-16.640296943825366	2.312273560207996
-2.7009183172726393e7	8976.454575571643	-16.636292514053622	2.220730568062432
-2.6104183172726393e7	8919.76578640027	-16.632273891618414	2.120212712813549
-2.5199183172726393e7	8856.99348022179	-16.627525172995274	2.0204568525964137
-2.4294183172726393e7	8791.775279832464	-16.62244666815586	1.915640484780125
-2.3389183172726393e7	8720.633670414118	-16.616663154597788	1.8092807752094833
-2.2484183172726393e7	8644.44276956313	-16.6102548771203	1.7008576556795745
-2.1579183172726393e7	8562.082907123277	-16.603071185745016	1.5907370764979547
-2.0674183172726393e7	8473.146313172489	-16.59504357834283	1.4809621861176399
-1.9769183172726393e7	8377.180310217946	-16.5861412357727	1.3707842848701812
-1.8864183172726393e7	8272.864293715096	-16.576187986250098	1.264555708057486
-1.7959183172726393e7	8162.989315803702	-16.56550618166856	1.1582090951774613
-1.7054183172726393e7	8042.5653841168505	-16.553530000115742	1.0637907079855164
-1.6149183172726393e7	7923.720627058614	-16.541542221796366	0.9603156348677033
-1.5244183172726393e7	7797.216874901813	-16.528992601617347	0.8872695484131894
-1.4339183172726393e7	7672.732779931699	-16.516442981438324	0.8084642839054017
-1.3434183172726393e7	7550.925802445563	-16.504012261933628	0.7237746691622365
-1.2529183172726393e7	7458.257674116056	-16.496338269768454	0.6683286337125629
-1.1624183172726393e7	7366.72680792271	-16.488664277603284	0.6096269391311838
-1.0719183172726393e7	7276.3192469076075	-16.480990285438107	0.5472632748180212
-9.814183172726393e6	7189.52345530922	-16.473728381587865	0.4827333018786755
-8.909183172726393e6	7132.365110327676	-16.4712233419523	0.4379572614043061
-8.004183172726393e6	7075.661187175525	-16.468718302316734	0.39108196355902564
-7.099183172726393e6	7019.4080730959895	-16.466213262681165	0.341900843112501
-6.194183172726393e6	6963.602184054488	-16.463708223045604	0.2901752612537827
-5.289183172726393e6	6911.28246392217	-16.461742636613184	0.2405739530317303
-4.384183172726393e6	6867.713102149979	-16.461268822893363	0.20265691249828152
-3.4791831727263927e6	6824.418405650848	-16.46079500917354	0.1632453147092883
-2.5741831727263927e6	6781.39664290959	-16.460321195453716	0.12221648737397903
-1.6691831727263927e6	6738.646093326632	-16.459847381733898	0.07943200614580292
-764183.1727263927	6696.165047149223	-16.459373568014076	0.03473487664534788
140816.82727360725	6659.223022273422	-16.4598675979359	-0.0035291341643684687
1.0458168272736073e6	6626.629706073088	-16.46112634973025	-0.03636066941272075
1.9508168272736073e6	6594.195916630962	-16.462385101524603	-0.07030681215689448
2.8558168272736073e6	6561.920873149336	-16.463643853318953	-0.10544591031955573
3.7608168272736073e6	6529.803798652078	-16.464902605113302	-0.14186487452176386
4.665816827273607e6	6497.843919965979	-16.466161356907655	-0.17966047317625278
5.570816827273607e6	6466.040467702027	-16.467420108702004	-0.21894088208631127
6.475816827273607e6	6440.4084250943	-16.469856059640783	-0.24787637035042054
7.380816827273607e6	6415.268614278093	-16.47236871630486	-0.27687693950616143
8.285816827273607e6	6390.226935450766	-16.474881372968937	-0.3067437249592284
9.190816827273607e6	6365.283005558994	-16.477394029633018	-0.33753007003267327
1.0095816827273607e7	6340.436443044761	-16.479906686297095	-0.36929440250107015
1.1000816827273607e7	6315.686867839367	-16.482419342961173	-0.4021009020242158
1.1905816827273607e7	6291.033901357745	-16.484931999625253	-0.4360202808248532
1.2810816827273607e7	6268.415921052512	-16.48784579912147	-0.46690155458787347
1.3715816827273607e7	6248.772322151516	-16.491360123040145	-0.492265762972195
1.4620816827273607e7	6229.190281223482	-16.494874446958825	-0.518290094227869
1.5525816827273607e7	6209.669605361598	-16.4983887708775	-0.545009829007617
1.6430816827273607e7	6190.210102263573	-16.50190309479618	-0.5724631541971045
1.7335816827273607e7	6170.811580229742	-16.505417418714856	-0.6006914911489194
1.8240816827273607e7	6151.473848161174	-16.508931742633536	-0.6297398716053138
1.9145816827273607e7	6132.196715557798	-16.51244606655221	-0.659657369873561
2.0050816827273607e7	6112.979992516516	-16.51596039047089	-0.6904976016674622
2.0955816827273607e7	6097.283236389506	-16.520229029187835	-0.7136238425306666
2.1860816827273607e7	6081.832698658308	-16.52454266426533	-0.7367689081495584
2.2765816827273607e7	6066.421312645494	-16.528856299342827	-0.7604623859275198
2.3670816827273607e7	6051.04897914047	-16.53316993442032	-0.7847308966788014
2.4575816827273607e7	6035.715599184027	-16.537483569497816	-0.8096030478611632
2.5480816827273607e7	6020.421074067767	-16.54179720457531	-0.8351096363072178
2.6385816827273607e7	6005.165305333341	-16.546110839652805	-0.8612838774944994
2.7290816827273607e7	5989.9481947719705	-16.550424474730303	-0.8881616656354876
2.8195816827273607e7	5974.769644423703	-16.554738109807797	-0.9157818696968856
2.9100816827273607e7	5961.300494435758	-16.55943551616761	-0.9395249199642803
3.0005816827273607e7	5949.038855309287	-16.564403828839303	-0.9604871629460405
3.0910816827273607e7	5936.802436819522	-16.569372141510996	-0.9818982470627506
3.1815816827273607e7	5924.591187090812	-16.574340454182693	-1.003777814731855
3.2720816827273607e7	5912.405054354208	-16.579308766854385	-1.0261468266730907
3.362581682727361e7	5900.243986947242	-16.584277079526082	-1.049027682583953
3.453081682727361e7	5888.107933313709	-16.589245392197775	-1.0724443559472725
3.543581682727361e7	5875.996842003439	-16.594213704869468	-1.0964225450046141
3.634081682727361e7	5863.910661672131	-16.59918201754116	-1.1209898422790663
3.724581682727361e7	5851.849341081018	-16.604150330212857	-1.146175925451358
3.815081682727361e7	5840.588936911052	-16.6093151244572	-1.1694584351271882
3.905581682727361e7	5830.699651261128	-16.61482214562582	-1.1887556910366177
3.996081682727361e7	5820.827110150438	-16.620329166794438	-1.208432670672846
4.086581682727361e7	5810.971285227138	-16.625836187963056	-1.228504618619391
4.177081682727361e7	5801.132148187387	-16.631343209131675	-1.2489877163230658
4.267581682727361e7	5791.30967077524	-16.636850230300293	-1.2698991604695002
4.358081682727361e7	5781.503824782635	-16.642357251468916	-1.2912572497299095
4.448581682727361e7	5771.71458204923	-16.64786427263753	-1.31308148097554
4.539081682727361e7	5761.941914462405	-16.653371293806153	-1.3353926562274863
4.629581682727361e7	5752.185793957101	-16.65887831497477	-1.3582130018121514
4.720081682727361e7	5742.446192515808	-16.664385336143386	-1.3815663014330255
4.810581682727361e7	5733.341366283887	-16.67005027747409	-1.4032291036028075
4.901081682727361e7	5725.359173998201	-16.675998677980086	-1.4212575813069968
4.991581682727361e7	5717.388094847008	-16.681947078486083	-1.4396170616225397
5.082081682727361e7	5709.428113358144	-16.687895478992083	-1.4583199266459625
5.172581682727361e7	5701.479214080993	-16.69384387949808	-1.4773792665194991
5.263081682727361e7	5693.541381586444	-16.699792280004075	-1.4968089344660684
5.353581682727361e7	5685.614600466872	-16.705740680510072	-1.5166236072775972
5.444081682727361e7	5677.698855336098	-16.71168908101607	-1.5368388519182536
5.534581682727361e7	5669.79413082937	-16.71763748152207	-1.5574711989997376
5.625081682727361e7	5661.900411603323	-16.72358588202806	-1.5785382239974437
5.715581682727361e7	5654.017682335965	-16.72953428253406	-1.6000586372072385
5.806081682727361e7	5646.145927726608	-16.735482683040058	-1.6220523835965424
5.896581682727361e7	5639.1031321682285	-16.741654155113967	-1.6411055644583763
5.987081682727361e7	5632.613925547108	-16.74797436484736	-1.658200143588598
6.077581682727361e7	5626.1321863905005	-16.754294574580747	-1.67559203718618
6.168081682727361e7	5619.657906105227	-16.760614784314136	-1.6932917705600936
6.258581682727361e7	5613.191076107971	-16.766934994047524	-1.7113104380200197
6.349081682727361e7	5606.731687825291	-16.773255203780913	-1.7296597446439084
6.439581682727361e7	5600.279732693645	-16.779575413514305	-1.7483520519497335
6.530081682727361e7	5593.835202159301	-16.785895623247693	-1.7674004279177353
6.620581682727361e7	5587.398087678412	-16.792215832981082	-1.786818701870113
6.71108168272736e7	5580.968380716924	-16.798536042714474	-1.8066215247854172
6.80158168272736e7	5574.546072750642	-16.804856252447863	-1.8268244357065555
6.89208168272736e7	5568.131155265151	-16.81117646218125	-1.8474439349964384
6.98258168272736e7	5561.91751587282	-16.817552486307903	-1.8675403030093825
7.07308168272736e7	5556.571656053938	-16.824176564331626	-1.883717825127786
7.16358168272736e7	5551.230934430143	-16.830800642355346	-1.9001613689369536
7.25408168272736e7	5545.895346062828	-16.83742472037907	-1.916879829787591
7.34458168272736e7	5540.564886018144	-16.844048798402792	-1.9338825567977846
7.43508168272736e7	5535.239549366971	-16.850672876426515	-1.951179384250947
7.52558168272736e7	5529.9193311849485	-16.857296954450234	-1.9687806657573215
7.61608168272736e7	5524.60422655245	-16.863921032473957	-1.9866973114761775
7.70658168272736e7	5519.294230554547	-16.870545110497677	-2.004940828733766
7.79708168272736e7	5513.9893382810815	-16.8771691885214	-2.023523366415716
7.88758168272736e7	5508.68954482655	-16.883793266545123	-2.0424577635627412
7.97808168272736e7	5503.394845290231	-16.890417344568846	-2.061757602656484
8.06858168272736e7	5498.105234776066	-16.89704142259257	-2.081437268149391
8.15908168272736e7	5492.990937251067	-16.903716165158183	-2.100618180631726
8.24958168272736e7	5488.628776722493	-16.910613535887663	-2.1161787900215483
8.34008168272736e7	5484.27008032571	-16.917510906617142	-2.131985364382186
8.43058168272736e7	5479.914845309729	-16.92440827734662	-2.148045804656765
8.52108168272736e7	5475.563068925756	-16.931305648076098	-2.1643683987050326
8.61158168272736e7	5471.214748427182	-16.938203018805574	-2.1809618469867442
8.70208168272736e7	5466.869881069566	-16.945100389535053	-2.197835290412132
8.79258168272736e7	5462.528464110678	-16.95199776026453	-2.214998340582648
8.88308168272736e7	5458.190494810436	-16.958895130994005	-2.2324611126724614
8.97358168272736e7	5453.855970430944	-16.965792501723485	-2.250234261232358
9.06408168272736e7	5449.524888236478	-16.97268987245296	-2.268329019233379
9.15458168272736e7	5445.197245493489	-16.97958724318244	-2.286757240708459
9.24508168272736e7	5440.8730394706	-16.986484613911916	-2.3055314473974438
9.33558168272736e7	5436.552267438599	-16.993381984641395	-2.3246648798551393
9.42608168272736e7	5432.577694459224	-17.000411983618104	-2.340909322511505
9.51658168272736e7	5428.745916811663	-17.007496147718832	-2.3560706596982
9.60708168272736e7	5424.916841844268	-17.014580311819564	-2.371465406369947
9.69758168272736e7	5421.090467650742	-17.0216644759203	-2.3871008617445177
9.78808168272736e7	5417.266792326127	-17.02874864002103	-2.4029846728791404
9.87858168272736e7	5413.445813966842	-17.035832804121764	-2.4191248571291455
9.96908168272736e7	5409.6275306706175	-17.042916968222496	-2.4355298264489766
1.005958168272736e8	5405.811940536527	-17.050001132323228	-2.452208413719957
1.015008168272736e8	5401.999041665013	-17.05708529642396	-2.4691699013111035
1.024058168272736e8	5398.188832157827	-17.064169460524692	-2.4864240521041894
1.033108168272736e8	5394.381310118074	-17.071253624625427	-2.5039811432426964
1.042158168272736e8	5390.5764736501815	-17.07833778872616	-2.521852002896753
1.051208168272736e8	5386.774320859947	-17.085421952826888	-2.5400480503734015
1.060258168272736e8	5382.974849854473	-17.092506116927623	-2.5585813399442388
1.069308168272736e8	5379.8166616775225	-17.099767210248178	-2.5739015956841738
1.078358168272736e8	5376.79824937912	-17.10706653572429	-2.5886799197767645
1.087408168272736e8	5373.7815305980575	-17.114365861200397	-2.6036799228714895
1.096458168272736e8	5370.766504384167	-17.121665186676505	-2.6189083568716014
1.105508168272736e8	5367.753169787812	-17.128964512152614	-2.6343722869313995
1.114558168272736e8	5364.741525859899	-17.136263837628725	-2.6500791111385023
1.123608168272736e8	5361.73157165184	-17.14356316310483	-2.666036581766679
1.132658168272736e8	5358.723306215605	-17.15086248858094	-2.682252828252065
1.141708168272736e8	5355.716728603688	-17.15816181405705	-2.6987363820632297
1.150758168272736e8	5352.711837869115	-17.165461139533157	-2.715496203655567
1.159808168272736e8	5349.708633065442	-17.172760465009265	-2.7325417117232065
1.168858168272736e8	5346.707113246758	-17.180059790485373	-2.749882814987529
1.177908168272736e8	5343.70727746768	-17.18735911596148	-2.7675299467909107
1.186958168272736e8	5340.709124783358	-17.19465844143759	-2.7854941027980957
1.196008168272736e8	5337.835641041158	-17.20200177660768	-2.8014607909481297
1.205058168272736e8	5335.0590463117505	-17.209379247055814	-2.815856661427778
1.214108168272736e8	5332.283895890272	-17.216756717503948	-2.8304628037245547
1.223158168272736e8	5329.510189025415	-17.22413418795208	-2.8452854516319928
1.232208168272736e8	5326.73792496629	-17.231511658400215	-2.8603311203338637
1.241258168272736e8	5323.9671029623905	-17.23888912884835	-2.8756066235989746
1.250308168272736e8	5321.197722263599	-17.246266599296483	-2.891119092309765
1.259358168272736e8	5318.429782120186	-17.253644069744617	-2.90687599445081
1.268408168272736e8	5315.663281782818	-17.261021540192754	-2.9228851566974874
1.277458168272736e8	5312.898220502545	-17.268399010640888	-2.9391547877610256
1.286508168272736e8	5310.1345975308095	-17.27577648108902	-2.955693503664245
1.295558168272736e8	5307.372412119445	-17.283153951537155	-2.9725103551428327
1.304608168272736e8	5304.61166352067	-17.29053142198529	-2.9896148573903143
1.313658168272736e8	5301.852350987096	-17.297908892433423	-3.0070170223914685
1.322708168272736e8	5299.094473771719	-17.305286362881557	-3.024727394119286
1.331758168272736e8	5296.834501461365	-17.312836372622314	-3.0388968303410593
1.340808168272736e8	5294.593101573745	-17.320392504221978	-3.053131257753272
1.349858168272736e8	5292.352650153263	-17.32794863582164	-3.067571233472439
1.358908168272736e8	5290.113146798567	-17.335504767421305	-3.0822227809109775
1.367958168272736e8	5287.874591108473	-17.34306089902097	-3.0970921921895194
1.377008168272736e8	5285.636982681972	-17.350617030620633	-3.1121860443614677
1.386058168272736e8	5283.400321118228	-17.358173162220297	-3.127511216880888
1.395108168272736e8	5281.16460601655	-17.36572929381996	-3.143074910429858
1.404158168272736e8	5278.929836976446	-17.373285425419624	-3.1588846672342443
1.413208168272736e8	5276.69601359758	-17.380841557019288	-3.1749483930113764
1.422258168272736e8	5274.4631354797875	-17.38839768861895	-3.1912743807095088
1.431308168272736e8	5272.231202223074	-17.395953820218615	-3.2078713362174986
1.440358168272736e8	5270.000213427614	-17.40350995181828	-3.224748406244263
1.449408168272736e8	5267.770168693751	-17.411066083417943	-3.2419152085915086
1.458458168272736e8	5265.56756038105	-17.418641379940173	-3.258767411230189
1.467508168272736e8	5263.503825227467	-17.426316511573628	-3.272658582259081
1.476558168272736e8	5261.440898914097	-17.43399164320708	-3.2867454394210744
1.485608168272736e8	5259.37878112393	-17.441666774840535	-3.3010335748824122
1.494658168272736e8	5257.317471540083	-17.44934190647399	-3.3155288240012797
1.503708168272736e8	5255.256969845793	-17.457017038107445	-3.3302372796367137
1.512758168272736e8	5253.197275724425	-17.464692169740896	-3.345165307525623
1.521808168272736e8	5251.138388859476	-17.472367301374348	-3.360319562825053
1.530858168272736e8	5249.080308934531	-17.480042433007803	-3.375707007927284
1.539908168272736e8	5247.023035633361	-17.487717564641258	-3.3913349316671337
1.548958168272736e8	5244.966568639789	-17.49539269627471	-3.4072109700540896
1.558008168272736e8	5242.910907637828	-17.503067827908165	-3.4233431286768834
1.567058168272736e8	5240.856052311576	-17.51074295954162	-3.439739806945067
1.576108168272736e8	5238.802002345262	-17.51841809117507	-3.4564098243513506
1.585158168272736e8	5236.748757423244	-17.526093222808523	-3.4733624489602652
1.594208168272736e8	5234.762582143624	-17.533784124901832	-3.489691892795508
1.603258168272736e8	5232.980804009006	-17.541523509554587	-3.5034361009608532
1.612308168272736e8	5231.199632345697	-17.54926289420734	-3.5173718479915106
1.621358168272736e8	5229.419066947281	-17.557002278860097	-3.5315045479866143
1.630408168272736e8	5227.6391076073805	-17.56474166351285	-3.545839847895133
1.639458168272736e8	5225.8597541197205	-17.572481048165606	-3.5603836410628715
1.648508168272736e8	5224.081006278083	-17.58022043281836	-3.575142081779221
1.657558168272736e8	5222.302863876322	-17.587959817471116	-3.5901216009135255
1.666608168272736e8	5220.52532670837	-17.59569920212387	-3.6053289227404934
1.675658168272736e8	5218.748394568203	-17.603438586776626	-3.6207710830648328
1.684708168272736e8	5216.972067249895	-17.61117797142938	-3.6364554487673995
1.693758168272736e8	5215.196344547589	-17.618917356082136	-3.652389738908766
1.702808168272736e8	5213.421226255471	-17.62665674073489	-3.6685820475415505
1.711858168272736e8	5211.646712167825	-17.634396125387646	-3.6850408684002645
1.720908168272736e8	5209.872802079004	-17.6421355100404	-3.701775121657224
1.729958168272736e8	5208.122971656702	-17.64988352718911	-3.7183836828660115
1.739008168272736e8	5206.557789685574	-17.65769924813429	-3.7320044254016236
1.748058168272736e8	5204.9930780939985	-17.66551496907947	-3.745813257431091
1.757108168272736e8	5203.4288367406425	-17.67333069002465	-3.759815446452294
1.766158168272736e8	5201.865065484158	-17.681146410969827	-3.7740164843859274
1.775208168272736e8	5200.301764183278	-17.688962131915005	-3.7884221005081615
1.784258168272736e8	5198.738932696767	-17.696777852860187	-3.8030382753285092
1.793308168272736e8	5197.176570883434	-17.70459357380536	-3.817871255497041
1.802358168272736e8	5195.61467860212	-17.712409294750543	-3.8329275698339313
1.811408168272736e8	5194.053255711746	-17.72022501569572	-3.848214046584305
1.820458168272736e8	5192.4923020712195	-17.728040736640903	-3.863737832012507
1.829508168272736e8	5190.931817539527	-17.73585645758608	-3.879506410462547
1.838558168272736e8	5189.371801975689	-17.74367217853126	-3.895527626025673
1.847608168272736e8	5187.812255238768	-17.751487899476437	-3.9118097059720918
1.856658168272736e8	5186.253177187868	-17.75930362042162	-3.928361286122064
1.865708168272736e8	5184.694567682137	-17.767119341366797	-3.945191438352237
1.874758168272736e8	5183.256580168955	-17.775020890471875	-3.9591581302267898
1.883808168272736e8	5181.8361290431	-17.782934684518402	-3.972867435776124
1.892858168272736e8	5180.416067186302	-17.790848478564932	-3.986767301862768
1.901908168272736e8	5178.996394491893	-17.798762272611462	-4.000863100867014
1.910958168272736e8	5177.577110853205	-17.80667606665799	-4.0151604356127635
1.920008168272736e8	5176.158216163639	-17.81458986070452	-4.029665152738507
1.929058168272736e8	5174.739710316593	-17.82250365475105	-4.044383357052378
1.938108168272736e8	5173.3215932055	-17.830417448797576	-4.059321426959486
1.947158168272736e8	5171.903864723836	-17.838331242844106	-4.074486031059097
1.956208168272736e8	5170.486524765109	-17.846245036890636	-4.089884146019768
1.965258168272736e8	5169.069573222834	-17.854158830937166	-4.105523075852359
1.974308168272736e8	5167.653009990561	-17.862072624983693	-4.12141047271418
1.983358168272736e8	5166.236834961883	-17.869986419030223	-4.137554359392618
1.992408168272736e8	5164.821048030423	-17.877900213076753	-4.153963153633606
2.001458168272736e8	5163.405649089816	-17.88581400712328	-4.170645694499622
2.010508168272736e8	5162.064744212492	-17.893732817846843	-4.185339866513718
2.019558168272736e8	5160.765378281534	-17.90165441770241	-4.198973643435802
2.028608168272736e8	5159.466339419668	-17.90957601755798	-4.212795872505026
2.037658168272736e8	5158.167627544563	-17.917497617413552	-4.226811836567842
2.046708168272736e8	5156.8692425739055	-17.925419217269123	-4.241027043772042
2.055758168272736e8	5155.5711844254265	-17.933340817124694	-4.255447240563186
2.064808168272736e8	5154.27345301685	-17.941262416980262	-4.270078425631874
2.073858168272736e8	5152.976048265931	-17.949184016835833	-4.284926864896594
2.082908168272736e8	5151.678970090437	-17.957105616691404	-4.299999107615787
2.091958168272736e8	5150.382218408174	-17.96502721654697	-4.3153020037328425
2.101008168272736e8	5149.085793136966	-17.972948816402543	-4.330842722568986
2.110058168272736e8	5147.789694194642	-17.980870416258114	-4.346628772991751
2.119108168272736e8	5146.493921499061	-17.988792016113685	-4.362668025201051
2.128158168272736e8	5145.198474968092	-17.996713615969252	-4.378968734291079
2.137208168272736e8	5143.903354519654	-18.004635215824827	-4.3955395657646275
2.146258168272736e8	5142.633944652037	-18.01258832569666	-4.411337301398504
2.155308168272736e8	5141.423408548939	-18.0206141443823	-4.424925446029196
2.164358168272736e8	5140.213157396651	-18.02863996306793	-4.438700774738476
2.173408168272736e8	5139.003191128078	-18.03666578175357	-4.452668516770738
2.182458168272736e8	5137.793509676179	-18.044691600439204	-4.46683412360748
2.191508168272736e8	5136.584112973894	-18.052717419124843	-4.4812032817415925
2.200558168272736e8	5135.375000954211	-18.060743237810478	-4.495781926382884
2.209608168272736e8	5134.16617355011	-18.068769056496112	-4.5105762561775204
2.218658168272736e8	5132.957630694586	-18.076794875181747	-4.525592749032729
2.227708168272736e8	5131.749372320676	-18.084820693867385	-4.540838179147891
2.236758168272736e8	5130.541398361398	-18.09284651255302	-4.556319635364093
2.245808168272736e8	5129.333708749819	-18.10087233123866	-4.572044540956535
2.254858168272736e8	5128.126303418999	-18.108898149924293	-4.588020675008139
2.263908168272736e8	5126.919182302019	-18.11692396860993	-4.6042561955183965
2.272958168272736e8	5125.712345331969	-18.124949787295566	-4.620759664419299
2.282008168272736e8	5124.511095096354	-18.132977243531393	-4.637271588061748
2.291058168272736e8	5123.372715262252	-18.141024032684292	-4.650842934891542
2.300108168272736e8	5122.234588312497	-18.149070821837192	-4.664601000101243
2.309158168272736e8	5121.096714190914	-18.157117610990095	-4.678550993296619
2.318208168272736e8	5119.959092841337	-18.165164400142995	-4.692698345200574
2.327258168272736e8	5118.821724207616	-18.173211189295895	-4.707048720346448
2.336308168272736e8	5117.684608233619	-18.181257978448798	-4.72160803069542
2.345358168272736e8	5116.547744863193	-18.189304767601698	-4.736382450259946
2.354408168272736e8	5115.41113404026	-18.197351556754597	-4.751378430823754
2.363458168272736e8	5114.274775708681	-18.205398345907497	-4.766602718858591
2.372508168272736e8	5113.138669812394	-18.213445135060397	-4.782062373748713
2.381558168272736e8	5112.002816295313	-18.2214919242133	-4.797764787446369
2.390608168272736e8	5110.867215101383	-18.2295387133662	-4.813717705695257
2.399658168272736e8	5109.731866174533	-18.2375855025191	-4.829929250974476
2.408708168272736e8	5108.596769458724	-18.245632291672	-4.846407947333118
2.417758168272736e8	5107.461924897956	-18.253679080824902	-4.86316274730559
2.426808168272736e8	5106.3451727879265	-18.261779226491324	-4.877229559383152
2.435858168272736e8	5105.231633857555	-18.269888253700277	-4.890995873223516
2.444908168272736e8	5104.118337756234	-18.277997280909226	-4.904954346869865
2.453958168272736e8	5103.005284431	-18.28610630811818	-4.919110420957038
2.463008168272736e8	5101.8924738289315	-18.294215335327127	-4.933469770503551
2.472058168272736e8	5100.779905897086	-18.30232436253608	-4.948038318571051
2.481108168272736e8	5099.667580582545	-18.31043338974503	-4.962822250933556
2.490158168272736e8	5098.555497832403	-18.31854241695398	-4.977828031847414
2.499208168272736e8	5097.443657593762	-18.32665144416293	-4.993062421022604
2.508258168272736e8	5096.332059813738	-18.334760471371883	-5.00853249190689
2.517308168272736e8	5095.220704439459	-18.342869498580832	-5.024245651406632
2.526358168272736e8	5094.109591418063	-18.35097852578978	-5.040209661181875
2.535408168272736e8	5092.998720696691	-18.359087552998734	-5.0564326606689605
2.544458168272736e8	5091.888092222533	-18.367196580207683	-5.072923192001625
2.553508168272736e8	5090.7777059427235	-18.375305607416635	-5.089690227021598
2.562558168272736e8	5089.679624477326	-18.383401701522505	-5.1041513371132226
2.571608168272736e8	5088.585802741638	-18.391493481544792	-5.117948819106924
2.580658168272736e8	5087.492216078906	-18.399585261567076	-5.131939338140266
2.589708168272736e8	5086.398864438593	-18.40767704158936	-5.146128372411583
2.598758168272736e8	5085.305747770208	-18.415768821611646	-5.160521636678591
2.607808168272736e8	5084.212866023235	-18.42386060163393	-5.175125096077672
2.616858168272736e8	5083.120219147206	-18.431952381656213	-5.189944980967257
2.625908168272736e8	5082.027807091626	-18.4400441616785	-5.2049878028877385
2.634958168272736e8	5080.935629806048	-18.448135941700784	-5.220260371740239
2.644008168272736e8	5079.84368724	-18.456227721723067	-5.235769814297678
2.653058168272736e8	5078.7519793430565	-18.464319501745354	-5.25152359417407
2.662108168272736e8	5077.660506064766	-18.472411281767638	-5.267529533392134
2.671158168272736e8	5076.569267354726	-18.480503061789925	-5.283795835705207
2.680208168272736e8	5075.478263162507	-18.48859484181221	-5.300331111847534
2.689258168272736e8	5074.387493437717	-18.496686621834492	-5.317144406907512
2.698308168272736e8	5073.302271362317	-18.5048049332667	-5.3320201100289495
2.707358168272736e8	5072.22020891489	-18.512937866363583	-5.345877663508615
2.716408168272736e8	5071.138377255828	-18.521070799460457	-5.35992995046632
2.725458168272736e8	5070.0567763359095	-18.529203732557335	-5.374182521991722
2.734508168272736e8	5068.975406105918	-18.53733666565421	-5.388641169970463
2.743558168272736e8	5067.894266516653	-18.545469598751087	-5.403311941215801
2.752608168272736e8	5066.813357518922	-18.553602531847964	-5.418201152652375
2.761658168272736e8	5065.732679063542	-18.56173546494484	-5.4333154076475365
2.770708168272736e8	5064.652231101342	-18.569868398041713	-5.448661613595908
2.779758168272736e8	5063.572013583162	-18.57800133113859	-5.464247000874396
2.788808168272736e8	5062.4920264598495	-18.58613426423547	-5.480079143297845
2.797858168272736e8	5061.412269682267	-18.594267197332346	-5.49616598022018
2.806908168272736e8	5060.332743201283	-18.60240013042922	-5.512515840442519
2.815958168272736e8	5059.25344696778	-18.6105330635261	-5.529137468108434
2.825008168272736e8	5058.174380932641	-18.618665996622973	-5.546040050787972
2.834058168272736e8	5057.083529178715	-18.626815933064094	-5.56097363818168
2.843108168272736e8	5055.986528943918	-18.634974904928917	-5.5749166607289045
2.852158168272736e8	5054.889766674246	-18.643133876793744	-5.589056843401209
2.861208168272736e8	5053.793242318078	-18.651292848658567	-5.603399842123282
2.870258168272736e8	5052.696955823807	-18.659451820523394	-5.617951559742772
2.879308168272736e8	5051.600907139825	-18.667610792388217	-5.632718160616163
2.888358168272736e8	5050.505096214554	-18.675769764253044	-5.647706086287801
2.897408168272736e8	5049.409522996429	-18.683928736117867	-5.662922072361903
2.906458168272736e8	5048.314187433874	-18.692087707982694	-5.67837316667813
2.915508168272736e8	5047.21908947533	-18.700246679847517	-5.694066748913508
2.924558168272736e8	5046.124229069272	-18.708405651712344	-5.710010551747157
2.933608168272736e8	5045.029606164159	-18.71656462357717	-5.726212683739751
2.942658168272736e8	5043.935220708465	-18.724723595441993	-5.742681654097208
2.951708168272736e8	5042.841072650696	-18.732882567306817	-5.759426399507899
2.960758168272736e8	5041.747161939341	-18.741041539171643	-5.776456313265316
2.969808168272736e8	5040.628490437562	-18.749216956220298	-5.791088321773826
2.978858168272736e8	5039.502770715233	-18.7573971743647	-5.805141042507432
2.987908168272736e8	5038.377302399015	-18.765577392509105	-5.819394060262312
2.996958168272736e8	5037.252085432788	-18.773757610653508	-5.8338531674682255
3.006008168272736e8	5036.127119760408	-18.781937828797908	-5.848524411514715
3.015058168272736e8	5035.0024053257475	-18.79011804694231	-5.863414109937285
3.024108168272736e8	5033.877942072714	-18.798298265086714	-5.878528866751359
3.033158168272736e8	5032.753729945202	-18.806478483231118	-5.893875590039729
3.042208168272736e8	5031.629768887129	-18.814658701375517	-5.909461510910705
3.051258168272736e8	5030.506058842422	-18.822838919519924	-5.92529420395722
3.060308168272736e8	5029.382599755016	-18.831019137664324	-5.941381609361769
3.069358168272736e8	5028.259391568881	-18.839199355808727	-5.957732056808666
3.078408168272736e8	5027.136434227975	-18.84737957395313	-5.974354291383899
3.087458168272736e8	5026.013727676276	-18.855559792097534	-5.991257501664185
3.096508168272736e8	5024.891000755599	-18.863740642795864	-6.008424501051495
3.105558168272736e8	5023.7339431854125	-18.87200219957426	-6.022411486699252
3.114608168272736e8	5022.577152045336	-18.88026375635266	-6.036596886612603
3.123658168272736e8	5021.420627274004	-18.888525313131062	-6.050986411158344
3.132708168272736e8	5020.264368810096	-18.896786869909462	-6.065586020823597
3.141758168272736e8	5019.108376592285	-18.905048426687863	-6.080401941039915
3.150808168272736e8	5017.952650559252	-18.913309983466263	-6.095440678122154
3.159858168272736e8	5016.797190649723	-18.921571540244663	-6.110709036424268
3.168908168272736e8	5015.641996802411	-18.92983309702306	-6.126214136825235
3.177958168272736e8	5014.487068956041	-18.93809465380146	-6.141963436670838
3.187008168272736e8	5013.332407049381	-18.94635621057986	-6.157964751311077
3.196058168272736e8	5012.178011021175	-18.954617767358258	-6.1742262773889225
3.205108168272736e8	5011.023880810219	-18.962879324136658	-6.190756618054128
3.214158168272736e8	5009.870016355297	-18.97114088091506	-6.207564810296283
3.223208168272736e8	5008.716417595212	-18.979402437693455	-6.224660354614494
3.232258168272736e8	5007.542035118943	-18.987642821237657	-6.240427406172331
3.241308168272736e8	5006.343770389031	-18.99585889918702	-6.254553872843665
3.250358168272736e8	5005.145792394287	-19.004074977136387	-6.268882759468742
3.259408168272736e8	5003.948101066089	-19.01229105508575	-6.2834199514859055
3.268458168272736e8	5002.750696335832	-19.020507133035117	-6.2981715948069334
3.277508168272736e8	5001.553578134942	-19.02872321098448	-6.313144111417923
3.286558168272736e8	5000.356746394865	-19.036939288933844	-6.3283442161659735
3.295608168272736e8	4999.160201047044	-19.045155366883208	-6.34377893484148
3.304658168272736e8	4997.96394202294	-19.053371444832578	-6.3594556236779125
3.313708168272736e8	4996.767969254054	-19.06158752278194	-6.375381990404561
3.322758168272736e8	4995.572282671879	-19.069803600731305	-6.391566117003057
3.331808168272736e8	4994.3768822079255	-19.078019678680672	-6.40801648433586
3.340858168272736e8	4993.181767793734	-19.086235756630035	-6.424741998834596
3.349908168272736e8	4991.986939360866	-19.094451834579402	-6.441752021458503
3.358958168272736e8	4990.792396840879	-19.102667912528762	-6.459056399158707
3.368008168272736e8	4989.566494225311	-19.110903095286965	-6.473402205760577
3.377058168272736e8	4988.338240028757	-19.119139879893886	-6.487679681184336
3.386108168272736e8	4987.110288184789	-19.12737666450081	-6.502163959093817
3.395158168272736e8	4985.882638618995	-19.135613449107733	-6.5168611185213665
3.404208168272736e8	4984.655291256947	-19.14385023371466	-6.531777510545708
3.413258168272736e8	4983.428246024271	-19.15208701832158	-6.5469197747707595
3.422308168272736e8	4982.201502846585	-19.160323802928502	-6.562294857071369
3.431358168272736e8	4980.975061649533	-19.16856058753543	-6.577910028724709
3.440408168272736e8	4979.748922358779	-19.176797372142353	-6.593772907059206
3.449458168272736e8	4978.523084899995	-19.185034156749275	-6.609891477767809
3.458508168272736e8	4977.297549198891	-19.1932709413562	-6.626274119049201
3.467558168272736e8	4976.072315181192	-19.201507725963122	-6.642929627759649
3.476608168272736e8	4974.847382772625	-19.209744510570047	-6.659867247779862
3.485658168272736e8	4973.622751898937	-19.21798129517697	-6.677096700825856
3.494708168272736e8	4972.377811411484	-19.226231178502623	-6.692894823967061
3.503758168272736e8	4971.111854054575	-19.234494619927936	-6.707126556353505
3.512808168272736e8	4969.846219007854	-19.242758061353246	-6.721563758657613
3.521858168272736e8	4968.580906189262	-19.25102150277856	-6.736212450821201
3.530908168272736e8	4967.315915516761	-19.25928494420387	-6.75107892128636
3.539958168272736e8	4966.0512469083405	-19.267548385629183	-6.766169743204195
3.549008168272736e8	4964.786900281988	-19.275811827054497	-6.781491791885442
3.558058168272736e8	4963.522875555744	-19.28407526847981	-6.797052263608917
3.567108168272736e8	4962.259172647635	-19.29233870990512	-6.812858695916584
3.576158168272736e8	4960.995791475736	-19.300602151330434	-6.82891898953851
3.585208168272736e8	4959.7327319581345	-19.308865592755748	-6.845241432107356
3.594258168272736e8	4958.469994012938	-19.317129034181058	-6.861834723840599
3.603308168272736e8	4957.207577558273	-19.32539247560637	-6.878708005389697
3.612358168272736e8	4955.945482512299	-19.33365591703168	-6.895870888079411
3.621408168272736e8	4954.679522503695	-19.34183656013277	-6.912430549950827
3.630458168272736e8	4953.393658485223	-19.349617033569526	-6.924842814808771
3.639508168272736e8	4952.10812818084	-19.357397507006286	-6.9374110823603985
3.648558168272736e8	4950.822931503903	-19.365177980443043	-6.950139323990897
3.657608168272736e8	4949.538068367854	-19.3729584538798	-6.963031664693029
3.666658168272736e8	4948.253538686122	-19.38073892731656	-6.976092391092477
3.675708168272736e8	4946.969342372158	-19.388519400753317	-6.989325960004258
3.684758168272736e8	4945.685479339462	-19.396299874190074	-7.002737007562914
3.693808168272736e8	4944.401949501532	-19.404080347626834	-7.016330358973305
3.702858168272736e8	4943.118752771894	-19.41186082106359	-7.030111038933327
3.711908168272736e8	4941.835889064098	-19.419641294500348	-7.044084282784861
3.720958168272736e8	4940.553358291709	-19.427421767937105	-7.058255548454921
3.730008168272736e8	4939.271160368337	-19.435202241373865	-7.0726305292551315
3.739058168272736e8	4937.989295207584	-19.442982714810622	-7.0872151676146595
3.748108168272736e8	4936.707762723107	-19.45076318824738	-7.10201566982952
3.757158168272736e8	4935.426562828559	-19.45854366168414	-7.117038521919849
3.766208168272736e8	4934.145695437624	-19.466324135120896	-7.132290506696579
3.775258168272736e8	4932.86516046401	-19.474104608557653	-7.147778722149885
3.784308168272736e8	4931.584957821446	-19.48188508199441	-7.163510601284216
3.793358168272736e8	4930.305087423673	-19.48966555543117	-7.179493933538614
3.802408168272736e8	4929.025549184486	-19.497446028867927	-7.195736887946892
3.811458168272736e8	4927.746343017662	-19.505226502304684	-7.212248038209991
3.820508168272736e8	4926.467468837046	-19.51300697574144	-7.22903638987322
3.829558168272736e8	4925.188926556445	-19.5207874491782	-7.246111409824002
3.838608168272736e8	4923.910716089748	-19.528567922614954	-7.263483058352066
3.847658168272736e8	4922.632837350834	-19.536348396051714	-7.281161824043895
3.856708168272736e8	4921.3552902536	-19.544128869488475	-7.299158761817561
3.865758168272736e8	4920.078074711996	-19.55190934292523	-7.317485534443285
3.874808168272736e8	4918.801190639966	-19.55968981636199	-7.33615445794026
3.883858168272736e8	4917.524637951485	-19.567470289798745	-7.355178551292261
3.892908168272736e8	4916.248416560549	-19.575250763235506	-7.374571590984642
3.901958168272736e8	4914.9003154318	-19.58309012176089	-7.387391037820364
3.911008168272736e8	4913.549736848674	-19.590931802652673	-7.400099993943227
3.920058168272736e8	4912.199529394653	-19.598773483544452	-7.412972549034269
3.929108168272736e8	4910.849692967743	-19.606615164436235	-7.4260129700109365
3.938158168272736e8	4909.500227465991	-19.61445684532802	-7.439225692930665
3.947208168272736e8	4908.151132787459	-19.622298526219804	-7.452615332050295
3.956258168272736e8	4906.802408830264	-19.630140207111587	-7.466186689500271
3.965308168272736e8	4905.454055492528	-19.637981888003367	-7.479944765624402
3.974358168272736e8	4904.106072672397	-19.645823568895153	-7.493894770040853
3.983408168272736e8	4902.7584602680745	-19.653665249786936	-7.508042133485637
3.992458168272736e8	4901.411218177755	-19.66150693067872	-7.522392520505959
4.001508168272736e8	4900.064346299695	-19.669348611570502	-7.536951843077677
4.010558168272736e8	4898.717844532156	-19.677190292462285	-7.551726275228797
4.019608168272736e8	4897.371712773424	-19.685031973354068	-7.566722268759541
4.028658168272736e8	4896.025950921843	-19.69287365424585	-7.581946570159159
4.037708168272736e8	4894.680558875754	-19.700715335137634	-7.597406238830502
4.046758168272736e8	4893.335536533539	-19.708557016029417	-7.613108666745594
4.055808168272736e8	4891.990883793605	-19.7163986969212	-7.629061599669174
4.064858168272736e8	4890.646600554371	-19.724240377812983	-7.645273160102762
4.073908168272736e8	4889.302686714344	-19.732082058704766	-7.661751872119359
4.082958168272736e8	4887.959142171973	-19.73992373959655	-7.678506688278898
4.092008168272736e8	4886.615966825804	-19.74776542048833	-7.695547018837187
4.101058168272736e8	4885.273160574375	-19.755607101380114	-7.712882763486952
4.110108168272736e8	4883.930723316253	-19.763448782271897	-7.730524345899042
4.119158168272736e8	4882.588654950058	-19.77129046316368	-7.748482751365542
4.128208168272736e8	4881.246955374415	-19.779132144055467	-7.766769567885219
4.137258168272736e8	4879.905624487981	-19.786973824947246	-7.785397031076068
4.146308168272736e8	4878.564662189434	-19.79481550583903	-7.804378073350904
4.155358168272736e8	4877.224068377507	-19.802657186730812	-7.823726377850981
4.164408168272736e8	4875.877582859692	-19.810501332716314	-7.84282443593387
4.173458168272736e8	4874.465527705378	-19.818371452404378	-7.855529350192391
4.182508168272736e8	4873.053881482546	-19.826241572092442	-7.868397758705194
4.191558168272736e8	4871.642644072735	-19.834111691780507	-7.881433924267036
4.200608168272736e8	4870.231815357577	-19.84198181146857	-7.894642278593366
4.209658168272736e8	4868.821395218697	-19.849851931156635	-7.908027431364963
4.218708168272736e8	4867.41138353779	-19.857722050844703	-7.921594179886148
4.227758168272736e8	4866.001780196548	-19.865592170532768	-7.935347519407218
4.236808168272736e8	4864.592585076733	-19.873462290220832	-7.949292654166676
4.245858168272736e8	4863.183798060115	-19.8813324099089	-7.963435009214324
4.254908168272736e8	4861.7754190284995	-19.889202529596965	-7.977780243082469
4.263958168272736e8	4860.367447863751	-19.89707264928503	-7.99233426137928
4.273008168272736e8	4858.959884447742	-19.904942768973093	-8.007103231386036
4.282058168272736e8	4857.552728662381	-19.912812888661158	-8.022093597748567
4.291108168272736e8	4856.145980389633	-19.920683008349222	-8.037312099362794
4.300158168272736e8	4854.7396395114765	-19.928553128037287	-8.052765787565122
4.309208168272736e8	4853.3337059099285	-19.93642324772535	-8.068462045750582
4.318258168272736e8	4851.928179467024	-19.944293367413415	-8.084408610555332
4.327308168272736e8	4850.523060064885	-19.952163487101483	-8.10061359475565
4.336358168272736e8	4849.118347585614	-19.960033606789548	-8.117085512053082
4.345408168272736e8	4847.7140419113675	-19.967903726477612	-8.133833303935313
4.354458168272736e8	4846.310142924325	-19.97577384616568	-8.150866368824898
4.363508168272736e8	4844.9066505067285	-19.983643965853744	-8.168194593753785
4.372558168272736e8	4843.503564540825	-19.99151408554181	-8.185828388830895
4.381608168272736e8	4842.100884908908	-19.999384205229877	-8.203778724803605
4.390658168272736e8	4840.6986114932915	-20.00725432491794	-8.222057174052527
4.399708168272736e8	4839.296744176356	-20.015124444606005	-8.240675955403168
4.408758168272736e8	4837.8952828404745	-20.02299456429407	-8.25964798318903
4.417808168272736e8	4836.4942273680945	-20.030864683982134	-8.278986921059554
4.426858168272736e8	4835.09357764166	-20.038734803670195	-8.298707241094434
4.435908168272736e8	4833.678604890906	-20.046618021342333	-8.316643558900397
4.444958168272736e8	4832.228076743801	-20.05453323570206	-8.329502584597686
4.454008168272736e8	4830.777983882546	-20.062448450061783	-8.34252912120219
4.463058168272736e8	4829.328326176518	-20.070363664421507	-8.355727590614975
4.472108168272736e8	4827.879103495134	-20.078278878781234	-8.369102592173634
4.481158168272736e8	4826.430315707845	-20.086194093140953	-8.382658912274406
4.490208168272736e8	4824.981962684146	-20.09410930750068	-8.396401534655505
4.499258168272736e8	4823.53404429358	-20.102024521860407	-8.41033565139696
4.508308168272736e8	4822.0865604057	-20.109939736220134	-8.424466674697694
4.517358168272736e8	4820.639510890125	-20.117854950579854	-8.43880024949673
4.526408168272736e8	4819.1928956165075	-20.12577016493958	-8.453342267012149
4.535458168272736e8	4817.746714454534	-20.13368537929931	-8.468098879279086
4.544508168272736e8	4816.3009672739445	-20.14160059365903	-8.483076514776556
4.553558168272736e8	4814.855653944486	-20.149515808018755	-8.498281895242426
4.562608168272736e8	4813.410774335976	-20.157431022378482	-8.513722053786667
4.571658168272736e8	4811.96632831826	-20.165346236738205	-8.52940435442501
4.580708168272736e8	4810.52231576123	-20.173261451097932	-8.545336513168841
4.589758168272736e8	4809.078736534793	-20.181176665457656	-8.561526620822503
4.598808168272736e8	4807.635590508921	-20.189091879817383	-8.577983167656626
4.607858168272736e8	4806.192877553615	-20.197007094177106	-8.59471507014585
4.616908168272736e8	4804.750597538917	-20.20492230853683	-8.611731699981732
4.625958168272736e8	4803.308750334913	-20.212837522896557	-8.6290429155972
4.635008168272736e8	4801.867335811708	-20.22075273725628	-8.646659096468046
4.644058168272736e8	4800.426353839464	-20.228667951616004	-8.664591180490302
4.653108168272736e8	4798.9858042883825	-20.236583165975734	-8.682850704770527
4.662158168272736e8	4797.545687028704	-20.244498380335457	-8.701449850209938
4.671208168272736e8	4796.106001930688	-20.252413594695184	-8.720401490313844
4.680258168272736e8	4794.666748864655	-20.260328809054908	-8.739719244716227
4.689308168272736e8	4793.227927700968	-20.268244023414635	-8.759417537976837
4.698358168272736e8	4791.789538309992	-20.276159237774355	-8.77951166428661
4.707408168272736e8	4790.33666893615	-20.284093378952722	-8.796529776555719
4.716458168272736e8	4788.866091443189	-20.292050562632877	-8.80953859410278
4.725508168272736e8	4787.395965400378	-20.300007746313028	-8.82271887395555
4.734558168272736e8	4785.926290669108	-20.307964929993183	-8.836075196459246
4.743608168272736e8	4784.45706711085	-20.315922113673334	-8.84961232798159
4.752658168272736e8	4782.988294587091	-20.323879297353486	-8.863335231124502
4.761708168272736e8	4781.51997295936	-20.33183648103364	-8.877249075646272
4.770758168272736e8	4780.052102089253	-20.339793664713792	-8.891359250154359
4.779808168272736e8	4778.584681838385	-20.347750848393947	-8.90567137463501
4.788858168272736e8	4777.117712068412	-20.355708032074098	-8.920191313892579
4.797908168272736e8	4775.65119264106	-20.363665215754253	-8.934925191979037
4.806958168272736e8	4774.18512341807	-20.371622399434404	-8.949879407702445
4.816008168272736e8	4772.719504261235	-20.37957958311456	-8.96506065131276
4.825058168272736e8	4771.2543350323795	-20.38753676679471	-8.980475922473822
4.834108168272736e8	4769.7896155933995	-20.395493950474865	-8.996132549642393
4.843158168272736e8	4768.325345806205	-20.40345113415502	-9.012038210988527
4.852208168272736e8	4766.861525532752	-20.41140831783517	-9.028200957006772
4.861258168272736e8	4765.39815463506	-20.419365501515323	-9.044629234984889
4.870308168272736e8	4763.935232975167	-20.427322685195477	-9.061331915516256
4.879358168272736e8	4762.472760415164	-20.435279868875632	-9.078318321264286
4.888408168272736e8	4761.010736817173	-20.443237052555784	-9.095598258212384
4.897458168272736e8	4759.549162043386	-20.451194236235935	-9.113182049661686
4.906508168272736e8	4758.088035956009	-20.45915141991609	-9.131080573271745
4.915558168272736e8	4756.627358417292	-20.46710860359624	-9.149305301476941
4.924608168272736e8	4755.167129289555	-20.475065787276396	-9.167868345654647
4.933658168272736e8	4753.70734843513	-20.48302297095655	-9.18678250447102
4.942708168272736e8	4752.248015716396	-20.490980154636702	-9.206061316887718
4.951758168272736e8	4750.789130995797	-20.498937338316857	-9.22571912037937
4.960808168272736e8	4749.330694135792	-20.506894521997005	-9.245771114988877
4.969858168272736e8	4747.872704998888	-20.514851705677163	-9.266233433937375
4.978908168272736e8	4746.416975320898	-20.522826176346694	-9.284463877963947
4.987958168272736e8	4744.96532538602	-20.5308353237741	-9.29762026648051
4.997008168272736e8	4743.514119425529	-20.538844471201507	-9.310952055760184
5.006058168272736e8	4742.063357303634	-20.54685361862892	-9.324463985950075
5.015108168272736e8	4740.613038884588	-20.554862766056328	-9.338160991983653
5.024158168272736e8	4739.16316403269	-20.562871913483736	-9.352048214401592
5.033208168272736e8	4737.713732612278	-20.570881060911145	-9.366131010934605
5.042258168272736e8	4736.264744487733	-20.578890208338553	-9.380414968913593
5.051308168272736e8	4734.816199523476	-20.586899355765965	-9.394905918579042
5.060358168272736e8	4733.368097583963	-20.594908503193373	-9.409609947369017
5.069408168272736e8	4731.920438533715	-20.602917650620782	-9.42453341527338
5.078458168272736e8	4730.47322223727	-20.61092679804819	-9.439682971351164
5.087508168272736e8	4729.026448559216	-20.6189359454756	-9.455065571518459
5.096558168272736e8	4727.580117364181	-20.626945092903007	-9.470688497725943
5.105608168272736e8	4726.134228516828	-20.634954240330416	-9.486559378658374
5.114658168272736e8	4724.688781881885	-20.642963387757824	-9.502686212103349
5.123708168272736e8	4723.243777324097	-20.650972535185236	-9.519077389153503
5.132758168272736e8	4721.79921470826	-20.658981682612644	-9.5357417204255
5.141808168272736e8	4720.3550938992075	-20.666990830040053	-9.552688464500918
5.150858168272736e8	4718.9114147618175	-20.67499997746746	-9.569927358818855
5.159908168272736e8	4717.468177161001	-20.68300912489487	-9.587468653278359
5.168958168272736e8	4716.025380961735	-20.69101827232228	-9.605323146841002
5.178008168272736e8	4714.583026029011	-20.699027419749687	-9.623502227460898
5.187058168272736e8	4713.141112227872	-20.7070365671771	-9.642017915711877
5.196108168272736e8	4711.699639423403	-20.715045714604507	-9.660882912530367
5.205158168272736e8	4710.258607480719	-20.723054862031915	-9.680110651548897
5.214208168272736e8	4708.818016265003	-20.731064009459324	-9.699715356560274
5.223258168272736e8	4707.377865641455	-20.739073156886732	-9.719712104728151
5.232308168272736e8	4705.9381554753245	-20.747082304314144	-9.740116896247654
5.241358168272736e8	4704.4988856319	-20.755091451741553	-9.76094673126233
5.250408168272736e8	4703.060055976513	-20.76310059916896	-9.7822196949638
5.259458168272736e8	4701.6492745633905	-20.771142036582468	-9.79820928782412
5.268508168272736e8	4700.251893118596	-20.779198655861215	-9.811724565241589
5.277558168272736e8	4698.854926990807	-20.787255275139966	-9.825425010839254
5.286608168272736e8	4697.458376056589	-20.795311894418717	-9.839315769032014
5.295658168272736e8	4696.06224019254	-20.803368513697464	-9.853402201644617
5.304708168272736e8	4694.666519275297	-20.811425132976215	-9.867689900337627
5.313758168272736e8	4693.271213181534	-20.819481752254962	-9.882184699934019
5.322808168272736e8	4691.876321787961	-20.827538371533713	-9.896892692725899
5.331858168272736e8	4690.481844971332	-20.83559499081246	-9.911820243849137
5.340908168272736e8	4689.087782608406	-20.84365161009121	-9.92697400782303
5.349958168272736e8	4687.694134576035	-20.851708229369958	-9.942360946362559
5.359008168272736e8	4686.300900751052	-20.85976484864871	-9.95798834758256
5.368058168272736e8	4684.908081010365	-20.867821467927456	-9.973863846726463
5.377108168272736e8	4683.515675230889	-20.875878087206207	-9.989995448567107
5.386158168272736e8	4682.123683289589	-20.883934706484958	-10.006391551644198
5.395208168272736e8	4680.732105063493	-20.891991325763705	-10.023060974522114
5.404258168272736e8	4679.340940429614	-20.900047945042452	-10.040012984273568
5.413308168272736e8	4677.950189265039	-20.908104564321206	-10.05725732741948
5.422358168272736e8	4676.559851446878	-20.916161183599954	-10.074804263583669
5.431408168272736e8	4675.169926852282	-20.924217802878704	-10.09266460215336
5.440458168272736e8	4673.780415358442	-20.932274422157455	-10.110849742273489
5.449508168272736e8	4672.391316842558	-20.940331041436202	-10.1293717165454
5.458558168272736e8	4671.002631181919	-20.94838766071495	-10.148243238849407
5.467608168272736e8	4669.614358253797	-20.9564442799937	-10.167477756767262
5.476658168272736e8	4668.226497935531	-20.964500899272448	-10.187089509145869
5.485708168272736e8	4666.839050104489	-20.9725575185512	-10.207093589419456
5.494758168272736e8	4665.452014638075	-20.98061413782995	-10.227506015395608
5.503808168272736e8	4664.065391413729	-20.988670757108697	-10.24834380631347
5.512858168272736e8	4662.67918030893	-20.996727376387447	-10.269625068102865
5.521908168272736e8	4661.293381201191	-21.004783995666195	-10.29136908791454
5.530958168272736e8	4659.9079939680605	-21.012840614944945	-10.313596439158204
5.540008168272736e8	4658.531732768414	-21.02090611488388	-10.33517749238999
5.549058168272736e8	4657.215331720423	-21.029032221094102	-10.349236832931316
5.558108168272736e8	4655.8993026591115	-21.03715832730432	-10.363496660595331
5.567158168272736e8	4654.583645479351	-21.045284433514542	-10.377962776119821
5.576208168272736e8	4653.26836007606	-21.05341053972476	-10.392641235693619
5.585258168272736e8	4651.953446344194	-21.06153664593498	-10.407538366179653
5.594308168272736e8	4650.638904178718	-21.0696627521452	-10.422660781489126
5.603358168272736e8	4649.324733474625	-21.07778885835542	-10.438015400212924
5.612408168272736e8	4648.010934126957	-21.08591496456564	-10.453609464627867
5.621458168272736e8	4646.697506030786	-21.09404107077586	-10.469450561208532
5.630508168272736e8	4645.384449081195	-21.10216717698608	-10.485546642790029
5.639558168272736e8	4644.0717631733	-21.1102932831963	-10.501906052543822
5.648608168272736e8	4642.759448202257	-21.11841938940652	-10.518537549947546
5.657658168272736e8	4641.447504063257	-21.12654549561674	-10.535450338951172
5.666708168272736e8	4640.135930651504	-21.13467160182696	-10.55265409856629
5.675758168272736e8	4638.824727862229	-21.14279770803718	-10.570159016133013
5.684808168272736e8	4637.5138955907105	-21.1509238142474	-10.587975823550824
5.693858168272736e8	4636.203433732256	-21.15904992045762	-10.606115836795972
5.702908168272736e8	4634.893342182187	-21.16717602666784	-10.624590999089826
5.711958168272736e8	4633.583620835853	-21.17530213287806	-10.643413928130562
5.721008168272736e8	4632.274269588653	-21.18342823908828	-10.662597967855984
5.730058168272736e8	4630.96528833601	-21.1915543452985	-10.682157245269329
5.739108168272736e8	4629.656676973358	-21.19968045150872	-10.702106732934173
5.748158168272736e8	4628.3484353961885	-21.20780655771894	-10.722462317830995
5.757208168272736e8	4627.0405634999925	-21.21593266392916	-10.743240877368644
5.766258168272736e8	4625.733061180323	-21.22405877013938	-10.764460363461836
5.775308168272736e8	4624.425928332736	-21.2321848763496	-10.786139895724169
5.784358168272736e8	4623.11916485281	-21.240310982559816	-10.80829986498885
5.793408168272736e8	4621.812770636213	-21.24843708877004	-10.83096204856184
5.802458168272736e8	4620.506745578547	-21.25656319498026	-10.854149738840043
5.811508168272736e8	4619.201089575539	-21.264689301190476	-10.877887887198654
5.820558168272736e8	4617.895802522885	-21.272815407400696	-10.902203265375881
5.829608168272736e8	4616.590884316318	-21.28094151361092	-10.927124646972196
5.838658168272736e8	4615.322597677833	-21.289077986628826	-10.949390144854318
5.847708168272736e8	4614.132724889636	-21.29723678282628	-10.964946772894868
5.856758168272736e8	4612.9431588616235	-21.30539557902373	-10.980749239059868
5.865808168272736e8	4611.753899514728	-21.313554375221187	-10.996805438132302
5.874858168272736e8	4610.564946769866	-21.321713171418637	-11.013123651406323
5.883908168272736e8	4609.37630054801	-21.329871967616093	-11.029712572336738
5.892958168272736e8	4608.1879607701185	-21.338030763813546	-11.046581334352098
5.902008168272736e8	4606.999927357205	-21.346189560011002	-11.063739541054172
5.911058168272736e8	4605.812200230268	-21.354348356208455	-11.081197299053843
5.920108168272736e8	4604.624779310362	-21.362507152405907	-11.09896525372447
5.929158168272736e8	4603.437664518535	-21.37066594860336	-11.117054628189464
5.938208168272736e8	4602.250855775863	-21.378824744800813	-11.135477265901622
5.947258168272736e8	4601.064353003438	-21.38698354099827	-11.154245677218732
5.956308168272736e8	4599.878156122393	-21.395142337195722	-11.173373090434184
5.965358168272736e8	4598.69226505385	-21.403301133393175	-11.19287350778392
5.974408168272736e8	4597.506679718985	-21.411459929590627	-11.212761767023656
5.983458168272736e8	4596.32140003896	-21.419618725788084	-11.233053609254672
5.992508168272736e8	4595.136425934989	-21.42777752198554	-11.253765753774902
6.001558168272736e8	4593.951757328287	-21.435936318182993	-11.274915980846975
6.010608168272736e8	4592.767394140084	-21.444095114380445	-11.29652322340986
6.019658168272736e8	4591.583336291656	-21.452253910577898	-11.318607668919414
6.028708168272736e8	4590.399583704277	-21.46041270677535	-11.341190872690694
6.037758168272736e8	4589.216136299238	-21.468571502972807	-11.364295884336824
6.046808168272736e8	4588.032993997878	-21.47673029917026	-11.38794738916351
6.055858168272736e8	4586.850156721521	-21.484889095367713	-11.412171866693473
6.064908168272736e8	4585.667624391545	-21.493047891565165	-11.436997768873166
6.073958168272736e8	4584.485396929317	-21.50120668776262	-11.462455720969073
6.083008168272736e8	4583.303474256247	-21.509365483960075	-11.488578748711035
6.092058168272736e8	4582.121856293773	-21.517524280157527	-11.515402535908255
6.101108168272736e8	4580.940542963305	-21.52568307635498	-11.542965717579287
6.110158168272736e8	4579.759534186332	-21.533841872552436	-11.571310214637968
6.119208168272736e8	4578.57882988432	-21.542000668749893	-11.60048161741157
6.128258168272736e8	4577.398429978789	-21.550159464947345	-11.630529626798658
6.137308168272736e8	4576.218334391247	-21.558318261144798	-11.661508563785
6.146358168272736e8	4575.0385430432525	-21.56647705734225	-11.693477960435743
6.155408168272736e8	4573.968584768178	-21.574691878527272	-11.720199665861662
6.164458168272736e8	4573.028123670326	-21.58297282438468	-11.740060998093673
6.173508168272736e8	4572.087855942205	-21.591253770242083	-11.76032481012721
6.182558168272736e8	4571.147781544058	-21.599534716099484	-11.781007752046435
6.191608168272736e8	4570.207900436131	-21.607815661956888	-11.802127528986604
6.200658168272736e8	4569.268212578683	-21.616096607814292	-11.823702992200342
6.209708168272736e8	4568.32871793198	-21.624377553671696	-11.845754240166455
6.218758168272736e8	4567.3894164562935	-21.632658499529096	-11.86830273110026
6.227808168272736e8	4566.450308111907	-21.6409394453865	-11.891371408443929
6.236858168272736e8	4565.51139285911	-21.649220391243908	-11.914984841176352
6.245908168272736e8	4564.572670658201	-21.65750133710131	-11.939169381093489
6.254958168272736e8	4563.634141469486	-21.665782282958713	-11.963953339583524
6.264008168272736e8	4562.695805253271	-21.674063228816117	-11.989367186870338
6.273058168272736e8	4561.757661969895	-21.682344174673517	-12.01544377724174
6.282108168272736e8	4560.819711579681	-21.690625120530925	-12.042218604438322
6.291158168272736e8	4559.881954042968	-21.698906066388325	-12.069730092183146
6.300208168272736e8	4558.944389320102	-21.70718701224573	-12.09801992581931
6.309258168272736e8	4558.007017371439	-21.715467958103133	-12.127133432238844
6.318308168272736e8	4557.069838157344	-21.723748903960534	-12.15712001679508
6.327358168272736e8	4556.1328516381855	-21.73202984981794	-12.188033667772451
6.336408168272736e8	4555.196057774345	-21.74031079567534	-12.219933541350084
6.345458168272736e8	4554.25945652621	-21.74859174153275	-12.252884642981117
6.354508168272736e8	4553.323047854176	-21.75687268739015	-12.286958624909602
6.363558168272736e8	4552.386831718648	-21.765153633247554	-12.322234724419895
6.372608168272736e8	4551.450808080038	-21.773434579104958	-12.358800873713216
6.381658168272736e8	4550.514976898766	-21.78171552496236	-12.396755020520025
6.390708168272736e8	4549.5793381352605	-21.789996470819766	-12.436206709365763
6.399758168272736e8	4548.64389174995	-21.798277416677166	-12.47727898777126
6.408808168272736e8	4547.708637703305	-21.80655836253457	-12.520110720959778
6.417858168272736e8	4546.773575955752	-21.814839308391974	-12.564859424846842
6.426908168272736e8	4545.838706467754	-21.82312025424938	-12.611704763125614
6.435958168272736e8	4544.904029199794	-21.831401200106782	-12.660852904484969
6.445008168272736e8	4543.969544112344	-21.839682145964183	-12.712542007020517
6.454058168272736e8	4543.0352511658875	-21.847963091821587	-12.767049198941885
6.463108168272736e8	4542.101150320919	-21.85624403767899	-12.82469957386868
6.472158168272736e8	4541.167241537941	-21.8645249835364	-12.885877941358444
6.481208168272736e8	4540.233524777461	-21.8728059293938	-12.951044411836213
6.490258168272736e8	4539.299999999998	-21.881086875251203	-13.02075542288556
