-7.347659009014463e7	10433.39542625828	-16.960214489022743
-7.250659009014463e7	10412.258254558225	-16.96000693717029
-7.153659009014463e7	10391.163904970172	-16.959799385317837
-7.056659009014463e7	10370.112290740142	-16.95959183346538
-6.959659009014463e7	10349.103325289972	-16.959384281612927
-6.862659009014463e7	10328.136922216847	-16.959176729760475
-6.765659009014463e7	10307.212995293025	-16.958969177908024
-6.6686590090144634e7	10286.331458465387	-16.95876162605557
-6.5716590090144634e7	10265.492225855258	-16.958554074203114
-6.4746590090144634e7	10244.695211757875	-16.958346522350663
-6.3776590090144634e7	10223.94033064212	-16.958138970498204
-6.2806590090144634e7	10203.227497150141	-16.95793141864575
-6.1836590090144634e7	10182.499711772438	-16.957718320896415
-6.0866590090144634e7	10157.052618448217	-16.957040202215982
-5.9896590090144634e7	10131.669119975668	-16.956362083535552
-5.8926590090144634e7	10106.34905742483	-16.95568396485512
-5.7956590090144634e7	10081.092272262937	-16.955005846174686
-5.6986590090144634e7	10055.898606353418	-16.954327727494253
-5.6016590090144634e7	10030.767901954894	-16.95364960881382
-5.5046590090144634e7	10005.700001720203	-16.952971490133386
-5.4076590090144634e7	9980.694748695409	-16.952293371452953
-5.3106590090144634e7	9955.751986318819	-16.95161525277252
-5.2136590090144634e7	9929.593735413295	-16.950802911339977
-5.1166590090144634e7	9898.721371796519	-16.949486701748214
-5.0196590090144634e7	9867.944994265463	-16.94817049215645
-4.9226590090144634e7	9837.264304387223	-16.946854282564686
-4.8256590090144634e7	9806.679004656775	-16.945538072972923
-4.7286590090144634e7	9776.188798494077	-16.94422186338116
-4.6316590090144634e7	9745.793390241173	-16.942905653789396
-4.5346590090144634e7	9715.4924851594	-16.941589444197632
-4.4376590090144634e7	9681.860602754208	-16.93990040193564
-4.3406590090144634e7	9643.658284608811	-16.937699206512242
-4.2436590090144634e7	9605.606703720614	-16.93549801108885
-4.1466590090144634e7	9567.705265316248	-16.933296815665454
-4.0496590090144634e7	9529.953376969203	-16.93109562024206
-3.9526590090144634e7	9492.350448590518	-16.928894424818665
-3.8556590090144634e7	9453.705047361405	-16.926558917634484
-3.7586590090144634e7	9405.051229200428	-16.923071465122757
-3.6616590090144634e7	9356.64780958795	-16.919584012611026
-3.5646590090144634e7	9308.493499839213	-16.916096560099298
-3.4676590090144634e7	9260.587017901718	-16.91260910758757
-3.3706590090144634e7	9212.927088321145	-16.909121655075843
-3.2736590090144634e7	9152.880486001253	-16.90421471161795
-3.1766590090144634e7	9091.708778493581	-16.899136107508053
-3.0796590090144634e7	9023.876243544044	-16.893238444313486
-2.9826590090144634e7	8952.802200777793	-16.886903074103234
-2.8856590090144634e7	8874.446183065364	-16.879684368161534
-2.7886590090144634e7	8790.236245607604	-16.87172188883715
-2.6916590090144634e7	8697.96357615422	-16.862759508590408
-2.5946590090144634e7	8598.650533249234	-16.852882976964423
-2.4976590090144634e7	8489.955693943873	-16.84187748961951
-2.4006590090144634e7	8371.466752679724	-16.8296560981871
-2.3036590090144634e7	8248.785797950513	-16.81691406336197
-2.2066590090144634e7	8114.63627549474	-16.802971483954355
-2.1096590090144634e7	7982.668418900591	-16.78902890454674
-2.0126590090144634e7	7861.855952559046	-16.777165928534743
-1.9156590090144634e7	7747.765967003923	-16.766448994337225
-1.8186590090144634e7	7635.331636917738	-16.755732060139707
-1.7216590090144634e7	7526.639875985258	-16.74536906632628
-1.6246590090144634e7	7457.89461986051	-16.741519674386943
-1.5276590090144634e7	7389.7772548422345	-16.73767028244761
-1.4306590090144634e7	7322.282046029368	-16.733820890508277
-1.3336590090144634e7	7255.403310901105	-16.729971498568943
-1.2366590090144634e7	7197.744323557169	-16.727644664468155
-1.1396590090144634e7	7146.733172485594	-16.726420148300864
-1.0426590090144634e7	7096.083542665202	-16.725195632133577
-9.456590090144634e6	7045.792871957881	-16.723971115966282
-8.486590090144634e6	6995.85861638365	-16.722746599798995
-7.516590090144634e6	6948.562120936726	-16.72193737564267
-6.546590090144634e6	6910.627817733486	-16.722782236713275
-5.576590090144634e6	6872.900609370079	-16.723627097783883
-4.606590090144634e6	6835.379365253111	-16.724471958854487
-3.6365900901446342e6	6798.062960961425	-16.72531681992509
-2.6665900901446342e6	6760.950278212468	-16.7261616809957
-1.6965900901446342e6	6724.040204828656	-16.727006542066302
-726590.0901446342	6694.095435201497	-16.72915254836531
243409.90985536575	6664.978820138167	-16.731432735450962
1.2134099098553658e6	6635.988850606103	-16.733712922536615
2.1834099098553658e6	6607.124975748329	-16.735993109622264
3.1534099098553658e6	6578.386647103873	-16.738273296707916
4.1234099098553658e6	6549.773318597343	-16.74055348379357
5.093409909855366e6	6521.284446528562	-16.74283367087922
6.063409909855366e6	6496.755639207597	-16.745893833064454
7.033409909855366e6	6474.059012732214	-16.74930894293598
8.003409909855366e6	6451.4416776573225	-16.752724052807505
8.973409909855366e6	6428.903356975868	-16.756139162679027
9.943409909855366e6	6406.443774648482	-16.759554272550552
1.0913409909855366e7	6384.0626556001935	-16.762969382422078
1.1883409909855366e7	6361.759725716971	-16.7663844922936
1.2853409909855366e7	6339.534711842442	-16.769799602165126
1.3823409909855366e7	6319.671692706131	-16.773708388141046
1.4793409909855366e7	6301.720719386638	-16.77801806599873
1.5763409909855366e7	6283.820735653122	-16.782327743856413
1.6733409909855366e7	6265.9715966701	-16.786637421714097
1.7703409909855366e7	6248.173158013504	-16.79094709957178
1.8673409909855366e7	6230.425275669459	-16.795256777429465
1.9643409909855366e7	6212.727806033225	-16.799566455287152
2.0613409909855366e7	6195.080605907926	-16.803876133144836
2.1583409909855366e7	6177.483532503446	-16.80818581100252
2.2553409909855366e7	6161.591358880474	-16.812874791773904
2.3523409909855366e7	6147.248460771066	-16.817910295086286
2.4493409909855366e7	6132.938949933569	-16.82294579839867
2.5463409909855366e7	6118.66274864941	-16.827981301711056
2.6433409909855366e7	6104.41977938089	-16.833016805023437
2.7403409909855366e7	6090.209964770806	-16.838052308335822
2.8373409909855366e7	6076.0332276420595	-16.843087811648207
2.9343409909855366e7	6061.889490997157	-16.848123314960592
3.0313409909855366e7	6047.778678017884	-16.853158818272973
3.1283409909855366e7	6033.700712064801	-16.858194321585362
3.2253409909855366e7	6021.2204321034915	-16.863621261781716
3.3223409909855366e7	6009.602093760782	-16.869257736568386
3.4193409909855366e7	5998.006173761225	-16.874894211355056
3.5163409909855366e7	5986.432628847162	-16.88053068614173
3.6133409909855366e7	5974.881415844415	-16.886167160928398
3.7103409909855366e7	5963.352491662079	-16.89180363571507
3.8073409909855366e7	5951.845813292431	-16.897440110501737
3.9043409909855366e7	5940.361337810718	-16.90307658528841
4.0013409909855366e7	5928.899022375022	-16.90871306007508
4.0983409909855366e7	5917.458824226091	-16.91434953486175
4.1953409909855366e7	5906.100746537056	-16.92000146365116
4.2923409909855366e7	5896.607582048698	-16.92612858987331
4.3893409909855366e7	5887.129676387757	-16.93225571609546
4.4863409909855366e7	5877.667005027965	-16.938382842317615
4.5833409909855366e7	5868.219543482504	-16.944509968539766
4.6803409909855366e7	5858.787267303886	-16.950637094761916
4.7773409909855366e7	5849.3701520839295	-16.956764220984066
4.8743409909855366e7	5839.968173453683	-16.96289134720622
4.9713409909855366e7	5830.5813070833565	-16.96901847342837
5.0683409909855366e7	5821.209528682295	-16.97514559965052
5.1653409909855366e7	5811.852813998848	-16.98127272587267
5.2623409909855366e7	5802.511138820387	-16.98739985209482
5.3593409909855366e7	5794.260135544231	-16.993824949975693
5.4563409909855366e7	5786.395111691602	-17.000353853981277
5.5533409909855366e7	5778.540763680023	-17.006882757986865
5.6503409909855366e7	5770.697077018299	-17.01341166199245
5.7473409909855366e7	5762.864037234906	-17.019940565998038
5.8443409909855366e7	5755.041629877966	-17.026469470003622
5.9413409909855366e7	5747.229840515215	-17.032998374009207
6.0383409909855366e7	5739.42865473399	-17.039527278014795
6.1353409909855366e7	5731.6380581411595	-17.04605618202038
6.2323409909855366e7	5723.858036363163	-17.052585086025967
6.3293409909855366e7	5716.088575045937	-17.059113990031552
6.4263409909855366e7	5708.329659854904	-17.06564289403714
6.5233409909855366e7	5701.600425258984	-17.07247995621733
6.6203409909855366e7	5695.001120053242	-17.079353946149222
6.717340990985537e7	5688.409453199182	-17.086227936081112
6.814340990985537e7	5681.825415855811	-17.093101926013006
6.911340990985537e7	5675.248999192367	-17.0999759159449
7.008340990985537e7	5668.68019438831	-17.10684990587679
7.105340990985537e7	5662.118992633311	-17.113723895808683
7.202340990985537e7	5655.565385127236	-17.120597885740573
7.299340990985537e7	5649.01936308014	-17.127471875672466
7.396340990985537e7	5642.480917712247	-17.134345865604356
7.493340990985537e7	5635.950040253947	-17.14121985553625
7.590340990985537e7	5629.426721945789	-17.148093845468146
7.687340990985537e7	5623.4763127724955	-17.155140650045063
7.784340990985537e7	5617.913453012488	-17.16230410874496
7.881340990985537e7	5612.356096149087	-17.169467567444855
7.978340990985537e7	5606.804236738711	-17.176631026144747
8.075340990985537e7	5601.257869343164	-17.183794484844647
8.172340990985537e7	5595.7169885296325	-17.19095794354454
8.269340990985537e7	5590.181588870675	-17.19812140224444
8.366340990985537e7	5584.651664944219	-17.20528486094433
8.463340990985537e7	5579.127211333556	-17.212448319644228
8.560340990985537e7	5573.6082226273365	-17.219611778344124
8.657340990985537e7	5568.094693419563	-17.226775237044016
8.754340990985537e7	5562.586618309585	-17.233938695743916
8.851340990985537e7	5557.083991902096	-17.241102154443812
8.948340990985537e7	5552.234834291978	-17.24847436907108
9.045340990985537e7	5547.425163613689	-17.25585795018437
9.142340990985537e7	5542.619659353548	-17.263241531297666
9.239340990985537e7	5537.81831790237	-17.270625112410958
9.336340990985537e7	5533.021135654087	-17.278008693524253
9.433340990985537e7	5528.228109005754	-17.285392274637545
9.530340990985537e7	5523.439234357546	-17.29277585575084
9.627340990985537e7	5518.654508112759	-17.30015943686413
9.724340990985537e7	5513.873926677813	-17.307543017977423
9.821340990985537e7	5509.09748646221	-17.314926599090718
9.918340990985537e7	5504.3251838785945	-17.32231018020401
1.0015340990985537e8	5499.557015342708	-17.3296937613173
1.0112340990985537e8	5494.805501084488	-17.33708254159581
1.0209340990985537e8	5490.602377343009	-17.344697461711565
1.0306340990985537e8	5486.4024686833345	-17.352312381827325
1.0403340990985537e8	5482.205772646153	-17.35992730194308
1.0500340990985537e8	5478.012286774053	-17.36754222205884
1.0597340990985537e8	5473.8220086115025	-17.375157142174597
1.0694340990985537e8	5469.63493570482	-17.382772062290357
1.0791340990985537e8	5465.45106560223	-17.390386982406117
1.0888340990985537e8	5461.27039585383	-17.398001902521873
1.0985340990985537e8	5457.092924011565	-17.405616822637633
1.1082340990985537e8	5452.918647629291	-17.413231742753393
1.1179340990985537e8	5448.747564262693	-17.42084666286915
1.1276340990985537e8	5444.579671469371	-17.42846158298491
1.1373340990985537e8	5440.414966808748	-17.43607650310067
1.1470340990985537e8	5436.777390849929	-17.443827788448992
1.1567340990985537e8	5433.170757433653	-17.451586498705108
1.1664340990985537e8	5429.566516575251	-17.459345208961217
1.1761340990985537e8	5425.964666687571	-17.46710391921733
1.1858340990985537e8	5422.36520618449	-17.474862629473442
1.1955340990985537e8	5418.768133480945	-17.482621339729555
1.2052340990985537e8	5415.173446992925	-17.490380049985667
1.2149340990985537e8	5411.581145137468	-17.49813876024178
1.2246340990985537e8	5407.991226332656	-17.50589747049789
1.2343340990985537e8	5404.403688997645	-17.513656180754
1.2440340990985537e8	5400.818531552613	-17.521414891010114
1.2537340990985537e8	5397.235752418797	-17.529173601266223
1.2634340990985537e8	5393.655350018471	-17.536932311522335
1.2731340990985537e8	5390.195937590229	-17.544765432439622
1.2828340990985537e8	5386.795256057038	-17.55263402726913
1.2925340990985537e8	5383.3967200182	-17.560502622098635
1.3022340990985537e8	5380.000328120108	-17.56837121692814
1.3119340990985537e8	5376.606079010023	-17.576239811757645
1.3216340990985537e8	5373.2139713360475	-17.58410840658715
1.3313340990985537e8	5369.824003747165	-17.591977001416655
1.3410340990985537e8	5366.436174893184	-17.599845596246162
1.3507340990985537e8	5363.050483424774	-17.607714191075665
1.3604340990985537e8	5359.666927993447	-17.61558278590517
1.3701340990985537e8	5356.285507251591	-17.623451380734675
1.3798340990985537e8	5352.906219852421	-17.631319975564182
1.3895340990985537e8	5349.529064449996	-17.63918857039369
1.3992340990985537e8	5346.2970363633885	-17.647119635942275
1.4089340990985537e8	5343.385095962591	-17.65518976262462
1.4186340990985537e8	5340.4747415935435	-17.66325988930696
1.4283340990985537e8	5337.5659723924	-17.671330015989305
1.4380340990985537e8	5334.658787495785	-17.679400142671646
1.4477340990985537e8	5331.7531860407735	-17.68747026935399
1.4574340990985537e8	5328.849167164912	-17.695540396036336
1.4671340990985537e8	5325.946730006242	-17.703610522718677
1.4768340990985537e8	5323.04587370324	-17.711680649401018
1.4865340990985537e8	5320.14659739488	-17.71975077608336
1.4962340990985537e8	5317.248900220602	-17.727820902765707
1.5059340990985537e8	5314.352781320289	-17.735891029448048
1.5156340990985537e8	5311.458239834329	-17.74396115613039
1.5253340990985537e8	5308.565274903541	-17.752031282812734
1.5350340990985537e8	5305.824329613271	-17.76013972838429
1.5447340990985537e8	5303.0939133836855	-17.768250496465118
1.5544340990985537e8	5300.364902246375	-17.77636126454595
1.5641340990985537e8	5297.637295478271	-17.784472032626784
1.5738340990985537e8	5294.911092356674	-17.792582800707617
1.5835340990985537e8	5292.186292159257	-17.800693568788446
1.5932340990985537e8	5289.462894164066	-17.80880433686928
1.6029340990985537e8	5286.740897649506	-17.816915104950112
1.6126340990985537e8	5284.020301894395	-17.825025873030945
1.6223340990985537e8	5281.3011061778625	-17.83313664111178
1.6320340990985537e8	5278.583309779439	-17.84124740919261
1.6417340990985537e8	5275.866911979043	-17.849358177273444
1.6514340990985537e8	5273.151912056947	-17.857468945354277
1.6611340990985537e8	5270.536547880103	-17.865632726261563
1.6708340990985537e8	5268.035447706664	-17.873857496882295
1.6805340990985537e8	5265.535534414678	-17.882082267503026
1.6902340990985537e8	5263.036807440919	-17.890307038123762
1.6999340990985537e8	5260.539266222426	-17.898531808744494
1.7096340990985537e8	5258.042910196506	-17.90675657936523
1.7193340990985537e8	5255.547738800734	-17.91498134998596
1.7290340990985537e8	5253.053751472951	-17.923206120606693
1.7387340990985537e8	5250.560947651255	-17.93143089122743
1.7484340990985537e8	5248.06932677405	-17.939655661848164
1.7581340990985537e8	5245.578888279938	-17.947880432468896
1.7678340990985537e8	5243.089631607856	-17.95610520308963
1.7775340990985537e8	5240.601556196967	-17.964329973710363
1.7872340990985537e8	5238.114661486712	-17.9725547443311
1.7969340990985537e8	5235.789155194549	-17.980867631064108
1.8066340990985537e8	5233.465631261118	-17.98918104049194
1.8163340990985537e8	5231.1431384546695	-17.99749444991977
1.8260340990985537e8	5228.8216763176215	-18.0058078593476
1.8357340990985537e8	5226.501244392567	-18.01412126877543
1.8454340990985537e8	5224.181842222332	-18.02243467820326
1.8551340990985537e8	5221.863469349944	-18.030748087631096
1.8648340990985537e8	5219.546125318605	-18.039061497058924
1.8745340990985537e8	5217.229809671748	-18.047374906486755
1.8842340990985537e8	5214.914521952999	-18.055688315914587
1.8939340990985537e8	5212.600261706197	-18.06400172534242
1.9036340990985537e8	5210.287028475354	-18.072315134770246
1.9133340990985537e8	5207.974821804714	-18.080628544198078
1.9230340990985537e8	5205.707178264165	-18.089009075333685
1.9327340990985537e8	5203.478346193293	-18.09744794541403
1.9424340990985537e8	5201.25046840052	-18.105886815494372
1.9521340990985537e8	5199.023544477271	-18.114325685574716
1.9618340990985537e8	5196.797574015162	-18.12276455565506
1.9715340990985537e8	5194.572556605961	-18.1312034257354
1.9812340990985537e8	5192.348491841613	-18.139642295815747
1.9909340990985537e8	5190.125379314245	-18.148081165896087
2.0006340990985537e8	5187.903218616154	-18.15652003597643
2.0103340990985537e8	5185.682009339812	-18.16495890605678
2.0200340990985537e8	5183.461751077866	-18.173397776137122
2.0297340990985537e8	5181.24244342313	-18.181836646217462
2.0394340990985537e8	5179.024085968616	-18.190275516297806
2.0491340990985537e8	5176.826145203261	-18.19871065850959
2.0588340990985537e8	5174.719361080336	-18.207128515895814
2.0685340990985537e8	5172.613434343609	-18.21554637328204
2.0782340990985537e8	5170.508364644156	-18.22396423066827
2.0879340990985537e8	5168.404151633221	-18.232382088054496
2.0976340990985537e8	5166.300794962133	-18.240799945440724
2.1073340990985537e8	5164.198294282403	-18.24921780282695
2.1170340990985537e8	5162.096649245673	-18.257635660213182
2.1267340990985537e8	5159.995859503725	-18.26605351759941
2.1364340990985537e8	5157.895924708487	-18.274471374985634
2.1461340990985537e8	5155.796844512024	-18.28288923237186
2.1558340990985537e8	5153.6986185665455	-18.29130708975809
2.1655340990985537e8	5151.601246524411	-18.299724947144316
2.1752340990985537e8	5149.504728038084	-18.308142804530544
2.1849340990985537e8	5147.453647936643	-18.316637254891127
2.1946340990985537e8	5145.421457885791	-18.32516276524014
2.2043340990985537e8	5143.39007013383	-18.33368827558915
2.2140340990985537e8	5141.359484364035	-18.342213785938164
2.2237340990985537e8	5139.329700259769	-18.350739296287177
2.2334340990985537e8	5137.300717504557	-18.35926480663619
2.2431340990985537e8	5135.272535782011	-18.3677903169852
2.2528340990985537e8	5133.245154775897	-18.376315827334217
2.2625340990985537e8	5131.218574170105	-18.384841337683227
2.2722340990985537e8	5129.192793648623	-18.39336684803224
2.2819340990985537e8	5127.167812895598	-18.401892358381254
2.2916340990985537e8	5125.143631595269	-18.410417868730267
2.3013340990985537e8	5123.120249432024	-18.418943379079277
2.3110340990985537e8	5121.115001484183	-18.42747945581921
2.3207340990985537e8	5119.143106512618	-18.43603539137184
2.3304340990985537e8	5117.171970822933	-18.444591326924463
2.3401340990985537e8	5115.201594122747	-18.45314726247709
2.3498340990985537e8	5113.231976119828	-18.461703198029717
2.3595340990985537e8	5111.263116522018	-18.470259133582342
2.3692340990985537e8	5109.295015037304	-18.47881506913497
2.3789340990985537e8	5107.327671373771	-18.487371004687596
2.3886340990985537e8	5105.36108523962	-18.495926940240224
2.3983340990985537e8	5103.39525634316	-18.50448287579285
2.4080340990985537e8	5101.430184392819	-18.513038811345474
2.4177340990985537e8	5099.465869097139	-18.521594746898103
2.4274340990985537e8	5097.502310164754	-18.53015068245073
2.4371340990985537e8	5095.539507304431	-18.538706618003356
2.4468340990985537e8	5093.587544631035	-18.547363453771318
2.4565340990985537e8	5091.636536812299	-18.556022362592888
2.4662340990985537e8	5089.686276292294	-18.564681271414457
2.4759340990985537e8	5087.73676278478	-18.573340180236023
2.4856340990985537e8	5085.787996003628	-18.581999089057593
2.4953340990985537e8	5083.839975662819	-18.59065799787916
2.5050340990985537e8	5081.8927014764395	-18.59931690670073
2.5147340990985537e8	5079.94617315869	-18.607975815522295
2.5244340990985537e8	5078.000390423887	-18.616634724343864
2.5341340990985537e8	5076.055352986433	-18.625293633165434
2.5438340990985537e8	5074.11106056086	-18.633952541987
2.5535340990985537e8	5072.167512861808	-18.64261145080857
2.5632340990985537e8	5070.224709604021	-18.651270359630136
2.5729340990985537e8	5068.302874495271	-18.65994893547711
2.5826340990985537e8	5066.389250613975	-18.668634790757014
2.5923340990985537e8	5064.476349253894	-18.677320646036918
2.6020340990985537e8	5062.564170142231	-18.686006501316825
2.6117340990985537e8	5060.652713006287	-18.694692356596732
2.6214340990985537e8	5058.741977573468	-18.703378211876636
2.6311340990985537e8	5056.831963571283	-18.71206406715654
2.6408340990985537e8	5054.922670727335	-18.720749922436447
2.6505340990985537e8	5053.014098769364	-18.72943577771635
2.6602340990985537e8	5051.106247425152	-18.738121632996258
2.6699340990985537e8	5049.1991164226465	-18.74680748827616
2.6796340990985537e8	5047.292705489861	-18.75549334355607
2.6893340990985537e8	5045.387014354912	-18.764179198835972
2.6990340990985537e8	5043.488665718904	-18.77287419503347
2.7087340990985537e8	5041.598148544247	-18.78157901795594
2.7184340990985537e8	5039.708340017002	-18.790283840878416
2.7281340990985537e8	5037.819239871527	-18.79898866380089
2.7378340990985537e8	5035.93084784231	-18.807693486723366
2.7475340990985537e8	5034.043163663899	-18.81639830964584
2.7572340990985537e8	5032.156187070978	-18.825103132568312
2.7669340990985537e8	5030.269917798299	-18.833807955490787
2.7766340990985537e8	5028.384355580742	-18.842512778413262
2.7863340990985537e8	5026.499500153264	-18.851217601335733
2.7960340990985537e8	5024.615351250923	-18.859922424258208
2.8057340990985537e8	5022.731908608889	-18.868627247180683
2.8154340990985537e8	5020.849171962435	-18.877332070103154
2.8251340990985537e8	5018.97203367628	-18.886041536534464
2.8348340990985537e8	5017.111968108023	-18.894766546092264
2.8445340990985537e8	5015.252591892846	-18.903491555650067
2.8542340990985537e8	5013.393904775296	-18.91221656520787
2.8639340990985537e8	5011.53590649998	-18.92094157476567
2.8736340990985537e8	5009.6785968116	-18.929666584323474
2.8833340990985537e8	5007.821975454979	-18.938391593881278
2.8930340990985537e8	5005.966042175007	-18.947116603439078
2.9027340990985537e8	5004.110796716668	-18.95584161299688
2.9124340990985537e8	5002.256238825071	-18.96456662255468
2.9221340990985537e8	5000.402368245388	-18.973291632112485
2.9318340990985537e8	4998.549184722889	-18.98201664167029
2.9415340990985537e8	4996.696688002962	-18.99074165122809
2.9512340990985537e8	4994.844877831067	-18.99946666078589
2.9609340990985537e8	4992.978562474483	-19.008280379043693
2.9706340990985537e8	4991.112567228889	-19.017096300941642
2.9803340990985537e8	4989.2472693502505	-19.025912222839587
2.9900340990985537e8	4987.382668577945	-19.034728144737535
2.9997340990985537e8	4985.518764651445	-19.04354406663548
3.0094340990985537e8	4983.655557310325	-19.052359988533425
3.0191340990985537e8	4981.793046294254	-19.061175910431373
3.0288340990985537e8	4979.931231342997	-19.069991832329322
3.0385340990985537e8	4978.070112196421	-19.078807754227267
3.0482340990985537e8	4976.209688594485	-19.08762367612521
3.0579340990985537e8	4974.349960277246	-19.09643959802316
3.0676340990985537e8	4972.490926984863	-19.10525551992111
3.0773340990985537e8	4970.632588457587	-19.114071441819053
3.0870340990985537e8	4968.780632743007	-19.122961276010784
3.0967340990985537e8	4966.930606858289	-19.131867226193645
3.1064340990985537e8	4965.08126979364	-19.140773176376506
3.1161340990985537e8	4963.232621292574	-19.149679126559363
3.1258340990985537e8	4961.384661098736	-19.15858507674222
3.1355340990985537e8	4959.53738895583	-19.167491026925077
3.1452340990985537e8	4957.690804607692	-19.17639697710794
3.1549340990985537e8	4955.844907798219	-19.1853029272908
3.1646340990985537e8	4953.999698271436	-19.194208877473656
3.1743340990985537e8	4952.15517577143	-19.203114827656517
3.1840340990985537e8	4950.311340042409	-19.212020777839374
3.1937340990985537e8	4948.4681908286775	-19.22092672802223
3.2034340990985537e8	4946.625727874605	-19.229832678205092
3.2131340990985537e8	4944.793457183583	-19.238708627787133
3.2228340990985537e8	4942.96472160155	-19.24757555952202
3.2325340990985537e8	4941.136662341757	-19.256442491256912
3.2422340990985537e8	4939.309279154096	-19.2653094229918
3.2519340990985537e8	4937.482571788518	-19.274176354726688
3.2616340990985537e8	4935.656539995092	-19.283043286461577
3.2713340990985537e8	4933.831183523971	-19.291910218196463
3.2810340990985537e8	4932.0065021254095	-19.300777149931353
3.2907340990985537e8	4930.182495549726	-19.309644081666242
3.3004340990985537e8	4928.35916354736	-19.31851101340113
3.3101340990985537e8	4926.536505868834	-19.327377945136018
3.3198340990985537e8	4924.714522264771	-19.336244876870907
3.3295340990985537e8	4922.89321248586	-19.345111808605793
3.3392340990985537e8	4921.0620609982525	-19.35404122149982
3.3489340990985537e8	4919.225128776894	-19.363009044717415
3.3586340990985537e8	4917.388882244914	-19.371976867935015
3.3683340990985537e8	4915.553321146359	-19.380944691152614
3.3780340990985537e8	4913.71844522537	-19.389912514370213
3.3877340990985537e8	4911.884254226184	-19.398880337587812
3.3974340990985537e8	4910.050747893134	-19.407848160805408
3.4071340990985537e8	4908.217925970648	-19.416815984023007
3.4168340990985537e8	4906.385788203251	-19.425783807240602
3.4265340990985537e8	4904.554334335558	-19.4347516304582
3.4362340990985537e8	4902.723564112288	-19.443719453675797
3.4459340990985537e8	4900.893477278247	-19.452687276893396
3.4556340990985537e8	4899.064073578341	-19.461655100110995
3.4653340990985537e8	4897.248494368458	-19.470637201868204
3.4750340990985537e8	4895.44301421473	-19.479629549102057
3.4847340990985537e8	4893.63819969163	-19.48862189633591
3.4944340990985537e8	4891.834050553766	-19.497614243569764
3.5041340990985537e8	4890.03056655582	-19.50660659080362
3.5138340990985537e8	4888.2277474525645	-19.515598938037474
3.5235340990985537e8	4886.42559299888	-19.524591285271327
3.5332340990985537e8	4884.624102949739	-19.533583632505184
3.5429340990985537e8	4882.823277060182	-19.542575979739038
3.5526340990985537e8	4881.023115085345	-19.55156832697289
3.5623340990985537e8	4879.2236167804695	-19.560560674206744
3.5720340990985537e8	4877.424781900887	-19.5695530214406
3.5817340990985537e8	4875.6266102019945	-19.57854536867445
3.5914340990985537e8	4873.876044012472	-19.58728983657526
3.6011340990985537e8	4872.166051281379	-19.59582330219419
3.6108340990985537e8	4870.4566584988825	-19.604356767813126
3.6205340990985537e8	4868.74786545451	-19.61289023343206
3.6302340990985537e8	4867.039671937836	-19.621423699050997
3.6399340990985537e8	4865.332077738507	-19.629957164669936
3.6496340990985537e8	4863.625082646272	-19.638490630288867
3.6593340990985537e8	4861.918686450926	-19.647024095907803
3.6690340990985537e8	4860.2128889423375	-19.65555756152674
3.6787340990985537e8	4858.507689910476	-19.664091027145677
3.6884340990985537e8	4856.803089145358	-19.672624492764612
3.6981340990985537e8	4855.099086437083	-19.681157958383547
3.7078340990985537e8	4853.395681575815	-19.689691424002483
3.7175340990985537e8	4851.6928743518165	-19.698224889621418
3.7272340990985537e8	4849.99066455539	-19.706758355240353
3.7369340990985537e8	4848.289051976947	-19.71529182085929
3.7466340990985537e8	4846.588036406945	-19.723825286478224
3.7563340990985537e8	4844.887617635925	-19.73235875209716
3.7660340990985537e8	4843.1877954544925	-19.740892217716095
3.7757340990985537e8	4841.488569653351	-19.749425683335033
3.7854340990985537e8	4839.789940023254	-19.757959148953965
3.7951340990985537e8	4838.091906355034	-19.7664926145729
3.8048340990985537e8	4836.394468439591	-19.775026080191836
3.8145340990985537e8	4834.697626067924	-19.78355954581077
3.8242340990985537e8	4833.001379031077	-19.792093011429706
3.8339340990985537e8	4831.305727120171	-19.80062647704864
3.8436340990985537e8	4829.61067012643	-19.809159942667577
3.8533340990985537e8	4827.9162078410955	-19.817693408286512
3.8630340990985537e8	4826.219595437675	-19.82627043922557
3.8727340990985537e8	4824.523377195408	-19.834850678551618
3.8824340990985537e8	4822.827755104284	-19.843430917877658
3.8921340990985537e8	4821.13272895478	-19.852011157203705
3.9018340990985537e8	4819.438298537446	-19.860591396529745
3.9115340990985537e8	4817.744463642908	-19.86917163585579
3.9212340990985537e8	4816.051224061863	-19.877751875181833
3.9309340990985537e8	4814.358579585083	-19.886332114507876
3.9406340990985537e8	4812.666530003423	-19.894912353833917
3.9503340990985537e8	4810.975075107774	-19.903492593159964
3.9600340990985537e8	4809.2842146891635	-19.912072832486004
3.9697340990985537e8	4807.5939485386325	-19.920653071812048
3.9794340990985537e8	4805.904276447327	-19.92923331113809
3.9891340990985537e8	4804.215198206461	-19.937813550464135
3.9988340990985537e8	4802.52671360732	-19.94639378979018
4.0085340990985537e8	4800.83882244127	-19.954974029116222
4.0182340990985537e8	4799.151524499721	-19.963554268442266
4.0279340990985537e8	4797.464819574203	-19.97213450776831
4.0376340990985537e8	4795.778707456295	-19.980714747094353
4.0473340990985537e8	4794.093187937633	-19.989294986420397
4.0570340990985537e8	4792.408260809951	-19.99787522574644
4.0667340990985537e8	4790.723925865047	-20.006455465072484
4.0764340990985537e8	4789.040182894794	-20.015035704398525
4.0861340990985537e8	4787.357031691137	-20.02361594372457
4.0958340990985537e8	4785.674472046095	-20.032196183050612
4.1055340990985537e8	4783.992503751758	-20.040776422376656
4.1152340990985537e8	4782.311126600291	-20.0493566617027
4.1249340990985537e8	4780.6279108464305	-20.057964924032653
4.1346340990985537e8	4778.939025712745	-20.066645437498405
4.1443340990985537e8	4777.250737223058	-20.075325950964157
4.1540340990985537e8	4775.563045166598	-20.08400646442991
4.1637340990985537e8	4773.87594933266	-20.092686977895664
4.1734340990985537e8	4772.18944951061	-20.101367491361415
4.1831340990985537e8	4770.503545489901	-20.110048004827167
4.1928340990985537e8	4768.8182370600325	-20.11872851829292
4.2025340990985537e8	4767.133524010605	-20.12740903175867
4.2122340990985537e8	4765.449406131284	-20.136089545224422
4.2219340990985537e8	4763.76588321181	-20.144770058690177
4.2316340990985537e8	4762.082955041998	-20.153450572155926
4.2413340990985537e8	4760.4006214117435	-20.16213108562168
4.2510340990985537e8	4758.718882110994	-20.170811599087433
4.2607340990985537e8	4757.037736929794	-20.179492112553184
4.2704340990985537e8	4755.357185658257	-20.188172626018936
4.2801340990985537e8	4753.677228086565	-20.196853139484688
4.2898340990985537e8	4751.997864004989	-20.20553365295044
4.2995340990985537e8	4750.319093203845	-20.214214166416195
4.3092340990985537e8	4748.640915473548	-20.222894679881946
4.3189340990985537e8	4746.963330604582	-20.231575193347698
4.3286340990985537e8	4745.286338387501	-20.24025570681345
4.3383340990985537e8	4743.609938612935	-20.2489362202792
4.3480340990985537e8	4741.934131071597	-20.257616733744957
4.3577340990985537e8	4740.258915554248	-20.266297247210705
4.3674340990985537e8	4738.584291851747	-20.274977760676457
4.3771340990985537e8	4736.91025975502	-20.283658274142212
4.3868340990985537e8	4735.236819055075	-20.292338787607964
4.3965340990985537e8	4733.549701409692	-20.301089408295063
4.4062340990985537e8	4731.858145138465	-20.3098648008316
4.4159340990985537e8	4730.167193352843	-20.318640193368136
4.4256340990985537e8	4728.476845836795	-20.32741558590467
4.4353340990985537e8	4726.787102374398	-20.336190978441206
4.4450340990985537e8	4725.0979627497745	-20.344966370977744
4.4547340990985537e8	4723.409426747156	-20.35374176351428
4.4644340990985537e8	4721.72149415082	-20.362517156050814
4.4741340990985537e8	4720.034164745152	-20.37129254858735
4.4838340990985537e8	4718.347438314591	-20.380067941123887
4.4935340990985537e8	4716.661314643653	-20.38884333366042
4.5032340990985537e8	4714.975793516955	-20.397618726196956
4.5129340990985537e8	4713.290874719159	-20.40639411873349
4.5226340990985537e8	4711.606558035036	-20.415169511270026
4.5323340990985537e8	4709.922843249409	-20.42394490380656
4.5420340990985537e8	4708.23973014718	-20.432720296343096
4.5517340990985537e8	4706.557218513351	-20.441495688879634
4.5614340990985537e8	4704.875308132967	-20.45027108141617
4.5711340990985537e8	4703.193998791184	-20.459046473952704
4.5808340990985537e8	4701.513290273209	-20.46782186648924
4.5905340990985537e8	4699.833182364328	-20.476597259025773
4.6002340990985537e8	4698.153674849927	-20.48537265156231
4.6099340990985537e8	4696.474767515442	-20.494148044098846
4.6196340990985537e8	4694.79646014639	-20.50292343663538
4.6293340990985537e8	4693.118752528386	-20.51169882917192
4.6390340990985537e8	4691.44164444709	-20.520474221708454
4.6487340990985537e8	4689.76513568827	-20.52924961424499
4.6584340990985537e8	4688.090528082039	-20.538034237259637
4.6681340990985537e8	4686.420526437714	-20.546847283985546
4.6778340990985537e8	4684.751119684951	-20.55566033071146
4.6875340990985537e8	4683.082307611835	-20.564473377437377
4.6972340990985537e8	4681.414090006528	-20.573286424163292
4.7069340990985537e8	4679.746466657267	-20.582099470889204
4.7166340990985537e8	4678.079437352367	-20.59091251761512
4.7263340990985537e8	4676.4130018802225	-20.599725564341032
4.7360340990985537e8	4674.747160029272	-20.608538611066948
4.7457340990985537e8	4673.0819115880895	-20.617351657792863
4.7554340990985537e8	4671.417256345264	-20.626164704518775
4.7651340990985537e8	4669.753194089491	-20.63497775124469
4.7748340990985537e8	4668.089724609539	-20.643790797970603
4.7845340990985537e8	4666.426847694245	-20.65260384469652
4.7942340990985537e8	4664.764563132519	-20.661416891422434
4.8039340990985537e8	4663.102870713374	-20.670229938148346
4.8136340990985537e8	4661.4417702258515	-20.67904298487426
4.8233340990985537e8	4659.7812614591	-20.687856031600177
4.8330340990985537e8	4658.121344202338	-20.69666907832609
4.8427340990985537e8	4656.462018244853	-20.705482125052004
4.8524340990985537e8	4654.803283376014	-20.71429517177792
4.8621340990985537e8	4653.145139385261	-20.723108218503832
4.8718340990985537e8	4651.4875860621105	-20.731921265229744
4.8815340990985537e8	4649.830623196153	-20.74073431195566
4.8912340990985537e8	4648.174250577055	-20.749547358681575
4.9009340990985537e8	4646.518467994557	-20.75836040540749
4.9106340990985537e8	4644.863275238476	-20.767173452133402
4.9203340990985537e8	4643.208672098702	-20.775986498859314
4.9300340990985537e8	4641.545143449233	-20.78488682897095
4.9397340990985537e8	4639.8750818088165	-20.79385257911679
4.9494340990985537e8	4638.205621068693	-20.802818329262635
4.9591340990985537e8	4636.536761012673	-20.811784079408476
4.9688340990985537e8	4634.868501424608	-20.820749829554316
4.9785340990985537e8	4633.200842088464	-20.82971557970016
4.9882340990985537e8	4631.533782788248	-20.838681329846004
4.9979340990985537e8	4629.867323308079	-20.847647079991845
5.0076340990985537e8	4628.201463432121	-20.856612830137685
5.0173340990985537e8	4626.53620294465	-20.86557858028353
5.0270340990985537e8	4624.871541629983	-20.874544330429373
5.0367340990985537e8	4623.207479272551	-20.883510080575213
5.0464340990985537e8	4621.5440156568275	-20.892475830721054
5.0561340990985537e8	4619.881150567398	-20.901441580866898
5.0658340990985537e8	4618.218883788901	-20.910407331012742
5.0755340990985537e8	4616.5572151060505	-20.919373081158582
5.0852340990985537e8	4614.896144303656	-20.928338831304423
5.0949340990985537e8	4613.235671166603	-20.93730458145027
5.1046340990985537e8	4611.575795479841	-20.94627033159611
5.1143340990985537e8	4609.916517028393	-20.95523608174195
5.1240340990985537e8	4608.257835597378	-20.964201831887795
5.1337340990985537e8	4606.599750971993	-20.97316758203364
5.1434340990985537e8	4604.942262937486	-20.98213333217948
5.1531340990985537e8	4603.285371279214	-20.99109908232532
5.1628340990985537e8	4601.629075782591	-21.000064832471164
5.1725340990985537e8	4599.973376233103	-21.009030582617008
5.1822340990985537e8	4598.3182724163435	-21.01799633276285
5.1919340990985537e8	4596.6638674589485	-21.026963871908983
5.2016340990985537e8	4595.014670389633	-21.036011292342835
5.2113340990985537e8	4593.366065021404	-21.04505871277669
5.2210340990985537e8	4591.7180511419565	-21.05410613321055
5.2307340990985537e8	4590.070628539082	-21.063153553644405
5.2404340990985537e8	4588.423797000642	-21.07220097407826
5.2501340990985537e8	4586.777556314572	-21.081248394512116
5.2598340990985537e8	4585.131906268896	-21.09029581494597
5.2695340990985537e8	4583.486846651686	-21.099343235379827
5.2792340990985537e8	4581.842377251115	-21.108390655813682
5.2889340990985537e8	4580.198497855425	-21.117438076247538
5.2986340990985537e8	4578.555208252932	-21.126485496681397
5.3083340990985537e8	4576.91250823203	-21.13553291711525
5.3180340990985537e8	4575.270397581188	-21.144580337549108
5.3277340990985537e8	4573.628876088952	-21.15362775798296
5.3374340990985537e8	4571.9879435439425	-21.16267517841682
5.3471340990985537e8	4570.347599734855	-21.171722598850675
5.3568340990985537e8	4568.707844450471	-21.18077001928453
5.3665340990985537e8	4567.068677479623	-21.189817439718382
5.376234099098554e8	4565.430098611243	-21.198864860152245
5.385934099098554e8	4563.792107634331	-21.207912280586097
5.395634099098554e8	4562.15470433797	-21.216959701019956
5.405334099098554e8	4560.517888511286	-21.22600712145381
5.415034099098554e8	4558.881659943541	-21.235054541887664
5.424734099098554e8	4557.246018424012	-21.244101962321523
5.434434099098554e8	4555.610963742076	-21.253149382755378
5.444134099098554e8	4553.976495687211	-21.26219680318923
5.453834099098554e8	4552.342614048924	-21.27124422362309
5.463534099098554e8	4550.719155652244	-21.280302029628988
5.473234099098554e8	4549.119170808058	-21.289384015422307
5.482934099098554e8	4547.519748501654	-21.298466001215623
5.492634099098554e8	4545.920888535252	-21.307547987008938
5.502334099098554e8	4544.322590711154	-21.316629972802254
5.512034099098554e8	4542.724854831708	-21.32571195859557
5.521734099098554e8	4541.127680699341	-21.334793944388885
5.531434099098554e8	4539.531068116548	-21.3438759301822
5.541134099098554e8	4537.935016885887	-21.352957915975516
5.550834099098554e8	4536.3395268100085	-21.36203990176883
5.560534099098554e8	4534.744597691608	-21.371121887562147
5.570234099098554e8	4533.150229333458	-21.380203873355462
5.579934099098554e8	4531.556421538403	-21.389285859148778
5.589634099098554e8	4529.963174109353	-21.398367844942094
5.599334099098554e8	4528.370486849281	-21.407449830735413
5.609034099098554e8	4526.778359561264	-21.416531816528728
5.618734099098554e8	4525.186792048387	-21.425613802322044
5.628434099098554e8	4523.595784113857	-21.434695788115356
5.638134099098554e8	4522.005335560947	-21.443777773908675
5.647834099098554e8	4520.415446192953	-21.45285975970199
5.657534099098554e8	4518.8261158132955	-21.461941745495306
5.667234099098554e8	4517.237344225431	-21.47102373128862
5.676934099098554e8	4515.649131232895	-21.480105717081937
5.686634099098554e8	4514.061476639292	-21.489187702875252
5.696334099098554e8	4512.4743802482935	-21.49826968866857
5.706034099098554e8	4510.887841863634	-21.507351674461884
5.715734099098554e8	4509.30186128914	-21.516433660255203
5.725434099098554e8	4507.716438328684	-21.525515646048515
5.735134099098554e8	4506.139280587883	-21.534625261705738
5.744834099098554e8	4504.600456089519	-21.543870357728295
5.754534099098554e8	4503.062157092195	-21.55311545375086
5.764234099098554e8	4501.524383416437	-21.56236054977342
5.773934099098554e8	4499.9871348828665	-21.571605645795977
5.783634099098554e8	4498.450411312143	-21.58085074181854
5.793334099098554e8	4496.9142125249855	-21.590095837841098
5.803034099098554e8	4495.3785383422	-21.59934093386366
5.812734099098554e8	4493.843388584627	-21.608586029886222
5.822434099098554e8	4492.308763073172	-21.617831125908783
5.832134099098554e8	4490.774661628813	-21.62707622193134
5.841834099098554e8	4489.241084072593	-21.636321317953904
5.851534099098554e8	4487.7080302256	-21.645566413976464
5.861234099098554e8	4486.175499908988	-21.654811509999025
5.870934099098554e8	4484.643492943974	-21.664056606021582
5.880634099098554e8	4483.112009151829	-21.673301702044146
5.890334099098554e8	4481.5810483539	-21.682546798066703
5.900034099098554e8	4480.050610371593	-21.691791894089267
5.909734099098554e8	4478.520695026364	-21.701036990111824
5.919434099098554e8	4476.991302139725	-21.710282086134384
5.929134099098554e8	4475.462431533276	-21.719527182156945
5.938834099098554e8	4473.934083028652	-21.72877227817951
5.948534099098554e8	4472.406256447551	-21.73801737420207
5.958234099098554e8	4470.878951611753	-21.74726247022463
5.967934099098554e8	4469.35216834307	-21.75650756624719
5.977634099098554e8	4467.825906463404	-21.76575266226975
5.987334099098554e8	4466.300165794689	-21.77499775829231
5.997034099098554e8	4464.774946158948	-21.784242854314872
6.006734099098554e8	4463.250247378244	-21.793487950337433
6.016434099098554e8	4461.9758888213355	-21.802849009298896
6.026134099098554e8	4460.729201738429	-21.812222747322032
6.035834099098554e8	4459.482862982972	-21.82159648534517
6.045534099098554e8	4458.236872457633	-21.830970223368308
6.055234099098554e8	4456.991230065131	-21.840343961391447
6.064934099098554e8	4455.745935708191	-21.849717699414583
6.074634099098554e8	4454.50098928957	-21.85909143743772
6.084334099098554e8	4453.256390712044	-21.86846517546086
6.094034099098554e8	4452.012139878442	-21.877838913483995
6.103734099098554e8	4450.768236691597	-21.887212651507134
6.113434099098554e8	4449.524681054374	-21.89658638953027
6.123134099098554e8	4448.281472869667	-21.905960127553406
6.132834099098554e8	4447.038612040389	-21.915333865576546
6.142534099098554e8	4445.796098469505	-21.924707603599682
6.152234099098554e8	4444.55393205998	-21.93408134162282
6.161934099098554e8	4443.312112714819	-21.943455079645958
6.171634099098554e8	4442.070640337049	-21.952828817669094
6.181334099098554e8	4440.8295148297275	-21.962202555692233
6.191034099098554e8	4439.588736095938	-21.97157629371537
6.200734099098554e8	4438.348304038783	-21.980950031738505
6.210434099098554e8	4437.108218561408	-21.990323769761645
6.220134099098554e8	4435.868479566994	-21.999697507784784
6.229834099098554e8	4434.629086958701	-22.009071245807917
6.239534099098554e8	4433.3900406397715	-22.01844498383106
6.249234099098554e8	4432.151340513444	-22.027818721854192
6.258934099098554e8	4430.91298648299	-22.037192459877332
6.268634099098554e8	4429.674978451703	-22.046566197900468
6.278334099098554e8	4428.437316322926	-22.055939935923607
6.288034099098554e8	4427.2000000000035	-22.065313673946743
