-2.2488e7	10346.836137333497	-15.934287318510737
-2.1821e7	10304.964579946114	-15.936605057276703
-2.1154e7	10263.262468299901	-15.938922796042668
-2.0487e7	10221.729116682143	-15.941240534808635
-1.982e7	10180.363842155051	-15.943558273574599
-1.9153e7	10139.165964544602	-15.945876012340564
-1.8486e7	10094.26111356482	-15.947898863984273
-1.7819e7	10044.664451294922	-15.949547590129333
-1.7152e7	9995.311474905591	-15.951196316274395
-1.6485e7	9946.200987082253	-15.952845042419455
-1.5818e7	9897.331796393088	-15.954493768564515
-1.5151e7	9844.858242202752	-15.955819036699662
-1.4484e7	9785.818455880319	-15.956565057854718
-1.3817e7	9727.132732184595	-15.957311079009774
-1.315e7	9668.79894779586	-15.958057100164831
-1.2483e7	9607.27771663924	-15.958483565248784
-1.1816e7	9535.632410922963	-15.957953275628833
-1.1149e7	9464.521392856379	-15.957422986008886
-1.0482e7	9393.94067804315	-15.956892696388936
-9.815e6	9307.725450595099	-15.954783035509278
-9.148e6	9220.059210854182	-15.952451992675268
-8.481e6	9131.64003278346	-15.949962557461998
-7.814e6	9024.797454712712	-15.945518560288702
-7.147e6	8905.468638296014	-15.939653318025783
-6.48e6	8771.577726096708	-15.932110352823965
-5.813e6	8619.082362859583	-15.922331356683443
-5.146e6	8443.563389085199	-15.909768743195684
-4.479e6	8240.650846070475	-15.893858420750133
-3.812e6	8009.290164848149	-15.87434903489851
-3.145e6	7759.313830588672	-15.852443434639973
-2.478e6	7511.654538569944	-15.830696641782616
-1.811e6	7298.136152050209	-15.81403717086207
-1.144e6	7126.622564902324	-15.803044548345635
-477000.0	7003.64374272872	-15.799197917715059
190000.0	6890.085664966447	-15.796626056222628
857000.0	6796.428610798746	-15.797254536198064
1.524e6	6704.0446385957775	-15.797883016173502
2.191e6	6627.848519683711	-15.801199175085111
2.858e6	6557.575570093505	-15.80543466079581
3.525e6	6488.047702022493	-15.809670146506509
4.192e6	6430.420621521533	-15.816084926015614
4.859e6	6375.859880643186	-15.823002310183025
5.526e6	6321.76207595835	-15.829919694350435
6.193e6	6273.2510794972395	-15.837872803825782
6.86e6	6230.634833057947	-15.846949027931926
7.527e6	6188.308092719635	-15.856025252038066
8.194e6	6146.268891772681	-15.86510147614421
8.861e6	6110.4629845835525	-15.875465365147146
9.528e6	6076.88956688678	-15.886269702907544
1.0195e7	6043.500615470019	-15.897074040667938
1.0862e7	6010.295116798993	-15.907878378428336
1.1529e7	5981.106005475536	-15.919557599240624
1.2196e7	5954.4666421190905	-15.931788702271469
1.2863e7	5927.94592833673	-15.944019805302311
1.353e7	5901.543335672805	-15.956250908333155
1.4197e7	5875.699589617883	-15.968584762945923
1.4864e7	5854.672570735417	-15.982018239751213
1.5531e7	5833.720800002794	-15.995451716556502
1.6198e7	5812.844008133884	-16.00888519336179
1.6865e7	5792.041926806271	-16.02231867016708
1.7532e7	5771.9727245944605	-16.03592078055145
1.8199e7	5754.905157571461	-16.050276213071868
1.8866e7	5737.888058881894	-16.064631645592286
1.9533e7	5720.921279292284	-16.078987078112704
2.02e7	5704.004670010407	-16.093342510633125
2.0867e7	5687.138082684009	-16.107697943153543
2.1534e7	5673.269060153308	-16.12284203094104
2.2201e7	5659.687753036852	-16.138054194834655
2.2868e7	5646.138958375038	-16.153266358728267
2.3535e7	5632.62259833591	-16.168478522621882
2.4202e7	5619.138595273834	-16.183690686515497
2.4869e7	5606.525501609665	-16.19912209000345
2.5536e7	5595.652812636789	-16.21500198362046
2.6203e7	5584.801208980562	-16.230881877237472
2.687e7	5573.970649750391	-16.246761770854484
2.7537e7	5563.1610941350045	-16.262641664471495
2.8204e7	5552.372501402274	-16.27852155808851
2.8871e7	5542.318850888149	-16.294611821749722
2.9538e7	5533.204452465973	-16.310973903749833
3.0205e7	5524.10504276256	-16.327335985749944
3.0872e7	5515.020597128821	-16.343698067750054
3.1539e7	5505.951090956204	-16.36006014975017
3.2206e7	5496.896499676599	-16.37642223175028
3.2873e7	5488.260235325363	-16.39290665868106
3.354e7	5480.787902227726	-16.409740440500578
3.4207e7	5473.325742802541	-16.42657422232009
3.4874e7	5465.873743198213	-16.443408004139606
3.5541e7	5458.431889582029	-16.46024178595912
3.6208e7	5451.0001681401045	-16.477075567778638
3.6875e7	5443.578565077361	-16.49390934959815
3.7542e7	5437.776112957275	-16.51114620752081
3.8209e7	5432.3147663692	-16.528467039631614
3.8876e7	5426.858904800366	-16.545787871742426
3.9543e7	5421.408522741968	-16.563108703853235
4.021e7	5415.963614690746	-16.580429535964043
4.0877e7	5410.524175148964	-16.597750368074852
4.1544e7	5405.027518821034	-16.615084879015257
4.2211e7	5399.262257170053	-16.632479289991707
4.2878e7	5393.503145023729	-16.649873700968158
4.3545e7	5387.750175822717	-16.667268111944608
4.4212e7	5382.003343014627	-16.684662522921062
4.4879e7	5376.262640054116	-16.702056933897513
4.5546e7	5370.528060402796	-16.719451344873963
4.6213e7	5365.425465423753	-16.737018448092982
4.688e7	5361.492585023067	-16.7549072184076
4.7547e7	5357.562587440983	-16.772795988722212
4.8214e7	5353.635470564347	-16.790684759036825
4.8881e7	5349.711232281617	-16.80857352935144
4.9548e7	5345.789870482761	-16.826462299666055
5.0215e7	5341.871383059304	-16.84435106998067
5.0882e7	5338.095490551174	-16.862286395623894
5.1549e7	5334.621943833791	-16.880321639543144
5.2216e7	5331.150657384479	-16.898356883462395
5.2883e7	5327.68162973247	-16.916392127381645
5.355e7	5324.214859407926	-16.9344273713009
5.4217e7	5320.750344942004	-16.95246261522015
5.4884e7	5317.2880848667755	-16.9704978591394
5.5551e7	5313.905768328128	-16.988558747625465
5.6218e7	5311.017072769289	-17.00678195776519
5.6885e7	5308.129947535997	-17.02500516790492
5.7552e7	5305.244391774625	-17.043228378044645
5.8219e7	5302.360404631982	-17.061451588184372
5.8886e7	5299.477985255351	-17.079674798324103
5.9553e7	5296.597132792476	-17.09789800846383
6.022e7	5293.717846391559	-17.116121218603556
6.0887e7	5291.241145597974	-17.134498205961926
6.1554e7	5288.853541673006	-17.152908928724745
6.2221e7	5286.467015123336	-17.17131965148757
6.2888e7	5284.08156546281	-17.189730374250388
6.3555e7	5281.6971922055	-17.20814109701321
6.4222e7	5279.313894865689	-17.22655181977603
6.4889e7	5276.931672957894	-17.244962542538854
6.5556e7	5274.698794049045	-17.263415528621938
6.6223e7	5272.690290130816	-17.28193222745474
6.689e7	5270.6825510122735	-17.300448926287537
6.7557e7	5268.675576402197	-17.31896562512034
6.8224e7	5266.669366009468	-17.33748232395314
6.8891e7	5264.663919543106	-17.35599902278594
6.9558e7	5262.659236712212	-17.374515721618742
7.0225e7	5260.655317226009	-17.393032420451544
7.0892e7	5258.986583947179	-17.41164722268065
7.1559e7	5257.367208163113	-17.430276352725368
7.2226e7	5255.748331026047	-17.448905482770087
7.2893e7	5254.129952382443	-17.46753461281481
7.356e7	5252.512072078804	-17.486163742859524
7.4227e7	5250.894689961676	-17.504792872904243
7.4894e7	5249.277805877667	-17.523422002948966
7.5561e7	5247.726992917542	-17.542082314251452
7.6228e7	5246.3526597502105	-17.560826349815134
7.6895e7	5244.978686508558	-17.579570385378815
7.7562e7	5243.605073098306	-17.598314420942497
7.8229e7	5242.231819425226	-17.617058456506175
7.8896e7	5240.858925395115	-17.63580249206986
7.9563e7	5239.4863909137675	-17.654546527633542
8.023e7	5238.114215887022	-17.673290563197224
8.0897e7	5236.874570399817	-17.692089369144966
8.1564e7	5235.714439848521	-17.710921011054385
8.2231e7	5234.554566302215	-17.7297526529638
8.2898e7	5233.394949703964	-17.74858429487322
8.3565e7	5232.235589996856	-17.767415936782633
8.4232e7	5231.076487123963	-17.78624757869205
8.4899e7	5229.917641028396	-17.805079220601463
8.5566e7	5228.759051653283	-17.823910862510886
8.6233e7	5227.788111077898	-17.842773547836128
8.69e7	5226.827414416181	-17.861637900580234
8.7567e7	5225.866894299126	-17.880502253324337
8.8234e7	5224.906550694288	-17.899366606068444
8.8901e7	5223.9463835692195	-17.91823095881255
8.9568e7	5222.98639289151	-17.937095311556657
9.0235e7	5222.026578628724	-17.95595966430076
9.0902e7	5221.097774686708	-17.974847287274287
9.1569e7	5220.265238157739	-17.993807450160507
9.2236e7	5219.4328343819	-18.012767613046723
9.2903e7	5218.600563338023	-18.031727775932943
9.357e7	5217.768425004942	-18.05068793881916
9.4237e7	5216.936419361487	-18.06964810170538
9.4904e7	5216.104546386528	-18.088608264591596
9.5571e7	5215.272806058882	-18.107568427477815
9.6238e7	5214.505264827693	-18.126527900326423
9.6905e7	5213.789883482699	-18.14548681251946
9.7572e7	5213.074600281324	-18.1644457247125
9.8239e7	5212.359415210122	-18.183404636905543
9.8906e7	5211.644328255614	-18.202363549098585
9.9573e7	5210.929339404355	-18.221322461291624
1.0024e8	5210.214448642879	-18.240281373484663
1.00907e8	5209.4996559577185	-18.259240285677702
1.01574e8	5208.82575049667	-18.27824693307919
1.02241e8	5208.158540084629	-18.297261314582393
1.02908e8	5207.491415137107	-18.316275696085594
1.03575e8	5206.824375643146	-18.335290077588795
1.04242e8	5206.1574215918	-18.354304459092
1.04909e8	5205.490552972115	-18.3733188405952
1.05576e8	5204.823769773168	-18.3923332220984
1.06243e8	5204.170964172031	-18.41132459554019
1.0691e8	5203.569140020073	-18.43023165972196
1.07577e8	5202.96738546465	-18.449138723903733
1.08244e8	5202.365700497731	-18.468045788085508
1.08911e8	5201.764085111241	-18.48695285226728
1.09578e8	5201.162539297171	-18.50585991644905
1.10245e8	5200.5610630474475	-18.524766980630822
1.10912e8	5199.959656354034	-18.543674044812597
1.11579e8	5199.358763512441	-18.562711388497714
1.12246e8	5198.7582776931595	-18.581847730855554
1.12913e8	5198.157861225366	-18.600984073213393
1.1358e8	5197.557514101032	-18.620120415571236
1.14247e8	5196.95723631216	-18.639256757929076
1.14914e8	5196.3570278507395	-18.658393100286915
1.15581e8	5195.7568887087655	-18.677529442644758
1.16248e8	5195.1539385491715	-18.696679222132335
1.16915e8	5194.51391856982	-18.716002284605477
1.17582e8	5193.873977438107	-18.73532534707862
1.18249e8	5193.2341151443015	-18.754648409551763
1.18916e8	5192.594331678708	-18.773971472024908
1.19583e8	5191.954627031598	-18.79329453449805
1.2025e8	5191.315001193279	-18.812617596971194
1.20917e8	5190.675454154034	-18.831940659444335
1.21584e8	5190.203596264515	-18.851083958355108
1.22251e8	5189.795150257072	-18.87015928881151
1.22918e8	5189.38673639252	-18.889234619267917
1.23585e8	5188.978354668337	-18.90830994972432
1.24252e8	5188.570005081966	-18.927385280180722
1.24919e8	5188.1616876309145	-18.946460610637125
1.25586e8	5187.753402312618	-18.965535941093528
1.26253e8	5187.083727510454	-18.98440545171152
1.2692e8	5185.986441967097	-19.002938166230287
1.27587e8	5184.889388545616	-19.02147088074906
1.28254e8	5183.7925671968915	-19.04000359526783
1.28921e8	5182.695977871838	-19.0585363097866
1.29588e8	5181.599620521382	-19.077069024305374
1.30255e8	5180.503495096443	-19.095601738824143
1.30922e8	5179.407601547949	-19.114134453342913
1.31589e8	5178.311939826856	-19.132667167861683
1.32256e8	5177.216509884135	-19.151199882380453
1.32923e8	5176.121311670735	-19.169732596899227
1.3359e8	5175.026345137654	-19.188265311417997
1.34257e8	5173.931610235864	-19.206798025936767
1.34924e8	5172.837106916384	-19.22533074045554
1.35591e8	5171.742835130206	-19.243863454974306
1.36258e8	5170.516258185161	-19.2624733802395
1.36925e8	5169.229506923585	-19.28111853922958
1.37592e8	5167.943075887056	-19.299763698219667
1.38259e8	5166.656964995881	-19.318408857209754
1.38926e8	5165.371174170388	-19.337054016199836
1.39593e8	5164.085703330925	-19.355699175189923
1.4026e8	5162.800552397866	-19.374344334180005
1.40927e8	5161.515721291574	-19.39298949317009
1.41594e8	5160.23120993249	-19.411634652160174
1.42261e8	5158.947018241013	-19.43027981115026
1.42928e8	5157.663146137601	-19.448924970140347
1.43595e8	5156.379593542719	-19.46757012913043
1.44262e8	5155.096360376852	-19.486215288120512
1.44929e8	5153.813446560508	-19.504860447110598
1.45596e8	5152.340795851608	-19.523435508651612
1.46263e8	5150.630431616833	-19.54192271156559
1.4693e8	5148.920635152307	-19.560409914479564
1.47597e8	5147.211406269563	-19.578897117393538
1.48264e8	5145.502744780168	-19.597384320307512
1.48931e8	5143.79465049579	-19.61587152322149
1.49598e8	5142.0871232281215	-19.634358726135464
1.50265e8	5140.380162788946	-19.65284592904944
1.50932e8	5138.673768990101	-19.671333131963415
1.51599e8	5136.967941643492	-19.689820334877385
1.52266e8	5135.262680561064	-19.708307537791363
1.52933e8	5133.557985554858	-19.726794740705337
1.536e8	5131.853856436942	-19.74528194361931
1.54267e8	5130.150293019474	-19.76376914653329
1.54934e8	5128.22083743226	-19.78231888842777
1.55601e8	5126.066422717287	-19.8009309820603
1.56268e8	5123.912913092581	-19.819543075692835
1.56935e8	5121.760308177904	-19.83815516932537
1.57602e8	5119.608607593179	-19.8567672629579
1.58269e8	5117.457810958488	-19.875379356590432
1.58936e8	5115.307917894073	-19.893991450222963
1.59603e8	5113.158928020337	-19.912603543855496
1.6027e8	5111.01084095783	-19.93121563748803
1.60937e8	5108.863656327299	-19.94982773112056
1.61604e8	5106.7173737495905	-19.968439824753098
1.62271e8	5104.571992845777	-19.987051918385628
1.62938e8	5102.42751323702	-20.00566401201816
1.63605e8	5100.279587407517	-20.024276511857686
1.64272e8	5097.557279804	-20.04294279350296
1.64939e8	5094.83642524998	-20.061609075148237
1.65606e8	5092.117022969873	-20.080275356793514
1.66273e8	5089.399072188527	-20.098941638438788
1.6694e8	5086.682572131204	-20.117607920084065
1.67607e8	5083.967522023563	-20.136274201729343
1.68274e8	5081.253921091674	-20.154940483374617
1.68941e8	5078.541768562039	-20.17360676501989
1.69608e8	5075.8310636615715	-20.192273046665168
1.70275e8	5073.121805617583	-20.210939328310445
1.70942e8	5070.413993657795	-20.22960560995572
1.71609e8	5067.707627010367	-20.248271891600996
1.72276e8	5065.002704903847	-20.266938173246274
1.72943e8	5061.87215141013	-20.28536294413938
1.7361e8	5058.646070872177	-20.303732563405845
1.74277e8	5055.422046410569	-20.32210218267231
1.74944e8	5052.200076714926	-20.340471801938772
1.75611e8	5048.980160475667	-20.358841421205234
1.76278e8	5045.76229638408	-20.3772110404717
1.76945e8	5042.546483132264	-20.395580659738165
1.77612e8	5039.332719413149	-20.413950279004624
1.78279e8	5036.121003920524	-20.43231989827109
1.78946e8	5032.911335348977	-20.450689517537555
1.79613e8	5029.703712393954	-20.469059136804017
1.8028e8	5026.498133751731	-20.48742875607048
1.80947e8	5023.29459811939	-20.505798375336944
1.81614e8	5019.8772925879	-20.524331469319314
1.82281e8	5016.219871707536	-20.543048342202052
1.82948e8	5012.565115579061	-20.56176521508479
1.83615e8	5008.91302226096	-20.580482087967525
1.84282e8	5005.26358981316	-20.599198960850263
1.84949e8	5001.616816296975	-20.617915833733
1.85616e8	4997.9726997751495	-20.636632706615735
1.86283e8	4994.331238311802	-20.65534957949847
1.8695e8	4990.692429972517	-20.67406645238121
1.87617e8	4987.056272824252	-20.69278332526395
1.88284e8	4983.4227649353825	-20.711500198146684
1.88951e8	4979.791904375689	-20.730217071029422
1.89618e8	4976.1636892163615	-20.74893394391216
1.90285e8	4972.533333092201	-20.767652939246553
1.90952e8	4968.872890187457	-20.78638646713229
1.91619e8	4965.215141853349	-20.805119995018025
1.92286e8	4961.560086106307	-20.823853522903757
1.92953e8	4957.907720964229	-20.842587050789497
1.9362e8	4954.258044446476	-20.86132057867523
1.94287e8	4950.611054573854	-20.88005410656097
1.94954e8	4946.966749368663	-20.898787634446705
1.95621e8	4943.325126854597	-20.917521162332434
1.96288e8	4939.686185056859	-20.936254690218174
1.96955e8	4936.049922002095	-20.954988218103907
1.97622e8	4932.416335718385	-20.973721745989643
1.98289e8	4928.785424235265	-20.99245527387538
1.98956e8	4925.157185583744	-21.011188801761115
1.99623e8	4921.571885633714	-21.02995204219597
2.0029e8	4918.1671650795815	-21.048846694230182
2.00957e8	4914.764799895302	-21.0677413462644
2.01624e8	4911.364788451433	-21.086635998298608
2.02291e8	4907.967129119686	-21.10553065033282
2.02958e8	4904.571820272863	-21.124425302367033
2.03625e8	4901.178860284927	-21.143319954401246
2.04292e8	4897.788247530941	-21.162214606435455
2.04959e8	4894.399980387087	-21.181109258469668
2.05626e8	4891.014057230704	-21.20000391050388
2.06293e8	4887.630476440221	-21.218898562538097
2.0696e8	4884.249236395194	-21.237793214572307
2.07627e8	4880.870335476322	-21.25668786660652
2.08294e8	4877.493772065399	-21.275582518640732
2.08961e8	4874.119544545341	-21.294477170674945
2.09628e8	4870.8784154710775	-21.31343180190516
2.10295e8	4867.891062478957	-21.332501919394357
2.10962e8	4864.905541656966	-21.351572036883553
2.11629e8	4861.921851881412	-21.370642154372746
2.12296e8	4858.939992029287	-21.389712271861946
2.12963e8	4855.959960978301	-21.40878238935114
2.1363e8	4852.981757606816	-21.427852506840335
2.14297e8	4850.005380793919	-21.44692262432953
2.14964e8	4847.030829419355	-21.465992741818724
2.15631e8	4844.058102363559	-21.485062859307916
2.16298e8	4841.0871985076665	-21.504132976797113
2.16965e8	4838.118116733504	-21.52320309428631
2.17632e8	4835.1508559235635	-21.542273211775505
2.18299e8	4832.185414961022	-21.5613433292647
2.18966e8	4829.221792729768	-21.580413446753898
2.19633e8	4826.25998811435	-21.59948356424309
2.203e8	4823.299999999998	-21.618553681732287
