-9.352421004237846e6	10514.044725503425	-15.308182937589292
-9.208921004237846e6	10490.455723497389	-15.310737765674048
-9.065421004237846e6	10466.919645083553	-15.313292593758803
-8.921921004237846e6	10443.436371524123	-15.315847421843557
-8.778421004237846e6	10420.005784347675	-15.318402249928313
-8.634921004237846e6	10396.627765348587	-15.32095707801307
-8.491421004237846e6	10373.30219658646	-15.323511906097824
-8.347921004237846e6	10350.028960385443	-15.32606673418258
-8.204421004237846e6	10326.80793933376	-15.328621562267335
-8.060921004237846e6	10303.639016283032	-15.331176390352091
-7.917421004237846e6	10280.522074347737	-15.333731218436846
-7.773921004237846e6	10255.864539342767	-15.336186871831478
-7.630421004237846e6	10228.126756750444	-15.338446495820907
-7.486921004237846e6	10200.46399314656	-15.340706119810337
-7.343421004237846e6	10172.876045636398	-15.342965743799766
-7.199921004237846e6	10145.362711874037	-15.345225367789196
-7.056421004237846e6	10117.923790060795	-15.347484991778625
-6.912921004237846e6	10090.559078943774	-15.349744615768053
-6.769421004237846e6	10063.268377814382	-15.352004239757484
-6.625921004237846e6	10036.05148650689	-15.354263863746914
-6.482421004237846e6	10008.908205396829	-15.356523487736343
-6.338921004237846e6	9977.149369438259	-15.358431498541517
-6.195421004237846e6	9944.508796858116	-15.36026557803319
-6.051921004237846e6	9911.975008985597	-15.362099657524864
-5.908421004237846e6	9879.547656471019	-15.363933737016536
-5.764921004237846e6	9847.226391107622	-15.36576781650821
-5.621421004237846e6	9815.010865827748	-15.367601895999883
-5.477921004237846e6	9782.900734699298	-15.369435975491557
-5.334421004237846e6	9750.682298507458	-15.371252998842548
-5.190921004237846e6	9711.271615465485	-15.372484417530822
-5.047421004237846e6	9672.020224039245	-15.373715836219098
-4.903921004237846e6	9632.927480397771	-15.374947254907372
-4.760421004237846e6	9593.99274331229	-15.37617867359565
-4.616921004237846e6	9555.215374145873	-15.377410092283922
-4.473421004237846e6	9516.59473684279	-15.378641510972198
-4.329921004237846e6	9472.87121508884	-15.379393646687225
-4.1864210042378455e6	9424.853331809956	-15.379733999962598
-4.0429210042378455e6	9377.078850669897	-15.38007435323797
-3.8994210042378455e6	9329.546537865834	-15.380414706513342
-3.7559210042378455e6	9282.255165849016	-15.380755059788715
-3.6124210042378455e6	9234.468579511933	-15.381035226290702
-3.4689210042378455e6	9175.394433587166	-15.38036533866999
-3.3254210042378455e6	9116.698192972995	-15.37969545104928
-3.1819210042378455e6	9052.560786769427	-15.378421910067495
-3.0384210042378455e6	8986.448022728051	-15.376894638790274
-2.8949210042378455e6	8915.695864456677	-15.374874237629339
-2.7514210042378455e6	8840.144237636367	-15.372333752265698
-2.6079210042378455e6	8760.578407152943	-15.36931519709488
-2.4644210042378455e6	8674.610520772478	-15.365558373133602
-2.3209210042378455e6	8584.345562516864	-15.361271847734885
-2.1774210042378455e6	8485.921286640369	-15.356037144069862
-2.0339210042378455e6	8383.427549389433	-15.350260922877656
-1.8904210042378455e6	8271.799500080977	-15.343389895936298
-1.7469210042378455e6	8158.371764404022	-15.336197029990977
-1.6034210042378455e6	8035.512305471464	-15.327912148967114
-1.4599210042378455e6	7914.50302535952	-15.31962726794325
-1.3164210042378455e6	7790.137710631861	-15.311157369689118
-1.1729210042378455e6	7667.118072365258	-15.30266537322817
-1.0294210042378455e6	7547.662950975002	-15.294448444852929
-885921.0042378455	7448.784930756967	-15.289451657503575
-742421.0042378455	7351.202260231379	-15.284454870154224
-598921.0042378455	7254.897969693309	-15.279458082804869
-455421.00423784554	7177.145687378285	-15.277314629945959
-311921.00423784554	7115.157065383555	-15.277656132381694
-168421.00423784554	7053.703835789128	-15.277997634817428
-24921.00423784554	6992.781374439561	-15.27833913725316
118578.99576215446	6936.73812444088	-15.27946676708432
262078.99576215446	6888.70014215372	-15.281968818446684
405578.99576215446	6840.994830309195	-15.284470869809045
549078.9957621545	6793.619885113114	-15.286972921171408
692578.9957621545	6746.573018725465	-15.289474972533773
836078.9957621545	6705.461446610743	-15.293043816582957
979578.9957621545	6668.504371172418	-15.297359125833912
1.1230789957621545e6	6631.750984240221	-15.301674435084868
1.2665789957621545e6	6595.200163187249	-15.305989744335825
1.4100789957621545e6	6558.850791573912	-15.31030505358678
1.5535789957621545e6	6524.18860903091	-15.314919667088244
1.6970789957621545e6	6494.98788087427	-15.320601890766469
1.8405789957621545e6	6465.917848283925	-15.326284114444693
1.9840789957621545e6	6436.9779262973625	-15.331966338122916
2.1275789957621545e6	6408.167532570242	-15.33764856180114
2.2710789957621545e6	6379.486087364662	-15.343330785479367
2.4145789957621545e6	6352.312765922357	-15.349310034979489
2.5580789957621545e6	6329.127799135073	-15.356126178739721
2.7015789957621545e6	6306.027453918671	-15.36294232249995
2.8450789957621545e6	6283.011421417385	-15.369758466260183
2.9885789957621545e6	6260.079393902762	-15.376574610020416
3.1320789957621545e6	6237.23106476947	-15.383390753780647
3.2755789957621545e6	6214.466128531285	-15.390206897540878
3.4190789957621545e6	6194.795134267892	-15.397717955929366
3.5625789957621545e6	6176.256025808477	-15.405476588357738
3.7060789957621545e6	6157.772399174533	-15.413235220786111
3.8495789957621545e6	6139.344088326094	-15.420993853214483
3.9930789957621545e6	6120.970927720109	-15.428752485642857
4.1365789957621545e6	6102.652752308915	-15.436511118071229
4.280078995762154e6	6084.38939753883	-15.444269750499602
4.423578995762154e6	6068.363202453333	-15.45254751138811
4.567078995762154e6	6053.392686561521	-15.461066907532524
4.710578995762154e6	6038.459102596588	-15.469586303676941
4.854078995762154e6	6023.5623594482995	-15.478105699821352
4.997578995762154e6	6008.702366231186	-15.486625095965767
5.141078995762154e6	5993.879032283991	-15.495144492110182
5.284578995762154e6	5979.0922671691205	-15.503663888254598
5.428078995762154e6	5964.674811192058	-15.512269780545726
5.571578995762154e6	5952.459125393433	-15.521440077855816
5.715078995762154e6	5940.268457384421	-15.530610375165908
5.858578995762154e6	5928.102755928454	-15.539780672475999
6.002078995762154e6	5915.961969893899	-15.54895096978609
6.145578995762154e6	5903.846048253829	-15.55812126709618
6.289078995762154e6	5891.754940085864	-15.567291564406272
6.432578995762154e6	5879.6885945718395	-15.57646186171636
6.576078995762154e6	5867.939161124691	-15.585711069445773
6.719578995762154e6	5857.923242218335	-15.595422928273981
6.863078995762154e6	5847.924419370542	-15.605134787102187
7.006578995762154e6	5837.942663400242	-15.614846645930395
7.150078995762154e6	5827.977945176165	-15.624558504758603
7.293578995762154e6	5818.030235616807	-15.634270363586811
7.437078995762154e6	5808.0995056902275	-15.643982222415016
7.580578995762154e6	5798.185726414117	-15.653694081243223
7.724078995762154e6	5788.2888688556	-15.66340594007143
7.867578995762154e6	5779.612952680146	-15.673461566551243
8.011078995762154e6	5771.29195017346	-15.68361494501737
8.154578995762154e6	5762.982927549038	-15.693768323483498
8.298078995762154e6	5754.685867559242	-15.703921701949625
8.441578995762154e6	5746.4007529812925	-15.714075080415753
8.585078995762154e6	5738.127566617166	-15.724228458881882
8.728578995762154e6	5729.866291293629	-15.734381837348009
8.872078995762154e6	5721.616909862174	-15.744535215814137
9.015578995762154e6	5713.495792264964	-15.754722511953421
9.159078995762154e6	5706.597841908545	-15.765263366673729
9.302578995762154e6	5699.7082195041985	-15.775804221394038
9.446078995762154e6	5692.8269149975185	-15.786345076114346
9.589578995762154e6	5685.953918346239	-15.796885930834655
9.733078995762154e6	5679.089219520219	-15.807426785554965
9.876578995762154e6	5672.232808501424	-15.81796764027527
1.0020078995762154e7	5665.384675283918	-15.82850849499558
1.0163578995762154e7	5658.544809873843	-15.83904934971589
1.0307078995762154e7	5651.83445457949	-15.849629764420525
1.0450578995762154e7	5645.943506575634	-15.86047521653321
1.0594078995762154e7	5640.058698749558	-15.871320668645895
1.0737578995762154e7	5634.180024701328	-15.88216612075858
1.0881078995762154e7	5628.307478037655	-15.893011572871265
1.1024578995762154e7	5622.44105237191	-15.90385702498395
1.1168078995762154e7	5616.580741324153	-15.914702477096636
1.1311578995762154e7	5610.726538521063	-15.925547929209323
1.1455078995762154e7	5604.878437595964	-15.936393381322006
1.1598578995762154e7	5599.036432188842	-15.94723883343469
1.1742078995762154e7	5593.947059657935	-15.9583313067373
1.1885578995762154e7	5588.893792354518	-15.969434204807126
1.2029078995762154e7	5583.845089897741	-15.98053710287695
1.2172578995762154e7	5578.80094816397	-15.991640000946775
1.2316078995762154e7	5573.761363033296	-16.0027428990166
1.2459578995762154e7	5568.726330389542	-16.013845797086425
1.2603078995762154e7	5563.695846120219	-16.02494869515625
1.2746578995762154e7	5558.669906116584	-16.036051593226077
1.2890078995762154e7	5553.648506273593	-16.047154491295903
1.3033578995762154e7	5549.033202573669	-16.05839992138816
1.3177078995762154e7	5544.676426058475	-16.069735823034705
1.3320578995762154e7	5540.323070229526	-16.081071724681255
1.3464078995762154e7	5535.973132401129	-16.0924076263278
1.3607578995762154e7	5531.626609889629	-16.10374352797435
1.3751078995762154e7	5527.28350001356	-16.1150794296209
1.3894578995762154e7	5522.94380009348	-16.126415331267445
1.4038078995762154e7	5518.6075074521195	-16.137751232913992
1.4181578995762154e7	5514.274619414274	-16.14908713456054
1.4325078995762154e7	5510.017284168667	-16.160443074514436
1.4468578995762154e7	5506.253513618384	-16.171935276537653
1.4612078995762154e7	5502.492314016245	-16.183427478560876
1.4755578995762154e7	5498.7336836060995	-16.194919680584093
1.4899078995762154e7	5494.977620633	-16.206411882607313
1.5042578995762154e7	5491.224123343179	-16.217904084630533
1.5186078995762154e7	5487.473189984063	-16.229396286653753
1.5329578995762154e7	5483.724818804299	-16.240888488676973
1.5473078995762154e7	5479.979008053728	-16.252380690700193
1.5616578995762154e7	5476.235755983359	-16.263872892723413
1.5760078995762154e7	5472.665251257367	-16.275445759477567
1.5903578995762154e7	5469.260926052298	-16.287096334844186
1.6047078995762154e7	5465.85871854117	-16.298746910210806
1.6190578995762154e7	5462.458627406661	-16.310397485577425
1.6334078995762154e7	5459.060651332268	-16.32204806094404
1.6477578995762154e7	5455.664789002279	-16.33369863631066
1.6621078995762154e7	5452.271039101826	-16.34534921167728
1.6764578995762154e7	5448.879400316862	-16.3569997870439
1.6908078995762154e7	5445.489871334129	-16.36865036241052
1.7051578995762154e7	5442.10245084123	-16.38030093777714
1.7195078995762154e7	5439.032635832171	-16.392065392312272
1.7338578995762154e7	5436.032796084007	-16.403854492427346
1.7482078995762154e7	5433.03461086508	-16.415643592542423
1.7625578995762154e7	5430.038079262851	-16.427432692657497
1.7769078995762154e7	5427.043200365297	-16.43922179277257
1.7912578995762154e7	5424.049973260866	-16.45101089288765
1.8056078995762154e7	5421.05839703854	-16.462799993002722
1.8199578995762154e7	5418.0684707878	-16.474589093117796
1.8343078995762154e7	5415.080193598606	-16.486378193232873
1.8486578995762154e7	5412.111619912428	-16.498178834199614
1.8630078995762154e7	5409.387641707227	-16.51013486007647
1.8773578995762154e7	5406.665034511677	-16.522090885953325
1.8917078995762154e7	5403.943797635743	-16.53404691183018
1.9060578995762154e7	5401.223930389707	-16.546002937707037
1.9204078995762154e7	5398.505432084238	-16.557958963583896
1.9347578995762154e7	5395.788302030314	-16.56991498946075
1.9491078995762154e7	5393.072539539288	-16.581871015337605
1.9634578995762154e7	5390.358143922858	-16.593827041214464
1.9778078995762154e7	5387.645114493052	-16.60578306709132
1.9921578995762154e7	5385.013630711157	-16.617751124644098
2.0065078995762154e7	5382.554034747816	-16.629744794390664
2.0208578995762154e7	5380.095562200807	-16.64173846413723
2.0352078995762154e7	5377.638212557018	-16.653732133883793
2.0495578995762154e7	5375.181985303566	-16.665725803630355
2.0639078995762154e7	5372.726879927811	-16.67771947337692
2.0782578995762154e7	5370.272895917318	-16.689713143123484
2.0926078995762154e7	5367.820032759924	-16.70170681287005
2.1069578995762154e7	5365.3682899436535	-16.713700482616613
2.1213078995762154e7	5362.9176669568205	-16.725694152363175
2.1356578995762154e7	5360.5363452908705	-16.737773845862293
2.1500078995762154e7	5358.223434261165	-16.749938554165265
2.1643578995762154e7	5355.911521183349	-16.762103262468237
2.1787078995762154e7	5353.600605626847	-16.774267970771206
2.1930578995762154e7	5351.290687161258	-16.786432679074178
2.2074078995762154e7	5348.981765356367	-16.79859738737715
2.2217578995762154e7	5346.6738397821455	-16.810762095680122
2.2361078995762154e7	5344.366910008749	-16.822926803983094
2.2504578995762154e7	5342.06097560652	-16.835091512286066
2.2648078995762154e7	5339.756036145994	-16.84725622058904
2.2791578995762154e7	5337.57330486656	-16.85939944236697
2.2935078995762154e7	5335.430002216173	-16.871535830432027
2.3078578995762154e7	5333.2875602089925	-16.883672218497082
2.3222078995762154e7	5331.145978499445	-16.895808606562134
2.3365578995762154e7	5329.00525674207	-16.90794499462719
2.3509078995762154e7	5326.865394591542	-16.920081382692246
2.3652578995762154e7	5324.726391702707	-16.9322177707573
2.3796078995762154e7	5322.588247730509	-16.944354158822357
2.3939578995762154e7	5320.450962330066	-16.956490546887412
2.4083078995762154e7	5318.3145351566145	-16.968626934952468
2.4226578995762154e7	5316.21969841717	-16.980955874660218
2.4370078995762154e7	5314.127993829274	-16.993295724378832
2.4513578995762154e7	5312.037112237479	-17.005635574097447
2.4657078995762154e7	5309.94705331798	-17.01797542381606
2.4800578995762154e7	5307.857816747073	-17.030315273534676
2.4944078995762154e7	5305.769402201208	-17.04265512325329
2.5087578995762154e7	5303.681809356954	-17.054994972971905
2.5231078995762154e7	5301.595037891015	-17.067334822690515
2.5374578995762154e7	5299.5090874801945	-17.079674672409134
2.5518078995762154e7	5297.448627662743	-17.091993049886753
2.5661578995762154e7	5295.453560570804	-17.10425518649396
2.5805078995762154e7	5293.459244839195	-17.116517323101164
2.5948578995762154e7	5291.465680184929	-17.12877945970837
2.6092078995762154e7	5289.472866325162	-17.141041596315574
2.6235578995762154e7	5287.480802977118	-17.15330373292278
2.6379078995762154e7	5285.489489858159	-17.165565869529985
2.6522578995762154e7	5283.498926685749	-17.17782800613719
2.6666078995762154e7	5281.509113177434	-17.190090142744396
2.6809578995762154e7	5279.520049050894	-17.2023522793516
2.6953078995762154e7	5277.534405195687	-17.21470273067669
2.7096578995762154e7	5275.55180740916	-17.22712922914014
2.7240078995762154e7	5273.569954420067	-17.239555727603587
2.7383578995762154e7	5271.588845948574	-17.251982226067035
2.7527078995762154e7	5269.608481715028	-17.264408724530487
2.7670578995762154e7	5267.6288614398145	-17.276835222993938
2.7814078995762154e7	5265.649984843462	-17.289261721457386
2.7957578995762154e7	5263.671851646585	-17.301688219920837
2.8101078995762154e7	5261.694461569942	-17.314114718384285
2.8244578995762154e7	5259.717814334328	-17.326541216847733
2.8388078995762154e7	5257.7448825282045	-17.338946171574527
2.8531578995762154e7	5255.772879165162	-17.351349760552758
2.8675078995762154e7	5253.8016154342995	-17.363753349530988
2.8818578995762154e7	5251.831091058199	-17.37615693850922
2.8962078995762154e7	5249.86130575954	-17.38856052748745
2.9105578995762154e7	5247.892259261142	-17.40096411646568
2.9249078995762154e7	5245.923951285894	-17.41336770544391
2.9392578995762154e7	5243.956381556793	-17.42577129442214
2.9536078995762154e7	5241.989549796965	-17.438174883400368
2.9679578995762154e7	5240.019552763048	-17.450597868253073
2.9823078995762154e7	5238.042860894464	-17.463057816326113
2.9966578995762154e7	5236.066914693068	-17.47551776439915
3.0110078995762154e7	5234.0917138776	-17.487977712472187
3.0253578995762154e7	5232.11725816687	-17.500437660545227
3.0397078995762154e7	5230.143547279791	-17.512897608618264
3.0540578995762154e7	5228.170580935423	-17.525357556691304
3.0684078995762154e7	5226.198358852863	-17.53781750476434
3.0827578995762154e7	5224.226880751383	-17.55027745283738
3.0971078995762154e7	5222.256146350321	-17.562737400910418
3.1114578995762154e7	5220.2508680725505	-17.575231234022024
3.1258078995762154e7	5218.2385770174005	-17.58773254353885
3.1401578995762154e7	5216.227061655861	-17.60023385305568
3.1545078995762154e7	5214.216321688937	-17.612735162572513
3.1688578995762154e7	5212.206356817722	-17.62523647208934
3.1832078995762154e7	5210.197166743425	-17.63773778160617
3.1975578995762154e7	5208.188751167398	-17.650239091122998
3.2119078995762154e7	5206.181109791079	-17.66274040063983
3.2262578995762154e7	5204.174242316021	-17.67524171015666
3.2406078995762154e7	5202.148281186371	-17.687763265304167
3.2549578995762154e7	5200.088537761613	-17.700320063755232
3.2693078995762154e7	5198.029609873572	-17.712876862206297
3.2836578995762154e7	5195.971497199361	-17.725433660657366
3.2980078995762154e7	5193.914199416195	-17.73799045910843
3.3123578995762154e7	5191.857716201416	-17.7505472575595
3.3267078995762154e7	5189.802047232512	-17.76310405601056
3.3410578995762154e7	5187.747192187099	-17.775660854461634
3.3554078995762154e7	5185.693150742912	-17.7882176529127
3.3697578995762154e7	5183.639922577784	-17.80077445136377
3.3841078995762154e7	5181.543598315433	-17.813375531737197
3.3984578995762154e7	5179.4472513188775	-17.825977490373962
3.4128078995762154e7	5177.351752461615	-17.83857944901073
3.4271578995762154e7	5175.257101400509	-17.851181407647495
3.4415078995762154e7	5173.163297792546	-17.86378336628426
3.4558578995762154e7	5171.0703412948915	-17.876385324921024
3.4702078995762154e7	5168.978231564796	-17.88898728355779
3.4845578995762154e7	5166.886968259673	-17.901589242194554
3.4989078995762154e7	5164.796551037097	-17.914191200831322
3.5132578995762154e7	5162.6802190829885	-17.926768048018733
3.5276078995762154e7	5160.55138154012	-17.939332341285997
3.5419578995762154e7	5158.423421826033	-17.951896634553258
3.5563078995762154e7	5156.296339578753	-17.96446092782052
3.5706578995762154e7	5154.170134436456	-17.977025221087786
3.5850078995762154e7	5152.044806037466	-17.989589514355046
3.5993578995762154e7	5149.920354020257	-18.00215380762231
3.6137078995762154e7	5147.796778023453	-18.014718100889574
3.6280578995762154e7	5145.674077685834	-18.02728239415684
3.6424078995762154e7	5143.526295208274	-18.039898557608783
3.6567578995762154e7	5141.331739305242	-18.052610019247243
3.6711078995762154e7	5139.138119739509	-18.0653214808857
3.6854578995762154e7	5136.945436111601	-18.07803294252416
3.6998078995762154e7	5134.753688022178	-18.09074440416262
3.7141578995762154e7	5132.562875072072	-18.10345586580108
3.7285078995762154e7	5130.372996862308	-18.11616732743954
3.7428578995762154e7	5128.184052994061	-18.128878789077998
3.7572078995762154e7	5125.99604306867	-18.141590250716458
3.7715578995762154e7	5123.818682810199	-18.154159820301103
3.7859078995762154e7	5121.68684601129	-18.166077808912256
3.8002578995762154e7	5119.555896193061	-18.17799579752341
3.8146078995762154e7	5117.425832986463	-18.18991378613456
3.8289578995762154e7	5115.2966560226005	-18.201831774745713
3.8433078995762154e7	5113.168364932757	-18.213749763356866
3.8576578995762154e7	5111.040959348342	-18.225667751968018
3.8720078995762154e7	5108.914438900922	-18.23758574057917
3.8863578995762154e7	5106.788803222248	-18.24950372919032
3.9007078995762154e7	5104.664051944164	-18.261421717801472
3.9150578995762154e7	5102.540184698741	-18.273339706412628
3.9294078995762154e7	5100.417201118125	-18.285257695023777
3.9437578995762154e7	5098.295100834685	-18.29717568363493
3.9581078995762154e7	5096.173883480894	-18.309093672246078
3.9724578995762154e7	5094.053548689413	-18.321011660857234
3.9868078995762154e7	5091.934096093033	-18.332929649468383
4.0011578995762154e7	5089.815525324702	-18.344847638079536
4.0155078995762154e7	5087.697836017525	-18.356765626690688
4.0298578995762154e7	5085.5810278047575	-18.36868361530184
4.0442078995762154e7	5083.465100319797	-18.380601603912993
4.0585578995762154e7	5081.282785009976	-18.39258742617452
4.0729078995762154e7	5079.070570154318	-18.404604357712593
4.0872578995762154e7	5076.85931842053	-18.416621289250664
4.1016078995762154e7	5074.649029389299	-18.428638220788738
4.1159578995762154e7	5072.439702641499	-18.44065515232681
4.1303078995762154e7	5070.231337758176	-18.45267208386488
4.1446578995762154e7	5068.023934320593	-18.464689015402953
4.1590078995762154e7	5065.817491910136	-18.476705946941024
4.1733578995762154e7	5063.6120101084325	-18.488722878479095
4.1877078995762154e7	5061.407488497258	-18.500739810017166
4.2020578995762154e7	5059.203926658588	-18.51275674155524
4.2164078995762154e7	5057.001324174543	-18.52477367309331
4.2307578995762154e7	5054.7996806274805	-18.53679060463138
4.2451078995762154e7	5052.598995599905	-18.548807536169456
4.2594578995762154e7	5050.399268674508	-18.560824467707526
4.2738078995762154e7	5048.200499434166	-18.572841399245597
4.2881578995762154e7	5046.002687461935	-18.584858330783668
4.3025078995762154e7	5043.805832341056	-18.59687526232174
4.3168578995762154e7	5041.609933654947	-18.608892193859813
4.3312078995762154e7	5039.382339295533	-18.6209429525987
4.3455578995762154e7	5037.107432496654	-18.63304376929318
4.3599078995762154e7	5034.833552649213	-18.645144585987662
4.3742578995762154e7	5032.560699289609	-18.657245402682147
4.3886078995762154e7	5030.288871954479	-18.669346219376628
4.4029578995762154e7	5028.018070180638	-18.68144703607111
4.4173078995762154e7	5025.748293505121	-18.69354785276559
4.4316578995762154e7	5023.479541465164	-18.70564866946007
4.4460078995762154e7	5021.211813598239	-18.717749486154553
4.4603578995762154e7	5018.945109441989	-18.729850302849037
4.4747078995762154e7	5016.679428534303	-18.741951119543515
4.4890578995762154e7	5014.414770413251	-18.754051936238
4.5034078995762154e7	5012.151134617122	-18.766152752932477
4.5177578995762154e7	5009.888520684401	-18.778253569626962
4.5321078995762154e7	5007.626928153812	-18.790354386321443
4.5464578995762154e7	5005.366356564249	-18.802455203015924
4.5608078995762154e7	5003.106805454852	-18.814556019710405
4.5751578995762154e7	5000.848274364932	-18.826656836404883
4.5895078995762154e7	4998.590762834044	-18.838757653099368
4.6038578995762154e7	4996.318120929729	-18.850868069374364
4.6182078995762154e7	4993.998280462861	-18.863007168875523
4.6325578995762154e7	4991.679517121119	-18.875146268376685
4.6469078995762154e7	4989.361830404386	-18.887285367877848
4.6612578995762154e7	4987.045219812771	-18.89942446737901
4.6756078995762154e7	4984.729684846629	-18.911563566880172
4.6899578995762154e7	4982.415225006511	-18.92370266638133
4.7043078995762154e7	4980.101839793258	-18.935841765882497
4.7186578995762154e7	4977.789528707884	-18.94798086538366
4.7330078995762154e7	4975.478291251671	-18.960119964884818
4.7473578995762154e7	4973.16812692613	-18.97225906438598
4.7617078995762154e7	4970.8590352329775	-18.984398163887143
4.7760578995762154e7	4968.55101567419	-18.996537263388305
4.7904078995762154e7	4966.2440677519635	-19.008676362889467
4.8047578995762154e7	4963.938190968727	-19.02081546239063
4.8191078995762154e7	4961.633384827149	-19.032954561891792
4.8334578995762154e7	4959.329648830101	-19.04509366139295
4.8478078995762154e7	4957.026982480715	-19.057232760894117
4.8621578995762154e7	4954.7253852823405	-19.06937186039528
4.8765078995762154e7	4952.421169650764	-19.081522479758235
4.8908578995762154e7	4950.073313745469	-19.093812861619384
4.9052078995762154e7	4947.726570917437	-19.106103243480526
4.9195578995762154e7	4945.38094063895	-19.118393625341668
4.9339078995762154e7	4943.036422382594	-19.130684007202813
4.9482578995762154e7	4940.693015621179	-19.142974389063955
4.9626078995762154e7	4938.3507198277475	-19.1552647709251
4.9769578995762154e7	4936.009534475618	-19.167555152786242
4.9913078995762154e7	4933.66945903835	-19.179845534647384
5.0056578995762154e7	4931.330492989751	-19.192135916508526
5.0200078995762154e7	4928.99263580389	-19.204426298369672
5.0343578995762154e7	4926.655886955055	-19.216716680230817
5.0487078995762154e7	4924.320245917814	-19.22900706209196
5.0630578995762154e7	4921.985712166979	-19.2412974439531
5.0774078995762154e7	4919.652285177582	-19.253587825814243
5.0917578995762154e7	4917.31996442495	-19.26587820767539
5.1061078995762154e7	4914.988749384637	-19.278168589536534
5.1204578995762154e7	4912.658639532427	-19.290458971397676
5.1348078995762154e7	4910.329634344377	-19.302749353258818
5.1491578995762154e7	4908.001733296787	-19.315039735119964
5.1635078995762154e7	4905.683572391729	-19.327363573659067
5.1778578995762154e7	4903.366901002105	-19.339688941525445
5.1922078995762154e7	4901.0513236427605	-19.352014309391826
5.2065578995762154e7	4898.7368397970395	-19.364339677258208
5.2209078995762154e7	4896.423448948539	-19.37666504512459
5.2352578995762154e7	4894.111150581099	-19.388990412990967
5.2496078995762154e7	4891.799944178802	-19.40131578085735
5.2639578995762154e7	4889.4898292259795	-19.41364114872373
5.2783078995762154e7	4887.1808052072	-19.42596651659011
5.2926578995762154e7	4884.872871607272	-19.43829188445649
5.3070078995762154e7	4882.566027911259	-19.45061725232287
5.3213578995762154e7	4880.260273604474	-19.462942620189253
5.3357078995762154e7	4877.9556081724595	-19.475267988055634
5.3500578995762154e7	4875.652031100985	-19.487593355922016
5.3644078995762154e7	4873.349541876083	-19.499918723788394
5.3787578995762154e7	4871.048139984041	-19.512244091654775
5.3931078995762154e7	4868.747824911367	-19.524569459521157
5.4074578995762154e7	4866.44859614482	-19.536894827387535
5.4218078995762154e7	4864.15045317139	-19.549220195253916
5.4361578995762154e7	4861.876103150008	-19.561591166497543
5.4505078995762154e7	4859.618832749037	-19.573994317670977
5.4648578995762154e7	4857.362610352892	-19.58639746884441
5.4792078995762154e7	4855.1074354750235	-19.59880062001784
5.4935578995762154e7	4852.853307629072	-19.611203771191274
5.5079078995762154e7	4850.600226328932	-19.623606922364704
5.5222578995762154e7	4848.3481910887285	-19.636010073538138
5.5366078995762154e7	4846.097201422765	-19.648413224711568
5.5509578995762154e7	4843.847256845618	-19.660816375885005
5.5653078995762154e7	4841.598356872083	-19.673219527058436
5.5796578995762154e7	4839.350501017164	-19.68562267823187
5.5940078995762154e7	4837.103688796088	-19.6980258294053
5.6083578995762154e7	4834.857919724335	-19.710428980578733
5.6227078995762154e7	4832.613193317576	-19.722832131752167
5.6370578995762154e7	4830.369509091737	-19.735235282925597
5.6514078995762154e7	4828.1268665629395	-19.74763843409903
5.6657578995762154e7	4825.885265247562	-19.76004158527246
5.6801078995762154e7	4823.64470466218	-19.77244473644589
5.6944578995762154e7	4821.405184323597	-19.78484788761933
5.7088078995762154e7	4819.166703748863	-19.797251038792762
5.7231578995762154e7	4816.986202366742	-19.8097552187393
5.7375078995762154e7	4814.814388149868	-19.82227306793222
5.7518578995762154e7	4812.643553129694	-19.834790917125137
5.7662078995762154e7	4810.473696864734	-19.84730876631805
5.7805578995762154e7	4808.304818913692	-19.85982661551097
5.7949078995762154e7	4806.136918835496	-19.872344464703886
5.8092578995762154e7	4803.969996189248	-19.884862313896804
5.8236078995762154e7	4801.80405053426	-19.897380163089718
5.8379578995762154e7	4799.639081430037	-19.909898012282635
5.8523078995762154e7	4797.475088436287	-19.92241586147555
5.8666578995762154e7	4795.312071112914	-19.934933710668467
5.8810078995762154e7	4793.150029020024	-19.947451559861385
5.8953578995762154e7	4790.988961717917	-19.959969409054303
5.9097078995762154e7	4788.828868767094	-19.97248725824722
5.9240578995762154e7	4786.669749728253	-19.985005107440138
5.9384078995762154e7	4784.511604162291	-19.997522956633052
5.9527578995762154e7	4782.354431630302	-20.01004080582597
5.9671078995762154e7	4780.198231693578	-20.022558655018887
5.9814578995762154e7	4778.043003913601	-20.0350765042118
5.9958078995762154e7	4775.888747852084	-20.04759435340472
6.0101578995762154e7	4773.818544408049	-20.060133321013705
6.0245078995762154e7	4771.788284891612	-20.072682218030486
6.0388578995762154e7	4769.758888825193	-20.085231115047264
6.0532078995762154e7	4767.730355841573	-20.097780012064046
6.0675578995762154e7	4765.702685573685	-20.110328909080827
6.0819078995762154e7	4763.675877654639	-20.12287780609761
6.0962578995762154e7	4761.6499317176795	-20.13542670311439
6.1106078995762154e7	4759.624847396212	-20.14797560013117
6.1249578995762154e7	4757.6006243237925	-20.16052449714795
6.1393078995762154e7	4755.577262134157	-20.17307339416473
6.1536578995762154e7	4753.55476046117	-20.185622291181513
6.1680078995762154e7	4751.533118938864	-20.198171188198295
6.1823578995762154e7	4749.512337201425	-20.210720085215073
6.1967078995762154e7	4747.492414883186	-20.223268982231854
6.2110578995762154e7	4745.47335161866	-20.235817879248636
6.2254078995762154e7	4743.455147042491	-20.24836677626542
6.2397578995762154e7	4741.437800789489	-20.2609156732822
6.2541078995762154e7	4739.421312494608	-20.27346457029898
6.2684578995762154e7	4737.405681792984	-20.28601346731576
6.2828078995762154e7	4735.3909083198805	-20.298562364332543
6.2971578995762154e7	4733.376991710728	-20.31111126134932
6.3115078995762154e7	4731.537043101658	-20.323734713151932
6.3258578995762154e7	4729.860958026268	-20.336428453670276
6.3402078995762154e7	4728.185466682073	-20.349122194188617
6.3545578995762154e7	4726.510568858758	-20.36181593470696
6.3689078995762154e7	4724.836264346079	-20.3745096752253
6.3832578995762154e7	4723.162552933869	-20.387203415743645
6.3976078995762154e7	4721.489434412015	-20.399897156261986
6.4119578995762154e7	4719.8169085705085	-20.41259089678033
6.4263078995762154e7	4718.144975199385	-20.425284637298674
6.4406578995762154e7	4716.4736340887775	-20.43797837781701
6.4550078995762154e7	4714.802885028894	-20.450672118335355
6.4693578995762154e7	4713.132727809992	-20.4633658588537
6.4837078995762154e7	4711.463162222426	-20.476059599372043
6.4980578995762154e7	4709.7941880566195	-20.488753339890383
6.5124078995762154e7	4708.125805103078	-20.501447080408727
6.5267578995762154e7	4706.458013152364	-20.514140820927068
6.5411078995762154e7	4704.7908119951135	-20.526834561445412
6.5554578995762154e7	4703.124201422053	-20.539528301963752
6.5698078995762154e7	4701.4581812239785	-20.552222042482096
6.5841578995762154e7	4699.792751191763	-20.564915783000437
6.5985078995762154e7	4698.127911116333	-20.57760952351878
6.6128578995762154e7	4696.46366078872	-20.590303264037125
6.6272078995762154e7	4694.7999999999965	-20.602997004555466
