-2.719819079849589e7	10711.277196898056	-16.4093145963546	4.579632960792409
-2.645019079849589e7	10668.52683241297	-16.410748991742373	4.517146041680411
-2.570219079849589e7	10625.947091246653	-16.412183387130142	4.450492715810976
-2.495419079849589e7	10583.537292415043	-16.413617782517914	4.379077435506809
-2.420619079849589e7	10541.296757652011	-16.415052177905686	4.302167065046577
-2.345819079849589e7	10499.22481139845	-16.416486573293458	4.218844935798935
-2.271019079849589e7	10452.862663295477	-16.41753351950802	4.137396330897026
-2.196219079849589e7	10401.752613222676	-16.418147935206107	4.060131862139128
-2.121419079849589e7	10350.89246954421	-16.418762350904196	3.976393938038854
-2.046619079849589e7	10300.28101032412	-16.419376766602284	3.884997809512823
-1.971819079849589e7	10249.917019601276	-16.419991182300375	3.784400422680394
-1.897019079849589e7	10196.000373481656	-16.420258853583412	3.680279249798624
-1.822219079849589e7	10133.79459610351	-16.419739433992063	3.5835105194661727
-1.747419079849589e7	10071.968336045633	-16.419220014400707	3.4763644370732107
-1.6726190798495889e7	10010.519277873633	-16.41870059480936	3.3563449501622173
-1.5978190798495889e7	9946.450081278805	-16.417876959072508	3.226158479176943
-1.5230190798495889e7	9870.482958193663	-16.41579413393782	3.105860844479493
-1.4482190798495889e7	9795.096042493351	-16.41371130880313	2.969087076794586
-1.3734190798495889e7	9720.284902779165	-16.411628483668437	2.8105968115801594
-1.2986190798495889e7	9626.813197987178	-16.407535401872597	2.6635370733064607
-1.2238190798495889e7	9531.663740811533	-16.403170073599476	2.497559333303157
-1.1490190798495889e7	9433.319026220592	-16.398373114980927	2.3048426834364597
-1.0742190798495889e7	9314.071212113884	-16.39126158884122	2.10843573350986
-9.994190798495889e6	9175.908041086104	-16.38194430612861	1.9032359516034492
-9.246190798495889e6	9017.468214143193	-16.370142779041068	1.6875928685322827
-8.498190798495889e6	8832.155652724248	-16.355107333453383	1.4667873302781682
-7.750190798495889e6	8613.815846950032	-16.336092534866125	1.2505617921179744
-7.002190798495889e6	8361.589487770794	-16.313058957741095	1.052874373921644
-6.254190798495889e6	8095.666729355381	-16.288719540800727	0.8830414259180323
-5.506190798495889e6	7842.643726026394	-16.266084552909327	0.7263205548954732
-4.758190798495889e6	7652.877212908895	-16.253334282794604	0.608099873760148
-4.0101907984958887e6	7482.913467153605	-16.24313046618417	0.48671391263320685
-3.2621907984958887e6	7360.466739437292	-16.240385907284704	0.39012616753275364
-2.5141907984958887e6	7240.02366994773	-16.23764134838524	0.28320196339180054
-1.7661907984958887e6	7144.424404060897	-16.23904682013191	0.20197800575938918
-1.0181907984958887e6	7051.12174656475	-16.240642144359445	0.11545535244484631
-270190.7984958887	6964.407813945631	-16.243231639518996	0.029067157852795882
477809.2015041113	6892.871638918744	-16.24846231341338	-0.04154416803354495
1.2258092015041113e6	6822.070260657681	-16.253692987307765	-0.11752284825973881
1.9738092015041113e6	6754.789669748495	-16.259474547229328	-0.19449312046420525
2.7218092015041113e6	6698.634950286278	-16.267337772574123	-0.25656884775661165
3.4698092015041113e6	6642.9470629050065	-16.275200997918922	-0.32275450469537237
4.217809201504111e6	6587.7221266807765	-16.283064223263718	-0.3936331452127006
4.965809201504111e6	6540.7713596903295	-16.29256440273735	-0.452857165465366
5.713809201504111e6	6496.471278346417	-16.302552811952495	-0.5104508742113881
6.461809201504111e6	6452.4712376397865	-16.312541221167635	-0.5715654293938076
7.209809201504111e6	6408.769205421032	-16.32252963038278	-0.6366594986763405
7.957809201504111e6	6372.741741806282	-16.334155151737836	-0.6874736126470291
8.705809201504111e6	6337.1193481688615	-16.345825838188404	-0.7404663549887073
9.453809201504111e6	6301.696076821301	-16.35749652463897	-0.7964252452640064
1.0201809201504111e7	6266.470814708563	-16.36916721108954	-0.8557021207219064
1.0949809201504111e7	6236.445840394238	-16.382063782524554	-0.9047408496755334
1.1697809201504111e7	6207.564998409471	-16.395206492888658	-0.9533794251230292
1.2445809201504111e7	6178.8179029616085	-16.408349203252765	-1.0045052008114692
1.3193809201504111e7	6150.203934673415	-16.42149191361687	-1.0583863231007493
1.3941809201504111e7	6123.596130873727	-16.435075305424583	-1.1095940315285167
1.4689809201504111e7	6099.985924092676	-16.44933933498826	-1.1542746701790416
1.5437809201504111e7	6076.466749093006	-16.463603364551936	-1.2010454197354308
1.6185809201504111e7	6053.038254891545	-16.47786739411561	-1.250111463849896
1.693380920150411e7	6029.700091858379	-16.492131423679286	-1.3017097667515785
1.768180920150411e7	6008.8077816321575	-16.507065103815535	-1.3472342214935338
1.842980920150411e7	5989.194318298612	-16.522342806833983	-1.390177134379008
1.917780920150411e7	5969.644875642366	-16.537620509852424	-1.435047208358867
1.992580920150411e7	5950.159244692302	-16.55289821287087	-1.4820255754497509
2.067380920150411e7	5930.737217159431	-16.568175915889313	-1.5313201689888658
2.142180920150411e7	5913.498394563464	-16.58400854208491	-1.5744765574530428
2.216980920150411e7	5897.198701587704	-16.600074515197417	-1.6157787250680362
2.291780920150411e7	5880.943936330414	-16.616140488309924	-1.6588605284084044
2.366580920150411e7	5864.733974954932	-16.632206461422435	-1.7038822627851573
2.441380920150411e7	5848.568693965895	-16.648272434534938	-1.751026906232078
2.516180920150411e7	5833.708764728438	-16.6647340240416	-1.7943507411494117
2.590980920150411e7	5819.970903059823	-16.68153665061762	-1.8341185218290863
2.665780920150411e7	5806.265392825041	-16.69833927719364	-1.8755335107638318
2.740580920150411e7	5792.5921578393845	-16.715141903769656	-1.9187380834174368
2.815380920150411e7	5778.951122097552	-16.73194453034568	-1.9638939115279914
2.890180920150411e7	5765.75369486131	-16.748868622384894	-2.0087834986572206
2.964980920150411e7	5754.001577990026	-16.766211345776256	-2.0471537072207253
3.039780920150411e7	5742.273415012417	-16.78355406916762	-2.0870551373260837
3.114580920150411e7	5730.569157104159	-16.800896792558987	-2.128615098493567
3.189380920150411e7	5718.888755540477	-16.818239515950356	-2.1719774687428943
3.264180920150411e7	5707.232161695871	-16.83558223934172	-2.2173057005282
3.338980920150411e7	5696.612330163695	-16.85325473157156	-2.256588616826738
3.413780920150411e7	5686.2933372281195	-16.871018884788455	-2.295116735678007
3.488580920150411e7	5675.993036386913	-16.88878303800535	-2.3351889606222964
3.563380920150411e7	5665.711393780707	-16.906547191222245	-2.3769342452096147
3.638180920150411e7	5655.448375611504	-16.92431134443914	-2.420498403612231
3.712980920150411e7	5645.594055454379	-16.94220120823383	-2.4637238815368296
3.787780920150411e7	5637.031525666613	-16.960502469534287	-2.500988611449173
3.862580920150411e7	5628.4819824513315	-16.978803730834745	-2.5396959326196713
3.937380920150411e7	5619.9454061121205	-16.997104992135203	-2.5799620497637457
4.012180920150411e7	5611.4217769824345	-17.01540625343566	-2.621917799909434
4.086980920150411e7	5602.911075425579	-17.03370751473612	-2.665711217073055
4.161780920150411e7	5594.540765417306	-17.052131868800874	-2.705293387676801
4.236580920150411e7	5586.256423135402	-17.07062726062109	-2.7427866223811423
4.311380920150411e7	5577.984348228064	-17.089122652441304	-2.781740543352869
4.386180920150411e7	5569.724522529853	-17.10761804426152	-2.822273593309633
4.460980920150411e7	5561.476927902287	-17.126113436081734	-2.8645192322162565
4.535780920150411e7	5553.241546233704	-17.14460882790195	-2.9086285884399046
4.610580920150411e7	5546.239157672676	-17.16347368152826	-2.945228661729622
4.685380920150411e7	5539.266940145264	-17.182345001316648	-2.9830466767186126
4.760180920150411e7	5532.303487443135	-17.201216321105036	-3.0223512986178998
4.834980920150411e7	5525.3487885479835	-17.220087640893432	-3.0632642022255743
4.909780920150411e7	5518.402832455326	-17.23895896068182	-3.1059226402444087
4.984580920150411e7	5511.586363921278	-17.25790964251541	-3.147729306633181
5.059380920150411e7	5505.068802144498	-17.27705146459498	-3.184467678110004
5.134180920150411e7	5498.558947515672	-17.29619328667455	-3.222607404647476
5.208980920150411e7	5492.056790920933	-17.31533510875412	-3.262259647487136
5.283780920150411e7	5485.562323257201	-17.334476930833688	-3.3035493427384295
5.358580920150411e7	5479.07553543216	-17.35361875291326	-3.3466175757426866
5.433380920150411e7	5472.897289584153	-17.372877322963042	-3.385923749376829
5.508180920150411e7	5466.924189448738	-17.39221287633938	-3.422941035275664
5.582980920150411e7	5460.9576083330085	-17.41154842971571	-3.4613814497289357
5.657780920150411e7	5454.9975391221515	-17.430883983092052	-3.501358807180538
5.732580920150411e7	5449.043974709087	-17.450219536468385	-3.5430011462693893
5.807380920150411e7	5443.0969079945025	-17.469555089844718	-3.5864532035177517
5.882180920150411e7	5437.467861901957	-17.489070865885473	-3.6234514865519887
5.956980920150411e7	5431.879382385943	-17.5086067624934	-3.6608982165112995
6.031780920150411e7	5426.296646555068	-17.528142659101327	-3.6998019405888445
6.106580920150411e7	5420.719648506112	-17.54767855570925	-3.740280643630354
6.181380920150411e7	5415.14838234196	-17.567214452317177	-3.7824672487551507
6.256180920150411e7	5409.634041471164	-17.586784651438162	-3.824702023310865
6.330980920150411e7	5404.32887764205	-17.606491368650904	-3.8613053002544535
6.405780920150411e7	5399.02891652406	-17.62619808586365	-3.8992994487168504
6.480580920150411e7	5393.734153014966	-17.64590480307639	-3.938794360369374
6.555380920150411e7	5388.444582017525	-17.665611520289136	-3.9799134881323495
6.630180920150411e7	5383.160198439532	-17.685318237501882	-4.02279617363644
6.704980920150411e7	5377.987552607837	-17.70510456338305	-4.062856426322054
6.779780920150411e7	5372.920065502042	-17.72496581159418	-4.099955423951092
6.854580920150411e7	5367.857353309766	-17.744827059805317	-4.138483961987759
6.929380920150411e7	5362.799411531805	-17.76468830801645	-4.178556640395229
7.004180920150411e7	5357.746235673148	-17.78454955622758	-4.2203024171072085
7.078980920150411e7	5352.697821243055	-17.804410804438714	-4.2638671114604385
7.153780920150411e7	5347.770897234033	-17.82435259573417	-4.301505817088065
7.228580920150411e7	5342.8704130173455	-17.84430951448626	-4.339079040482209
7.303380920150411e7	5337.974419409177	-17.86426643323835	-4.3781193120383435
7.378180920150411e7	5333.082912294525	-17.88422335199044	-4.418745864896812
7.452980920150411e7	5328.195887562125	-17.90418027074253	-4.461093086041886
7.527780920150411e7	5323.320422346279	-17.92416566839164	-4.503657697984392
7.602580920150411e7	5318.481287523684	-17.944279352483598	-4.54035514244758
7.677380920150411e7	5313.646551689685	-17.964393036575554	-4.578450761658399
7.752180920150411e7	5308.816210845416	-17.98450672066751	-4.6180553311745935
7.826980920150411e7	5303.990260995616	-18.004620404759464	-4.659293336430945
7.901780920150411e7	5299.168698148687	-18.024734088851424	-4.702305332811818
7.976580920150411e7	5294.402602178309	-18.044930064388247	-4.742233614999881
8.051380920150411e7	5289.6825664072885	-18.065193393296237	-4.779561671907392
8.126180920150411e7	5284.966738615789	-18.085456722204228	-4.818337323123874
8.200980920150411e7	5280.255115052319	-18.105720051112222	-4.858677390635562
8.275780920150411e7	5275.547691968756	-18.12598338002021	-4.900713434640837
8.350580920150411e7	5270.8444656203155	-18.146246708928203	-4.944594341953869
8.425380920150411e7	5266.14709146083	-18.166575507496212	-4.981709205419532
8.500180920150411e7	5261.453994533589	-18.186907897421793	-5.0197565973818055
8.574980920150411e7	5256.76508001113	-18.207240287347375	-5.059309045571736
8.649780920150411e7	5252.080344166165	-18.227572677272956	-5.100490543944795
8.724580920150411e7	5247.399783274732	-18.247905067198538	-5.143441070066199
8.799380920150411e7	5242.720209677837	-18.26827517219035	-5.185036888882051
8.874180920150411e7	5238.039120194351	-18.28871272688345	-5.222336054571458
8.948980920150411e7	5233.362210334776	-18.309150281576546	-5.26108053094816
9.023780920150411e7	5228.689476367244	-18.329587836269642	-5.301386858104355
9.098580920150411e7	5224.020914563191	-18.350025390962738	-5.343386265956747
9.173380920150411e7	5219.356521197417	-18.370462945655834	-5.387227251802389
9.248180920150411e7	5214.712278939283	-18.390969523574636	-5.4256091428668185
9.322980920150411e7	5210.0762923254115	-18.41149391950399	-5.463525915695808
9.397780920150411e7	5205.444427199118	-18.43201831543334	-5.5029372242577645
9.472580920150411e7	5200.816679896307	-18.452542711362696	-5.543965738139239
9.547380920150411e7	5196.193046756174	-18.47306710729205	-5.5867498785097185
9.622180920150411e7	5191.566935231706	-18.4936208863187	-5.629199127688785
9.696980920150411e7	5186.924538360882	-18.5142657377773	-5.666283128081789
9.771780920150411e7	5182.286292808722	-18.5349105892359	-5.704795490940064
9.846580920150411e7	5177.652194863026	-18.5555554406945	-5.744850671773422
9.921380920150411e7	5173.0222408149475	-18.576200292153104	-5.7865774594360895
9.996180920150411e7	5168.396426958916	-18.596845143611702	-5.830121474077844
1.0070980920150411e8	5163.792820953131	-18.617415788633906	-5.869009897476896
1.0145780920150411e8	5159.200351619717	-18.63795751547212	-5.90679078084879
1.0220580920150411e8	5154.61196664355	-18.658499242310334	-5.9460552956696935
1.0295380920150411e8	5150.027662392138	-18.679040969148552	-5.98692474416171
1.0370180920150411e8	5145.447435236287	-18.699582695986766	-6.02953594153884
1.0444980920150411e8	5140.853630289631	-18.72022028912766	-6.072616312536204
1.0519780920150411e8	5136.170858414023	-18.741363805139937	-6.109791668222097
1.0594580920150411e8	5131.4923520464545	-18.762507321152217	-6.148402569599808
1.0669380920150411e8	5126.81810730148	-18.783650837164494	-6.188564354072016
1.0744180920150411e8	5122.148120297226	-18.804794353176774	-6.230406842907113
1.0818980920150411e8	5117.482387155341	-18.825937869189048	-6.274076872735423
1.0893780920150411e8	5112.818461088849	-18.847108943247587	-6.3128252312571815
1.0968580920150411e8	5108.157956489825	-18.868289378771482	-6.350701100448507
1.1043380920150411e8	5103.501700096223	-18.889469814295378	-6.39006821874467
1.1118180920150411e8	5098.849688035657	-18.910650249819273	-6.431048843028318
1.1192980920150411e8	5094.201916439291	-18.93183068534317	-6.473780909648487
1.1267780920150411e8	5089.606831613435	-18.95285481304725	-6.515383866657586
1.1342580920150411e8	5085.11324811367	-18.97356457455675	-6.5524439895135735
1.1417380920150411e8	5080.623631971971	-18.994274336066248	-6.590930600438864
1.1492180920150411e8	5076.137979685562	-19.01498409757575	-6.630957925215164
1.1566980920150411e8	5071.6562877547985	-19.035693859085246	-6.672654483828595
1.1641780920150411e8	5067.178552683087	-19.056403620594743	-6.716165579714376
1.1716580920150411e8	5062.840126193709	-19.07658844390127	-6.75087904403049
1.1791380920150411e8	5058.543260816456	-19.096626366137635	-6.78373620855836
1.1866180920150411e8	5054.250042216815	-19.116664288374004	-6.817709751209602
1.1940980920150411e8	5049.96046729977	-19.136702210610366	-6.852878209960617
1.2015780920150411e8	5045.6745329728665	-19.156740132846735	-6.889328713695209
1.2090580920150411e8	5041.392236146338	-19.1767780550831	-6.927158282733251
1.2165380920150411e8	5037.113573733017	-19.196815977319467	-6.966475385172112
1.2240180920150411e8	5032.838542648325	-19.216853899555833	-7.0074018119039945
1.2314980920150411e8	5028.567139810356	-19.2368918217922	-7.050074951967518
1.2389780920150411e8	5024.299362139775	-19.256929744028564	-7.094650575396798
1.2464580920150411e8	5020.035206559909	-19.276967666264934	-7.141306265767423
1.2539380920150411e8	5015.778728999961	-19.297041572789663	-7.185509633253178
1.2614180920150411e8	5011.537154648909	-19.31721569017704	-7.218070899817063
1.2688980920150411e8	5007.299167169188	-19.33738980756442	-7.251728190485322
1.2763780920150411e8	5003.064763527585	-19.357563924951798	-7.286557868265571
1.2838580920150411e8	4998.833940693438	-19.37773804233918	-7.322644565743953
1.2913380920150411e8	4994.606695638662	-19.39791215972656	-7.360082423996204
1.2988180920150411e8	4990.383025337695	-19.418086277113936	-7.398976572566964
1.3062980920150411e8	4986.162926767593	-19.438260394501313	-7.439444909093293
1.3137780920150411e8	4981.94639690791	-19.458434511888694	-7.481620254456912
1.3212580920150411e8	4977.733432740788	-19.478608629276074	-7.525652982762199
1.3287380920150411e8	4973.524031250922	-19.498782746663455	-7.571714257486801
1.3362180920150411e8	4969.31818942553	-19.518956864050832	-7.620000049597963
1.343698092015041e8	4965.1185420941765	-19.53920340999931	-7.6565888109193905
1.351178092015041e8	4960.923286391719	-19.55947310688731	-7.6899141497005505
1.358658092015041e8	4956.731575452636	-19.579742803775314	-7.724388466773142
1.366138092015041e8	4952.543406281814	-19.60001250066332	-7.760093828060369
1.373618092015041e8	4948.358775886642	-19.620282197551322	-7.797121418507242
1.381098092015041e8	4944.1776812770395	-19.640551894439326	-7.8355729452734115
1.388578092015041e8	4940.000119465483	-19.660821591327327	-7.87556232165735
1.396058092015041e8	4935.826087466917	-19.68109128821533	-7.917217701969036
1.403538092015041e8	4931.655582298866	-19.701360985103335	-7.9606839589529965
1.411018092015041e8	4927.488600981342	-19.721630681991336	-8.006125724531246
1.418498092015041e8	4923.325140536881	-19.74190037887934	-8.053731154925647
1.425978092015041e8	4919.167793505527	-19.76222010193135	-8.099576065146493
1.433458092015041e8	4915.022900414284	-19.782712346253533	-8.132783674841
1.440938092015041e8	4910.881499811887	-19.80320459057572	-8.167132019377707
1.448418092015041e8	4906.743588755589	-19.823696834897902	-8.202702267450906
1.455898092015041e8	4902.60916430509	-19.844189079220087	-8.239584571667102
1.463378092015041e8	4898.478223522565	-19.86468132354227	-8.277879445311001
1.470858092015041e8	4894.350763472689	-19.885173567864456	-8.317699413387572
1.478338092015041e8	4890.226781222589	-19.90566581218664	-8.35917100623957
1.485818092015041e8	4886.106273841869	-19.92615805650882	-8.402437184744722
1.493298092015041e8	4881.9892384026	-19.946650300831006	-8.447660314300652
1.500778092015041e8	4877.875671979316	-19.967142545153195	-8.495025843710062
1.508258092015041e8	4873.76557164904	-19.987634789475376	-8.54474689947892
1.515738092015041e8	4869.658381849449	-20.008268220689388	-8.583329402325637
1.523218092015041e8	4865.554434495344	-20.028957582005848	-8.617848835451404
1.530698092015041e8	4861.453945778893	-20.04964694332231	-8.65360259503262
1.538178092015041e8	4857.356912785308	-20.070336304638772	-8.690682237714926
1.545658092015041e8	4853.263332602257	-20.09102566595523	-8.729189900685173
1.553138092015041e8	4849.173202319845	-20.111715027271693	-8.769239997503364
1.560618092015041e8	4845.086519030628	-20.132404388588153	-8.810961267924547
1.568098092015041e8	4841.0032798296315	-20.153093749904613	-8.854499274259107
1.575578092015041e8	4836.923481814329	-20.173783111221073	-8.900019466340002
1.583058092015041e8	4832.847122084622	-20.194472472537534	-8.947710977962561
1.590538092015041e8	4828.774197742866	-20.215161833853998	-8.997791374827182
1.598018092015041e8	4824.707432646313	-20.23589537493868	-9.046655802026507
1.605498092015041e8	4820.655304333077	-20.256810725905886	-9.081492319491728
1.612978092015041e8	4816.6065792819245	-20.277726076873094	-9.117586359365527
1.620458092015041e8	4812.561254634547	-20.298641427840305	-9.155032120261236
1.627938092015041e8	4808.519327535065	-20.319556778807513	-9.193934798389982
1.635418092015041e8	4804.48079512997	-20.340472129774724	-9.234412369069451
1.642898092015041e8	4800.445654568159	-20.361387480741932	-9.276597744248724
1.650378092015041e8	4796.413903000915	-20.38230283170914	-9.32064140549977
1.657858092015041e8	4792.3855375819385	-20.403218182676348	-9.366714644034003
1.665338092015041e8	4788.3605554672895	-20.42413353364356	-9.415013583832186
1.672818092015041e8	4784.338953815446	-20.445048884610763	-9.46576422661089
1.680298092015041e8	4780.3207297872505	-20.465964235577975	-9.519228846814894
1.687778092015041e8	4776.307023811908	-20.487145403738946	-9.562177210424375
1.695258092015041e8	4772.297313216743	-20.50847209171556	-9.599384075418097
1.702738092015041e8	4768.290968774342	-20.52979877969218	-9.63802896800698
1.710218092015041e8	4764.287987658813	-20.551125467668797	-9.6782275308553
1.717698092015041e8	4760.2883670466335	-20.572452155645415	-9.720109942694068
1.725178092015041e8	4756.292104116669	-20.593778843622033	-9.763823461473795
1.732658092015041e8	4752.299196050152	-20.61510553159865	-9.809535549227823
1.740138092015041e8	4748.309640030659	-20.636432219575266	-9.857437746002505
1.747618092015041e8	4744.323433244161	-20.65775890755188	-9.907750519224628
1.755098092015041e8	4740.340572878959	-20.6790855955285	-9.960729398940567
1.762578092015041e8	4736.361056125751	-20.70041228350512	-10.016672831111885
1.770058092015041e8	4732.402849320332	-20.721721991832286	-10.073041649740865
1.777538092015041e8	4728.5685341188155	-20.74291766291403	-10.11240794305071
1.785018092015041e8	4724.737325578666	-20.76411333399578	-10.15338767332729
1.792498092015041e8	4720.90922118276	-20.78530900507753	-10.196118767879769
1.799978092015041e8	4717.084218416074	-20.80650467615928	-10.240757633230226
1.807458092015041e8	4713.262314765571	-20.827700347241027	-10.287482611132363
1.814938092015041e8	4709.44350772025	-20.848896018322776	-10.33649828232738
1.822418092015041e8	4705.627794771195	-20.870091689404525	-10.388040880501082
1.829898092015041e8	4701.815173411472	-20.891287360486274	-10.44238517889248
1.837378092015041e8	4698.0056411361875	-20.912483031568023	-10.49985335804005
1.844858092015041e8	4694.199195442494	-20.933678702649768	-10.560826580561733
1.852338092015041e8	4690.395833829562	-20.954874373731517	-10.625760329461512
1.859818092015041e8	4686.62910802872	-20.976163728442188	-10.687448223890817
1.867298092015041e8	4682.947211503165	-20.997681662108242	-10.733259271426542
1.874778092015041e8	4679.26820753891	-21.019199595774296	-10.781270150792535
1.882258092015041e8	4675.592093863526	-21.040717529440347	-10.831702836344977
1.889738092015041e8	4671.918868206336	-21.0622354631064	-10.884814693434826
1.897218092015041e8	4668.248528298479	-21.08375339677245	-10.94090642630232
1.904698092015041e8	4664.5810718728435	-21.105271330438505	-11.00033239049158
1.912178092015041e8	4660.916496664135	-21.12678926410456	-11.063514167628728
1.919658092015041e8	4657.2548004088085	-21.148307197770617	-11.130958725184694
1.927138092015041e8	4653.5959808451025	-21.169825131436667	-11.203283155052091
1.934618092015041e8	4649.940035713055	-21.19134306510272	-11.281249075901108
1.942098092015041e8	4646.286962754447	-21.212860998768775	-11.365811616164674
1.949578092015041e8	4642.814716867233	-21.23450791395575	-11.447657628342043
1.957058092015041e8	4639.777587074973	-21.25646852990889	-11.509324879257045
1.964538092015041e8	4636.742444042463	-21.278429145862034	-11.57504636235356
1.972018092015041e8	4633.709286470036	-21.300389761815175	-11.64539290613807
1.979498092015041e8	4630.678113058905	-21.322350377768316	-11.721065088252255
1.986978092015041e8	4627.648922511109	-21.344310993721457	-11.80293580535489
1.994458092015041e8	4624.621713529536	-21.366271609674598	-11.892111874176534
2.001938092015041e8	4621.596484817946	-21.388232225627743	-11.990025884770514
2.009418092015041e8	4618.573235080915	-21.410192841580884	-12.098578095217544
2.016898092015041e8	4615.5519630239005	-21.432153457534024	-12.220365128271359
2.024378092015041e8	4612.532667353182	-21.45411407348717	-12.359068187646129
2.031858092015041e8	4609.515346775889	-21.47607468944031	-12.520156293062417
2.039338092015041e8	4606.499999999996	-21.49803530539345	-12.712271817946382
