-2.539795607927698e7	10611.634492836629	-16.251846018305407
-2.503545607927698e7	10590.446270718128	-16.25273730197914
-2.467295607927698e7	10569.300355065861	-16.253628585652866
-2.431045607927698e7	10548.196661406657	-16.254519869326593
-2.394795607927698e7	10527.135105435955	-16.255411153000324
-2.358545607927698e7	10506.11560301751	-16.256302436674055
-2.322295607927698e7	10485.13807018318	-16.257193720347786
-2.286045607927698e7	10464.202423132376	-16.258085004021513
-2.249795607927698e7	10443.308578231843	-16.25897628769524
-2.213545607927698e7	10422.456452015378	-16.25986757136897
-2.177295607927698e7	10401.645961183362	-16.260758855042702
-2.141045607927698e7	10380.87702260255	-16.26165013871643
-2.104795607927698e7	10360.149553305693	-16.26254142239016
-2.068545607927698e7	10334.882620905266	-16.263054850231775
-2.032295607927698e7	10309.666351452448	-16.26356737165614
-1.996045607927698e7	10284.511607637458	-16.26407989308051
-1.959795607927698e7	10259.418239342744	-16.26459241450488
-1.923545607927698e7	10234.386096817088	-16.265104935929248
-1.887295607927698e7	10209.41503067458	-16.265617457353617
-1.851045607927698e7	10184.504891893865	-16.266129978777986
-1.814795607927698e7	10159.655531817141	-16.266642500202355
-1.778545607927698e7	10134.86680214932	-16.26715502162672
-1.742295607927698e7	10110.138554957188	-16.26766754305109
-1.706045607927698e7	10081.313272858739	-16.267818323253465
-1.6697956079276979e7	10050.71351887343	-16.267807041706437
-1.6335456079276979e7	10020.206644150818	-16.26779576015941
-1.5972956079276979e7	9989.792366775007	-16.267784478612377
-1.5610456079276979e7	9959.47040568581	-16.26777319706535
-1.5247956079276979e7	9929.240480676079	-16.26776191551832
-1.4885456079276979e7	9899.102312389232	-16.267750633971293
-1.4522956079276979e7	9869.0556223166	-16.267739352424265
-1.4160456079276979e7	9835.761257678696	-16.2673994164996
-1.3797956079276979e7	9798.5848972933	-16.26666483094169
-1.3435456079276979e7	9761.549052902088	-16.26593024538378
-1.3072956079276979e7	9724.653193394814	-16.26519565982587
-1.2710456079276979e7	9687.896789668745	-16.26446107426796
-1.2347956079276979e7	9651.279314620937	-16.263726488710052
-1.1985456079276979e7	9614.800243140811	-16.26299190315214
-1.1622956079276979e7	9570.385241490521	-16.261437670852114
-1.1260456079276979e7	9523.948474724257	-16.259656190093967
-1.0897956079276979e7	9477.737025252278	-16.257874709335816
-1.0535456079276979e7	9431.749799805462	-16.25609322857767
-1.0172956079276979e7	9385.985710419343	-16.25431174781952
-9.810456079276979e6	9336.895133699009	-16.25217712167202
-9.447956079276979e6	9278.816871876923	-16.249117029604093
-9.085456079276979e6	9221.099874099022	-16.24605693753617
-8.722956079276979e6	9155.17546401664	-16.24207077400533
-8.360456079276979e6	9089.104139447465	-16.23801726208976
-7.997956079276979e6	9014.95949641759	-16.2330399350761
-7.635456079276979e6	8938.46460077887	-16.227740488380828
-7.272956079276979e6	8853.193560071586	-16.22142633150721
-6.910456079276979e6	8764.01357118439	-16.214598456010165
-6.547956079276979e6	8664.532197882258	-16.20656996022597
-6.185456079276979e6	8560.010014140864	-16.197871762773914
-5.822956079276979e6	8445.006116952947	-16.187958731674136
-5.460456079276979e6	8323.595487302407	-16.177210862017674
-5.097956079276979e6	8198.1960505622	-16.16597745705851
-4.735456079276979e6	8065.247181449436	-16.15393187676433
-4.372956079276979e6	7934.454323450502	-16.141886296470144
-4.010456079276979e6	7816.609977147855	-16.1320019776946
-3.647956079276979e6	7705.676054235734	-16.123162131211828
-3.285456079276979e6	7596.316513989328	-16.11432228472906
-2.922956079276979e6	7492.496275682912	-16.106130276637934
-2.560456079276979e6	7425.660175969541	-16.10378125855641
-2.197956079276979e6	7359.420281320616	-16.10143224047488
-1.835456079276979e6	7293.771273345618	-16.099083222393354
-1.472956079276979e6	7228.707881096216	-16.09673420431183
-1.110456079276979e6	7174.471193364785	-16.09618124655794
-747956.079276979	7124.100036093841	-16.096238539147354
-385456.07927697897	7074.082529066425	-16.096295831736764
-22956.07927697897	7024.416189343884	-16.09635312432618
339543.92072302103	6975.098551419957	-16.09641041691559
702043.920723021	6932.861889877765	-16.097680949554796
1.064543920723021e6	6894.933418592059	-16.09968539067555
1.427043920723021e6	6857.212447319599	-16.101689831796303
1.789543920723021e6	6819.697840864236	-16.103694272917057
2.152043920723021e6	6782.388470240243	-16.10569871403781
2.514543920723021e6	6745.283212638374	-16.107703155158564
2.877043920723021e6	6713.680208331154	-16.11074757495601
3.239543920723021e6	6684.177046292159	-16.11417662555874
3.602043920723021e6	6654.803535434515	-16.117605676161475
3.964543920723021e6	6625.559106008156	-16.121034726764204
4.327043920723021e6	6596.443190766776	-16.124463777366937
4.689543920723021e6	6567.455224956789	-16.127892827969667
5.052043920723021e6	6539.01901697256	-16.131407566527276
5.414543920723021e6	6515.803846188039	-16.135955702160302
5.777043920723021e6	6492.671095129333	-16.14050383779333
6.139543920723021e6	6469.620471185599	-16.145051973426355
6.502043920723021e6	6446.651682784805	-16.14960010905938
6.864543920723021e6	6423.764439390083	-16.154148244692408
7.227043920723021e6	6400.9584514960425	-16.158696380325434
7.589543920723021e6	6378.233430625101	-16.16324451595846
7.952043920723021e6	6358.423470869165	-16.168404163528116
8.314543920723021e6	6340.026439783076	-16.17385618518928
8.677043920723021e6	6321.682637418593	-16.179308206850447
9.039543920723021e6	6303.391909767333	-16.184760228511614
9.402043920723021e6	6285.154103266545	-16.190212250172777
9.764543920723021e6	6266.969064797749	-16.195664271833945
1.0127043920723021e7	6248.8366416855015	-16.201116293495108
1.0489543920723021e7	6230.756681696102	-16.20656831515628
1.0852043920723021e7	6214.559013486767	-16.212439865417007
1.1214543920723021e7	6199.843783284442	-16.21864238917105
1.1577043920723021e7	6185.16339674512	-16.22484491292509
1.1939543920723021e7	6170.517771363725	-16.23104743667913
1.2302043920723021e7	6155.906824830576	-16.23724996043317
1.2664543920723021e7	6141.33047503089	-16.243452484187213
1.3027043920723021e7	6126.788640044287	-16.24965500794125
1.3389543920723021e7	6112.281238144406	-16.25585753169529
1.3752043920723021e7	6097.808187798375	-16.262060055449332
1.4114543920723021e7	6085.260543851073	-16.268728402430117
1.4477043920723021e7	6073.2990870199865	-16.275535035434448
1.4839543920723021e7	6061.361142156627	-16.282341668438775
1.5202043920723021e7	6049.446663044822	-16.289148301443106
1.5564543920723021e7	6037.555603559267	-16.295954934447437
1.5927043920723021e7	6025.687917665329	-16.302761567451764
1.6289543920723021e7	6013.843559418803	-16.30956820045609
1.6652043920723021e7	6002.022482965867	-16.316374833460422
1.701454392072302e7	5990.2246425427675	-16.32318146646475
1.737704392072302e7	5979.205167443239	-16.33017887945156
1.773954392072302e7	5969.491488122049	-16.337501597689204
1.810204392072302e7	5959.793589421089	-16.34482431592685
1.846454392072302e7	5950.111445703514	-16.3521470341645
1.882704392072302e7	5940.445031374139	-16.359469752402145
1.918954392072302e7	5930.794320879353	-16.366792470639794
1.955204392072302e7	5921.159288707077	-16.37411518887744
1.991454392072302e7	5911.539909386679	-16.381437907115085
2.027704392072302e7	5901.936157488885	-16.38876062535273
2.063954392072302e7	5892.348007625744	-16.39608334359038
2.100204392072302e7	5883.43773751587	-16.40357767158564
2.136454392072302e7	5875.451950235439	-16.411308377527195
2.172704392072302e7	5867.477002331803	-16.419039083468753
2.208954392072302e7	5859.512879092313	-16.426769789410308
2.245204392072302e7	5851.559565824279	-16.434500495351863
2.281454392072302e7	5843.617047854975	-16.44223120129342
2.317704392072302e7	5835.6853105315995	-16.449961907234975
2.353954392072302e7	5827.76433922119	-16.457692613176533
2.390204392072302e7	5819.854119310677	-16.465423319118088
2.426454392072302e7	5811.954636206845	-16.473154025059642
2.462704392072302e7	5804.065875336246	-16.480884731001197
2.498954392072302e7	5797.404548751071	-16.488975673374387
2.535204392072302e7	5790.77699203419	-16.49707435853796
2.571454392072302e7	5784.157011898796	-16.50517304370154
2.607704392072302e7	5777.544599683408	-16.513271728865117
2.643954392072302e7	5770.939746736407	-16.521370414028695
2.680204392072302e7	5764.3424444161055	-16.52946909919227
2.716454392072302e7	5757.752684090654	-16.537567784355847
2.752704392072302e7	5751.170457138111	-16.545666469519425
2.788954392072302e7	5744.59575494635	-16.553765154683003
2.825204392072302e7	5738.028568913134	-16.56186383984658
2.861454392072302e7	5731.6136627157475	-16.570007168215103
2.897704392072302e7	5725.9809143689035	-16.578389726165963
2.933954392072302e7	5720.35370161042	-16.58677228411682
2.970204392072302e7	5714.732019000204	-16.59515484206768
3.006454392072302e7	5709.115861103496	-16.603537400018535
3.042704392072302e7	5703.50522249089	-16.61191995796939
3.078954392072302e7	5697.900097738285	-16.62030251592025
3.115204392072302e7	5692.300481426939	-16.628685073871107
3.151454392072302e7	5686.7063681434265	-16.637067631821964
3.187704392072302e7	5681.117752479654	-16.645450189772824
3.223954392072302e7	5675.534629032799	-16.65383274772368
3.260204392072302e7	5669.963542821783	-16.662217292547528
3.296454392072302e7	5665.239717092846	-16.670857401529663
3.332704392072302e7	5660.519826932338	-16.679497510511798
3.368954392072302e7	5655.803869061414	-16.68813761949393
3.405204392072302e7	5651.091840203958	-16.696777728476064
3.441454392072302e7	5646.383737086586	-16.7054178374582
3.477704392072302e7	5641.679556438639	-16.71405794644033
3.513954392072302e7	5636.979294992185	-16.722698055422466
3.550204392072302e7	5632.282949482023	-16.7313381644046
3.586454392072302e7	5627.590516645651	-16.739978273386736
3.622704392072302e7	5622.90199322328	-16.748618382368868
3.658954392072302e7	5618.217375957882	-16.757258491351
3.695204392072302e7	5613.904073211841	-16.766027294245028
3.731454392072302e7	5609.848727213906	-16.774885355770028
3.767704392072302e7	5605.796310698002	-16.783743417295025
3.803954392072302e7	5601.746821547964	-16.79260147882002
3.840204392072302e7	5597.700257649124	-16.801459540345018
3.876454392072302e7	5593.656616888343	-16.810317601870018
3.912704392072302e7	5589.615897154048	-16.819175663395015
3.948954392072302e7	5585.578096336122	-16.82803372492001
3.985204392072302e7	5581.543212326042	-16.83689178644501
4.021454392072302e7	5577.5112430167555	-16.845749847970005
4.057704392072302e7	5573.482186302787	-16.854607909495
4.093954392072302e7	5569.456040080109	-16.86346597102
4.130204392072302e7	5565.843131386273	-16.872459627788782
4.166454392072302e7	5562.238357003961	-16.881455199265094
4.202704392072302e7	5558.6359172900875	-16.890450770741406
4.238954392072302e7	5555.0358107326	-16.89944634221772
4.275204392072302e7	5551.438035820388	-16.90844191369403
4.311454392072302e7	5547.842591043357	-16.917437485170343
4.347704392072302e7	5544.249474892351	-16.926433056646655
4.383954392072302e7	5540.658685859243	-16.935428628122967
4.420204392072302e7	5537.070222436811	-16.94442419959928
4.456454392072302e7	5533.4840831188785	-16.953419771075595
4.492704392072302e7	5529.900266400208	-16.962415342551903
4.528954392072302e7	5526.403260517334	-16.971444312479807
4.565204392072302e7	5523.267843369414	-16.980615426975042
4.601454392072302e7	5520.134205107367	-16.989786541470284
4.637704392072302e7	5517.002344721948	-16.998957655965523
4.673954392072302e7	5513.872261204457	-17.00812877046076
4.710204392072302e7	5510.743953546791	-17.017299884956003
4.746454392072302e7	5507.617420741414	-17.02647099945124
4.782704392072302e7	5504.492661781369	-17.03564211394648
4.818954392072302e7	5501.369675660231	-17.04481322844172
4.855204392072302e7	5498.248461372206	-17.053984342936957
4.891454392072302e7	5495.1290179120315	-17.063155457432195
4.927704392072302e7	5492.011344275032	-17.072326571927434
4.963954392072302e7	5488.987408219189	-17.081529247615673
5.000204392072302e7	5486.1897885802455	-17.09080905784431
5.036454392072302e7	5483.393594828266	-17.100088868072948
5.072704392072302e7	5480.598826236525	-17.109368678301585
5.108954392072302e7	5477.805482078631	-17.11864848853022
5.145204392072302e7	5475.013561628589	-17.12792829875886
5.181454392072302e7	5472.223064160776	-17.137208108987494
5.217704392072302e7	5469.433988949907	-17.146487919216135
5.253954392072302e7	5466.64633527111	-17.15576772944477
5.290204392072302e7	5463.86010239984	-17.165047539673406
5.326454392072302e7	5461.075289611951	-17.174327349902043
5.362704392072302e7	5458.291896183668	-17.18360716013068
5.398954392072302e7	5455.584231442416	-17.19291998932958
5.435204392072302e7	5453.0651195012515	-17.202316042649272
5.471454392072302e7	5450.547170758134	-17.21171209596896
5.507704392072302e7	5448.030384675965	-17.22110814928865
5.543954392072302e7	5445.5147607179	-17.230504202608337
5.580204392072302e7	5443.000298347306	-17.239900255928028
5.616454392072302e7	5440.486997027842	-17.24929630924772
5.652704392072302e7	5437.974856223374	-17.258692362567405
5.688954392072302e7	5435.463875398055	-17.268088415887096
5.725204392072302e7	5432.954054016246	-17.277484469206783
5.761454392072302e7	5430.445391542594	-17.286880522526474
5.797704392072302e7	5427.9378874419535	-17.296276575846164
5.833954392072302e7	5425.480432103348	-17.305695123973216
5.870204392072302e7	5423.19064887315	-17.31519033963952
5.906454392072302e7	5420.9018320287705	-17.324685555305827
5.942704392072302e7	5418.613981162314	-17.334180770972136
5.978954392072302e7	5416.327095866137	-17.343675986638445
6.015204392072302e7	5414.041175732697	-17.353171202304754
6.051454392072302e7	5411.756220354665	-17.362666417971063
6.087704392072302e7	5409.472229324864	-17.37216163363737
6.123954392072302e7	5407.189202236326	-17.381656849303678
6.160204392072302e7	5404.907138682189	-17.391152064969983
6.196454392072302e7	5402.6260382558385	-17.400647280636292
6.232704392072302e7	5400.345900550756	-17.4101424963026
6.268954392072302e7	5398.086838775895	-17.41964998621869
6.305204392072302e7	5395.946087494263	-17.42922912699409
6.341454392072302e7	5393.806185183052	-17.438808267769492
6.377704392072302e7	5391.667131505579	-17.448387408544896
6.413954392072302e7	5389.528926125287	-17.457966549320297
6.450204392072302e7	5387.391568705772	-17.467545690095697
6.486454392072302e7	5385.255058910762	-17.477124830871098
6.522704392072302e7	5383.119396404091	-17.4867039716465
6.558954392072302e7	5380.984580849765	-17.4962831124219
6.595204392072302e7	5378.850611911881	-17.5058622531973
6.631454392072302e7	5376.717489254713	-17.515441393972704
6.667704392072302e7	5374.585212542626	-17.525020534748105
6.703954392072302e7	5372.4627480985855	-17.534604362855497
6.740204392072302e7	5370.462791617162	-17.54425181834983
6.776454392072302e7	5368.463579640841	-17.553899273844166
6.812704392072302e7	5366.465111892463	-17.563546729338498
6.848954392072302e7	5364.4673880949995	-17.573194184832833
6.885204392072302e7	5362.4704079714975	-17.582841640327167
6.921454392072302e7	5360.474171245118	-17.592489095821506
6.957704392072302e7	5358.478677639111	-17.602136551315837
6.993954392072302e7	5356.483926876865	-17.61178400681017
7.030204392072302e7	5354.489918681826	-17.621431462304503
7.066454392072302e7	5352.496652777595	-17.63107891779884
7.102704392072302e7	5350.504128887809	-17.64072637329317
7.138954392072302e7	5348.512346736274	-17.650373828787504
7.175204392072302e7	5346.594071336955	-17.660100023085725
7.211454392072302e7	5344.676937738019	-17.669826708610135
7.247704392072302e7	5342.760491567609	-17.679553394134544
7.283954392072302e7	5340.844732579227	-17.68928007965895
7.320204392072302e7	5338.929660526465	-17.69900676518336
7.356454392072302e7	5337.015275163001	-17.70873345070777
7.392704392072302e7	5335.101576242626	-17.718460136232174
7.428954392072302e7	5333.188563519193	-17.728186821756584
7.465204392072302e7	5331.276236746651	-17.737913507280993
7.501454392072302e7	5329.364595679029	-17.7476401928054
7.537704392072302e7	5327.45364007047	-17.757366878329805
7.573954392072302e7	5325.543369675172	-17.76709356385421
7.610204392072302e7	5323.698972170353	-17.776844550017604
7.646454392072302e7	5321.856727575878	-17.78659610081124
7.682704392072302e7	5320.015120482726	-17.796347651604876
7.718954392072302e7	5318.174150670304	-17.80609920239851
7.755204392072302e7	5316.333817918064	-17.815850753192144
7.791454392072302e7	5314.494122005572	-17.825602303985782
7.827704392072302e7	5312.655062712424	-17.835353854779417
7.863954392072302e7	5310.816639818359	-17.84510540557305
7.900204392072302e7	5308.978853103126	-17.85485695636669
7.936454392072302e7	5307.141702346586	-17.864608507160327
7.972704392072302e7	5305.305187328668	-17.87436005795396
8.008954392072302e7	5303.469307829377	-17.884111608747595
8.045204392072302e7	5301.662550924962	-17.89393548515823
8.081454392072302e7	5299.85752700836	-17.903762199646295
8.117704392072302e7	5298.05311763698	-17.91358891413436
8.153954392072302e7	5296.249322601572	-17.923415628622422
8.190204392072302e7	5294.446141692988	-17.933242343110486
8.226454392072302e7	5292.643574702149	-17.94306905759855
8.262704392072302e7	5290.841621420027	-17.952895772086613
8.298954392072302e7	5289.04028163766	-17.962722486574677
8.335204392072302e7	5287.2395551462105	-17.972549201062737
8.371454392072302e7	5285.439441736855	-17.9823759155508
8.407704392072302e7	5283.639941200854	-17.992202630038864
8.443954392072302e7	5281.841501903841	-18.0020299413548
8.480204392072302e7	5280.056908675514	-18.01187486636462
8.516454392072302e7	5278.272918413594	-18.021719791374444
8.552704392072302e7	5276.489530914345	-18.031564716384263
8.588954392072302e7	5274.706745974127	-18.041409641394083
8.625204392072302e7	5272.924563389345	-18.051254566403905
8.661454392072302e7	5271.142982956477	-18.061099491413728
8.697704392072302e7	5269.362004472073	-18.070944416423547
8.733954392072302e7	5267.5816277327485	-18.08078934143337
8.770204392072302e7	5265.801852535193	-18.090634266443193
8.806454392072302e7	5264.0226786761505	-18.10047919145301
8.842704392072302e7	5262.2441059524635	-18.11032411646283
8.878954392072302e7	5260.465736982301	-18.120176370300694
8.915204392072302e7	5258.685347955734	-18.130077004761755
8.951454392072302e7	5256.905561496553	-18.139977639222817
8.987704392072302e7	5255.126377400829	-18.149878273683875
9.023954392072302e7	5253.347795464686	-18.159778908144936
9.060204392072302e7	5251.569815484315	-18.169679542605998
9.096454392072302e7	5249.792437255995	-18.17958017706706
9.132704392072302e7	5248.015660576073	-18.189480811528117
9.168954392072302e7	5246.23948524094	-18.19938144598918
9.205204392072302e7	5244.463911047091	-18.209282080450237
9.241454392072302e7	5242.688937791051	-18.219182714911298
9.277704392072302e7	5240.914565269455	-18.22908334937236
9.313954392072302e7	5239.135899163326	-18.238993284537973
9.350204392072302e7	5237.347212382588	-18.248923416887422
9.386454392072302e7	5235.5591362751475	-18.258853549236868
9.422704392072302e7	5233.771670632516	-18.26878368158632
9.458954392072302e7	5231.984815246276	-18.278713813935767
9.495204392072302e7	5230.198569908081	-18.288643946285216
9.531454392072302e7	5228.412934409653	-18.298574078634665
9.567704392072302e7	5226.62790854279	-18.308504210984115
9.603954392072302e7	5224.843492099357	-18.318434343333564
9.640204392072302e7	5223.059684871291	-18.328364475683014
9.676454392072302e7	5221.276486650602	-18.338294608032463
9.712704392072302e7	5219.4938972293685	-18.348224740381912
9.748954392072302e7	5217.69603365846	-18.358184777676538
9.785204392072302e7	5215.886034639794	-18.368168838646913
9.821454392072302e7	5214.076663502941	-18.378152899617287
9.857704392072302e7	5212.267920030092	-18.38813696058766
9.893954392072302e7	5210.459804003521	-18.398121021558033
9.930204392072302e7	5208.6523152055515	-18.408105082528404
9.966454392072302e7	5206.845453418609	-18.418089143498776
1.0002704392072302e8	5205.039218425197	-18.42807320446915
1.0038954392072302e8	5203.233610007862	-18.438057265439525
1.0075204392072302e8	5201.428627949257	-18.448041326409896
1.0111454392072302e8	5199.6242720321015	-18.458025387380268
1.0147704392072302e8	5197.820542039198	-18.468009448350642
1.0183954392072302e8	5195.99956006729	-18.478038931751524
1.0220204392072302e8	5194.176725969022	-18.488074744014238
1.0256454392072302e8	5192.354531348136	-18.498110556276956
1.0292704392072302e8	5190.532975980276	-18.508146368539673
1.0328954392072302e8	5188.712059641201	-18.51818218080239
1.0365204392072302e8	5186.891782106721	-18.52821799306511
1.0401454392072302e8	5185.072143152724	-18.538253805327827
1.0437704392072302e8	5183.253142555204	-18.54828961759054
1.0473954392072302e8	5181.4347800902	-18.55832542985326
1.0510204392072302e8	5179.617055533862	-18.568361242115976
1.0546454392072302e8	5177.799968662385	-18.57839705437869
1.0582704392072302e8	5175.970106685404	-18.58846178329264
1.0618954392072302e8	5174.107150312959	-18.598599281900746
1.0655204392072302e8	5172.244864463406	-18.608736780508853
1.0691454392072302e8	5170.383248895408	-18.618874279116955
1.0727704392072302e8	5168.522303367714	-18.62901177772506
1.0763954392072302e8	5166.662027639161	-18.639149276333164
1.0800204392072302e8	5164.802421468672	-18.649286774941267
1.0836454392072302e8	5162.943484615256	-18.659424273549373
1.0872704392072302e8	5161.085216838012	-18.669561772157476
1.0908954392072302e8	5159.227617896111	-18.679699270765582
1.0945204392072302e8	5157.370687548843	-18.689836769373684
1.0981454392072302e8	5155.514425555556	-18.699974267981787
1.1017704392072302e8	5153.675198973366	-18.709897043160655
1.1053954392072302e8	5151.839965966253	-18.71977601885211
1.1090204392072302e8	5150.005386488923	-18.729654994543562
1.1126454392072302e8	5148.171460308627	-18.739533970235016
1.1162704392072302e8	5146.338187192759	-18.74941294592647
1.1198954392072302e8	5144.505566908736	-18.759291921617923
1.1235204392072302e8	5142.673599224093	-18.769170897309376
1.1271454392072302e8	5140.842283906436	-18.77904987300083
1.1307704392072302e8	5139.011620723458	-18.78892884869228
1.1343954392072302e8	5137.181609442931	-18.798807824383736
1.1380204392072302e8	5135.352249832713	-18.80868680007519
1.1416454392072302e8	5133.516792626399	-18.818587527192484
1.1452704392072302e8	5131.6188318063905	-18.82869188532095
1.1488954392072302e8	5129.7215726993345	-18.838796243449416
1.1525204392072302e8	5127.825015045803	-18.84890060157788
1.1561454392072302e8	5125.929158586458	-18.85900495970635
1.1597704392072302e8	5124.034003062058	-18.869109317834816
1.1633954392072302e8	5122.139548213441	-18.879213675963285
1.1670204392072302e8	5120.24579378156	-18.889318034091747
1.1706454392072302e8	5118.352739507456	-18.899422392220213
1.1742704392072302e8	5116.460385132271	-18.909526750348682
1.1778954392072302e8	5114.5687303972445	-18.919631108477148
1.1815204392072302e8	5112.677775043689	-18.929735466605614
1.1851454392072302e8	5110.820925306227	-18.939513405979202
1.1887704392072302e8	5108.983413987434	-18.949108911524778
1.1923954392072302e8	5107.146563315501	-18.95870441707035
1.1960204392072302e8	5105.310373052914	-18.96829992261592
1.1996454392072302e8	5103.474842962242	-18.977895428161492
1.2032704392072302e8	5101.639972806112	-18.987490933707065
1.2068954392072302e8	5099.805762347267	-18.997086439252634
1.2105204392072302e8	5097.97221134853	-19.006681944798206
1.2141454392072302e8	5096.139319572787	-19.01627745034378
1.2177704392072302e8	5094.307086783032	-19.02587295588935
1.2213954392072302e8	5092.47551274235	-19.035468461434924
1.2250204392072302e8	5090.644597213876	-19.045063966980493
1.2286454392072302e8	5088.814339960866	-19.05465947252607
1.2322704392072302e8	5086.984740746646	-19.064254978071638
1.2358954392072302e8	5085.155799334638	-19.07385048361721
1.2395204392072302e8	5083.327515488321	-19.083445989162783
1.2431454392072302e8	5081.4998889713	-19.093041494708356
1.2467704392072302e8	5079.672919547221	-19.102637000253925
1.2503954392072302e8	5077.846606979847	-19.112232505799497
1.2540204392072302e8	5076.020951033018	-19.12182801134507
1.2576454392072302e8	5074.195951470663	-19.131423516890642
1.2612704392072302e8	5072.371608056775	-19.141019022436215
1.2648954392072302e8	5070.547920555453	-19.150614527981784
1.2685204392072302e8	5068.724888730884	-19.160210033527356
1.2721454392072302e8	5066.878469917002	-19.169806499447766
1.2757704392072302e8	5065.012852331572	-19.179403759423074
1.2793954392072302e8	5063.147921663934	-19.189001019398383
1.2830204392072302e8	5061.283677661158	-19.19859827937369
1.2866454392072302e8	5059.420120070433	-19.208195539349
1.2902704392072302e8	5057.557248639013	-19.217792799324307
1.2938954392072302e8	5055.695063114256	-19.227390059299616
1.2975204392072302e8	5053.833563243604	-19.236987319274924
1.3011454392072302e8	5051.972748774616	-19.246584579250232
1.3047704392072302e8	5050.11261945492	-19.25618183922554
1.3083954392072302e8	5048.253175032244	-19.265779099200852
1.3120204392072302e8	5046.394415254404	-19.275376359176157
1.3156454392072302e8	5044.536339869329	-19.284973619151465
1.3192704392072302e8	5042.67894862502	-19.294570879126777
1.3228954392072302e8	5040.822241269577	-19.304168139102085
1.3265204392072302e8	5038.966217551191	-19.313765399077393
1.3301454392072302e8	5037.1108772181415	-19.3233626590527
1.3337704392072302e8	5035.256220018824	-19.33295991902801
1.3373954392072302e8	5033.4022457017	-19.342557179003318
1.3410204392072302e8	5031.548954015324	-19.35215443897863
1.3446454392072302e8	5029.696344708372	-19.361751698953938
1.3482704392072302e8	5027.844417529583	-19.371348958929243
1.3518954392072302e8	5025.993172227797	-19.380946218904555
1.3555204392072302e8	5024.1426085519415	-19.39054347887986
1.3591454392072302e8	5022.268818468595	-19.400205755955625
1.3627704392072302e8	5020.3648672652225	-19.40995198832442
1.3663954392072302e8	5018.461637853217	-19.419698220693213
1.3700204392072302e8	5016.55912995892	-19.42944445306201
1.3736454392072302e8	5014.65734330881	-19.439190685430802
1.3772704392072302e8	5012.756277629463	-19.448936917799596
1.3808954392072302e8	5010.855932647557	-19.45868315016839
1.3845204392072302e8	5008.956308089875	-19.468429382537188
1.3881454392072302e8	5007.057403683293	-19.47817561490598
1.3917704392072302e8	5005.159219154829	-19.487921847274777
1.3953954392072302e8	5003.2617542315475	-19.497668079643567
1.3990204392072302e8	5001.365008640646	-19.507414312012365
1.4026454392072302e8	4999.468982109441	-19.517160544381156
1.4062704392072302e8	4997.573674365328	-19.526906776749954
1.4098954392072302e8	4995.679085135812	-19.536653009118748
1.4135204392072302e8	4993.785214148504	-19.546399241487542
1.4171454392072302e8	4991.892061131116	-19.556145473856333
1.4207704392072302e8	4989.999625811474	-19.56589170622513
1.4243954392072302e8	4988.1079079174715	-19.575637938593925
1.4280204392072302e8	4986.216907177166	-19.58538417096272
1.4316454392072302e8	4984.326623318647	-19.595130403331513
1.4352704392072302e8	4982.43705607017	-19.604876635700307
1.4388954392072302e8	4980.548205160059	-19.6146228680691
1.4425204392072302e8	4978.660070316758	-19.624369100437896
1.4461454392072302e8	4976.764761040731	-19.63408192409877
1.4497704392072302e8	4974.86485664949	-19.643772227528927
1.4533954392072302e8	4972.9656775560725	-19.653462530959082
1.4570204392072302e8	4971.067223483611	-19.663152834389237
1.4606454392072302e8	4969.169494155307	-19.672843137819395
1.4642704392072302e8	4967.272489294504	-19.68253344124955
1.4678954392072302e8	4965.376208624615	-19.69222374467971
1.4715204392072302e8	4963.480651869185	-19.701914048109863
1.4751454392072302e8	4961.585818751866	-19.711604351540018
1.4787704392072302e8	4959.691708996387	-19.721294654970176
1.4823954392072302e8	4957.798322326619	-19.730984958400335
1.4860204392072302e8	4955.905658466502	-19.74067526183049
1.4896454392072302e8	4954.013717140111	-19.750365565260644
1.4932704392072302e8	4952.122498071622	-19.760055868690802
1.4968954392072302e8	4950.232000985301	-19.769746172120957
1.5005204392072302e8	4948.342225605511	-19.779436475551112
1.5041454392072302e8	4946.453171656771	-19.78912677898127
1.5077704392072302e8	4944.564838863655	-19.798817082411425
1.5113954392072302e8	4942.677226950847	-19.80850738584158
1.5150204392072302e8	4940.790335643168	-19.81819768927174
1.5186454392072302e8	4938.904164665504	-19.827887992701893
1.5222704392072302e8	4937.018713742884	-19.83757829613205
1.5258954392072302e8	4935.133982600405	-19.847268599562206
1.5295204392072302e8	4933.249970963306	-19.856958902992364
1.5331454392072302e8	4931.3561915497785	-19.866697969568772
1.5367704392072302e8	4929.4499332950645	-19.876498465158196
1.5403954392072302e8	4927.544411920906	-19.886298960747617
1.5440204392072302e8	4925.639627142473	-19.89609945633704
1.5476454392072302e8	4923.7355786750195	-19.90589995192646
1.5512704392072302e8	4921.832266233919	-19.91570044751588
1.5548954392072302e8	4919.929689534643	-19.925500943105305
1.5585204392072302e8	4918.027848292813	-19.93530143869473
1.5621454392072302e8	4916.126742224095	-19.94510193428415
1.5657704392072302e8	4914.2263710443285	-19.95490242987357
1.5693954392072302e8	4912.326734469427	-19.964702925462994
1.5730204392072302e8	4910.427832215422	-19.974503421052418
1.5766454392072302e8	4908.529663998456	-19.984303916641835
1.5802704392072302e8	4906.632229534772	-19.99410441223126
1.5838954392072302e8	4904.735528540748	-20.00390490782068
1.5875204392072302e8	4902.8395607328475	-20.013705403410103
1.5911454392072302e8	4900.944325827651	-20.023505898999524
1.5947704392072302e8	4899.049823541847	-20.033306394588948
1.5983954392072302e8	4897.156053592236	-20.043106890178368
1.6020204392072302e8	4895.263015695728	-20.052907385767792
1.6056454392072302e8	4893.370709569333	-20.062707881357213
1.6092704392072302e8	4891.479134930203	-20.072508376946637
1.6128954392072302e8	4889.588291495543	-20.082308872536057
1.6165204392072302e8	4887.698178982732	-20.09210936812548
1.6201454392072302e8	4885.807115671278	-20.101954153497996
1.6237704392072302e8	4883.9120006867515	-20.11192498265988
1.6273954392072302e8	4882.017620782575	-20.12189581182176
1.6310204392072302e8	4880.123975673625	-20.131866640983635
1.6346454392072302e8	4878.231065074895	-20.141837470145514
1.6382704392072302e8	4876.338888701466	-20.15180829930739
1.6418954392072302e8	4874.447446268554	-20.16177912846927
1.6455204392072302e8	4872.556737491476	-20.17174995763115
1.6491454392072302e8	4870.66676208567	-20.18172078679303
1.6527704392072302e8	4868.777519766665	-20.191691615954905
1.6563954392072302e8	4866.889010250103	-20.201662445116785
1.6600204392072302e8	4865.001233251751	-20.211633274278665
1.6636454392072302e8	4863.114188487478	-20.22160410344054
1.6672704392072302e8	4861.227875673273	-20.23157493260242
1.6708954392072302e8	4859.34229452521	-20.2415457617643
1.6745204392072302e8	4857.457444759496	-20.25151659092618
1.6781454392072302e8	4855.573326092442	-20.261487420088056
1.6817704392072302e8	4853.689938240476	-20.271458249249935
1.6853954392072302e8	4851.807280920113	-20.281429078411815
1.6890204392072302e8	4849.925353848	-20.291399907573695
1.6926454392072302e8	4848.044156740895	-20.301370736735574
1.6962704392072302e8	4846.163689315644	-20.31134156589745
1.6998954392072302e8	4844.283951289231	-20.32131239505933
1.7035204392072302e8	4842.404942378719	-20.33128322422121
1.7071454392072302e8	4840.529013901885	-20.34124969751364
1.7107704392072302e8	4838.711655017975	-20.351108987617472
1.7143954392072302e8	4836.894978454808	-20.360968277721305
1.7180204392072302e8	4835.0789839562	-20.37082756782514
1.7216454392072302e8	4833.263671266065	-20.38068685792897
1.7252704392072302e8	4831.449040128437	-20.390546148032804
1.7288954392072302e8	4829.635090287423	-20.40040543813664
1.7325204392072302e8	4827.8218214872295	-20.410264728240474
1.7361454392072302e8	4826.009233472155	-20.420124018344307
1.7397704392072302e8	4824.197325986619	-20.42998330844814
1.7433954392072302e8	4822.3860987751095	-20.439842598551976
1.7470204392072302e8	4820.575551582213	-20.44970188865581
1.7506454392072302e8	4818.765684152635	-20.459561178759643
1.7542704392072302e8	4816.956496231152	-20.469420468863476
1.7578954392072302e8	4815.147987562638	-20.47927975896731
1.7615204392072302e8	4813.340157892086	-20.489139049071145
1.7651454392072302e8	4811.5330069645515	-20.498998339174975
1.7687704392072302e8	4809.726534525221	-20.50885762927881
1.7723954392072302e8	4807.92074031934	-20.51871691938264
1.7760204392072302e8	4806.1156240922965	-20.528576209486477
1.7796454392072302e8	4804.311185589509	-20.53843549959031
1.7832704392072302e8	4802.507424556554	-20.548294789694143
1.7868954392072302e8	4800.704340739063	-20.55815407979798
1.7905204392072302e8	4798.901933882793	-20.568013369901813
1.7941454392072302e8	4797.100203733574	-20.577872660005646
1.7977704392072302e8	4795.29915003733	-20.58773195010948
1.8013954392072302e8	4793.533950015141	-20.59780052557666
1.8050204392072302e8	4791.7737725088045	-20.607895125680734
1.8086454392072302e8	4790.014241336644	-20.617989725784817
1.8122704392072302e8	4788.255356261334	-20.628084325888892
1.8158954392072302e8	4786.497117045629	-20.638178925992968
1.8195204392072302e8	4784.739523452372	-20.648273526097046
1.8231454392072302e8	4782.982575244489	-20.658368126201122
1.8267704392072302e8	4781.226272184998	-20.6684627263052
1.8303954392072302e8	4779.470614037001	-20.678557326409276
1.8340204392072302e8	4777.715600563686	-20.688651926513355
1.8376454392072302e8	4775.961231528332	-20.698746526617434
1.8412704392072302e8	4774.207506694301	-20.70884112672151
1.8448954392072302e8	4772.4544258250435	-20.71893572682559
1.8485204392072302e8	4770.701988684097	-20.729030326929664
1.8521454392072302e8	4768.950195035086	-20.739124927033743
1.8557704392072302e8	4767.199044641719	-20.749219527137818
1.8593954392072302e8	4765.4485372678055	-20.759314127241897
1.8630204392072302e8	4763.698672677203	-20.769408727345976
1.8666454392072302e8	4761.949450633907	-20.77950332745005
1.8702704392072302e8	4760.200870901968	-20.789597927554126
1.8738954392072302e8	4758.45293324553	-20.799692527658202
1.8775204392072302e8	4756.705637428824	-20.80978712776228
1.8811454392072302e8	4754.958983216167	-20.81988172786636
1.8847704392072302e8	4753.212970371964	-20.82997632797044
1.8883954392072302e8	4751.467598660704	-20.84007092807451
1.8920204392072302e8	4749.763689689267	-20.850177518652853
1.8956454392072302e8	4748.124719221557	-20.860303010510233
1.8992704392072302e8	4746.486314302857	-20.870428502367613
1.9028954392072302e8	4744.848474738025	-20.880553994224996
1.9065204392072302e8	4743.211200331988	-20.89067948608238
1.9101454392072302e8	4741.574490889711	-20.90080497793976
1.9137704392072302e8	4739.938346216256	-20.91093046979714
1.9173954392072302e8	4738.302766116749	-20.921055961654524
1.9210204392072302e8	4736.66775039636	-20.931181453511908
1.9246454392072302e8	4735.03329886035	-20.941306945369288
1.9282704392072302e8	4733.399411314041	-20.95143243722667
1.9318954392072302e8	4731.766087562828	-20.96155792908405
1.9355204392072302e8	4730.133327412148	-20.97168342094143
1.9391454392072302e8	4728.5011306675415	-20.981808912798815
1.9427704392072302e8	4726.86949713458	-20.991934404656195
1.9463954392072302e8	4725.238426618929	-21.00205989651358
1.9500204392072302e8	4723.607918926311	-21.01218538837096
1.9536454392072302e8	4721.977973862524	-21.022310880228343
1.9572704392072302e8	4720.348591233401	-21.032436372085723
1.9608954392072302e8	4718.7197708449	-21.042561863943106
1.9645204392072302e8	4717.091512502986	-21.05268735580049
1.9681454392072302e8	4715.463816013736	-21.06281284765787
1.9717704392072302e8	4713.836681183255	-21.072938339515254
1.9753954392072302e8	4712.210107817755	-21.083063831372634
1.9790204392072302e8	4710.584095723477	-21.093189323230018
1.9826454392072302e8	4708.958644706763	-21.103314815087398
1.9862704392072302e8	4707.3337545739805	-21.11344030694478
1.9898954392072302e8	4705.901775581417	-21.123620294955163
1.9935204392072302e8	4704.593240518975	-21.133835142750595
1.9971454392072302e8	4703.285069311135	-21.144049990546034
2.0007704392072302e8	4701.977261856712	-21.15426483834147
2.0043954392072302e8	4700.669818054577	-21.164479686136904
2.0080204392072302e8	4699.362737803595	-21.17469453393234
2.0116454392072302e8	4698.056021002694	-21.18490938172777
2.0152704392072302e8	4696.749667550794	-21.195124229523206
2.0188954392072302e8	4695.443677346879	-21.20533907731864
2.0225204392072302e8	4694.138050289934	-21.215553925114072
2.0261454392072302e8	4692.832786278973	-21.225768772909507
2.0297704392072302e8	4691.527885213056	-21.235983620704943
2.0333954392072302e8	4690.223346991269	-21.24619846850038
2.0370204392072302e8	4688.919171512711	-21.256413316295813
2.0406454392072302e8	4687.615358676508	-21.266628164091248
2.0442704392072302e8	4686.311908381838	-21.276843011886683
2.0478954392072302e8	4685.008820527878	-21.287057859682115
2.0515204392072302e8	4683.706095013861	-21.297272707477553
2.0551454392072302e8	4682.4037317390275	-21.30748755527299
2.0587704392072302e8	4681.101730602642	-21.31770240306842
2.0623954392072302e8	4679.800091504026	-21.327917250863855
2.0660204392072302e8	4678.498814342492	-21.33813209865929
2.0696454392072302e8	4677.1978990174075	-21.348346946454726
2.0732704392072302e8	4675.897345428169	-21.358561794250157
2.0768954392072302e8	4674.59715347418	-21.368776642045596
2.0805204392072302e8	4673.297323054879	-21.37899148984103
2.0841454392072302e8	4671.99785406975	-21.389206337636466
2.0877704392072302e8	4670.698746418278	-21.399421185431898
2.0913954392072302e8	4669.400000000003	-21.409636033227333
