-1.784349600685587e8	10534.35656527205	-17.793285477551372	4.591051001911302
-1.762749600685587e8	10516.39320574334	-17.791681072869494	4.566540644198083
-1.741149600685587e8	10498.460477633202	-17.790076668187616	4.541414401685992
-1.719549600685587e8	10480.558328708474	-17.78847226350574	4.515640523510746
-1.697949600685587e8	10462.686706825001	-17.786867858823857	4.489184738406975
-1.676349600685587e8	10444.845559927566	-17.78526345414198	4.462009980679855
-1.654749600685587e8	10427.034836049701	-17.783659049460102	4.434076077891856
-1.633149600685587e8	10409.254483313603	-17.782054644778224	4.4053393936610155
-1.611549600685587e8	10391.504449929882	-17.780450240096346	4.3757524175988785
-1.589949600685587e8	10373.784684197472	-17.77884583541447	4.345263292714069
-1.568349600685587e8	10356.095134503474	-17.77724143073259	4.313815268476705
-1.546749600685587e8	10338.435749322978	-17.77563702605071	4.281346065054403
-1.525149600685587e8	10320.806477218994	-17.774032621368832	4.24778713082491
-1.503549600685587e8	10303.207266842184	-17.772428216686954	4.213062770917975
-1.481949600685587e8	10285.638066930796	-17.770823812005073	4.177089118933123
-1.460349600685587e8	10268.098826310483	-17.769219407323195	4.139772916699166
-1.438749600685587e8	10246.65579547789	-17.767119803946585	4.107828064251314
-1.417149600685587e8	10225.04535311252	-17.764993427273275	4.075208587870933
-1.395549600685587e8	10203.480487687428	-17.76286705059996	4.041489098585332
-1.373949600685587e8	10181.961103079753	-17.760740673926648	4.006592808844885
-1.352349600685587e8	10160.487103369382	-17.758614297253335	3.97043459905803
-1.330749600685587e8	10139.058392838444	-17.75648792058002	3.9329197667536118
-1.309149600685587e8	10117.674875970994	-17.75436154390671	3.893942531833785
-1.287549600685587e8	10096.336457452531	-17.7522351672334	3.8533842385192645
-1.265949600685587e8	10075.043042169522	-17.750108790560084	3.811111176996383
-1.244349600685587e8	10053.794535209085	-17.747982413886774	3.7669719239641424
-1.222749600685587e8	10032.59084185849	-17.74585603721346	3.7207940686614025
-1.201149600685587e8	10010.86000940997	-17.74365772229907	3.6734369164895146
-1.179549600685587e8	9984.65438075852	-17.740889188549286	3.6324853924544542
-1.157949600685587e8	9958.517351105778	-17.738120654799502	3.589784966052426
-1.136349600685587e8	9932.448740878805	-17.735352121049722	3.545179567791828
-1.114749600685587e8	9906.448370974667	-17.732583587299942	3.49849125740933
-1.093149600685587e8	9880.516062759321	-17.729815053550155	3.449515936298453
-1.071549600685587e8	9854.651638066342	-17.727046519800375	3.398017954871042
-1.049949600685587e8	9828.854919195635	-17.72427798605059	3.3437232544074678
-1.028349600685587e8	9803.125728912351	-17.72150945230081	3.2863105378644812
-1.006749600685587e8	9777.463890445522	-17.71874091855103	3.2253997481851284
-9.85149600685587e7	9745.525144962963	-17.71517058911996	3.1725339938461175
-9.63549600685587e7	9713.018289332558	-17.711514964233324	3.118057258900707
-9.41949600685587e7	9680.619862508938	-17.707859339346687	3.0604409547621216
-9.20349600685587e7	9648.329502820516	-17.70420371446005	2.9993009556219046
-8.98749600685587e7	9616.146849802082	-17.70054808957341	2.9341780189061852
-8.77149600685587e7	9584.071544190781	-17.696892464686773	2.8645168254193103
-8.55549600685587e7	9552.103227922125	-17.693236839800136	2.789637157072932
-8.33949600685587e7	9513.963098846765	-17.688771699408687	2.7205639469802745
-8.12349600685587e7	9472.862961546965	-17.683903465234245	2.652671846381473
-7.90749600685587e7	9431.940376048522	-17.6790352310598	2.579832490649834
-7.69149600685587e7	9391.194575331037	-17.674166996885354	2.5012678042443817
-7.47549600685587e7	9350.624795687681	-17.669298762710913	2.416000367880804
-7.25949600685587e7	9310.230276710805	-17.664430528536467	2.322778910191118
-7.04349600685587e7	9260.311947040105	-17.658300897506454	2.2355819103940457
-6.82749600685587e7	9208.99759792923	-17.65195358440485	2.142986726187219
-6.611496006855869e7	9154.312925071805	-17.645145254782214	2.046860397327027
-6.395496006855869e7	9094.74634609185	-17.637675893087472	1.9498797303976754
-6.179496006855869e7	9033.723898321865	-17.629975286806683	1.8452903932952467
-5.963496006855869e7	8963.956863627529	-17.621117933243188	1.744160245399881
-5.747496006855869e7	8893.816647864127	-17.612149545736777	1.6329299753014594
-5.531496006855869e7	8810.862961045677	-17.60154015169715	1.529122210213635
-5.315496006855869e7	8727.88692086815	-17.590836798873774	1.41435846170492
-5.099496006855869e7	8628.155790018618	-17.57804175207169	1.3117274541538568
-4.883496006855869e7	8529.41444902026	-17.565230463723704	1.1975525570174954
-4.667496006855869e7	8409.145925518142	-17.549931009501567	1.1040262450881575
-4.451496006855869e7	8290.57324149382	-17.534631555279425	1.0008416997346485
-4.235496006855869e7	8158.095117259218	-17.518117093238253	0.9202068769254884
-4.019496006855869e7	8023.283618549622	-17.5012494448245	0.8431793808521993
-3.803496006855869e7	7890.699862949551	-17.484381796410744	0.7597197539600808
-3.587496006855869e7	7787.019086734407	-17.472825996302408	0.7015117630659968
-3.371496006855869e7	7690.701040047121	-17.462476752975682	0.6474847403169205
-3.1554960068558693e7	7595.574356320952	-17.45212750964896	0.5903712523237757
-2.9394960068558693e7	7501.624299525126	-17.44177826632224	0.5297971696725757
-2.7234960068558693e7	7431.798484876678	-17.43539507426512	0.4813178136790962
-2.5074960068558693e7	7376.554568435097	-17.431434787502223	0.4405210615939339
-2.2914960068558693e7	7321.721304988227	-17.42747450073933	0.3979888838819056
-2.0754960068558693e7	7267.295641966776	-17.423514213976436	0.3535670514054
-1.8594960068558693e7	7213.274549492572	-17.41955392721354	0.30707981532219614
-1.6434960068558693e7	7163.391449092084	-17.416268436611077	0.2637987787608615
-1.4274960068558693e7	7122.144147904632	-17.414489420135833	0.2312279289236014
-1.2114960068558693e7	7081.134351517445	-17.41271040366059	0.19756039880755893
-9.954960068558693e6	7040.360692361517	-17.41093138718535	0.16271975562291663
-7.794960068558693e6	6999.821810742413	-17.409152370710103	0.1266212867428319
-5.634960068558693e6	6959.51635479491	-17.40737335423486	0.08917075883536368
-3.474960068558693e6	6919.442980437906	-17.405594337759617	0.05026293546135445
-1.314960068558693e6	6887.229695378376	-17.40519172012838	0.020298398386238377
845039.9314413071	6857.619142192892	-17.405233345964145	-0.0071147549460932056
3.005039931441307e6	6828.135894890721	-17.405274971799916	-0.035300621512431477
5.165039931441307e6	6798.779406140357	-17.405316597635682	-0.06430402997138719
7.325039931441307e6	6769.549130963535	-17.405358223471453	-0.0941738268963319
9.485039931441307e6	6740.444526724961	-17.40539984930722	-0.12496337175980453
1.1645039931441307e7	6711.46505312233	-17.405441475142986	-0.15673111057082706
1.3805039931441307e7	6682.610172176315	-17.405483100978756	-0.18954124365629804
1.5965039931441307e7	6659.6576465729195	-17.40662634873664	-0.2132640861207127
1.8125039931441307e7	6637.263044516706	-17.407861205710294	-0.2366990804885872
2.0285039931441307e7	6614.943749364834	-17.409096062683943	-0.26069648013843105
2.2445039931441307e7	6592.699507880826	-17.410330919657596	-0.28528394399723594
2.4605039931441307e7	6570.530067679784	-17.41156577663125	-0.3104912229272933
2.6765039931441307e7	6548.435177225499	-17.412800633604903	-0.3363503761542346
2.8925039931441307e7	6526.4145858276415	-17.414035490578556	-0.36289601642899244
3.1085039931441307e7	6504.4680436388535	-17.415270347552205	-0.3901655886266596
3.3245039931441307e7	6482.595301651954	-17.41650520452586	-0.4181996874084981
3.540503993144131e7	6464.425450159959	-17.418452323018716	-0.44006090874780757
3.756503993144131e7	6447.353238362637	-17.42060536268386	-0.4603560087086327
3.972503993144131e7	6430.326113389809	-17.422758402349007	-0.4810715473263427
4.188503993144131e7	6413.343956169501	-17.42491144201415	-0.5022253136090817
4.404503993144131e7	6396.406647944217	-17.427064481679295	-0.5238362500054823
4.620503993144131e7	6379.51407027009	-17.42921752134444	-0.5459245543305595
4.836503993144131e7	6362.666105016058	-17.431370561009587	-0.5685117932050192
5.052503993144131e7	6345.862634363037	-17.433523600674732	-0.5916210286047769
5.268503993144131e7	6329.103540803097	-17.435676640339878	-0.6152769593819694
5.484503993144131e7	6312.38870713863	-17.437829680005024	-0.6395060799345293
5.700503993144131e7	6296.695188170683	-17.440188472705636	-0.6621492022254196
5.916503993144131e7	6283.391944044725	-17.443043448354715	-0.6799380454336916
6.132503993144131e7	6270.116806139409	-17.445898424003794	-0.6980490714946809
6.348503993144131e7	6256.869715073748	-17.448753399652873	-0.7164941664508738
6.564503993144131e7	6243.65061159224	-17.451608375301955	-0.735285886479331
6.78050399314413e7	6230.459436564536	-17.454463350951034	-0.7544375092343372
6.99650399314413e7	6217.296130985253	-17.457318326600113	-0.7739630902032807
7.21250399314413e7	6204.160635973639	-17.460173302249192	-0.7938775246748841
7.42850399314413e7	6191.052892773342	-17.46302827789827	-0.8141966160041482
7.64450399314413e7	6177.97284275217	-17.46588325354735	-0.834937150957748
7.86050399314413e7	6164.920427401813	-17.468738229196433	-0.8561169830398464
8.07650399314413e7	6151.895588337509	-17.471593204845508	-0.8777551248346404
8.29250399314413e7	6140.123729920459	-17.474718378053083	-0.8968100505861706
8.50850399314413e7	6129.713499716855	-17.478139309039065	-0.9128289853870237
8.72450399314413e7	6119.320919465845	-17.48156024002505	-0.9291087096975841
8.94050399314413e7	6108.945959242984	-17.484981171011036	-0.9456578555896236
9.15650399314413e7	6098.588589174473	-17.488402101997018	-0.9624854909368336
9.37250399314413e7	6088.24877943724	-17.491823032983007	-0.9796011492537654
9.58850399314413e7	6077.926500258732	-17.49524396396899	-0.9970148621331189
9.80450399314413e7	6067.621721916885	-17.498664894954974	-1.0147371945577086
1.002050399314413e8	6057.334414740026	-17.50208582594096	-1.03277928339835
1.023650399314413e8	6047.06454910679	-17.505506756926945	-1.051152879448939
1.045250399314413e8	6036.812095446034	-17.50892768791293	-1.0698703933960383
1.066850399314413e8	6026.577024236747	-17.512348618898915	-1.088944946173336
1.088450399314413e8	6016.359306007976	-17.515769549884897	-1.1083904242126703
1.110050399314413e8	6006.822174244058	-17.519348410118504	-1.126287635271853
1.131650399314413e8	5998.544645077614	-17.52322401729162	-1.140820787700894
1.153250399314413e8	5990.278522523039	-17.52709962446474	-1.155568271386328
1.174850399314413e8	5982.023790861776	-17.530975231637854	-1.1705365028822277
1.196450399314413e8	5973.780434396923	-17.53485083881097	-1.1857321912709247
1.218050399314413e8	5965.548437453235	-17.53872644598409	-1.201162356219427
1.239650399314413e8	5957.327784377041	-17.542602053157207	-1.2168343474508738
1.261250399314413e8	5949.118459536248	-17.54647766033032	-1.232755865766225
1.282850399314413e8	5940.920447320296	-17.55035326750344	-1.2489349857666856
1.304450399314413e8	5932.733732140179	-17.554228874676557	-1.2653801804447076
1.326050399314413e8	5924.558298428296	-17.55810448184967	-1.282100347831049
1.347650399314413e8	5916.394130638577	-17.56198008902279	-1.2991048399076868
1.369250399314413e8	5908.241213246329	-17.565855696195907	-1.3164034940218037
1.390850399314413e8	5900.0995307482635	-17.56973130336902	-1.3340066670650412
1.412450399314413e8	5891.969067662459	-17.57360691054214	-1.3519252727153634
1.434050399314413e8	5885.374506130188	-17.577844654823306	-1.3654483723054935
1.455650399314413e8	5878.859810918944	-17.58209963235425	-1.378929586737891
1.477250399314413e8	5872.352327016635	-17.586354609885188	-1.3925950307800439
1.498850399314413e8	5865.852046440848	-17.590609587416132	-1.4064498095129143
1.520450399314413e8	5859.358961217989	-17.59486456494707	-1.4204992431982812
1.542050399314413e8	5852.8730633833065	-17.59911954247801	-1.4347488795445387
1.563650399314413e8	5846.39434498089	-17.603374520008952	-1.449204506859112
1.585250399314413e8	5839.922798063603	-17.607629497539893	-1.463872168165536
1.606850399314413e8	5833.4584146931165	-17.611884475070834	-1.478758176371359
1.628450399314413e8	5827.001186939889	-17.61613945260178	-1.493869130582161
1.650050399314413e8	5820.551106883143	-17.62039443013272	-1.5092119336671996
1.671650399314413e8	5814.108166610916	-17.624649407663657	-1.52479381119372
1.693250399314413e8	5807.672358219926	-17.6289043851946	-1.5406223318599237
1.714850399314413e8	5801.243673815714	-17.63315936272554	-1.5567054295712335
1.736450399314413e8	5794.822105512518	-17.637414340256484	-1.5730514273210428
1.758050399314413e8	5788.766399912462	-17.641760528299958	-1.5883080942274908
1.779650399314413e8	5783.512098425328	-17.64630904940781	-1.6007417210083081
1.801250399314413e8	5778.262566120816	-17.650857570515665	-1.6133318913098753
1.822850399314413e8	5773.017798670073	-17.65540609162352	-1.6260825973191617
1.844450399314413e8	5767.7777917481735	-17.65995461273137	-1.6389979859113628
1.866050399314413e8	5762.542541034119	-17.664503133839222	-1.6520823667463471
1.887650399314413e8	5757.312042210841	-17.669051654947076	-1.665340220901848
1.909250399314413e8	5752.086290965153	-17.67360017605493	-1.6787762100866743
1.930850399314413e8	5746.865282987851	-17.67814869716278	-1.6923951864813394
1.952450399314413e8	5741.649013973562	-17.682697218270633	-1.7062022032580928
1.974050399314413e8	5736.437479620904	-17.687245739378483	-1.7202025258374267
1.995650399314413e8	5731.230675632314	-17.69179426048634	-1.7344016439438097
2.017250399314413e8	5726.028597714204	-17.69634278159419	-1.748805284529726
2.038850399314413e8	5720.831241576842	-17.700891302702043	-1.7634194256441624
2.060450399314413e8	5715.638602934409	-17.705439823809897	-1.7782503113295953
2.082050399314413e8	5710.4506775049485	-17.70998834491775	-1.7933044676403882
2.103650399314413e8	5705.267461010417	-17.7145368660256	-1.8085887198854482
2.125250399314413e8	5700.547396099124	-17.719216533963024	-1.8220973756204957
2.146850399314413e8	5696.281488111314	-17.724025100779336	-1.833789427463429
2.168450399314413e8	5692.0187724434145	-17.728833667595648	-1.8456198022561678
2.190050399314413e8	5687.759246706509	-17.73364223441196	-1.8575918120838657
2.211650399314413e8	5683.502908513466	-17.738450801228275	-1.8697088894343685
2.233250399314413e8	5679.249755478941	-17.743259368044587	-1.8819745931057952
2.254850399314413e8	5674.999785219375	-17.7480679348609	-1.8943926144809458
2.276450399314413e8	5670.752995352991	-17.752876501677214	-1.906966784196212
2.298050399314413e8	5666.509383499798	-17.757685068493526	-1.9197010792351323
2.319650399314413e8	5662.268947281582	-17.762493635309838	-1.9325996304794655
2.341250399314413e8	5658.031684321911	-17.76730220212615	-1.9456667307536446
2.362850399314413e8	5653.79759224613	-17.77211076894246	-1.9589068434018215
2.384450399314413e8	5649.566668681363	-17.776919335758777	-1.9723246114403734
2.406050399314413e8	5645.338911256508	-17.781727902575085	-1.9859248673328393
2.427650399314413e8	5641.114317602238	-17.7865364693914	-1.99971264343878
2.449250399314413e8	5636.892885350998	-17.791345036207712	-2.0136931831930993
2.470850399314413e8	5632.674612137007	-17.796153603024024	-2.027871953077973
2.492450399314413e8	5628.459495596252	-17.800962169840336	-2.042254655455796
2.514050399314413e8	5624.7963942750075	-17.805925120384252	-2.054562949956497
2.535650399314413e8	5621.45806942201	-17.81097880558258	-2.0656677379803465
2.557250399314413e8	5618.121725869655	-17.816032490780902	-2.076897228410913
2.578850399314413e8	5614.787362442078	-17.82108617597923	-2.0882542538048683
2.600450399314413e8	5611.454977964043	-17.826139861177552	-2.0997417443389366
2.622050399314413e8	5608.124571261048	-17.831193546375875	-2.1113627323478585
2.643650399314413e8	5604.796141159273	-17.8362472315742	-2.12312035712915
2.665250399314413e8	5601.469686485622	-17.841300916772525	-2.135017870033697
2.686850399314413e8	5598.145206067675	-17.846354601970848	-2.147058639862846
2.708450399314413e8	5594.8226987336775	-17.85140828716917	-2.159246158594399
2.730050399314413e8	5591.5021633126435	-17.856461972367498	-2.1715840474618586
2.751650399314413e8	5588.183598634208	-17.86151565756582	-2.184076063413415
2.773250399314413e8	5584.867003528732	-17.866569342764144	-2.196726105979485
2.794850399314413e8	5581.552376827293	-17.871623027962467	-2.209538224580222
2.816450399314413e8	5578.239717361629	-17.876676713160794	-2.222516626307256
2.838050399314413e8	5574.929023964194	-17.881730398359117	-2.2356656842170817
2.859650399314413e8	5571.620295468092	-17.88678408355744	-2.2489899461770024
2.881250399314413e8	5568.313530707192	-17.891837768755767	-2.2624941443084055
2.902850399314413e8	5565.008728515973	-17.89689145395409	-2.276183205076432
2.924450399314413e8	5562.0909503266475	-17.90205836754285	-2.287201466536642
2.946050399314413e8	5559.2447562293255	-17.90724589068839	-2.2978168261078977
2.967650399314413e8	5556.400018566447	-17.912433413833934	-2.308546081665842
2.989250399314413e8	5553.556736592736	-17.917620936979475	-2.319391703803803
3.010850399314413e8	5550.714909563308	-17.92280846012502	-2.330356244384264
3.032450399314413e8	5547.874536733618	-17.92799598327056	-2.341442340142834
3.054050399314413e8	5545.035617359574	-17.9331835064161	-2.3526527164942426
3.075650399314413e8	5542.198150697383	-17.938371029561644	-2.3639901915540977
3.097250399314413e8	5539.362136003704	-17.943558552707184	-2.3754576803912504
3.118850399314413e8	5536.527572535536	-17.948746075852725	-2.3870581995268245
3.140450399314413e8	5533.694459550268	-17.95393359899827	-2.3987948716972762
3.162050399314413e8	5530.86279630567	-17.95912112214381	-2.4106709309003023
3.183650399314413e8	5528.032582059888	-17.964308645289353	-2.422689727743997
3.205250399314413e8	5525.203816071455	-17.969496168434894	-2.4348547351213883
3.226850399314413e8	5522.376497599274	-17.974683691580434	-2.4471695542343994
3.248450399314413e8	5519.550625902636	-17.97987121472598	-2.459637920993382
3.270050399314413e8	5516.726200241214	-17.98505873787152	-2.472263712820667
3.291650399314413e8	5513.9032198750265	-17.990246261017063	-2.4850509558891414
3.313250399314413e8	5511.081684064525	-17.995433784162604	-2.4980038328296548
3.334850399314413e8	5508.3249283316	-18.00063961822711	-2.510748763137914
3.356450399314413e8	5506.033693445676	-18.00597969940396	-2.52085589482734
3.378050399314413e8	5503.743411618498	-18.01131978058081	-2.531066224551352
3.399650399314413e8	5501.454082453652	-18.01665986175766	-2.541381881458175
3.421250399314413e8	5499.165705554851	-18.02199994293451	-2.551805061275286
3.442850399314413e8	5496.878280526012	-18.02734002411136	-2.5623380291146307
3.464450399314413e8	5494.591806971185	-18.03268010528821	-2.572983122427144
3.486050399314413e8	5492.306284494588	-18.03802018646506	-2.583742754116233
3.507650399314413e8	5490.021712700631	-18.043360267641912	-2.5946194158205853
3.529250399314413e8	5487.73809119386	-18.048700348818763	-2.605615681377482
3.550850399314413e8	5485.455419578984	-18.054040429995613	-2.6167342104786546
3.572450399314413e8	5483.173697460918	-18.059380511172463	-2.6279777525316756
3.594050399314413e8	5480.892924444672	-18.06472059234931	-2.6393491507409075
3.615650399314413e8	5478.613100135476	-18.07006067352616	-2.650851346423162
3.637250399314413e8	5476.334224138719	-18.075400754703015	-2.6624873835744656
3.658850399314413e8	5474.056296059932	-18.080740835879865	-2.674260413705653
3.680450399314413e8	5471.779315504811	-18.086080917056712	-2.6861737009660267
3.702050399314413e8	5469.503282079245	-18.091420998233563	-2.6982306275759034
3.723650399314413e8	5467.228195389256	-18.096761079410413	-2.7104346995906825
3.745250399314413e8	5464.954055041034	-18.102101160587264	-2.722789553021006
3.766850399314413e8	5462.680860640958	-18.107441241764114	-2.7352989603357365
3.788450399314413e8	5460.682642498059	-18.112873263247586	-2.746296246484995
3.810050399314413e8	5458.8931822677605	-18.118375102521096	-2.756134909229079
3.831650399314413e8	5457.104308441777	-18.123876941794606	-2.7660713339008294
3.853250399314413e8	5455.316020827953	-18.12937878106812	-2.7761074828392336
3.874850399314413e8	5453.5283192341985	-18.13488062034163	-2.7862453780667438
3.896450399314413e8	5451.741203468455	-18.14038245961514	-2.7964871037344055
3.918050399314413e8	5449.954673338767	-18.145884298888653	-2.8068348086935027
3.939650399314413e8	5448.168728653202	-18.151386138162163	-2.817290709201649
3.961250399314413e8	5446.383369219922	-18.156887977435673	-2.8278570917718557
3.982850399314413e8	5444.598594847139	-18.162389816709187	-2.8385363161737365
4.004450399314413e8	5442.814405343149	-18.167891655982697	-2.8493308185967003
4.026050399314413e8	5441.030800516242	-18.173393495256207	-2.8602431149857424
4.047650399314413e8	5439.24778017487	-18.178895334529717	-2.871275804561258
4.069250399314413e8	5437.465344127467	-18.184397173803227	-2.8824315735351966
4.090850399314413e8	5435.683492182571	-18.18989901307674	-2.8937131990368488
4.112450399314413e8	5433.902224148772	-18.195400852350254	-2.905123553262617
4.134050399314413e8	5432.121539834732	-18.20090269162376	-2.916665607865286
4.155650399314413e8	5430.341439049148	-18.206404530897274	-2.9283424385995658
4.177250399314413e8	5428.561921600817	-18.211906370170784	-2.9401572302420877
4.198850399314413e8	5426.782987298562	-18.217408209444294	-2.9521132818055316
4.220450399314413e8	5425.004635951304	-18.222910048717807	-2.964214012068245
4.242050399314413e8	5423.245190819383	-18.228421312589123	-2.97522490342676
4.263650399314413e8	5421.510114925492	-18.23394482111018	-2.984734185258722
4.285250399314413e8	5419.775594139901	-18.239468329631233	-2.9943347623788292
4.306850399314413e8	5418.041628284991	-18.244991838152288	-3.004028404782158
4.328450399314413e8	5416.308217183231	-18.25051534667334	-3.0138169344419525
4.350050399314413e8	5414.575360657138	-18.256038855194394	-3.023702227364971
4.371650399314413e8	5412.8430585292845	-18.26156236371545	-3.0336862157494315
4.393250399314413e8	5411.111310622309	-18.267085872236503	-3.0437708902517815
4.414850399314413e8	5409.380116758881	-18.272609380757558	-3.053958302368927
4.436450399314413e8	5407.64947676175	-18.27813288927861	-3.0642505669430644
4.458050399314413e8	5405.919390453718	-18.283656397799668	-3.074649864796761
4.479650399314413e8	5404.1898576576405	-18.28917990632072	-3.0851584455064915
4.501250399314413e8	5402.460878196432	-18.29470341484177	-3.0957786303234647
4.522850399314413e8	5400.73245189306	-18.30022692336283	-3.106512815251216
4.544450399314413e8	5399.004578570563	-18.30575043188388	-3.1173634742901797
4.566050399314413e8	5397.277258052004	-18.311273940404934	-3.1283331628602307
4.587650399314413e8	5395.550490160532	-18.31679744892599	-3.1394245214130376
4.609250399314413e8	5393.824274719343	-18.322320957447044	-3.150640279246999
4.630850399314413e8	5392.09861155169	-18.3278444659681	-3.1619832585385623
4.652450399314413e8	5390.373500480893	-18.333367974489153	-3.1734563786048073
4.674050399314413e8	5388.648941330288	-18.338891483010205	-3.18506266041341
4.695650399314413e8	5386.9249339233365	-18.34441499153126	-3.1968052313574113
4.717250399314413e8	5385.4570175422705	-18.3500221460565	-3.207267717894094
4.738850399314413e8	5384.224021428809	-18.35570608378111	-3.2165256355789245
4.760450399314413e8	5382.991307608829	-18.36139002150572	-3.225870063835028
4.782050399314413e8	5381.758876017691	-18.36707395923033	-3.23530263472046
4.803650399314413e8	5380.526726590789	-18.37275789695494	-3.244825026917605
4.825250399314413e8	5379.29485926353	-18.37844183467955	-3.2544389675262027
4.846850399314413e8	5378.063273971319	-18.38412577240416	-3.2641462339434066
4.868450399314413e8	5376.831970649575	-18.389809710128766	-3.2739486558359934
4.890050399314413e8	5375.60094923375	-18.395493647853378	-3.283848117210191
4.911650399314413e8	5374.3702096593015	-18.401177585577987	-3.29384655858499
4.933250399314413e8	5373.139751861712	-18.406861523302595	-3.3039459792752033
4.954850399314413e8	5371.90957577646	-18.412545461027207	-3.314148439790996
4.976450399314413e8	5370.679681339037	-18.41822939875182	-3.3244560643610863
4.998050399314413e8	5369.450068484971	-18.423913336476428	-3.3348710435873516
5.019650399314413e8	5368.220737149802	-18.429597274201036	-3.345395637239127
5.041250399314413e8	5366.991687269057	-18.435281211925645	-3.3560321771961266
5.062850399314413e8	5365.762918778319	-18.440965149650253	-3.3667830705495616
5.084450399314413e8	5364.534431613141	-18.446649087374865	-3.3776508028717807
5.106050399314413e8	5363.306225709136	-18.452333025099474	-3.3886379416655377
5.127650399314413e8	5362.078301001889	-18.458016962824082	-3.39974714000486
5.149250399314413e8	5360.85065742703	-18.463700900548695	-3.4109811403804393
5.170850399314413e8	5359.623294920202	-18.469384838273303	-3.42234277876348
5.192450399314413e8	5358.408938102307	-18.475073441856345	-3.433617455565745
5.214050399314413e8	5357.332532222322	-18.48081253881631	-3.4426426716669183
5.235650399314413e8	5356.256342572506	-18.486551635776273	-3.4517500847018763
5.257250399314413e8	5355.180369109421	-18.492290732736237	-3.460941205655525
5.278850399314413e8	5354.104611789613	-18.4980298296962	-3.4702175875630776
5.300450399314413e8	5353.02907056969	-18.503768926656164	-3.479580827085007
5.322050399314413e8	5351.953745406231	-18.509508023616128	-3.489032566156434
5.343650399314413e8	5350.878636255836	-18.515247120576092	-3.498574493715207
5.365250399314413e8	5349.803743075111	-18.520986217536056	-3.508208347513227
5.386850399314413e8	5348.729065820672	-18.52672531449602	-3.517935916015873
5.408450399314413e8	5347.654604449143	-18.532464411455983	-3.527759040394725
5.430050399314413e8	5346.580358917158	-18.538203508415947	-3.537679616619134
5.451650399314413e8	5345.506329181358	-18.54394260537591	-3.547699597652585
5.473250399314413e8	5344.432515198383	-18.549681702335874	-3.557820995760213
5.494850399314413e8	5343.3589169249135	-18.555420799295835	-3.5680458849342997
5.516450399314413e8	5342.285534317606	-18.5611598962558	-3.578376403445053
5.538050399314413e8	5341.212367333139	-18.566898993215762	-3.588814756524526
5.559650399314413e8	5340.139415928195	-18.57263809017573	-3.5993632191920972
5.581250399314413e8	5339.066680059472	-18.578377187135693	-3.6100241392305685
5.602850399314413e8	5337.994159683669	-18.584116284095657	-3.620799940322621
5.624450399314413e8	5336.921854757499	-18.58985538105562	-3.631693125358106
5.646050399314413e8	5335.849765237683	-18.595594478015585	-3.6427062799234675
5.667650399314413e8	5334.7778910809475	-18.601333574975545	-3.653842075985459
5.689250399314413e8	5333.740243799316	-18.607082093060157	-3.6646523785156484
5.710850399314413e8	5332.85684957622	-18.61287329053944	-3.6735183245565066
5.732450399314413e8	5331.973601664215	-18.61866448801872	-3.682463579267101
5.754050399314413e8	5331.090500039078	-18.624455685498003	-3.691489574345937
5.775650399314413e8	5330.20754467656	-18.630246882977286	-3.700597780612932
5.797250399314413e8	5329.324735552457	-18.636038080456565	-3.709789709447864
5.818850399314413e8	5328.44207264253	-18.641829277935848	-3.7190669142955355
5.840450399314413e8	5327.559555922579	-18.64762047541513	-3.7284309922414245
5.862050399314413e8	5326.677185368375	-18.653411672894414	-3.7378835856618005
5.883650399314413e8	5325.794960955727	-18.659202870373694	-3.7474263839525808
5.905250399314413e8	5324.912882660413	-18.664994067852977	-3.757061125341471
5.926850399314413e8	5324.030950458249	-18.67078526533226	-3.7667895987882627
5.948450399314413e8	5323.149164325022	-18.67657646281154	-3.776613645978469
5.970050399314413e8	5322.267524236547	-18.682367660290822	-3.7865351634158735
5.991650399314413e8	5321.386030168646	-18.688158857770105	-3.7965561046199188
6.013250399314413e8	5320.5046820971165	-18.69395005524939	-3.8066784824343247
6.034850399314413e8	5319.623479997795	-18.699741252728668	-3.816904371453742
6.056450399314413e8	5318.742423846487	-18.705532450207954	-3.82723591057577
6.078050399314413e8	5317.861513619039	-18.711323647687234	-3.8376753056861865
6.099650399314413e8	5316.980749291265	-18.717114845166513	-3.848224832485827
6.121250399314413e8	5316.100130839017	-18.722906042645796	-3.8588868394681657
6.142850399314413e8	5315.219658238117	-18.72869724012508	-3.869663751057355
6.164450399314413e8	5314.339331464417	-18.734488437604362	-3.880558070917206
6.186050399314413e8	5313.459150493766	-18.740279635083642	-3.8915723854424056
6.207650399314413e8	5312.6868227939085	-18.7461184359431	-3.9007133767882807
6.229250399314413e8	5311.938380922579	-18.7519677453819	-3.9094945352795207
6.250850399314413e8	5311.1900444904095	-18.757817054820702	-3.9183534861265135
6.272450399314413e8	5310.4418134825355	-18.763666364259507	-3.9272916199845085
6.294050399314413e8	5309.693687884125	-18.769515673698308	-3.936310365135402
6.315650399314413e8	5308.945667680318	-18.77536498313711	-3.9454111888575105
6.337250399314413e8	5308.197752856268	-18.781214292575914	-3.9545955988582424
6.358850399314413e8	5307.449943397119	-18.787063602014715	-3.9638651447731816
6.380450399314413e8	5306.702239288044	-18.79291291145352	-3.9732214197352946
6.402050399314413e8	5305.954640514196	-18.79876222089232	-3.98266606201825
6.423650399314413e8	5305.207147060723	-18.804611530331123	-3.9922007567580797
6.445250399314413e8	5304.459758912809	-18.810460839769924	-4.001827237757711
6.466850399314413e8	5303.712476055608	-18.816310149208725	-4.011547289379204
6.488450399314413e8	5302.965298474286	-18.82215945864753	-4.021362748528861
6.510050399314413e8	5302.218226154014	-18.828008768086335	-4.031275506740721
6.531650399314413e8	5301.471259079952	-18.833858077525136	-4.041287512364372
6.553250399314413e8	5300.724397237292	-18.83970738696394	-4.05140077286338
6.574850399314413e8	5299.9776406112005	-18.84555669640274	-4.061617357231149
6.596450399314413e8	5299.230989186844	-18.851406005841543	-4.07193939853146
6.618050399314413e8	5298.484442949423	-18.857255315280344	-4.082369096571508
6.639650399314413e8	5297.738001884108	-18.863104624719146	-4.092908720715801
6.661250399314413e8	5296.991665976083	-18.86895393415795	-4.10356061284994
6.682850399314413e8	5296.245435210523	-18.87480324359675	-4.114327190503949
6.704450399314413e8	5295.517794954275	-18.880658009544703	-4.124892917335077
6.726050399314413e8	5294.908724627264	-18.886547749771132	-4.133513556906146
6.747650399314413e8	5294.299724353207	-18.89243748999756	-4.142209158593486
6.769250399314413e8	5293.690794124055	-18.898327230223984	-4.150981037530963
6.790850399314413e8	5293.081933931735	-18.904216970450413	-4.159830543767969
6.812450399314413e8	5292.473143768199	-18.91010671067684	-4.168759063516432
6.834050399314413e8	5291.864423625404	-18.915996450903265	-4.177768020453997
6.855650399314413e8	5291.255773495275	-18.921886191129694	-4.186858877086448
6.877250399314413e8	5290.647193369781	-18.92777593135612	-4.196033136172617
6.898850399314413e8	5290.038683240849	-18.93366567158255	-4.205292342215279
6.920450399314413e8	5289.43024310044	-18.939555411808975	-4.214638083021704
6.942050399314413e8	5288.821872940513	-18.945445152035404	-4.224071991337827
6.963650399314413e8	5288.2135727529985	-18.95133489226183	-4.233595746560243
6.985250399314413e8	5287.60534252986	-18.957224632488256	-4.243211076530496
7.006850399314413e8	5286.997182263049	-18.96311437271468	-4.252919759416497
7.028450399314413e8	5286.389091944529	-18.96900411294111	-4.262723625686147
7.050050399314413e8	5285.781071566238	-18.97489385316754	-4.2726245601786825
7.071650399314413e8	5285.173121120139	-18.980783593393966	-4.282624504279587
7.093250399314413e8	5284.565240598189	-18.98667333362039	-4.292725458205354
7.114850399314413e8	5283.957429992356	-18.992563073846817	-4.302929483404812
7.136450399314413e8	5283.349689294579	-18.998452814073246	-4.3132387050842524
7.158050399314413e8	5282.742018496835	-19.004342554299672	-4.323655314864064
7.179650399314413e8	5282.134417591068	-19.0102322945261	-4.334181573575205
7.201250399314413e8	5281.526886569248	-19.016122034752527	-4.34481981420442
7.222850399314413e8	5280.932451833131	-19.0220174947596	-4.355267235378364
7.244450399314413e8	5280.423251522384	-19.027950354929473	-4.363810428727346
7.266050399314413e8	5279.914100309965	-19.033883215099348	-4.3724272375921105
7.287650399314413e8	5279.40499819113	-19.03981607526922	-4.38111894167712
7.309250399314413e8	5278.895945161166	-19.04574893543909	-4.389886854348487
7.330850399314413e8	5278.38694121532	-19.051681795608964	-4.398732323825011
7.352450399314413e8	5277.877986348877	-19.057614655778835	-4.407656734422373
7.374050399314413e8	5277.369080557088	-19.063547515948706	-4.4166615078533455
7.395650399314413e8	5276.860223835238	-19.06948037611858	-4.425748104587078
7.417250399314413e8	5276.351416178577	-19.07541323628845	-4.4349180252707106
7.438850399314413e8	5275.842657582384	-19.081346096458322	-4.444172812216767
7.460450399314413e8	5275.333948041939	-19.087278956628197	-4.453514050960021
7.482050399314413e8	5274.8252875525	-19.093211816798068	-4.462943371887782
7.503650399314413e8	5274.316676109339	-19.099144676967942	-4.472462451947748
7.525250399314413e8	5273.808113707717	-19.105077537137813	-4.482073016437959
7.546850399314413e8	5273.299600342924	-19.111010397307684	-4.491776840883583
7.568450399314413e8	5272.791136010214	-19.11694325747756	-4.50157575300566
7.590050399314413e8	5272.282720704868	-19.12287611764743	-4.511471634787269
7.611650399314413e8	5271.774354422167	-19.1288089778173	-4.521466424642944
7.633250399314413e8	5271.266037157375	-19.134741837987175	-4.531562119697615
7.654850399314413e8	5270.757768905757	-19.140674698157046	-4.541760778181752
7.676450399314413e8	5270.249549662597	-19.14660755832692	-4.5520645219499185
7.698050399314413e8	5269.741379423177	-19.15254041849679	-4.56247553913043
7.719650399314413e8	5269.233258182764	-19.158473278666662	-4.572996086914401
7.741250399314413e8	5268.725185936623	-19.164406138836537	-4.583628494493065
7.762850399314413e8	5268.297020712131	-19.170374457117745	-4.592213614199255
7.784450399314413e8	5267.873055360388	-19.176344624888742	-4.600759479379285
7.806050399314413e8	5267.44912412718	-19.182314792659735	-4.609379006326688
7.827650399314413e8	5267.025227009787	-19.18828496043073	-4.618073475957396
7.849250399314413e8	5266.601364005429	-19.194255128201725	-4.626844202891667
7.870850399314413e8	5266.177535111386	-19.20022529597272	-4.635692536647026
7.892450399314413e8	5265.753740324904	-19.206195463743715	-4.644619862884455
7.914050399314413e8	5265.329979643231	-19.21216563151471	-4.653627604710713
7.935650399314413e8	5264.906253063639	-19.218135799285704	-4.662717224039841
7.957250399314413e8	5264.482560583376	-19.2241059670567	-4.671890223017119
7.978850399314413e8	5264.058902199687	-19.23007613482769	-4.68114814550894
8.000450399314413e8	5263.635277909847	-19.236046302598687	-4.690492578662292
8.022050399314413e8	5263.211687711104	-19.242016470369684	-4.699925154537798
8.043650399314413e8	5262.788131600713	-19.247986638140677	-4.709447551820505
8.065250399314413e8	5262.364609575932	-19.253956805911674	-4.719061497612921
8.086850399314413e8	5261.941121634009	-19.259926973682667	-4.728768769315075
8.108450399314413e8	5261.5176677722175	-19.26589714145366	-4.738571196596732
8.130050399314413e8	5261.094247987808	-19.271867309224657	-4.748470663467227
8.151650399314413e8	5260.670862278028	-19.27783747699565	-4.758469110448784
8.173250399314413e8	5260.247510640153	-19.283807644766643	-4.768568536859579
8.194850399314413e8	5259.824193071434	-19.28977781253764	-4.778771003213278
8.216450399314413e8	5259.400909569118	-19.295747980308633	-4.789078633742249
8.238050399314413e8	5258.977660130483	-19.301718148079626	-4.799493619052165
8.259650399314413e8	5258.554444752777	-19.307688315850623	-4.8100182189163245
8.281250399314413e8	5258.178593424846	-19.313670805853956	-4.819241696178139
8.302850399314413e8	5257.82996698638	-19.319660377243988	-4.827732289744079
8.324450399314413e8	5257.481363662458	-19.325649948634023	-4.836295591263334
8.346050399314413e8	5257.132783451553	-19.33163952002406	-4.844932856747114
8.367650399314413e8	5256.784226352119	-19.337629091414094	-4.8536453750363
8.389250399314413e8	5256.435692362628	-19.343618662804126	-4.862434468955651
8.410850399314413e8	5256.087181481552	-19.349608234194164	-4.871301496519176
8.432450399314413e8	5255.738693707357	-19.355597805584196	-4.880247852189428
8.454050399314413e8	5255.3902290385195	-19.36158737697423	-4.889274968193645
8.475650399314413e8	5255.04178747349	-19.367576948364267	-4.898384315899826
8.497250399314413e8	5254.693369010745	-19.3735665197543	-4.907577407256077
8.518850399314413e8	5254.344973648765	-19.379556091144337	-4.916855796296717
8.540450399314413e8	5253.996601385987	-19.385545662534373	-4.92622108071893
8.562050399314413e8	5253.648252220908	-19.391535233924404	-4.935674903533928
8.583650399314413e8	5253.299926151998	-19.39752480531444	-4.945218954796928
8.605250399314413e8	5252.951623177706	-19.403514376704475	-4.954854973420465
8.626850399314413e8	5252.603343296511	-19.409503948094507	-4.964584749075945
8.648450399314413e8	5252.255086506891	-19.415493519484546	-4.974410124188596
8.670050399314413e8	5251.906852807295	-19.42148309087458	-4.984332996031423
8.691650399314413e8	5251.5586421962025	-19.427472662264613	-4.994355318924078
8.713250399314413e8	5251.210454672083	-19.433462233654648	-5.0044791065430605
8.734850399314413e8	5250.8622902334055	-19.439451805044683	-5.014706434350039
8.756450399314413e8	5250.5141488786485	-19.44544137643472	-5.02503944214565
8.778050399314413e8	5250.166030606254	-19.45143094782475	-5.03548033675662
8.799650399314413e8	5249.827467786743	-19.457427292823787	-5.045515442346341
8.821250399314413e8	5249.519825205837	-19.463445595255056	-5.053964574053808
8.842850399314413e8	5249.212200652944	-19.469463897686328	-5.062485702328316
8.864450399314413e8	5248.904594127017	-19.475482200117597	-5.071080064714084
8.886050399314413e8	5248.597005626981	-19.481500502548865	-5.079748930940236
8.907650399314413e8	5248.289435151798	-19.487518804980134	-5.088493604046625
8.929250399314413e8	5247.981882700393	-19.493537107411406	-5.0973154215592995
8.950850399314413e8	5247.674348271728	-19.499555409842674	-5.106215756718295
8.972450399314413e8	5247.366831864739	-19.505573712273943	-5.115196019760548
8.994050399314413e8	5247.05933347836	-19.511592014705215	-5.124257659260947
9.015650399314413e8	5246.751853111544	-19.517610317136487	-5.133402163534694
9.037250399314413e8	5246.444390763243	-19.523628619567752	-5.142631062104378
9.058850399314413e8	5246.136946432376	-19.529646921999024	-5.151945927235394
9.080450399314413e8	5245.829520117923	-19.535665224430293	-5.161348375543529
9.102050399314413e8	5245.522111818809	-19.54168352686156	-5.170840069678854
9.123650399314413e8	5245.21472153397	-19.547701829292834	-5.180422720090303
9.145250399314413e8	5244.907349262368	-19.553720131724102	-5.19009808687561
9.166850399314413e8	5244.599995002931	-19.55973843415537	-5.199867981721625
9.188450399314413e8	5244.292658754619	-19.565756736586643	-5.2097342699403555
9.210050399314413e8	5243.98534051636	-19.57177503901791	-5.2196988726064415
9.231650399314413e8	5243.678040287107	-19.577793341449183	-5.229763768802215
9.253250399314413e8	5243.370758065815	-19.583811643880452	-5.239930997976889
9.274850399314413e8	5243.063493851409	-19.58982994631172	-5.250202662426912
9.296450399314413e8	5242.756247642852	-19.595848248742993	-5.260580929905047
9.318050399314413e8	5242.449019439081	-19.60186655117426	-5.2710680363662545
9.339650399314413e8	5242.182744635876	-19.607888386071323	-5.279838600134635
9.361250399314413e8	5241.924254660959	-19.61391089161367	-5.288337074691409
9.382850399314413e8	5241.665777432092	-19.619933397156025	-5.296908392819389
9.404450399314413e8	5241.407312948626	-19.625955902698376	-5.305553814060781
9.426050399314413e8	5241.148861209951	-19.631978408240727	-5.314274630911116
9.447650399314413e8	5240.8904222154215	-19.638000913783078	-5.323072169978916
9.469250399314413e8	5240.631995964426	-19.64402341932543	-5.331947793196815
9.490850399314413e8	5240.373582456318	-19.65004592486778	-5.340902899086924
9.512450399314413e8	5240.115181690479	-19.65606843041013	-5.349938924083354
9.534050399314413e8	5239.856793666281	-19.66209093595248	-5.359057343915047
9.555650399314413e8	5239.598418383104	-19.66811344149483	-5.368259675052232
9.577250399314413e8	5239.340055840302	-19.674135947037183	-5.377547476220053
9.598850399314413e8	5239.081706037255	-19.680158452579533	-5.386922349983155
9.620450399314413e8	5238.823368973345	-19.686180958121888	-5.396385944405247
9.642050399314413e8	5238.565044647925	-19.692203463664235	-5.405939954787951
9.663650399314413e8	5238.306733060376	-19.698225969206586	-5.415586125493515
9.685250399314413e8	5238.048434210079	-19.70424847474894	-5.425326251856298
9.706850399314413e8	5237.790148096397	-19.71027098029129	-5.435162182188266
9.728450399314413e8	5237.531874718694	-19.71629348583364	-5.445095819884104
9.750050399314413e8	5237.273614076349	-19.722315991375993	-5.455129125631932
9.771650399314413e8	5237.015366168735	-19.728338496918344	-5.465264119736057
9.793250399314413e8	5236.757130995234	-19.734361002460695	-5.475502884558644
9.814850399314413e8	5236.498908555207	-19.740383508003045	-5.485847567087677
9.836450399314413e8	5236.240698848009	-19.746406013545396	-5.496300381639143
9.858050399314413e8	5235.98830724509	-19.75245989287867	-5.505886909027689
9.879650399314413e8	5235.742878987808	-19.758551340022763	-5.514386594586924
9.901250399314413e8	5235.497462234576	-19.764642787166864	-5.522959144567869
9.922850399314413e8	5235.2520569848375	-19.770734234310957	-5.531605819055896
9.944450399314413e8	5235.006663238063	-19.776825681455055	-5.540327911108739
9.966050399314413e8	5234.761280993713	-19.782917128599152	-5.54912674791699
9.987650399314413e8	5234.515910251248	-19.789008575743253	-5.558003692016115
1.0009250399314413e9	5234.27055101013	-19.795100022887347	-5.566960142552747
1.0030850399314413e9	5234.025203269818	-19.801191470031444	-5.575997536608199
1.0052450399314413e9	5233.779867029773	-19.80728291717554	-5.585117350582329
1.0074050399314413e9	5233.534542289459	-19.81337436431964	-5.594321101641091
1.0095650399314413e9	5233.289229048333	-19.819465811463736	-5.603610349231328
1.0117250399314413e9	5233.043927305859	-19.825557258607837	-5.612986696666575
1.0138850399314413e9	5232.798637061487	-19.83164870575193	-5.622451792787917
1.0160450399314413e9	5232.553358314698	-19.83774015289603	-5.632007333704202
1.0182050399314413e9	5232.308091064951	-19.843831600040126	-5.641655064616208
1.0203650399314413e9	5232.062835311682	-19.849923047184227	-5.651396781729653
1.0225250399314413e9	5231.817591054387	-19.85601449432832	-5.661234334262319
1.0246850399314413e9	5231.57235829249	-19.862105941472418	-5.671169626550879
1.0268450399314413e9	5231.327137025491	-19.868197388616515	-5.68120462026344
1.0290050399314413e9	5231.0819272528215	-19.874288835760616	-5.691341336724233
1.0311650399314413e9	5230.8367289739535	-19.88038028290471	-5.701581859357333
1.0333250399314413e9	5230.591542188348	-19.88647173004881	-5.711928336256807
1.0354850399314413e9	5230.3463668954655	-19.89256317719291	-5.722382982891219
1.0376450399314413e9	5230.104058819301	-19.89861010418916	-5.732089147477092
1.0398050399314413e9	5229.865992411413	-19.90459107645648	-5.740606808699535
1.0419650399314413e9	5229.627936839946	-19.910572048723797	-5.7491976441945445
1.0441250399314413e9	5229.389892104409	-19.916553020991113	-5.757862922128607
1.0462850399314413e9	5229.151858204317	-19.922533993258433	-5.766603943924042
1.0484450399314413e9	5228.9138351391575	-19.92851496552575	-5.775422045432056
1.0506050399314413e9	5228.675822908447	-19.93449593779307	-5.784318598157956
1.0527650399314413e9	5228.437821511702	-19.94047691006039	-5.793295010541372
1.0549250399314413e9	5228.19983094842	-19.946457882327707	-5.802352729294457
1.0570850399314413e9	5227.961851218098	-19.952438854595023	-5.8114932408012425
1.0592450399314413e9	5227.723882320252	-19.958419826862343	-5.820718072581551
1.0614050399314413e9	5227.4859242544	-19.964400799129663	-5.830028794823047
1.0635650399314413e9	5227.247977020038	-19.97038177139698	-5.839427021985299
1.0657250399314413e9	5227.010040616663	-19.976362743664296	-5.848914414479922
1.0678850399314413e9	5226.772115043794	-19.982343715931616	-5.8584926804312
1.0700450399314413e9	5226.534200300945	-19.988324688198933	-5.868163577521836
1.0722050399314413e9	5226.296296387595	-19.994305660466253	-5.877928914928828
1.0743650399314413e9	5226.05840330329	-20.00028663273357	-5.887790555354812
1.0765250399314413e9	5225.820521047517	-20.00626760500089	-5.897750417160559
1.0786850399314413e9	5225.582649619784	-20.01224857726821	-5.907810476604747
1.0808450399314413e9	5225.344789019579	-20.018229549535526	-5.917972770197542
1.0830050399314413e9	5225.106939246447	-20.024210521802846	-5.928239397174998
1.0851650399314413e9	5224.869100299876	-20.030191494070163	-5.938612522101806
1.0873250399314413e9	5224.631272179354	-20.03617246633748	-5.94909437761045
1.0894850399314413e9	5224.394008053711	-20.042155445118556	-5.959629113951823
1.0916450399314413e9	5224.17629968842	-20.048209322609143	-5.9682014273591255
1.0938050399314413e9	5223.958600395374	-20.054263200099733	-5.97684786116468
1.0959650399314413e9	5223.740910174175	-20.06031707759032	-5.985569708318237
1.0981250399314413e9	5223.523229024465	-20.066370955080906	-5.99436829589859
1.1002850399314413e9	5223.3055569458475	-20.072424832571492	-6.003244986325418
1.1024450399314413e9	5223.087893937953	-20.07847871006208	-6.012201178625404
1.1046050399314413e9	5222.870240000412	-20.08453258755267	-6.02123830975555
1.1067650399314413e9	5222.652595132839	-20.090586465043256	-6.030357855986851
1.1089250399314413e9	5222.434959334847	-20.096640342533846	-6.039561334351632
1.1110850399314413e9	5222.217332606076	-20.102694220024432	-6.048850304158116
1.1132450399314413e9	5221.999714946128	-20.10874809751502	-6.058226368575997
1.1154050399314413e9	5221.782106354644	-20.114801975005605	-6.067691176297047
1.1175650399314413e9	5221.564506831231	-20.12085585249619	-6.077246423275067
1.1197250399314413e9	5221.346916375515	-20.126909729986778	-6.086893854549775
1.1218850399314413e9	5221.129334987132	-20.132963607477368	-6.096635266159521
1.1240450399314413e9	5220.911762665693	-20.139017484967958	-6.106472507148105
1.1262050399314413e9	5220.69419941081	-20.145071362458545	-6.116407481671265
1.1283650399314413e9	5220.476645222126	-20.15112523994913	-6.1264421512088765
1.1305250399314413e9	5220.259100099252	-20.157179117439718	-6.136578536889266
1.1326850399314413e9	5220.041564041801	-20.163232994930308	-6.146818721932539
1.1348450399314413e9	5219.824037049415	-20.169286872420894	-6.1571648542203095
1.1370050399314413e9	5219.606519121698	-20.17534074991148	-6.167619148999757
1.1391650399314413e9	5219.389010258288	-20.181394627402067	-6.178183891730527
1.1413250399314413e9	5219.169785386891	-20.187455316296855	-6.1885857396943
1.1434850399314413e9	5218.93912568554	-20.19356119364985	-6.197250489930187
1.1456450399314413e9	5218.708476178145	-20.19966707100284	-6.205990974762053
1.1478050399314413e9	5218.47783686424	-20.205772948355833	-6.214808529794919
1.1499650399314413e9	5218.247207743363	-20.211878825708826	-6.223704526279105
1.1521250399314413e9	5218.016588815082	-20.217984703061816	-6.232680372390062
1.1542850399314413e9	5217.78598007893	-20.22409058041481	-6.241737514566145
1.1564450399314413e9	5217.555381534473	-20.230196457767804	-6.2508774389075334
1.1586050399314413e9	5217.324793181243	-20.236302335120797	-6.260101672639674
1.1607650399314413e9	5217.094215018798	-20.242408212473787	-6.269411785644844
1.1629250399314413e9	5216.863647046698	-20.24851408982678	-6.278809392065688
1.1650850399314413e9	5216.633089264484	-20.25461996717977	-6.288296151984815
1.1672450399314413e9	5216.402541671694	-20.260725844532764	-6.297873773184835
1.1694050399314413e9	5216.172004267888	-20.266831721885758	-6.307544012993499
1.1715650399314413e9	5215.941477052626	-20.27293759923875	-6.317308680218918
1.1737250399314413e9	5215.710960025439	-20.27904347659174	-6.327169637180223
1.1758850399314413e9	5215.480453185894	-20.285149353944735	-6.33712880183932
1.1780450399314413e9	5215.249956533523	-20.29125523129773	-6.3471881500398935
1.1802050399314413e9	5215.019470067885	-20.29736110865072	-6.357349717860161
1.1823650399314413e9	5214.788993788538	-20.303466986003713	-6.367615604086399
1.1845250399314413e9	5214.558527695025	-20.309572863356706	-6.377987972814763
1.1866850399314413e9	5214.328071786885	-20.315678740709696	-6.388469056189454
1.1888450399314413e9	5214.097626063677	-20.32178461806269	-6.399061157285912
1.1910050399314413e9	5213.86719052496	-20.32789049541568	-6.409766653148349
1.1931650399314413e9	5213.6153632245105	-20.333940113602104	-6.41909022496284
1.1953250399314413e9	5213.354739289624	-20.339966574969537	-6.427879876265884
1.1974850399314413e9	5213.094128383085	-20.34599303633697	-6.436747471142048
1.1996450399314413e9	5212.833530504251	-20.352019497704404	-6.445694404321573
1.2018050399314413e9	5212.57294565247	-20.358045959071838	-6.454722108309094
1.2039650399314413e9	5212.31237382709	-20.36407242043927	-6.4638320547601635
1.2061250399314413e9	5212.05181502747	-20.370098881806705	-6.47302575592106
1.2082850399314413e9	5211.791269252941	-20.376125343174138	-6.482304766135398
1.2104450399314413e9	5211.53073650286	-20.38215180454157	-6.491670683421295
1.2126050399314413e9	5211.270216776577	-20.388178265909005	-6.501125151123093
1.2147650399314413e9	5211.009710073441	-20.39420472727644	-6.510669859641914
1.2169250399314413e9	5210.749216392809	-20.400231188643872	-6.520306548249601
1.2190850399314413e9	5210.488735734012	-20.406257650011305	-6.530037006990916
1.2212450399314413e9	5210.228268096418	-20.41228411137874	-6.5398630786791925
1.2234050399314413e9	5209.967813479348	-20.418310572746172	-6.54978666099102
1.2255650399314413e9	5209.707371882178	-20.424337034113602	-6.5598097086659
1.2277250399314413e9	5209.44694330426	-20.430363495481036	-6.569934235817265
1.2298850399314413e9	5209.186527744921	-20.436389956848473	-6.580162318361689
1.2320450399314413e9	5208.926125203521	-20.442416418215902	-6.590496096573611
1.2342050399314413e9	5208.66573567941	-20.448442879583336	-6.600937777773454
1.2363650399314413e9	5208.405359171938	-20.454469340950773	-6.611489639157558
1.2385250399314413e9	5208.144995680461	-20.4604958023182	-6.622154030779036
1.2406850399314413e9	5207.884645204311	-20.46652226368564	-6.632933378689283
1.2428450399314413e9	5207.653374980598	-20.47259334745652	-6.643227497064212
1.2450050399314413e9	5207.4930179870535	-20.478773281289104	-6.652144685131732
1.2471650399314413e9	5207.332665931303	-20.48495321512169	-6.661142105424554
1.2493250399314413e9	5207.172318813204	-20.49113314895427	-6.670221214836729
1.2514850399314413e9	5207.011976632612	-20.497313082786857	-6.679383510308614
1.2536450399314413e9	5206.851639389367	-20.503493016619437	-6.688630530308148
1.2558050399314413e9	5206.691307083307	-20.50967295045202	-6.697963856381264
1.2579650399314413e9	5206.530979714299	-20.515852884284605	-6.707385114775326
1.2601250399314413e9	5206.370657282182	-20.52203281811719	-6.716895978139773
1.2622850399314413e9	5206.210339786794	-20.528212751949773	-6.726498167308428
1.2644450399314413e9	5206.050027228001	-20.534392685782358	-6.736193453168193
1.2666050399314413e9	5205.889719605635	-20.54057261961494	-6.745983658619233
1.2687650399314413e9	5205.729416919559	-20.546752553447522	-6.755870660632062
1.2709250399314413e9	5205.569119169615	-20.552932487280106	-6.765856392407338
1.2730850399314413e9	5205.40882635564	-20.55911242111269	-6.775942845644595
1.2752450399314413e9	5205.248538477491	-20.565292354945274	-6.786132072926553
1.2774050399314413e9	5205.088255535026	-20.57147228877786	-6.796426190226156
1.2795650399314413e9	5204.927977528084	-20.577652222610443	-6.806827379544007
1.2817250399314413e9	5204.7677044565025	-20.583832156443023	-6.817337891684401
1.2838850399314413e9	5204.60743632015	-20.59001209027561	-6.827960049178804
1.2860450399314413e9	5204.447173118854	-20.59619202410819	-6.8386962493662855
1.2882050399314413e9	5204.286914852482	-20.602371957940775	-6.849548967641098
1.2903650399314413e9	5204.126661520864	-20.60855189177336	-6.860520760878437
1.2925250399314413e9	5203.747995919672	-20.614324334558095	-6.868983394052091
1.2946850399314413e9	5203.325770693591	-20.620015450762562	-6.876989522997727
1.2968450399314413e9	5202.903579726307	-20.625706566967025	-6.885060267714181
1.2990050399314413e9	5202.48142301504	-20.631397683171492	-6.893196679693978
1.3011650399314413e9	5202.059300557008	-20.63708879937596	-6.901399836306745
1.3033250399314413e9	5201.637212349435	-20.642779915580423	-6.909670841655349
1.3054850399314413e9	5201.21515838954	-20.64847103178489	-6.918010827467737
1.3076450399314413e9	5200.793138674545	-20.654162147989354	-6.926420954026276
1.3098050399314413e9	5200.371153201671	-20.65985326419382	-6.9349024111365125
1.3119650399314413e9	5199.94920196814	-20.665544380398288	-6.943456419137362
1.3141250399314413e9	5199.527284971174	-20.671235496602755	-6.952084229954873
1.3162850399314413e9	5199.105402207994	-20.67692661280722	-6.960787128201862
1.3184450399314413e9	5198.6835536758235	-20.682617729011685	-6.969566432325805
1.3206050399314413e9	5198.261739371885	-20.68830884521615	-6.97842349580757
1.3227650399314413e9	5197.839959293401	-20.693999961420616	-6.987359708413718
1.3249250399314413e9	5197.418213437585	-20.699691077625083	-6.9963764975052545
1.3270850399314413e9	5196.996501801687	-20.70538219382955	-7.005475329405931
1.3292450399314413e9	5196.574824382906	-20.711073310034013	-7.014657710833367
1.3314050399314413e9	5196.153181178471	-20.71676442623848	-7.02392519039649
1.3335650399314413e9	5195.731572185599	-20.722455542442944	-7.0332793601630135
1.3357250399314413e9	5195.309997401541	-20.72814665864741	-7.042721857300921
1.3378850399314413e9	5194.888456823494	-20.733837774851878	-7.052254365798193
1.3400450399314413e9	5194.466950448692	-20.739528891056345	-7.061878618265292
1.3422050399314413e9	5194.04547827435	-20.745220007260812	-7.07159639782523
1.3443650399314413e9	5193.624040297711	-20.750911123465272	-7.081409540096376
1.3465250399314413e9	5193.202636515993	-20.75660223966974	-7.0913199352735266
1.3486850399314413e9	5192.7812669264285	-20.762293355874206	-7.101329530313122
1.3508450399314413e9	5192.359931526216	-20.767984472078673	-7.111440331228953
1.3530050399314413e9	5191.93863031262	-20.77367558828314	-7.121654405505099
1.3551650399314413e9	5191.517363282828	-20.779366704487604	-7.131973884633388
1.3573250399314413e9	5191.096130434094	-20.78505782069207	-7.142400966783144
1.3594850399314413e9	5190.674931763637	-20.790748936896534	-7.1529379196116
1.3616450399314413e9	5190.253767268682	-20.796440053101005	-7.163587083223957
1.3638050399314413e9	5189.832636946457	-20.80213116930547	-7.174350873292766
1.3659650399314413e9	5189.411540794198	-20.807822285509936	-7.185231784347011
1.3681250399314413e9	5188.990478809105	-20.813513401714403	-7.196232393242132
1.3702850399314413e9	5188.569450988434	-20.81920451791887	-7.207355362823024
1.3724450399314413e9	5188.148457329403	-20.824895634123333	-7.218603445793059
1.3746050399314413e9	5187.727497829241	-20.830586750327797	-7.2299794888032
1.3767650399314413e9	5187.306572485175	-20.836277866532264	-7.241486436776384
1.3789250399314413e9	5186.885681294443	-20.84196898273673	-7.253127337483619
1.3810850399314413e9	5186.464824254248	-20.847660098941198	-7.2649053463895825
1.3832450399314413e9	5186.0440013618445	-20.85335121514566	-7.276823731787001
1.3854050399314413e9	5185.623212614454	-20.85904233135013	-7.288885880240697
1.3875650399314413e9	5185.202458009307	-20.864733447554595	-7.301095302364003
1.3897250399314413e9	5184.78173754363	-20.87042456375906	-7.3134556389521945
1.3918850399314413e9	5184.361051214655	-20.876115679963526	-7.325970667499736
1.3940450399314413e9	5183.812881961053	-20.881843235800844	-7.334869639848292
1.3962050399314413e9	5183.243124953142	-20.887576977921604	-7.343203344700704
1.3983650399314413e9	5182.673430567687	-20.893310720042372	-7.3516070842468855
1.4005250399314413e9	5182.103798797797	-20.899044462163133	-7.360082045583511
1.4026850399314413e9	5181.53422963658	-20.904778204283897	-7.368629446247578
1.4048450399314413e9	5180.9647230771725	-20.91051194640466	-7.37725053526614
1.4070050399314413e9	5180.395279112685	-20.916245688525425	-7.385946594251697
1.4091650399314413e9	5179.825897736228	-20.92197943064619	-7.394718938545625
1.4113250399314413e9	5179.256578940943	-20.92771317276695	-7.403568918412206
1.4134850399314413e9	5178.687322719939	-20.933446914887714	-7.412497920285965
1.4156450399314413e9	5178.118129066333	-20.939180657008478	-7.421507368075205
1.4178050399314413e9	5177.548997973263	-20.94491439912924	-7.430598724524791
1.4199650399314413e9	5176.979929433836	-20.950648141250003	-7.4397734926414545
1.4221250399314413e9	5176.410923441196	-20.956381883370767	-7.449033217185089
1.4242850399314413e9	5175.84197998845	-20.962115625491528	-7.458379486229742
1.4264450399314413e9	5175.2730990687405	-20.967849367612292	-7.4678139327982445
1.4286050399314413e9	5174.704280675187	-20.973583109733056	-7.477338236574679
1.4307650399314413e9	5174.135524800908	-20.97931685185382	-7.4869541256991985
1.4329250399314413e9	5173.566831439049	-20.985050593974584	-7.496663378649965
1.4350850399314413e9	5172.998200582731	-20.990784336095345	-7.506467826217364
1.4372450399314413e9	5172.429632225075	-20.99651807821611	-7.516369353575951
1.4394050399314413e9	5171.861126359221	-21.002251820336873	-7.526369902460009
1.4415650399314413e9	5171.292682978318	-21.007985562457637	-7.536471473448992
1.4437250399314413e9	5170.724302075462	-21.013719304578398	-7.546676128369586
1.4458850399314413e9	5170.155983643805	-21.019453046699162	-7.556985992821599
1.4480450399314413e9	5169.587727676498	-21.025186788819923	-7.5674032588354185
1.4502050399314413e9	5169.019534166639	-21.03092053094069	-7.577930187669357
1.4523650399314413e9	5168.451403107381	-21.03665427306145	-7.588569112755797
1.4545250399314413e9	5167.883334491871	-21.042388015182215	-7.59932244280576
1.4566850399314413e9	5167.315328313235	-21.04812175730298	-7.610192665082209
1.4588450399314413e9	5166.747384564603	-21.053855499423744	-7.6211823488532335
1.4610050399314413e9	5166.179503239129	-21.059589241544504	-7.632294149037087
1.4631650399314413e9	5165.611684329946	-21.065322983665272	-7.6435308100520345
1.4653250399314413e9	5165.043927830182	-21.071056725786033	-7.65489516988497
1.4674850399314413e9	5164.476233732997	-21.076790467906797	-7.666390164393875
1.4696450399314413e9	5163.9086020315135	-21.082524210027557	-7.678018831860467
1.4718050399314413e9	5163.341032718892	-21.08825795214832	-7.68978431781067
1.4739650399314413e9	5162.773525788267	-21.093991694269086	-7.701689880122061
1.4761250399314413e9	5162.206081232772	-21.09972543638985	-7.713738894439034
1.4782850399314413e9	5161.638699045569	-21.10545917851061	-7.725934859918194
1.4804450399314413e9	5161.071379219796	-21.111192920631378	-7.738281405328452
1.4826050399314413e9	5160.504121748588	-21.11692666275214	-7.750782295532435
1.4847650399314413e9	5159.93692662511	-21.122660404872903	-7.763441438378155
1.4869250399314413e9	5159.36979384249	-21.128394146993664	-7.77626289203253
1.4890850399314413e9	5158.8027233938965	-21.13412788911443	-7.789250872791152
1.4912450399314413e9	5158.052516148247	-21.13979977723011	-7.798615955724081
1.4934050399314413e9	5157.2618940370385	-21.145457980846246	-7.807224226395446
1.4955650399314413e9	5156.471393111747	-21.151116184462385	-7.81590724329208
1.4977250399314413e9	5155.6810133537965	-21.15677438807852	-7.824666315845729
1.4998850399314413e9	5154.890754744624	-21.16243259169466	-7.83350278820108
1.5020450399314413e9	5154.1006172656425	-21.168090795310793	-7.842418040453686
1.5042050399314413e9	5153.310600898294	-21.173748998926932	-7.85141348994358
1.5063650399314413e9	5152.520705624013	-21.17940720254307	-7.860490592607601
1.5085250399314413e9	5151.73093142424	-21.185065406159204	-7.869650844393653
1.5106850399314413e9	5150.941278280427	-21.190723609775343	-7.8788957827403525
1.5128450399314413e9	5150.151746173998	-21.196381813391483	-7.888226988125699
1.5150050399314413e9	5149.362335086411	-21.20204001700762	-7.897646085688696
1.5171650399314413e9	5148.573044999125	-21.207698220623755	-7.907154746928063
1.5193250399314413e9	5147.783875893575	-21.21335642423989	-7.9167546914824936
1.5214850399314413e9	5146.994827751226	-21.21901462785603	-7.926447688997194
1.5236450399314413e9	5146.205900553547	-21.224672831472166	-7.936235561081773
1.5258050399314413e9	5145.417094281979	-21.230331035088305	-7.946120183364904
1.5279650399314413e9	5144.628408917999	-21.23598923870444	-7.956103487651546
1.5301250399314413e9	5143.839844443072	-21.241647442320577	-7.966187464188945
1.5322850399314413e9	5143.051400838678	-21.247305645936713	-7.976374164048044
1.5344450399314413e9	5142.263078086272	-21.252963849552852	-7.986665701627453
1.5366050399314413e9	5141.474876167339	-21.258622053168992	-7.997064257287603
1.5387650399314413e9	5140.686795063358	-21.264280256785128	-8.007572080123305
1.5409250399314413e9	5139.898834755818	-21.269938460401264	-8.018191490883535
1.5430850399314413e9	5139.110995226188	-21.275596664017403	-8.028924885047916
1.5452450399314413e9	5138.323276455962	-21.28125486763354	-8.039774736070108
1.5474050399314413e9	5137.53567842664	-21.286913071249675	-8.050743598799091
1.5495650399314413e9	5136.748201119688	-21.29257127486581	-8.061834113090164
1.5517250399314413e9	5135.960844516638	-21.29822947848195	-8.073049007618458
1.5538850399314413e9	5135.1736085989605	-21.303887682098086	-8.084391103908711
1.5560450399314413e9	5134.386493348167	-21.309545885714222	-8.095863320596216
1.5582050399314413e9	5133.599498745772	-21.31520408933036	-8.107468677935024
1.5603650399314413e9	5132.812624773261	-21.320862292946497	-8.119210302570838
1.5625250399314413e9	5132.025871412156	-21.326520496562637	-8.131091432597458
1.5646850399314413e9	5131.239238643978	-21.332178700178773	-8.143115422917228
1.5668450399314413e9	5130.452726450224	-21.33783690379491	-8.155285750927709
1.5690050399314413e9	5129.666334812423	-21.343495107411048	-8.16760602255867
1.5711650399314413e9	5128.880063712094	-21.349153311027184	-8.180079978685633
1.5733250399314413e9	5128.093913130771	-21.354811514643323	-8.1927115019485
1.5754850399314413e9	5127.307883049964	-21.36046971825946	-8.20550462400638
1.5776450399314413e9	5126.521973451212	-21.366127921875595	-8.21846353326251
1.5798050399314413e9	5125.736184316045	-21.37178612549173	-8.231592583096317
1.5819650399314413e9	5124.95051562601	-21.377444329107867	-8.244896300643113
1.5841250399314413e9	5124.164967362626	-21.383102532724006	-8.258379396165706
1.5862850399314413e9	5123.23330400348	-21.38876658473045	-8.268783869892577
1.5884450399314413e9	5122.227382125848	-21.394433613934606	-8.277623295667466
1.5906050399314413e9	5121.221657756071	-21.400100643138767	-8.28654155424497
1.5927650399314413e9	5120.2161308553705	-21.40576767234292	-8.295540064399534
1.5949250399314413e9	5119.210801384974	-21.41143470154708	-8.304620283554728
1.5970850399314413e9	5118.205669306117	-21.417101730751238	-8.31378370919993
1.5992450399314413e9	5117.200734580042	-21.422768759955392	-8.323031880372502
1.6014050399314413e9	5116.195997168	-21.42843578915955	-8.332366379209157
1.6035650399314413e9	5115.19145703125	-21.434102818363712	-8.341788832570412
1.6057250399314413e9	5114.187114131058	-21.439769847567867	-8.351300913742296
1.6078850399314413e9	5113.182968428697	-21.445436876772025	-8.360904344219795
1.6100450399314413e9	5112.179019885448	-21.451103905976183	-8.370600895576738
1.6122050399314413e9	5111.1752684626	-21.456770935180337	-8.38039239142725
1.6143650399314413e9	5110.171714121449	-21.462437964384495	-8.390280709484188
1.6165250399314413e9	5109.1683568233	-21.468104993588653	-8.400267783720352
1.6186850399314413e9	5108.165196529464	-21.47377202279281	-8.410355606638731
1.6208450399314413e9	5107.16223320126	-21.47943905199697	-8.420546231658413
1.6230050399314413e9	5106.159466800015	-21.485106081201124	-8.430841775623334
1.6251650399314413e9	5105.156897287064	-21.490773110405282	-8.441244421441516
1.6273250399314413e9	5104.154524623747	-21.49644013960944	-8.451756420863022
1.6294850399314413e9	5103.152348771416	-21.5021071688136	-8.462380097405497
1.6316450399314413e9	5102.150369691426	-21.507774198017756	-8.473117849436763
1.6338050399314413e9	5101.148587345142	-21.513441227221914	-8.483972153424736
1.6359650399314413e9	5100.147001693928	-21.51910825642607	-8.494945567365656
1.6381250399314413e9	5099.1456126991825	-21.524775285630227	-8.506040734402514
1.6402850399314413e9	5098.144420322284	-21.530442314834385	-8.517260386646473
1.6424450399314413e9	5097.143424524625	-21.536109344038543	-8.528607349215115
1.6446050399314413e9	5096.14262526761	-21.5417763732427	-8.54008454450243
1.6467650399314413e9	5095.14202251265	-21.547443402446856	-8.55169499669671
1.6489250399314413e9	5094.141616221162	-21.553110431651014	-8.563441836563806
1.6510850399314413e9	5093.141406354571	-21.558777460855172	-8.575328306514683
1.6532450399314413e9	5092.1413928743095	-21.56444449005933	-8.587357765977794
1.6554050399314413e9	5091.141575741819	-21.570111519263484	-8.599533697098542
1.6575650399314413e9	5090.141954918547	-21.575778548467646	-8.611859710790018
1.6597250399314413e9	5089.142530365941	-21.5814455776718	-8.62433955316133
1.6618850399314413e9	5088.14330204549	-21.58711260687596	-8.636977112352138
1.6640450399314413e9	5087.144269918638	-21.592779636080117	-8.649776425804628
1.6662050399314413e9	5086.145433946865	-21.59844666528427	-8.662741688006903
1.6683650399314413e9	5085.146794091681	-21.60411369448843	-8.675877258745002
1.6705250399314413e9	5084.148350314555	-21.609780723692587	-8.689187671904138
1.6726850399314413e9	5083.150102576987	-21.615447752896745	-8.702677644863615
1.6748450399314413e9	5082.152050840503	-21.6211147821009	-8.71635208853416
1.6770050399314413e9	5081.154195066621	-21.62678181130506	-8.730216118091086
1.6791650399314413e9	5080.106946228423	-21.632463936730733	-8.742488872748906
1.6813250399314413e9	5078.965491496279	-21.638174813005215	-8.75147875788271
1.6834850399314413e9	5077.824293238826	-21.643885689279692	-8.760550194746134
1.6856450399314413e9	5076.683351398446	-21.649596565554173	-8.76970467648739
1.6878050399314413e9	5075.542665917523	-21.65530744182865	-8.778943737641418
1.6899650399314413e9	5074.402236738465	-21.66101831810313	-8.788268955673699
1.6921250399314413e9	5073.262063803666	-21.66672919437761	-8.797681952596712
1.6942850399314413e9	5072.122147055559	-21.672440070652087	-8.807184396663207
1.6964450399314413e9	5070.982486436589	-21.678150946926564	-8.816778004140708
1.6986050399314413e9	5069.843081889189	-21.683861823201045	-8.826464541171955
1.7007650399314413e9	5068.703933355831	-21.689572699475526	-8.83624582572633
1.7029250399314413e9	5067.565040779001	-21.695283575750004	-8.846123729647696
1.7050850399314413e9	5066.4264041011675	-21.700994452024485	-8.856100180804345
1.7072450399314413e9	5065.288023264843	-21.706705328298963	-8.866177165347333
1.7094050399314413e9	5064.149898212541	-21.71241620457344	-8.8763567300837
1.7115650399314413e9	5063.012028886799	-21.71812708084792	-8.886640984971791
1.7137250399314413e9	5061.874415230139	-21.7238379571224	-8.897032105746176
1.7158850399314413e9	5060.737057185124	-21.729548833396876	-8.90753233668043
1.7180450399314413e9	5059.599954694329	-21.735259709671357	-8.918143993496477
1.7202050399314413e9	5058.463107700315	-21.740970585945835	-8.928869466429976
1.7223650399314413e9	5057.326516145684	-21.746681462220316	-8.939711223461886
1.7245250399314413e9	5056.19017997304	-21.752392338494793	-8.95067181372714
1.7266850399314413e9	5055.054099125011	-21.75810321476927	-8.961753871112188
1.7288450399314413e9	5053.918273544208	-21.763814091043752	-8.972960118054152
1.7310050399314413e9	5052.782703173287	-21.769524967318233	-8.984293369555248
1.7331650399314413e9	5051.647387954909	-21.77523584359271	-8.995756537427335
1.7353250399314413e9	5050.5123278317305	-21.780946719867188	-9.007352634782562
1.7374850399314413e9	5049.377522746439	-21.786657596141666	-9.019084780787455
1.7396450399314413e9	5048.242972641741	-21.792368472416147	-9.030956205699221
1.7418050399314413e9	5047.108677460326	-21.798079348690624	-9.042970256204585
1.7439650399314413e9	5045.974637144924	-21.803790224965105	-9.055130401083272
1.7461250399314413e9	5044.840851638277	-21.809501101239583	-9.067440237220067
1.7482850399314413e9	5043.707320883115	-21.815211977514064	-9.079903495991571
1.7504450399314413e9	5042.574044822206	-21.82092285378854	-9.092524050055994
1.7526050399314413e9	5041.441023398323	-21.82663373006302	-9.105305920576907
1.7547650399314413e9	5040.308256554259	-21.8323446063375	-9.118253284914672
1.7569250399314413e9	5039.175744232796	-21.838055482611978	-9.131370484822357
1.7590850399314413e9	5038.043486376752	-21.84376635888646	-9.144662035186364
1.7612450399314413e9	5036.911482928963	-21.849477235160936	-9.158132633355818
1.7634050399314413e9	5035.779733832244	-21.855188111435417	-9.171787169108946
1.7655650399314413e9	5034.648239029465	-21.860898987709895	-9.185630735309338
1.7677250399314413e9	5033.51699846347	-21.866609863984376	-9.199668639310268
1.7698850399314413e9	5032.386012077143	-21.872320740258854	-9.213906415170891
1.7720450399314413e9	5031.210340745335	-21.878003947902084	-9.226199285574573
1.7742050399314413e9	5029.965647179442	-21.883644479536425	-9.235295833123528
1.7763650399314413e9	5028.721261543824	-21.88928501117077	-9.244475888059831
1.7785250399314413e9	5027.477183762337	-21.89492554280511	-9.253740997815536
1.7806850399314413e9	5026.233413758791	-21.900566074439457	-9.263092753237245
1.7828450399314413e9	5024.989951457054	-21.906206606073802	-9.272532790225503
1.7850050399314413e9	5023.746796781003	-21.911847137708143	-9.282062791452297
1.7871650399314413e9	5022.50394965453	-21.917487669342492	-9.291684488161192
1.7893250399314413e9	5021.261410001552	-21.923128200976837	-9.301399662054925
1.7914850399314413e9	5020.0191777459995	-21.92876873261118	-9.311210147275567
1.7936450399314413e9	5018.777252811827	-21.934409264245524	-9.321117832482816
1.7958050399314413e9	5017.535635123001	-21.94004979587987	-9.33112466303625
1.7979650399314413e9	5016.294324603523	-21.94569032751421	-9.341232643287894
1.8001250399314413e9	5015.053321177382	-21.951330859148555	-9.351443838991832
1.8022850399314413e9	5013.812624768612	-21.956971390782897	-9.361760379838126
1.8044450399314413e9	5012.572235301262	-21.962611922417246	-9.372184462118803
1.8066050399314413e9	5011.332152699394	-21.968252454051587	-9.382718351534269
1.8087650399314413e9	5010.092376887092	-21.973892985685932	-9.393364386149111
1.8109250399314413e9	5008.852907788457	-21.979533517320277	-9.40412497950694
1.8130850399314413e9	5007.6137453276115	-21.98517404895462	-9.415002623914662
1.8152450399314413e9	5006.374889428693	-21.990814580588967	-9.425999893907322
1.8174050399314413e9	5005.136340015861	-21.99645511222331	-9.437119449905632
1.8195650399314413e9	5003.8980970132925	-22.00209564385765	-9.448364042079106
1.8217250399314413e9	5002.660160345192	-22.007736175492	-9.459736514428913
1.8238850399314413e9	5001.422529935756	-22.01337670712634	-9.471239809105546
1.8260450399314413e9	5000.185205709227	-22.019017238760686	-9.482876970977735
1.8282050399314413e9	4998.948187589857	-22.02465777039503	-9.494651152470368
1.8303650399314413e9	4997.711475501917	-22.030298302029376	-9.50656561869062
1.8325250399314413e9	4996.475069369697	-22.03593883366372	-9.518623752863157
1.8346850399314413e9	4995.238969117503	-22.041579365298062	-9.53082906209706
1.8368450399314413e9	4994.003174669664	-22.047219896932408	-9.543185183509049
1.8390050399314413e9	4992.767685950526	-22.052860428566753	-9.555695890729764
1.8411650399314413e9	4991.532502884452	-22.058500960201094	-9.568365100822216
1.8433250399314413e9	4990.297625395826	-22.06414149183544	-9.58119688164415
1.8454850399314413e9	4989.06305340905	-22.069782023469784	-9.594195459688944
1.8476450399314413e9	4987.828786848543	-22.075422555104126	-9.607365228442848
1.8498050399314413e9	4986.5948256387455	-22.08106308673847	-9.62071075729994
1.8519650399314413e9	4985.361169704116	-22.086703618372816	-9.634236801080027
1.8541250399314413e9	4984.12781896913	-22.09234415000716	-9.647948310199128
1.8562850399314413e9	4982.894773358284	-22.097984681641503	-9.661850441546973
1.8584450399314413e9	4981.662032796099	-22.103625213275848	-9.675948570131315
1.8606050399314413e9	4980.429597207091	-22.109265744910193	-9.690248301554872
1.8627650399314413e9	4979.19746651582	-22.114906276544534	-9.704755485397364
1.8649250399314413e9	4977.9656406468575	-22.12054680817888	-9.719476229582611
1.8670850399314413e9	4976.695587541765	-22.126188375107315	-9.732664975296972
1.8692450399314413e9	4975.33473094934	-22.131832391146435	-9.74184226456638
1.8714050399314413e9	4973.974246477449	-22.137476407185552	-9.751104557176491
1.8735650399314413e9	4972.614134024347	-22.143120423224673	-9.760453442523115
1.8757250399314413e9	4971.254393488314	-22.148764439263793	-9.769890555000956
1.8778850399314413e9	4969.895024767636	-22.154408455302914	-9.779417575718504
1.8800450399314413e9	4968.536027760656	-22.160052471342034	-9.789036234295374
1.8822050399314413e9	4967.177402365707	-22.16569648738115	-9.798748310746934
1.8843650399314413e9	4965.819148481207	-22.171340503420268	-9.808555637461371
1.8865250399314413e9	4964.461266005541	-22.17698451945939	-9.818460101274649
1.8886850399314413e9	4963.103754837168	-22.18262853549851	-9.828463645649258
1.8908450399314413e9	4961.746614874536	-22.18827255153763	-9.838568272963059
1.8930050399314413e9	4960.38984601616	-22.19391656757675	-9.848776046914937
1.8951650399314413e9	4959.033448160536	-22.19956058361587	-9.85908909505452
1.8973250399314413e9	4957.677421206249	-22.205204599654987	-9.869509611443702
1.8994850399314413e9	4956.321765051853	-22.210848615694108	-9.880039859458307
1.9016450399314413e9	4954.966479595961	-22.216492631733225	-9.89068217473884
1.9038050399314413e9	4953.611564737218	-22.222136647772345	-9.901438968299948
1.9059650399314413e9	4952.257020374266	-22.227780663811465	-9.912312729808948
1.9081250399314413e9	4950.902846405806	-22.233424679850586	-9.923306031044572
1.9102850399314413e9	4949.54904273056	-22.239068695889706	-9.934421529547956
1.9124450399314413e9	4948.19560924726	-22.244712711928823	-9.94566197247882
1.9146050399314413e9	4946.842545854684	-22.250356727967944	-9.95703020069086
1.9167650399314413e9	4945.489852451642	-22.25600074400706	-9.968529153041464
1.9189250399314413e9	4944.137528936944	-22.261644760046185	-9.980161870952106
1.9210850399314413e9	4942.785575209456	-22.2672887760853	-9.99193150323713
1.9232450399314413e9	4941.433991168059	-22.272932792124422	-10.003841311220105
1.9254050399314413e9	4940.082776711674	-22.278576808163542	-10.015894674158528
1.9275650399314413e9	4938.731931739222	-22.284220824202663	-10.028095094999482
1.9297250399314413e9	4937.3814561496765	-22.28986484024178	-10.040446206490751
1.9318850399314413e9	4936.031349842042	-22.2955088562809	-10.052951777674076
1.9340450399314413e9	4934.681612715321	-22.301152872320017	-10.065615720789589
1.9362050399314413e9	4933.332244668572	-22.306796888359138	-10.078442098623068
1.9383650399314413e9	4931.98324560088	-22.312440904398258	-10.091435132330547
1.9405250399314413e9	4930.634615411332	-22.31808492043738	-10.104599209777968
1.9426850399314413e9	4929.2863539990685	-22.323728936476495	-10.117938894437131
1.9448450399314413e9	4927.9384612632575	-22.329372952515616	-10.13145893488304
1.9470050399314413e9	4926.590937103068	-22.335016968554736	-10.145164274942132
1.9491650399314413e9	4925.243781417725	-22.340660984593857	-10.15906006454564
1.9513250399314413e9	4923.896994106468	-22.34630500063297	-10.173151671347725
1.9534850399314413e9	4922.550575068578	-22.351949016672094	-10.187444693173974
1.9556450399314413e9	4921.204524203333	-22.357593032711215	-10.201944971372505
1.9578050399314413e9	4919.858841410067	-22.36323704875033	-10.216658605147359
1.9599650399314413e9	4918.513526588141	-22.368881064789456	-10.231591966962233
1.9621250399314413e9	4917.168579636917	-22.37452508082857	-10.2467517191119
1.9642850399314413e9	4915.824000455812	-22.38016909686769	-10.262144831569179
1.9664450399314413e9	4914.499389608919	-22.385808207297938	-10.275283004031921
1.9686050399314413e9	4913.206170170537	-22.391439548436864	-10.28460367302671
1.9707650399314413e9	4911.913291034663	-22.397070889575794	-10.294012034889029
1.9729250399314413e9	4910.6207521117585	-22.40270223071472	-10.303509755408266
1.9750850399314413e9	4909.328553312299	-22.40833357185365	-10.313098548293619
1.9772450399314413e9	4908.036694546791	-22.413964912992576	-10.322780177029914
1.9794050399314413e9	4906.7451757257395	-22.419596254131502	-10.33255645682416
1.9815650399314413e9	4905.453996759699	-22.425227595270428	-10.34242925664817
1.9837250399314413e9	4904.163157559239	-22.430858936409354	-10.352400501383052
1.9858850399314413e9	4902.872658034961	-22.43649027754828	-10.36247217407167
1.9880450399314413e9	4901.582498097464	-22.442121618687207	-10.372646318285721
1.9902050399314413e9	4900.292677657396	-22.447752959826136	-10.382925040614449
1.9923650399314413e9	4899.003196625429	-22.453384300965062	-10.39331051328261
1.9945250399314413e9	4897.714054912234	-22.459015642103985	-10.403804976905802
1.9966850399314413e9	4896.425252428529	-22.464646983242915	-10.414410743391922
1.9988450399314413e9	4895.136789085048	-22.470278324381844	-10.425130198998145
2.0010050399314413e9	4893.848664792548	-22.475909665520767	-10.43596580755352
2.0031650399314413e9	4892.56087946182	-22.481541006659697	-10.446920113858084
2.0053250399314413e9	4891.27343300365	-22.487172347798623	-10.457995747270232
2.0074850399314413e9	4889.986325328874	-22.49280368893755	-10.469195425494968
2.0096450399314413e9	4888.699556348352	-22.49843503007648	-10.480521958586724
2.0118050399314413e9	4887.413125972943	-22.5040663712154	-10.491978253181463
2.0139650399314413e9	4886.127034113551	-22.50969771235433	-10.503567316974033
2.0161250399314413e9	4884.84128068111	-22.515329053493257	-10.515292263458017
2.0182850399314413e9	4883.555865586545	-22.520960394632183	-10.527156316946774
2.0204450399314413e9	4882.270788740834	-22.526591735771113	-10.539162817895912
2.0226050399314413e9	4880.986050054969	-22.532223076910036	-10.551315228549194
2.0247650399314413e9	4879.701649439966	-22.537854418048965	-10.563617138931743
2.0269250399314413e9	4878.417586806871	-22.543485759187888	-10.57607227321649
2.0290850399314413e9	4877.13386206673	-22.549117100326818	-10.588684496492132
2.0312450399314413e9	4875.850475130637	-22.554748441465748	-10.60145782196337
2.0334050399314413e9	4874.5674259097095	-22.56037978260467	-10.61439641861697
2.0355650399314413e9	4873.284714315072	-22.5660111237436	-10.627504619390304
2.0377250399314413e9	4872.00234025787	-22.571642464882526	-10.64078692988243
2.0398850399314413e9	4870.720303649293	-22.577273806021452	-10.654248037651486
2.0420450399314413e9	4869.438604400542	-22.582905147160382	-10.667892822146474
2.0442050399314413e9	4868.157242422844	-22.588536488299304	-10.681726365326028
2.0463650399314413e9	4866.876217627449	-22.594167829438234	-10.69575396302203
2.0485250399314413e9	4865.595529925636	-22.59979917057716	-10.709981137111653
2.0506850399314413e9	4864.315179228685	-22.605430511716087	-10.724413648567836
2.0528450399314413e9	4863.035165447925	-22.611061852855013	-10.739057511465399
2.0550050399314413e9	4861.755488494704	-22.616693193993942	-10.753919008027996
2.0571650399314413e9	4860.476148280374	-22.62232453513287	-10.769004704810152
2.0593250399314413e9	4859.197144716332	-22.627955876271795	-10.78432147011869
2.0614850399314413e9	4857.91847771399	-22.63358721741072	-10.799876492789236
2.0636450399314413e9	4856.640147184793	-22.639218558549647	-10.815677302446318
2.0658050399314413e9	4855.362153040182	-22.644849899688573	-10.831731791389922
2.0679650399314413e9	4854.084495191659	-22.6504812408275	-10.848048238267824
2.0701250399314413e9	4852.80717355071	-22.656112581966426	-10.864635333711389
2.0722850399314413e9	4851.530188028874	-22.661743923105355	-10.88150220813361
2.0744450399314413e9	4850.351341945177	-22.667434086602682	-10.893798577073332
2.0766050399314413e9	4849.222470018489	-22.673154140822707	-10.903756704189597
2.0787650399314413e9	4848.093860825731	-22.678874195042724	-10.913814993869098
2.0809250399314413e9	4846.965514305736	-22.684594249262744	-10.923975481547307
2.0830850399314413e9	4845.83743039738	-22.690314303482765	-10.934240265341236
2.0852450399314413e9	4844.70960903954	-22.696034357702786	-10.944611508649858
2.0874050399314413e9	4843.5820501711205	-22.701754411922806	-10.955091442890813
2.0895650399314413e9	4842.454753731013	-22.707474466142823	-10.965682370382037
2.0917250399314413e9	4841.327719658155	-22.713194520362844	-10.976386667377623
2.0938850399314413e9	4840.200947891459	-22.718914574582865	-10.987206787267937
2.0960450399314413e9	4839.074438369909	-22.724634628802885	-10.998145263954763
2.0982050399314413e9	4837.948191032446	-22.730354683022902	-11.009204715413091
2.1003650399314413e9	4836.822205818064	-22.736074737242923	-11.020387847452074
2.1025250399314413e9	4835.69648266574	-22.741794791462944	-11.031697457688681
2.1046850399314413e9	4834.571021514492	-22.747514845682964	-11.043136439748622
2.1068450399314413e9	4833.445822303348	-22.753234899902985	-11.054707787710342
2.1090050399314413e9	4832.320884971328	-22.758954954123006	-11.066414600809157
2.1111650399314413e9	4831.1962094575	-22.764675008343026	-11.078260088420018
2.1133250399314413e9	4830.071795700901	-22.770395062563047	-11.090247575338948
2.1154850399314413e9	4828.947643640645	-22.776115116783064	-11.10238050738489
2.1176450399314413e9	4827.823753215799	-22.781835171003085	-11.114662457345588
2.1198050399314413e9	4826.700124365487	-22.787555225223105	-11.127097131293166
2.1219650399314413e9	4825.576757028812	-22.793275279443126	-11.139688375297338
2.1241250399314413e9	4824.453651144918	-22.798995333663143	-11.152440182566664
2.1262850399314413e9	4823.330806652956	-22.804715387883164	-11.16535670105106
2.1284450399314413e9	4822.208223492096	-22.810435442103184	-11.178442241541733
2.1306050399314413e9	4821.085901601501	-22.816155496323205	-11.191701286308149
2.1327650399314413e9	4819.963840920369	-22.821875550543226	-11.20513849831534
2.1349250399314413e9	4818.842041387917	-22.827595604763246	-11.218758731068943
2.1370850399314413e9	4817.720502943346	-22.833315658983267	-11.232567039140028
2.1392450399314413e9	4816.599225525908	-22.839035713203288	-11.246568689426796
2.1414050399314413e9	4815.478209074836	-22.8447557674233	-11.260769173215959
2.1435650399314413e9	4814.357453529398	-22.850475821643325	-11.275174219112907
2.1457250399314413e9	4813.236958828883	-22.856195875863346	-11.289789806916868
2.1478850399314413e9	4812.116724912562	-22.861915930083363	-11.304622182525176
2.1500450399314413e9	4810.996751719749	-22.867635984303384	-11.319677873959586
2.1522050399314413e9	4809.877039189764	-22.873356038523404	-11.334963708617614
2.1543650399314413e9	4808.757587261949	-22.879076092743425	-11.350486831862955
2.1565250399314413e9	4807.638395875634	-22.884796146963446	-11.36625472708171
2.1586850399314413e9	4806.519464970188	-22.890516201183463	-11.382275237345338
2.1608450399314413e9	4805.400794484996	-22.896236255403487	-11.398556588837296
2.1630050399314413e9	4804.2823843594315	-22.901956309623504	-11.415107416218552
2.1651650399314413e9	4803.1642345329055	-22.907676363843525	-11.431936790127754
2.1673250399314413e9	4802.046344944845	-22.91339641806354	-11.449054247035347
2.1694850399314413e9	4800.928715534666	-22.919116472283566	-11.46646982169763
2.1716450399314413e9	4799.8113462418205	-22.924836526503583	-11.4841940824873
2.1738050399314413e9	4798.6942370057795	-22.930556580723604	-11.502238169911918
2.1759650399314413e9	4797.577387766	-22.936276634943624	-11.520613838671906
2.1781250399314413e9	4796.460798461987	-22.94199668916365	-11.539333503655596
2.1802850399314413e9	4795.344469033226	-22.947716743383666	-11.558410290322135
2.1824450399314413e9	4794.228399419242	-22.953436797603686	-11.57785808998428
2.1846050399314413e9	4793.112589559566	-22.959156851823703	-11.597691620574325
2.1867650399314413e9	4791.997039393751	-22.964876906043724	-11.617926493558956
2.1889250399314413e9	4790.881748861339	-22.970596960263745	-11.638579287765161
2.1910850399314413e9	4789.789651113635	-22.976323167240622	-11.65854363960098
2.1932450399314413e9	4788.866672353775	-22.982094689823626	-11.670506232539989
2.1954050399314413e9	4787.943871449282	-22.987866212406626	-11.682613663495188
2.1975650399314413e9	4787.021248365891	-22.993637734989626	-11.694869482770956
2.1997250399314413e9	4786.098803069318	-22.999409257572626	-11.707277372831994
2.2018850399314413e9	4785.176535525316	-23.005180780155627	-11.7198411549454
2.2040450399314413e9	4784.254445699629	-23.01095230273863	-11.73256479624532
2.2062050399314413e9	4783.332533558022	-23.01672382532163	-11.74545241725288
2.2083650399314413e9	4782.410799066239	-23.02249534790463	-11.758508299887025
2.2105250399314413e9	4781.489242190054	-23.02826687048763	-11.771736896005278
2.2126850399314413e9	4780.567862895251	-23.03403839307063	-11.785142836517002
2.2148450399314413e9	4779.6466611475935	-23.039809915653635	-11.798730941115892
2.2170050399314413e9	4778.7256369128845	-23.045581438236635	-11.812506228682837
2.2191650399314413e9	4777.804790156902	-23.051352960819635	-11.826473928415371
2.2213250399314413e9	4776.884120845454	-23.057124483402635	-11.840639491745456
2.2234850399314413e9	4775.963628944348	-23.06289600598564	-11.855008605113579
2.2256450399314413e9	4775.043314419406	-23.06866752856864	-11.869587203674067
2.2278050399314413e9	4774.123177236431	-23.074439051151636	-11.884381486014297
2.2299650399314413e9	4773.203217361266	-23.08021057373464	-11.89939792997915
2.2321250399314413e9	4772.283434759729	-23.08598209631764	-11.91464330970183
2.2342850399314413e9	4771.363829397666	-23.09175361890064	-11.930124713953113
2.2364450399314413e9	4770.444401240927	-23.097525141483644	-11.945849565933434
2.2386050399314413e9	4769.525150255369	-23.103296664066644	-11.961825644646135
2.2407650399314413e9	4768.606076406839	-23.109068186649644	-11.978061108005916
2.2429250399314413e9	4767.687179661217	-23.114839709232648	-11.99456451785433
2.2450850399314413e9	4766.768459984361	-23.120611231815644	-12.01134486707437
2.2472450399314413e9	4765.849917342156	-23.126382754398648	-12.028411609019098
2.2494050399314413e9	4764.931551700492	-23.132154276981648	-12.045774689495435
2.2515650399314413e9	4764.013363025266	-23.13792579956465	-12.063444581574068
2.2537250399314413e9	4763.095351282363	-23.143697322147652	-12.081432323530496
2.2558850399314413e9	4762.177516437703	-23.14946884473065	-12.099749560261433
2.2580450399314413e9	4761.259858457184	-23.155240367313652	-12.118408588565666
2.2602050399314413e9	4760.342377306732	-23.161011889896653	-12.137422406730364
2.2623650399314413e9	4759.425072952272	-23.166783412479653	-12.156804768923577
2.2645250399314413e9	4758.507945359736	-23.172554935062657	-12.176570244963031
2.2666850399314413e9	4757.590994495072	-23.178326457645653	-12.196734286111814
2.2688450399314413e9	4756.674220324206	-23.184097980228657	-12.217313297645198
2.2710050399314413e9	4755.757622813108	-23.18986950281166	-12.238324719042476
2.2731650399314413e9	4754.84120192772	-23.195641025394657	-12.259787112785876
2.2753250399314413e9	4753.924957634014	-23.201412547977657	-12.281720262899519
2.2774850399314413e9	4753.008889897962	-23.207184070560658	-12.304145284539231
2.2796450399314413e9	4752.092998685558	-23.21295559314366	-12.3270847461546
2.2818050399314413e9	4751.177283962744	-23.21872711572666	-12.350562805994745
2.2839650399314413e9	4750.261745695546	-23.22449863830966	-12.374605365027515
2.2861250399314413e9	4749.34638384996	-23.230270160892665	-12.399240238698871
2.2882850399314413e9	4748.431198391974	-23.236041683475666	-12.424497350388338
2.2904450399314413e9	4747.516189287616	-23.241813206058666	-12.450408949934678
2.2926050399314413e9	4746.601356502885	-23.247584728641666	-12.47700986123444
2.2947650399314413e9	4745.686700003815	-23.253356251224666	-12.504337763681956
2.2969250399314413e9	4744.772219756442	-23.259127773807666	-12.532433513157729
2.2990850399314413e9	4743.857915726789	-23.264899296390666	-12.561341509427322
2.3012450399314413e9	4742.943787880905	-23.27067081897367	-12.591110118243607
2.3034050399314413e9	4742.02983618485	-23.27644234155667	-12.62179215822709
2.3055650399314413e9	4741.116060604662	-23.28221386413967	-12.653445464832503
2.3077250399314413e9	4740.202461106415	-23.287985386722674	-12.68613354652781
2.3098850399314413e9	4739.289037656185	-23.29375690930567	-12.719926351891784
2.3120450399314413e9	4738.375790220032	-23.299528431888675	-12.754901170919135
2.3142050399314413e9	4737.462718764047	-23.30529995447168	-12.79114369973426
2.3163650399314413e9	4736.549823254327	-23.311071477054675	-12.828749305607301
2.3185250399314413e9	4735.637103656942	-23.316842999637675	-12.86782453926523
2.3206850399314413e9	4734.724559938029	-23.322614522220675	-12.908488954878495
2.3228450399314413e9	4733.8121920636795	-23.32838604480368	-12.950877316035786
2.3250050399314413e9	4732.9	-23.33415756738668	-12.995142290308818
