-6.953757705431712e7	10865.12633559838	-17.26549615840452	4.591735702140586
-6.869757705431712e7	10847.038363640753	-17.264598883391187	4.568523344067228
-6.785757705431712e7	10828.980504055467	-17.263701608377854	4.54475934211389
-6.701757705431712e7	10810.952706712193	-17.26280433336452	4.520416836933209
-6.617757705431712e7	10792.95492156417	-17.261907058351188	4.495466958467345
-6.533757705431712e7	10774.987098647856	-17.261009783337855	4.469878620102781
-6.449757705431712e7	10757.049188082972	-17.26011250832452	4.443618285790082
-6.365757705431712e7	10739.141140072214	-17.25921523331119	4.416649705752606
-6.281757705431712e7	10721.26290490118	-17.25831795829785	4.388933615558768
-6.197757705431712e7	10703.414432938309	-17.257420683284522	4.360427392289332
-6.113757705431712e7	10685.59567463453	-17.256523408271185	4.331084660243111
-6.029757705431712e7	10667.806580523376	-17.255626133257856	4.300854837024577
-5.945757705431712e7	10650.04710122073	-17.25472885824452	4.269682608857947
-5.861757705431712e7	10632.317187424576	-17.253831583231186	4.2375073214583985
-5.777757705431712e7	10614.616789915086	-17.252934308217853	4.204262269608229
-5.693757705431712e7	10596.945859554371	-17.25203703320452	4.169873864526633
-5.609757705431712e7	10579.142408151662	-17.25112154853954	4.134526024960731
-5.525757705431712e7	10557.43475653227	-17.24976285248905	4.104559613360939
-5.441757705431712e7	10535.771647477923	-17.248404156438554	4.0736674016119725
-5.357757705431712e7	10514.15298959043	-17.24704546038806	4.041790356625248
-5.273757705431712e7	10492.57869165912	-17.245686764337567	4.008863612526109
-5.189757705431712e7	10471.048662660542	-17.24432806828707	3.9748156759932685
-5.105757705431712e7	10449.56281175796	-17.24296937223658	3.939567491480862
-5.021757705431712e7	10428.121048301047	-17.241610676186085	3.9030313355887456
-4.937757705431712e7	10406.723281825483	-17.24025198013559	3.865109501682237
-4.853757705431712e7	10385.369422052558	-17.238893284085098	3.8256927251211748
-4.769757705431712e7	10364.059378888862	-17.237534588034602	3.7846582851874015
-4.685757705431712e7	10342.793062425795	-17.23617589198411	3.741867700638751
-4.601757705431712e7	10321.570382939262	-17.234817195933616	3.69716390979636
-4.517757705431712e7	10297.941885654156	-17.23317649144989	3.654640531499395
-4.433757705431712e7	10271.538289026785	-17.23120921603335	3.615376600811158
-4.349757705431712e7	10245.202390384351	-17.22924194061681	3.5745077851868947
-4.265757705431712e7	10218.934016151388	-17.22727466520027	3.5318972757771743
-4.181757705431712e7	10192.732993197447	-17.225307389783726	3.487389988443673
-4.097757705431712e7	10166.599148835983	-17.223340114367186	3.4408091564358587
-4.013757705431712e7	10140.532310823253	-17.22137283895065	3.391952089984017
-3.929757705431712e7	10114.53230735701	-17.219405563534107	3.3405848457607314
-3.845757705431712e7	10088.598967075686	-17.217438288117567	3.286435451592031
-3.761757705431712e7	10062.732119056933	-17.215471012701023	3.2291851894624233
-3.677757705431712e7	10032.196023092501	-17.21294565167096	3.177250033687021
-3.593757705431712e7	9999.77253403296	-17.210186152759444	3.1263411941373307
-3.509757705431712e7	9967.453835852759	-17.207426653847932	3.072700971628516
-3.425757705431712e7	9935.23958987368	-17.204667154936416	3.0160195760324973
-3.3417577054317117e7	9903.129458512141	-17.2019076560249	2.955931327891898
-3.2577577054317117e7	9871.123105275621	-17.199148157113388	2.892000349329905
-3.1737577054317117e7	9839.220194759064	-17.196388658201876	2.8237013605466106
-3.0897577054317117e7	9806.876919077888	-17.19356375929028	2.751341136139052
-3.0057577054317117e7	9766.035189381611	-17.189699486215012	2.689478402340267
-2.9217577054317117e7	9725.363549194786	-17.185835213139743	2.6235348319891894
-2.8377577054317117e7	9684.861290162502	-17.181970940064474	2.552933768903496
-2.7537577054317117e7	9644.527706879775	-17.17810666698921	2.4769669716285345
-2.6697577054317117e7	9604.362096879475	-17.17424239391394	2.394751258579162
-2.5857577054317117e7	9564.363760619863	-17.17037812083867	2.3051656816489268
-2.5017577054317117e7	9514.264646815976	-17.1652754441391	2.222774065675459
-2.4177577054317117e7	9463.697917047066	-17.160084198328352	2.1342219084897196
-2.3337577054317117e7	9410.328497245926	-17.154517327853135	2.0420288955890094
-2.2497577054317117e7	9352.158963426413	-17.148322804656623	1.9495915584318242
-2.1657577054317117e7	9294.044372180557	-17.142092269936963	1.8481690533230444
-2.0817577054317117e7	9226.031025797065	-17.13464059108219	1.7517712693255114
-1.9977577054317117e7	9158.51539764054	-17.127188912227417	1.6450798512609206
-1.9137577054317117e7	9080.58340113047	-17.118436132776246	1.5429545501719355
-1.8297577054317117e7	9001.55417870515	-17.109471475042383	1.4323297339397452
-1.7457577054317117e7	8909.894255383777	-17.098976345289994	1.3273943742191852
-1.6617577054317117e7	8815.761332704698	-17.088085382853393	1.2157333813822497
-1.5777577054317117e7	8706.502391179269	-17.075409614029404	1.1134310573077626
-1.4937577054317117e7	8593.832838531554	-17.062199050016208	1.0071984760359967
-1.4097577054317117e7	8467.274402474617	-17.047486512705092	0.9132441269374854
-1.3257577054317117e7	8334.594343897861	-17.03197967946724	0.8238729171537195
-1.2417577054317117e7	8204.002657484238	-17.016728829252926	0.7328383322012599
-1.1577577054317117e7	8075.502519835783	-17.002745035352724	0.6707337108260816
-1.0737577054317117e7	7949.015093063341	-16.988761241452522	0.6045152046318002
-9.897577054317117e6	7824.508851869422	-16.97477744755232	0.5335988879127211
-9.057577054317117e6	7733.085441046636	-16.966150113931885	0.47660145632483053
-8.217577054317117e6	7662.185861945748	-16.960898628323392	0.4288966819447211
-7.377577054317117e6	7591.936314498462	-16.955647142714902	0.3788016598843808
-6.537577054317117e6	7522.330838991671	-16.950395657106405	0.3260641704460636
-5.697577054317117e6	7454.0560751220455	-16.94526407182282	0.2711758532076381
-4.857577054317117e6	7403.607979884808	-16.94313518412214	0.23373775358911977
-4.0175770543171167e6	7353.50131088416	-16.941006296421463	0.19484334450664645
-3.1775770543171167e6	7303.733757391135	-16.938877408720785	0.15437472595112636
-2.3375770543171167e6	7254.303024315496	-16.93674852102011	0.11219907426007973
-1.4975770543171167e6	7205.206832099843	-16.93461963331943	0.06816601204764638
-657577.0543171167	7161.178512721014	-16.933333115261522	0.02827827391476966
182422.94568288326	7124.800841343268	-16.933366591952637	-0.0032631945152253312
1.0224229456828833e6	7088.607962869723	-16.933400068643753	-0.03583201945182859
1.8624229456828833e6	7052.598938581197	-16.933433545334868	-0.06949738600373077
2.7024229456828833e6	7016.772834527094	-16.93346702202598	-0.10433571221243675
3.5424229456828833e6	6981.128721501092	-16.9335004987171	-0.14043169378808196
4.382422945682883e6	6945.665675017139	-16.933533975408217	-0.17787954456378563
5.222422945682883e6	6915.330728673314	-16.9344801241426	-0.20868793747675785
6.062422945682883e6	6887.915616890023	-16.93594237769645	-0.2357794956867494
6.902422945682883e6	6860.6091894753445	-16.9374046312503	-0.2636254927744893
7.742422945682883e6	6833.411015561369	-16.938866884804153	-0.29226915419135163
8.582422945682883e6	6806.320665988351	-16.940329138358003	-0.32175753011921143
9.422422945682883e6	6779.337713297819	-16.941791391911856	-0.35214196045255947
1.0262422945682883e7	6752.461731726016	-16.943253645465706	-0.383478612662819
1.1102422945682883e7	6725.692297196994	-16.94471589901956	-0.41582910669818735
1.1942422945682883e7	6703.386618567511	-16.94701760006379	-0.4413893332089196
1.2782422945682883e7	6682.550650192095	-16.94958895196379	-0.4650377336983276
1.3622422945682883e7	6661.779445734234	-16.952160303863785	-0.48925895466297004
1.4462422945682883e7	6641.072803889821	-16.95473165576378	-0.5140814365705995
1.5302422945682883e7	6620.430523980552	-16.95730300766378	-0.5395357920251825
1.6142422945682883e7	6599.852405951791	-16.95987435956377	-0.5656550327535733
1.6982422945682883e7	6579.338250370825	-16.96244571146377	-0.5924748270393196
1.7822422945682883e7	6558.887858424746	-16.965017063363767	-0.6200337926399003
1.8662422945682883e7	6538.501031918648	-16.96758841526376	-0.6483738312232067
1.9502422945682883e7	6521.103061277315	-16.970759422488378	-0.6711276351263011
2.0342422945682883e7	6504.806099220767	-16.97414713178354	-0.6920495710844847
2.1182422945682883e7	6488.54986508553	-16.977534841078704	-0.7134186052643425
2.2022422945682883e7	6472.334257087987	-16.980922550373865	-0.7352542645373308
2.2862422945682883e7	6456.1591736988885	-16.98431025966903	-0.757577383632937
2.3702422945682883e7	6440.024513642753	-16.98769796896419	-0.7804102246067883
2.4542422945682883e7	6423.930175897151	-16.991085678259356	-0.8037766102694152
2.5382422945682883e7	6407.876059692164	-16.99447338755452	-0.8277020735802972
2.6222422945682883e7	6391.862064509665	-16.997861096849682	-0.852214025355883
2.7062422945682883e7	6375.888090082767	-17.001248806144844	-0.8773419430535323
2.7902422945682883e7	6361.83642382035	-17.005039015259424	-0.8988031566460676
2.8742422945682883e7	6349.173001496448	-17.009120009567056	-0.9175609151960451
2.9582422945682883e7	6336.534786086756	-17.013201003874688	-0.9366772643223794
3.0422422945682883e7	6323.921727416171	-17.017281998182316	-0.9561661819692462
3.1262422945682883e7	6311.333775409464	-17.021362992489948	-0.9760424796493535
3.2102422945682883e7	6298.770880091083	-17.025443986797576	-0.9963218700698144
3.2942422945682883e7	6286.232991584954	-17.029524981105208	-1.0170210417581949
3.378242294568288e7	6273.720060114283	-17.03360597541284	-1.0381577415766854
3.462242294568288e7	6261.232036001356	-17.03768696972047	-1.059750866146593
3.546242294568288e7	6248.768869667348	-17.0417679640281	-1.0818205633633093
3.630242294568288e7	6236.330511632106	-17.04584895833573	-1.104388345368396
3.714242294568288e7	6224.648328212882	-17.050096958961355	-1.1253528561303914
3.798242294568288e7	6214.476284933789	-17.05468535460694	-1.14235711609588
3.882242294568288e7	6204.3208643551325	-17.059273750252522	-1.1596555299986235
3.966242294568288e7	6194.182039312833	-17.063862145898106	-1.17725845429871
4.050242294568288e7	6184.059782687204	-17.06845054154369	-1.195176802211341
4.134242294568288e7	6173.954067402865	-17.073038937189274	-1.213422084343762
4.218242294568288e7	6163.864866428715	-17.077627332834858	-1.2320064531087658
4.302242294568288e7	6153.792152777792	-17.082215728480442	-1.2509427513439273
4.386242294568288e7	6143.735899507245	-17.086804124126026	-1.2702445656237265
4.470242294568288e7	6133.696079718244	-17.09139251977161	-1.28992628481884
4.554242294568288e7	6123.6726665559445	-17.095980915417194	-1.3100031645348043
4.638242294568288e7	6113.665633209359	-17.100569311062777	-1.330491398152942
4.722242294568288e7	6103.6749529113185	-17.10515770670836	-1.351408195302303
4.806242294568288e7	6095.6615135132415	-17.11021341235984	-1.367100661488656
4.890242294568288e7	6087.693535091975	-17.115277454278502	-1.3829408150351543
4.974242294568288e7	6079.735972058755	-17.120341496197163	-1.3990359229794658
5.058242294568288e7	6071.788810799067	-17.12540553811582	-1.4153943269788083
5.142242294568288e7	6063.852037716155	-17.13046958003448	-1.4320247848949919
5.226242294568288e7	6055.9256392310745	-17.13553362195314	-1.4489364989519273
5.310242294568288e7	6048.009601782602	-17.1405976638718	-1.4661391463153373
5.394242294568288e7	6040.103911827237	-17.145661705790463	-1.4836429123490917
5.478242294568288e7	6032.20855583922	-17.15072574770912	-1.5014585268343281
5.562242294568288e7	6024.323520310424	-17.155789789627782	-1.5195973034738477
5.646242294568288e7	6016.448791750423	-17.16085383154644	-1.538071183046005
5.730242294568288e7	6008.584356686395	-17.1659178734651	-1.556892780620289
5.814242294568288e7	6000.730201663127	-17.170981915383763	-1.5760754373021622
5.898242294568288e7	5993.764174967822	-17.17626600350305	-1.5924233633787408
5.982242294568288e7	5987.328845755004	-17.181681227007022	-1.6071030041926926
6.066242294568288e7	5980.900425966848	-17.187096450511	-1.6220013513779692
6.150242294568288e7	5974.478908184919	-17.192511674014973	-1.637125020466749
6.234242294568288e7	5968.064284998734	-17.197926897518947	-1.6524809317712186
6.318242294568288e7	5961.656549005767	-17.203342121022924	-1.6680763293977208
6.402242294568288e7	5955.255692811442	-17.208757344526898	-1.6839188017672053
6.486242294568288e7	5948.861709029118	-17.214172568030875	-1.7000163037874898
6.570242294568288e7	5942.474590280089	-17.21958779153485	-1.7163771808395039
6.654242294568288e7	5936.094329193569	-17.225003015038826	-1.7330101947585674
6.738242294568288e7	5929.720918406687	-17.230418238542804	-1.7499245520132047
6.822242294568288e7	5923.354350564476	-17.235833462046777	-1.7671299343083762
6.906242294568288e7	5916.994618319867	-17.24124868555075	-1.7846365318678281
6.990242294568288e7	5910.6417143336885	-17.24666390905473	-1.8024550796820331
7.074242294568288e7	5904.654715905434	-17.252175606853005	-1.8191320383448426
7.158242294568288e7	5899.4504738261485	-17.257896167867113	-1.832873778171649
7.242242294568288e7	5894.250818659548	-17.26361672888122	-1.8468069875922384
7.326242294568288e7	5889.055746362822	-17.269337289895326	-1.8609370777481862
7.410242294568288e7	5883.865252896722	-17.275057850909434	-1.8752696924601078
7.494242294568288e7	5878.6793342255605	-17.280778411923542	-1.88981072176215
7.578242294568288e7	5873.4979863172075	-17.28649897293765	-1.9045663164351156
7.662242294568288e7	5868.321205143085	-17.29221953395176	-1.9195429036279719
7.746242294568288e7	5863.148986678167	-17.297940094965863	-1.9347472036670328
7.830242294568288e7	5857.981326900974	-17.30366065597997	-1.9501862481628611
7.914242294568288e7	5852.818221793573	-17.309381216994076	-1.965867399536988
7.998242294568288e7	5847.659667341571	-17.315101778008188	-1.9817983721041903
8.082242294568288e7	5842.505659534112	-17.320822339022293	-1.9979872548614404
8.166242294568288e7	5837.356194363878	-17.3265429000364	-2.0144425361520466
8.250242294568288e7	5832.2112678270805	-17.33226346105051	-2.031173130393254
8.334242294568288e7	5827.190015890259	-17.338016255731485	-2.0476712079050015
8.418242294568288e7	5823.026364894717	-17.344000086879305	-2.0606843417372076
8.502242294568288e7	5818.865688916217	-17.34998391802712	-2.073869052427325
8.586242294568288e7	5814.707985829038	-17.35596774917494	-2.0872299249421395
8.670242294568288e7	5810.553253509006	-17.361951580322756	-2.100771730522938
8.754242294568288e7	5806.4014898334335	-17.367935411470576	-2.114499436914618
8.838242294568288e7	5802.252692681163	-17.373919242618395	-2.128418219306732
8.922242294568288e7	5798.10685993255	-17.379903073766215	-2.1425334720467766
9.006242294568288e7	5793.963989469464	-17.38588690491403	-2.1568508211920623
9.090242294568288e7	5789.824079175289	-17.391870736061847	-2.171376137973262
9.174242294568288e7	5785.687126934923	-17.397854567209666	-2.186115553250268
9.258242294568288e7	5781.553130634783	-17.403838398357486	-2.201075473049439
9.342242294568288e7	5777.422088162757	-17.409822229505306	-2.2162625952807864
9.426242294568288e7	5773.293997408302	-17.41580606065312	-2.2316839277442875
9.510242294568288e7	5769.168856262343	-17.42178989180094	-2.2473468075464904
9.594242294568288e7	5765.046662617322	-17.427773722948757	-2.263258922062073
9.678242294568288e7	5761.022868106268	-17.43378703270456	-2.2788834183066924
9.762242294568288e7	5757.592545111486	-17.43998287117021	-2.291334679824101
9.846242294568288e7	5754.164264656065	-17.446178709635852	-2.303942932040936
9.930242294568288e7	5750.73802552376	-17.452374548101496	-2.316712184371819
1.0014242294568288e8	5747.313826499127	-17.458570386567143	-2.3296466018160435
1.0098242294568288e8	5743.891666367398	-17.464766225032786	-2.3427505131130952
1.0182242294568288e8	5740.471543914544	-17.470962063498433	-2.356028419439659
1.0266242294568288e8	5737.053457927244	-17.477157901964077	-2.3694850036918176
1.0350242294568288e8	5733.637407192936	-17.48335374042972	-2.383125140400363
1.0434242294568288e8	5730.223390499744	-17.489549578895367	-2.3969539063317296
1.0518242294568288e8	5726.811406636525	-17.495745417361015	-2.4109765918322648
1.0602242294568288e8	5723.40145439286	-17.501941255826658	-2.4251987129792547
1.0686242294568288e8	5719.993532559037	-17.5081370942923	-2.4396260246085606
1.0770242294568288e8	5716.587639926096	-17.51433293275795	-2.4542645342958607
1.0854242294568288e8	5713.183775285768	-17.520528771223596	-2.46912051737651
1.0938242294568288e8	5709.781937430513	-17.52672460968924	-2.484200533098001
1.1022242294568288e8	5706.382125153506	-17.532920448154886	-2.4995114420090827
1.1106242294568288e8	5703.226532258309	-17.539169270637682	-2.513291652725649
1.1190242294568288e8	5700.3396175309745	-17.545476518700685	-2.525290239761314
1.1274242294568288e8	5697.454164130231	-17.551783766763684	-2.5374345430463334
1.1358242294568288e8	5694.57017131639	-17.558091014826687	-2.549728145424581
1.1442242294568288e8	5691.687638350097	-17.56439826288969	-2.562174763527855
1.1526242294568288e8	5688.806564492413	-17.57070551095269	-2.5747782545210045
1.1610242294568288e8	5685.926949004741	-17.57701275901569	-2.587542623277569
1.1694242294568288e8	5683.04879114886	-17.58332000707869	-2.600472030019334
1.1778242294568288e8	5680.172090186942	-17.589627255141693	-2.6135707984562644
1.1862242294568288e8	5677.296845381531	-17.595934503204695	-2.6268434244666676
1.1946242294568288e8	5674.423055995528	-17.602241751267695	-2.640294585361192
1.2030242294568288e8	5671.550721292201	-17.608548999330697	-2.6539291497784214
1.2114242294568288e8	5668.679840535227	-17.614856247393696	-2.667752188264463
1.2198242294568288e8	5665.810412988613	-17.6211634954567	-2.6817689845940467
1.2282242294568288e8	5662.9424379167785	-17.6274707435197	-2.695985047896404
1.2366242294568288e8	5660.075914584486	-17.6337779915827	-2.710406125655555
1.2450242294568288e8	5657.210842256879	-17.640085239645703	-2.7250382176617873
1.2534242294568288e8	5654.358281030859	-17.646396531682775	-2.739823613564492
1.2618242294568288e8	5652.095799223181	-17.65292313517776	-2.7513791506577747
1.2702242294568288e8	5649.83422270371	-17.65944973867274	-2.7630697807819176
1.2786242294568288e8	5647.573551110224	-17.665976342167724	-2.7748987000192593
1.2870242294568288e8	5645.313784080623	-17.67250294566271	-2.7868692192324516
1.2954242294568288e8	5643.054921252994	-17.679029549157693	-2.798984769627225
1.3038242294568288e8	5640.796962265497	-17.685556152652676	-2.8112489086563
1.3122242294568288e8	5638.53990675651	-17.692082756147663	-2.8236653262898335
1.3206242294568288e8	5636.283754364513	-17.698609359642646	-2.8362378516800812
1.3290242294568288e8	5634.0285047281495	-17.70513596313763	-2.8489704602503694
1.3374242294568288e8	5631.774157486171	-17.71166256663261	-2.8618672812412296
1.3458242294568288e8	5629.520712277542	-17.718189170127598	-2.874932605749527
1.3542242294568288e8	5627.26816874129	-17.72471577362258	-2.888170895299751
1.3626242294568288e8	5625.016526516669	-17.731242377117564	-2.9015867909903013
1.3710242294568288e8	5622.765785243007	-17.737768980612547	-2.9151851232616948
1.3794242294568288e8	5620.515944559816	-17.744295584107533	-2.9289709223381335
1.3878242294568288e8	5618.26700410673	-17.750822187602516	-2.9429494293989187
1.3962242294568288e8	5616.018963523573	-17.7573487910975	-2.9571261085417957
1.4046242294568288e8	5613.796480143418	-17.763881573154393	-2.9711701237528167
1.4130242294568288e8	5611.792927542232	-17.770469013503238	-2.982399388147432
1.4214242294568288e8	5609.790090004904	-17.777056453852087	-2.993756182342031
1.4298242294568288e8	5607.78796727626	-17.78364389420093	-3.0052434363343714
1.4382242294568288e8	5605.786559101146	-17.79023133454978	-3.0168641822718576
1.4466242294568288e8	5603.785865224568	-17.796818774898625	-3.0286215592558072
1.4550242294568288e8	5601.785885391584	-17.803406215247474	-3.040518818431517
1.4634242294568288e8	5599.786619347356	-17.80999365559632	-3.052559328384781
1.4718242294568288e8	5597.788066837132	-17.816581095945168	-3.064746580867276
1.4802242294568288e8	5595.790227606253	-17.823168536294013	-3.0770841968751523
1.4886242294568288e8	5593.793101400152	-17.82975597664286	-3.0895759331073123
1.4970242294568288e8	5591.796687964343	-17.83634341699171	-3.1022256888321915
1.5054242294568288e8	5589.800987044467	-17.842930857340555	-3.1150375131944497
1.5138242294568288e8	5587.80599838619	-17.849518297689404	-3.1280156129958283
1.5222242294568288e8	5585.811721735337	-17.856105738038245	-3.1411643609875854
1.5306242294568288e8	5583.818156837786	-17.862693178387097	-3.1544883047154118
1.5390242294568288e8	5581.8253034395	-17.869280618735942	-3.1679921759615914
1.5474242294568288e8	5579.833161286569	-17.875868059084787	-3.181680900833467
1.5558242294568288e8	5577.84173012514	-17.882455499433636	-3.1955596105520336
1.5642242294568288e8	5576.095314861125	-17.889145023971597	-3.2077864005888945
1.5726242294568288e8	5574.5283388918915	-17.895909320248222	-3.2187968624100898
1.5810242294568288e8	5572.961803269091	-17.902673616524844	-3.2299299054285524
1.5894242294568288e8	5571.395707868981	-17.90943791280147	-3.241188289834104
1.5978242294568288e8	5569.83005256784	-17.916202209078094	-3.252574870106923
1.6062242294568288e8	5568.264837242013	-17.92296650535472	-3.264092599361776
1.6146242294568288e8	5566.70006176785	-17.929730801631344	-3.2757445339453533
1.6230242294568288e8	5565.135726021745	-17.93649509790797	-3.28753383830462
1.6314242294568288e8	5563.571829880118	-17.943259394184594	-3.299463790145577
1.6398242294568288e8	5562.008373219451	-17.950023690461215	-3.3115377859034734
1.6482242294568288e8	5560.445355916234	-17.956787986737844	-3.32375934654732
1.6566242294568288e8	5558.8827778469995	-17.963552283014465	-3.336132123743501
1.6650242294568288e8	5557.320638888306	-17.97031657929109	-3.348659906405504
1.6734242294568288e8	5555.758938916777	-17.977080875567715	-3.361346627659145
1.6818242294568288e8	5554.1976778090375	-17.98384517184434	-3.374196372255327
1.6902242294568288e8	5552.63685544175	-17.990609468120965	-3.3872133844652987
1.6986242294568288e8	5551.076471691643	-17.99737376439759	-3.400402076496582
1.7070242294568288e8	5549.5165264354455	-18.004138060674215	-3.41376703747134
1.7154242294568288e8	5547.957019549934	-18.010902356950837	-3.4273130430128855
1.7238242294568288e8	5546.562580055096	-18.017693385080115	-3.4388738695622454
1.7322242294568288e8	5545.236737399722	-18.024495497345935	-3.449660455949619
1.7406242294568288e8	5543.911211671955	-18.031297609611755	-3.4605646626574935
1.7490242294568288e8	5542.586002796016	-18.038099721877575	-3.471589083129287
1.7574242294568288e8	5541.261110696196	-18.0449018341434	-3.48273639754084
1.7658242294568288e8	5539.9365352967325	-18.05170394640922	-3.494009376711511
1.7742242294568288e8	5538.6122765219525	-18.058506058675043	-3.5054108862382387
1.7826242294568288e8	5537.2883342961595	-18.065308170940863	-3.5169438908680126
1.7910242294568288e8	5535.964708543678	-18.072110283206683	-3.528611459125438
1.7994242294568288e8	5534.641399188877	-18.078912395472507	-3.5404167682134635
1.8078242294568288e8	5533.318406156115	-18.08571450773833	-3.5523631092068557
1.8162242294568288e8	5531.995729369781	-18.092516620004147	-3.564453892559657
1.8246242294568288e8	5530.673368754277	-18.099318732269968	-3.5766926539496877
1.8330242294568288e8	5529.351324234019	-18.10612084453579	-3.5890830604851467
1.8414242294568288e8	5528.029595733466	-18.11292295680161	-3.6016289173005753
1.8498242294568288e8	5526.7081831770665	-18.119725069067435	-3.614334174571863
1.8582242294568288e8	5525.387086489289	-18.126527181333255	-3.627202934982657
1.8666242294568288e8	5524.066305594659	-18.13332929359908	-3.6402394616774836
1.8750242294568288e8	5522.745840417649	-18.1401314058649	-3.6534481867401607
1.8834242294568288e8	5521.503492539929	-18.146960059512743	-3.6657689624544156
1.8918242294568288e8	5520.400123568813	-18.153836039027798	-3.676323903170304
1.9002242294568288e8	5519.296975085303	-18.160712018542853	-3.6869914401632147
1.9086242294568288e8	5518.194047045349	-18.167587998057904	-3.697774001632008
1.9170242294568288e8	5517.091339404878	-18.17446397757296	-3.708674095180636
1.9254242294568288e8	5515.98885211986	-18.181339957088014	-3.7196943113185266
1.9338242294568288e8	5514.88658514626	-18.18821593660307	-3.730837327156001
1.9422242294568288e8	5513.784538440051	-18.195091916118123	-3.74210591030791
1.9506242294568288e8	5512.682711957218	-18.201967895633175	-3.753502923019735
1.9590242294568288e8	5511.581105653755	-18.208843875148233	-3.765031326531534
1.9674242294568288e8	5510.479719485661	-18.215719854663284	-3.7766941856963867
1.9758242294568288e8	5509.378553408947	-18.222595834178335	-3.7884946738713503
1.9842242294568288e8	5508.277607379641	-18.229471813693394	-3.8004360781004585
1.9926242294568288e8	5507.176881353753	-18.236347793208445	-3.812521804610941
2.0010242294568288e8	5506.076375287327	-18.243223772723503	-3.8247553846456532
2.0094242294568288e8	5504.976089136409	-18.250099752238555	-3.8371404806567067
2.0178242294568288e8	5503.876022857054	-18.25697573175361	-3.8496808928874753
2.0262242294568288e8	5502.776176405323	-18.263851711268664	-3.8623805663725777
2.0346242294568288e8	5501.676549737289	-18.270727690783716	-3.875243598388091
2.0430242294568288e8	5500.577142809032	-18.27760367029877	-3.888274246387207
2.0514242294568288e8	5499.592759785286	-18.284533390801233	-3.8995781846930764
2.0598242294568288e8	5498.668502417383	-18.291491178831272	-3.91000974590246
2.0682242294568288e8	5497.744400379469	-18.298448966861315	-3.920551272701577
2.0766242294568288e8	5496.820453645439	-18.305406754891354	-3.931205108244674
2.0850242294568288e8	5495.896662189193	-18.312364542921397	-3.941973671385359
2.0934242294568288e8	5494.973025984626	-18.31932233095144	-3.9528594599729177
2.1018242294568288e8	5494.049545005673	-18.32628011898148	-3.963865054330028
2.1102242294568288e8	5493.126219226212	-18.333237907011522	-3.9749931209239833
2.1186242294568288e8	5492.2030486201875	-18.340195695041565	-3.986246416244498
2.1270242294568288e8	5491.280033161511	-18.347153483071605	-3.9976277909021927
2.1354242294568288e8	5490.357172824109	-18.354111271101647	-4.0091401939630105
2.1438242294568288e8	5489.434467581912	-18.361069059131687	-4.020786677535057
2.1522242294568288e8	5488.511917408845	-18.36802684716173	-4.032570401625693
2.1606242294568288e8	5487.589522278867	-18.37498463519177	-4.044494639288245
2.1690242294568288e8	5486.667282165911	-18.381942423221815	-4.056562782079273
2.1774242294568288e8	5485.745197043926	-18.388900211251855	-4.068778345849192
2.1858242294568288e8	5484.823266886864	-18.395857999281894	-4.0811449768909585
2.1942242294568288e8	5483.901491668672	-18.402815787311937	-4.09366645847374
2.2026242294568288e8	5482.97987136333	-18.40977357534198	-4.106346717790844
2.2110242294568288e8	5482.058405944804	-18.416731363372023	-4.119189833353858
2.2194242294568288e8	5481.278405375562	-18.423724507232517	-4.130180997765108
2.2278242294568288e8	5480.553588161921	-18.43073143194302	-4.140499660540537
2.2362242294568288e8	5479.828866794531	-18.437738356653522	-4.150925909224697
2.2446242294568288e8	5479.104241260729	-18.444745281364025	-4.161462010931035
2.2530242294568288e8	5478.379711547824	-18.451752206074524	-4.1721103051976804
2.2614242294568288e8	5477.655277643153	-18.458759130785026	-4.182873207105564
2.2698242294568288e8	5476.930939534057	-18.46576605549553	-4.193753210566164
2.2782242294568288e8	5476.206697207849	-18.472772980206027	-4.204752891790091
2.2866242294568288e8	5475.482550651874	-18.47977990491653	-4.2158749129485615
2.2950242294568288e8	5474.758499853466	-18.486786829627032	-4.227122026040793
2.3034242294568288e8	5474.0345447999825	-18.493793754337535	-4.238497076981368
2.3118242294568288e8	5473.310685478715	-18.500800679048034	-4.250003009922753
2.3202242294568288e8	5472.586921877052	-18.507807603758536	-4.261642871829403
2.3286242294568288e8	5471.8632539823075	-18.51481452846904	-4.273419817321224
2.3370242294568288e8	5471.139681781835	-18.52182145317954	-4.285337113805655
2.3454242294568288e8	5470.41620526298	-18.52882837789004	-4.297398146919261
2.3538242294568288e8	5469.692824413101	-18.535835302600542	-4.30960642630151
2.3622242294568288e8	5468.969539219526	-18.54284222731104	-4.321965591725363
2.3706242294568288e8	5468.246349669617	-18.549849152021544	-4.334479419611478
2.3790242294568288e8	5467.523255750737	-18.556856076732046	-4.347151829955192
2.3874242294568288e8	5466.850051472854	-18.563871205995717	-4.358472510712878
2.3958242294568288e8	5466.217189223716	-18.570892969513444	-4.368685879200125
2.4042242294568288e8	5465.584400236981	-18.57791473303117	-4.379004637897861
2.4126242294568288e8	5464.951684504178	-18.5849364965489	-4.3894309845150214
2.4210242294568288e8	5464.319042016828	-18.591958260066626	-4.399967186228944
2.4294242294568288e8	5463.686472766449	-18.598980023584353	-4.410615582644383
2.4378242294568288e8	5463.053976744565	-18.60600178710208	-4.421378588911782
2.4462242294568288e8	5462.421553942699	-18.613023550619808	-4.432258699015171
2.4546242294568288e8	5461.7892043523725	-18.620045314137535	-4.443258489240923
2.4630242294568288e8	5461.156927965122	-18.627067077655266	-4.454380621839404
2.4714242294568288e8	5460.524724772445	-18.634088841172993	-4.465627848892567
2.4798242294568288e8	5459.892594765904	-18.64111060469072	-4.477003016401511
2.4882242294568288e8	5459.260537936991	-18.648132368208444	-4.488509068609226
2.4966242294568288e8	5458.62855427727	-18.65515413172617	-4.500149052574931
2.5050242294568288e8	5457.996643778236	-18.6621758952439	-4.5119261230177825
2.5134242294568288e8	5457.364806431456	-18.669197658761632	-4.523843547449235
2.5218242294568288e8	5456.733042228432	-18.67621942227936	-4.535904711614912
2.5302242294568288e8	5456.101351160708	-18.683241185797083	-4.548113125268703
2.5386242294568288e8	5455.469733219807	-18.69026294931481	-4.560472428303679
2.5470242294568288e8	5454.8381883972925	-18.69728471283254	-4.572986397266661
2.5554242294568288e8	5454.222432175621	-18.70431860430384	-4.585262404277874
2.5638242294568288e8	5453.697399755952	-18.711422462693214	-4.595377802746451
2.5722242294568288e8	5453.172417876785	-18.718526321082585	-4.605596568997914
2.5806242294568288e8	5452.647486533229	-18.72563017947196	-4.615920837463087
2.5890242294568288e8	5452.122605720427	-18.73273403786133	-4.626352809373541
2.5974242294568288e8	5451.5977754335145	-18.7398378962507	-4.636894755578534
2.6058242294568288e8	5451.072995667629	-18.746941754640076	-4.647549019512024
2.6142242294568288e8	5450.548266417915	-18.754045613029447	-4.658318020319446
2.6226242294568288e8	5450.023587679493	-18.761149471418822	-4.6692042561546865
2.6310242294568288e8	5449.498959447509	-18.768253329808196	-4.68021030765851
2.6394242294568288e8	5448.974381717101	-18.775357188197567	-4.691338841630534
2.6478242294568288e8	5448.449854483418	-18.78246104658694	-4.702592614907839
2.6562242294568288e8	5447.925377741579	-18.78956490497631	-4.71397447846432
2.6646242294568288e8	5447.400951486733	-18.796668763365684	-4.725487381746017
2.6730242294568288e8	5446.876575714031	-18.803772621755055	-4.737134377258944
2.6814242294568288e8	5446.352250418593	-18.81087648014443	-4.7489186254272395
2.689824229456829e8	5445.82797559557	-18.8179803385338	-4.760843399741002
2.698224229456829e8	5445.303751240103	-18.825084196923175	-4.77291209221478
2.706624229456829e8	5444.779577347336	-18.832188055312542	-4.785128219179489
2.715024229456829e8	5444.2554539124185	-18.83929191370192	-4.797495427432509
2.723424229456829e8	5443.731380930475	-18.846395772091288	-4.810017500772846
2.731824229456829e8	5443.274623969061	-18.853507060268264	-4.820710095304478
2.740224229456829e8	5442.840410128765	-18.860620834390225	-4.830846663583505
2.748624229456829e8	5442.406230926022	-18.867734608512187	-4.8410870349843504
2.757024229456829e8	5441.972086358049	-18.874848382634145	-4.851433357505906
2.765424229456829e8	5441.5379764220925	-18.881962156756106	-4.8618878465175595
2.773824229456829e8	5441.1039011154	-18.889075930878068	-4.872452787606359
2.782224229456829e8	5440.6698604352005	-18.896189705000026	-4.883130539576188
2.790624229456829e8	5440.23585437872	-18.903303479121988	-4.893923537608808
2.799024229456829e8	5439.8018829432085	-18.91041725324395	-4.904834296597344
2.807424229456829e8	5439.367946125913	-18.91753102736591	-4.915865414663649
2.815824229456829e8	5438.934043924062	-18.924644801487872	-4.927019576871838
2.824224229456829e8	5438.500176334885	-18.93175857560983	-4.938299559151279
2.832624229456829e8	5438.06634335563	-18.93887234973179	-4.949708232443378
2.841024229456829e8	5437.632544983546	-18.94598612385375	-4.961248567087649
2.849424229456829e8	5437.198781215853	-18.95309989797571	-4.972923637463839
2.857824229456829e8	5436.765052049811	-18.960213672097673	-4.984736626908256
2.866224229456829e8	5436.331357482639	-18.96732744621963	-4.9966908329239645
2.874624229456829e8	5435.8976975115975	-18.974441220341593	-5.008789672706191
2.883024229456829e8	5435.464072133906	-18.98155499446355	-5.021036689006095
2.891424229456829e8	5435.030481346816	-18.988668768585512	-5.033435556358081
2.899824229456829e8	5434.616457434718	-18.99578893659509	-5.045372965817325
2.908224229456829e8	5434.265083207796	-19.002929604040364	-5.055454616633339
2.916624229456829e8	5433.913731698927	-19.010070271485635	-5.065638943151621
2.925024229456829e8	5433.562402906632	-19.01721093893091	-5.07592805829313
2.933424229456829e8	5433.211096829432	-19.02435160637618	-5.086324140878872
2.941824229456829e8	5432.859813465877	-19.031492273821453	-5.096829438399202
2.950224229456829e8	5432.508552814491	-19.038632941266723	-5.107446269930125
2.958624229456829e8	5432.157314873793	-19.045773608711997	-5.11817702920609
2.967024229456829e8	5431.806099642337	-19.05291427615727	-5.129024187859444
2.975424229456829e8	5431.454907118634	-19.06005494360254	-5.139990298837506
2.983824229456829e8	5431.103737301234	-19.067195611047815	-5.151078000009102
2.992224229456829e8	5430.752590188651	-19.074336278493085	-5.162290017973283
3.000624229456829e8	5430.401465779437	-19.081476945938356	-5.173629172083995
3.009024229456829e8	5430.050364072113	-19.088617613383633	-5.185098378705564
3.017424229456829e8	5429.699285065201	-19.095758280828903	-5.196700655715053
3.025824229456829e8	5429.348228757255	-19.102898948274174	-5.208439127268896
3.034224229456829e8	5428.997195146786	-19.110039615719447	-5.22031702885263
3.042624229456829e8	5428.646184232347	-19.117180283164718	-5.232337712634155
3.051024229456829e8	5428.295196012461	-19.12432095060999	-5.244504653142671
3.059424229456829e8	5427.94423048565	-19.131461618055262	-5.2568214532973805
3.067824229456829e8	5427.593287650457	-19.138602285500536	-5.269291850812102
3.076224229456829e8	5427.265687293944	-19.145773032034842	-5.280023867139862
3.084624229456829e8	5426.946549950953	-19.152954669729585	-5.290179260291283
3.093024229456829e8	5426.627431374069	-19.160136307424327	-5.300438844458123
3.101424229456829e8	5426.308331562186	-19.16731794511907	-5.3108047797531235
3.109824229456829e8	5425.989250514203	-19.174499582813812	-5.321279294169246
3.118224229456829e8	5425.670188229016	-19.18168122050856	-5.331864686453931
3.126624229456829e8	5425.351144705522	-19.1888628582033	-5.34256332913712
3.135024229456829e8	5425.032119942606	-19.19604449589804	-5.353377671723011
3.143424229456829e8	5424.713113939196	-19.203226133592786	-5.364310244056297
3.151824229456829e8	5424.39412669415	-19.210407771287528	-5.375363659874453
3.160224229456829e8	5424.075158206394	-19.21758940898227	-5.386540620558558
3.168624229456829e8	5423.756208474814	-19.224771046677013	-5.3978439190961
3.177024229456829e8	5423.4372774983085	-19.231952684371755	-5.409276444270327
3.185424229456829e8	5423.1183652757745	-19.239134322066498	-5.420841185091851
3.193824229456829e8	5422.799471806108	-19.24631595976124	-5.432541235489521
3.202224229456829e8	5422.480597088208	-19.253497597455983	-5.444379799278963
3.210624229456829e8	5422.161741120972	-19.260679235150725	-5.456360195428783
3.219024229456829e8	5421.842903903294	-19.267860872845468	-5.468485863646058
3.227424229456829e8	5421.524085434076	-19.27504251054021	-5.480760370304643
3.235824229456829e8	5421.205285712213	-19.282224148234956	-5.49318741474186
3.244224229456829e8	5420.896835082244	-19.289398480289144	-5.504862419344419
3.252624229456829e8	5420.607085557523	-19.29655959858018	-5.515014891797553
3.261024229456829e8	5420.3173515200515	-19.303720716871215	-5.525271495036119
3.269424229456829e8	5420.027632969002	-19.310881835162252	-5.535634387290373
3.277824229456829e8	5419.737929903548	-19.31804295345329	-5.546105794591519
3.286224229456829e8	5419.448242322861	-19.325204071744324	-5.556688013641744
3.294624229456829e8	5419.1585702261045	-19.33236519003536	-5.567383414837757
3.303024229456829e8	5418.8689136124785	-19.3395263083264	-5.578194445457755
3.311424229456829e8	5418.579272481118	-19.346687426617436	-5.589123633022572
3.319824229456829e8	5418.289646831234	-19.353848544908473	-5.600173588842523
3.328224229456829e8	5418.000036661959	-19.36100966319951	-5.611347011762419
3.336624229456829e8	5417.7104419724965	-19.368170781490544	-5.622646692118179
3.345024229456829e8	5417.420862762007	-19.37533189978158	-5.63407551591955
3.353424229456829e8	5417.1312990296665	-19.38249301807262	-5.645636469274616
3.361824229456829e8	5416.841750774644	-19.389654136363657	-5.657332643073087
3.370224229456829e8	5416.552217996105	-19.39681525465469	-5.669167237946703
3.378624229456829e8	5416.262700693252	-19.403976372945728	-5.681143569526717
3.387024229456829e8	5415.973198865226	-19.411137491236765	-5.693265074020022
3.395424229456829e8	5415.683712511211	-19.418298609527806	-5.7055353141274106
3.403824229456829e8	5415.39424163038	-19.425459727818836	-5.717957985329453
3.412224229456829e8	5415.104786221906	-19.432620846109874	-5.730536922567759
3.420624229456829e8	5414.826230957938	-19.439825936332884	-5.740760026839489
3.429024229456829e8	5414.547873025831	-19.447031765888596	-5.751046034077415
3.437424229456829e8	5414.269529403156	-19.454237595444305	-5.761438943812432
3.445824229456829e8	5413.991200089197	-19.461443425000017	-5.771941001477552
3.454224229456829e8	5413.712885083208	-19.468649254555725	-5.782554524003624
3.462624229456829e8	5413.434584384444	-19.475855084111437	-5.793281902887379
3.471024229456829e8	5413.156297992188	-19.483060913667146	-5.804125607425844
3.479424229456829e8	5412.878025905697	-19.490266743222854	-5.815088188128032
3.487824229456829e8	5412.599768124223	-19.497472572778566	-5.826172280315737
3.496224229456829e8	5412.321524647044	-19.504678402334278	-5.8373806079261294
3.504624229456829e8	5412.0432954734315	-19.511884231889987	-5.848715987529869
3.513024229456829e8	5411.76508060264	-19.519090061445695	-5.860181332579596
3.521424229456829e8	5411.486880033928	-19.526295891001404	-5.871779657904795
3.529824229456829e8	5411.208693766576	-19.53350172055712	-5.883514084470408
3.538224229456829e8	5410.930521799832	-19.540707550112828	-5.895387844417969
3.546624229456829e8	5410.652364132979	-19.547913379668536	-5.907404286409644
3.555024229456829e8	5410.374220765271	-19.555119209224245	-5.919566881297277
3.563424229456829e8	5410.096091695966	-19.562325038779957	-5.931879228140445
3.571824229456829e8	5409.817976924337	-19.569530868335665	-5.944345060599653
3.580224229456829e8	5409.539876449659	-19.576736697891373	-5.9569682537330495
3.588624229456829e8	5409.28442881848	-19.583960647472068	-5.967580763589582
3.597024229456829e8	5409.032782689072	-19.591187630277705	-5.977940057068863
3.605424229456829e8	5408.78114826654	-19.598414613083342	-5.988407789843932
3.613824229456829e8	5408.529525550331	-19.60564159588898	-5.998986256199798
3.622224229456829e8	5408.2779145399	-19.612868578694616	-6.0096778240120345
3.630624229456829e8	5408.026315234702	-19.620095561500257	-6.020484937928118
3.639024229456829e8	5407.774727634183	-19.627322544305894	-6.031410122722539
3.647424229456829e8	5407.523151737829	-19.63454952711153	-6.042455986837232
3.655824229456829e8	5407.271587545055	-19.64177650991717	-6.053625226119736
3.664224229456829e8	5407.020035055346	-19.649003492722805	-6.06492062777248
3.672624229456829e8	5406.768494268148	-19.656230475528446	-6.076345074527682
3.681024229456829e8	5406.5169651829165	-19.66345745833408	-6.0879015490634805
3.689424229456829e8	5406.265447799107	-19.67068444113972	-6.099593138678259
3.697824229456829e8	5406.013942116166	-19.677911423945357	-6.111423040241451
3.706224229456829e8	5405.762448133577	-19.685138406750994	-6.123394565440718
3.714624229456829e8	5405.510965850759	-19.69236538955663	-6.135511146347029
3.723024229456829e8	5405.259495267204	-19.699592372362268	-6.147776341321051
3.731424229456829e8	5405.008036382331	-19.70681935516791	-6.160193841286263
3.739824229456829e8	5404.756589195624	-19.71404633797355	-6.172767476396492
3.748224229456829e8	5404.505153706529	-19.721273320779183	-6.185501223127975
3.756624229456829e8	5404.217227754944	-19.728453885950593	-6.195918116477762
3.765024229456829e8	5403.9285533212205	-19.73563347976042	-6.206392260937821
3.773424229456829e8	5403.639894307479	-19.742813073570247	-6.216977275392723
3.781824229456829e8	5403.351250712894	-19.749992667380074	-6.227675532118342
3.790224229456829e8	5403.062622536653	-19.7571722611899	-6.238489480353762
3.798624229456829e8	5402.774009777913	-19.764351854999727	-6.2494216496669015
3.807024229456829e8	5402.48541243586	-19.771531448809554	-6.26047465350616
3.815424229456829e8	5402.196830509671	-19.77871104261938	-6.271651192950539
3.823824229456829e8	5401.90826399852	-19.785890636429208	-6.282954060671719
3.832224229456829e8	5401.619712901587	-19.79307023023903	-6.294386145122615
3.840624229456829e8	5401.331177218047	-19.800249824048862	-6.3059504349681355
3.849024229456829e8	5401.042656947076	-19.80742941785869	-6.317650023775151
3.857424229456829e8	5400.754152087861	-19.814609011668516	-6.32948811498007
3.865824229456829e8	5400.46566263957	-19.821788605478343	-6.341468027153998
3.874224229456829e8	5400.177188601369	-19.82896819928817	-6.353593199587114
3.882624229456829e8	5399.888729972445	-19.836147793097997	-6.365867198215779
3.891024229456829e8	5399.600286751975	-19.843327386907823	-6.378293721917942
3.899424229456829e8	5399.311858939135	-19.850506980717647	-6.3908766092046365
3.907824229456829e8	5399.023446533103	-19.857686574527474	-6.403619845337863
3.916224229456829e8	5398.729826440502	-19.864884933289478	-6.415960637260596
3.924624229456829e8	5398.418255012255	-19.87214784665311	-6.426483268965416
3.933024229456829e8	5398.1067015654235	-19.879410760016746	-6.437117805020024
3.941424229456829e8	5397.795166098942	-19.88667367338038	-6.447866651155286
3.949824229456829e8	5397.483648611801	-19.893936586744008	-6.458732291523752
3.958224229456829e8	5397.172149102954	-19.901199500107644	-6.469717292145643
3.966624229456829e8	5396.860667571362	-19.908462413471273	-6.480824304546215
3.975024229456829e8	5396.549204015988	-19.915725326834906	-6.492056069597404
3.983424229456829e8	5396.237758435795	-19.92298824019854	-6.5034154215776825
3.991824229456829e8	5395.926330829745	-19.93025115356217	-6.514905292465153
4.000224229456829e8	5395.614921196802	-19.937514066925804	-6.52652871648017
4.008624229456829e8	5395.303529535928	-19.94477698028944	-6.538288834895075
4.017024229456829e8	5394.992155846085	-19.95203989365307	-6.550188901130135
4.025424229456829e8	5394.680800126236	-19.9593028070167	-6.562232286156359
4.033824229456829e8	5394.369462375345	-19.966565720380334	-6.574422484227638
4.042224229456829e8	5394.058142592375	-19.973828633743967	-6.586763118966606
4.050624229456829e8	5393.746840776287	-19.9810915471076	-6.599257949830721
4.059024229456829e8	5393.435556926047	-19.98835446047123	-6.611910878987466
4.067424229456829e8	5393.124291040606	-19.99561737383486	-6.6247259586300835
4.075824229456829e8	5392.8130431189575	-20.002880287198497	-6.637707398768214
4.084224229456829e8	5392.603355650518	-20.010111152011643	-6.648467521637325
4.092624229456829e8	5392.398117691895	-20.01734061501579	-6.659239044135015
4.101024229456829e8	5392.192887544456	-20.02457007801994	-6.670127856870458
4.109424229456829e8	5391.987665207906	-20.031799541024093	-6.681136542317634
4.117824229456829e8	5391.782450681934	-20.039029004028244	-6.692267769191452
4.126224229456829e8	5391.577243966257	-20.046258467032395	-6.703524296330996
4.134624229456829e8	5391.372045060583	-20.053487930036543	-6.71490897680384
4.143024229456829e8	5391.166853964609	-20.060717393040694	-6.726424762246697
4.151424229456829e8	5390.961670678034	-20.067946856044845	-6.738074707458915
4.159824229456829e8	5390.756495200545	-20.075176319048992	-6.749861975266724
4.168224229456829e8	5390.551327531881	-20.082405782053144	-6.761789841677595
4.176624229456829e8	5390.346167671727	-20.089635245057295	-6.773861701345722
4.185024229456829e8	5390.141015619784	-20.096864708061446	-6.7860810733714665
4.193424229456829e8	5389.935871375747	-20.104094171065597	-6.798451607459515
4.201824229456829e8	5389.730734939338	-20.11132363406975	-6.810977090462747
4.210224229456829e8	5389.525606310239	-20.1185530970739	-6.823661453341143
4.218624229456829e8	5389.320485488173	-20.12578256007805	-6.836508778567741
4.227024229456829e8	5389.115372472825	-20.1330120230822	-6.849523308016559
4.235424229456829e8	5388.910267263925	-20.14024148608635	-6.862709451370597
4.243824229456829e8	5388.428433149855	-20.147051200335962	-6.872481817061518
4.252224229456829e8	5387.93206047253	-20.153838794859873	-6.882159926596903
4.260624229456829e8	5387.435733520186	-20.160626389383783	-6.891932618056155
4.269024229456829e8	5386.93945228862	-20.16741398390769	-6.901801758353692
4.277424229456829e8	5386.443216773619	-20.174201578431596	-6.911769270230764
4.285824229456829e8	5385.947026970973	-20.180989172955503	-6.921837134503759
4.294224229456829e8	5385.450882876479	-20.187776767479413	-6.932007392426838
4.302624229456829e8	5384.954784485901	-20.194564362003323	-6.942282148175953
4.311024229456829e8	5384.458731795054	-20.20135195652723	-6.952663571461809
4.319424229456829e8	5383.9627247997305	-20.208139551051136	-6.9631539002798855
4.327824229456829e8	5383.4667634957	-20.214927145575047	-6.973755443806244
4.336224229456829e8	5382.970847878766	-20.221714740098953	-6.984470585448475
4.344624229456829e8	5382.474977944717	-20.22850233462286	-6.995301786061891
4.353024229456829e8	5381.979153689346	-20.235289929146766	-7.006251587341804
4.361424229456829e8	5381.483375108455	-20.242077523670677	-7.0173226154036
4.369824229456829e8	5380.987642197817	-20.248865118194583	-7.0285175845632075
4.378224229456829e8	5380.491954953234	-20.255652712718494	-7.039839301331595
4.386624229456829e8	5379.9963133705005	-20.2624403072424	-7.051290668637983
4.395024229456829e8	5379.500717445409	-20.269227901766307	-7.062874690297688
4.403424229456829e8	5379.005167173755	-20.276015496290217	-7.0745944757417805
4.411824229456829e8	5378.509662551331	-20.282803090814124	-7.086453245027207
4.420224229456829e8	5378.014203573934	-20.289590685338034	-7.098454334147566
4.428624229456829e8	5377.518790237367	-20.29637827986194	-7.110601200666437
4.437024229456829e8	5377.023422537398	-20.303165874385847	-7.1228974296970895
4.445424229456829e8	5376.528100469852	-20.309953468909757	-7.135346740254418
4.453824229456829e8	5376.032824030515	-20.316741063433664	-7.147952992007283
4.462224229456829e8	5375.537593215195	-20.32352865795757	-7.160720192461919
4.470624229456829e8	5375.042408019667	-20.33031625248148	-7.173652504609863
4.479024229456829e8	5374.547268439741	-20.337103847005388	-7.186754255076923
4.487424229456829e8	5374.052174471223	-20.343891441529294	-7.200029942813103
4.495824229456829e8	5373.557126109883	-20.350679036053204	-7.213484248367156
4.504224229456829e8	5373.062123351549	-20.35746663057711	-7.227122043793603
4.512624229456829e8	5372.5671661920205	-20.364254225101018	-7.240948403244695
4.521024229456829e8	5372.072254627076	-20.371041819624924	-7.254968614304942
4.529424229456829e8	5371.577388652527	-20.377829414148835	-7.26918819013157
4.537824229456829e8	5371.082568264172	-20.384617008672745	-7.283612882470658
4.546224229456829e8	5370.587793457813	-20.39140460319665	-7.2982486956258725
4.554624229456829e8	5370.093064229251	-20.398192197720558	-7.313101901464683
4.563024229456829e8	5369.597854914099	-20.404979927294708	-7.328162016997798
4.571424229456829e8	5368.942668783247	-20.411808773529255	-7.338198886506071
4.579824229456829e8	5368.287562596709	-20.418637619763803	-7.348337516988418
4.588224229456829e8	5367.63253634473	-20.425466465998348	-7.3585799930494185
4.596624229456829e8	5366.977590017585	-20.432295312232892	-7.368928464012758
4.605024229456829e8	5366.322723605494	-20.43912415846744	-7.379385146628318
4.613424229456829e8	5365.667937098704	-20.445953004701984	-7.38995232792229
4.621824229456829e8	5365.013230487495	-20.45278185093653	-7.400632368199513
4.630224229456829e8	5364.358603762091	-20.459610697171076	-7.411427704207853
4.638624229456829e8	5363.704056912752	-20.46643954340562	-7.422340852475274
4.647024229456829e8	5363.049589929732	-20.473268389640168	-7.433374412831011
4.655424229456829e8	5362.395202803287	-20.480097235874712	-7.4445310721231746
4.663824229456829e8	5361.740895523663	-20.486926082109257	-7.455813608146088
4.672224229456829e8	5361.086668081146	-20.493754928343805	-7.467224893791715
4.680624229456829e8	5360.432520465964	-20.50058377457835	-7.478767901440699
4.689024229456829e8	5359.77845266839	-20.507412620812897	-7.490445707609809
4.697424229456829e8	5359.124464678682	-20.51424146704744	-7.502261497873964
4.705824229456829e8	5358.470556487102	-20.52107031328199	-7.514218572082538
4.714224229456829e8	5357.816728083904	-20.527899159516533	-7.526320349891322
4.722624229456829e8	5357.162979459383	-20.534728005751077	-7.5385703766333325
4.731024229456829e8	5356.509310603773	-20.541556851985625	-7.550972329553694
4.739424229456829e8	5355.855721507352	-20.548385698220173	-7.563530024436029
4.747824229456829e8	5355.202212160388	-20.555214544454714	-7.576247422650221
4.756224229456829e8	5354.54878255315	-20.56204339068926	-7.589128638654123
4.764624229456829e8	5353.895432675898	-20.568872236923806	-7.602177947984776
4.773024229456829e8	5353.242162518933	-20.575701083158357	-7.615399795777941
4.781424229456829e8	5352.588972072489	-20.582529929392898	-7.628798805858449
4.789824229456829e8	5351.935861326878	-20.589358775627446	-7.642379790447865
4.798224229456829e8	5351.282830272347	-20.59618762186199	-7.656147760540497
4.806624229456829e8	5350.629878899183	-20.603016468096538	-7.67010793700369
4.815024229456829e8	5349.97700719766	-20.609845314331086	-7.684265762463985
4.823424229456829e8	5349.32421515806	-20.616674160565626	-7.698626914046832
4.831824229456829e8	5348.671502770661	-20.62350300680017	-7.713197317044496
4.840224229456829e8	5348.018870025745	-20.63033185303472	-7.727983159594512
4.848624229456829e8	5347.366316913594	-20.637160699269266	-7.742990908459692
4.857024229456829e8	5346.713843424491	-20.64398954550381	-7.758227326010393
4.865424229456829e8	5346.061449548721	-20.650818391738355	-7.773699488520673
4.873824229456829e8	5345.409135276559	-20.6576472379729	-7.789414805902248
4.882224229456829e8	5344.474766499832	-20.66439587938314	-7.800753413004169
4.890624229456829e8	5343.483881652046	-20.671128404698198	-7.8112840865447675
4.899024229456829e8	5342.493180517867	-20.677860930013257	-7.821926836457009
4.907424229456829e8	5341.502663063251	-20.68459345532832	-7.832684074050979
4.915824229456829e8	5340.512329254125	-20.691325980643377	-7.843558289302353
4.924224229456829e8	5339.522179056449	-20.698058505958436	-7.854552054311856
4.932624229456829e8	5338.532212436192	-20.704791031273494	-7.865668026957011
4.941024229456829e8	5337.542429359298	-20.711523556588553	-7.876908954749137
4.949424229456829e8	5336.552829791747	-20.71825608190361	-7.888277678909609
4.957824229456829e8	5335.563413699525	-20.72498860721867	-7.899777138680502
4.966224229456829e8	5334.574181048597	-20.73172113253373	-7.911410375885985
4.974624229456829e8	5333.585131804961	-20.73845365784879	-7.923180539762168
4.983024229456829e8	5332.596265934621	-20.74518618316385	-7.9350908920745935
4.991424229456829e8	5331.607583403563	-20.751918708478907	-7.947144812544177
4.999824229456829e8	5330.6190841778025	-20.75865123379397	-7.95934580460417
5.008224229456829e8	5329.630768223363	-20.765383759109028	-7.971697501512696
5.016624229456829e8	5328.642635506248	-20.772116284424087	-7.984203672847523
5.025024229456829e8	5327.654685992494	-20.778848809739145	-7.996868231412139
5.033424229456829e8	5326.666919648142	-20.785581335054204	-8.009695240584767
5.041824229456829e8	5325.679336439215	-20.792313860369262	-8.022688922144875
5.050224229456829e8	5324.691936331777	-20.79904638568432	-8.035853664614889
5.058624229456829e8	5323.704719291861	-20.80577891099938	-8.049194032158354
5.067024229456829e8	5322.7176852855455	-20.81251143631444	-8.062714774079689
5.075424229456829e8	5321.7308342788665	-20.819243961629496	-8.076420834975004
5.083824229456829e8	5320.744166237933	-20.825976486944555	-8.090317365588286
5.092224229456829e8	5319.7576811287945	-20.832709012259617	-8.104409734432595
5.100624229456829e8	5318.771378917554	-20.839441537574675	-8.118703540241873
5.109024229456829e8	5317.785259570282	-20.846174062889734	-8.133204625325652
5.117424229456829e8	5316.799323053083	-20.852906588204792	-8.147919089906406
5.125824229456829e8	5315.813569332062	-20.859639113519854	-8.162853307527552
5.134224229456829e8	5314.827998373336	-20.86637163883491	-8.17801394162956
5.142624229456829e8	5313.842610143012	-20.87310416414997	-8.193407963402027
5.151024229456829e8	5312.857404607201	-20.87983668946503	-8.209042671031465
5.159424229456829e8	5311.872381732041	-20.88656921478009	-8.224925710477804
5.167824229456829e8	5310.887541483674	-20.89330174009515	-8.241065097927649
5.176224229456829e8	5309.902883828223	-20.900034265410206	-8.25746924408941
5.184624229456829e8	5308.708464630427	-20.906767898260195	-8.270025918621286
5.193024229456829e8	5307.421051967477	-20.91350202322817	-8.280893225557485
5.201424229456829e8	5306.133951514442	-20.920236148196143	-8.291879929566317
5.209824229456829e8	5304.847163195587	-20.926970273164113	-8.302988683406829
5.218224229456829e8	5303.560686935229	-20.933704398132086	-8.314222229240494
5.226624229456829e8	5302.274522657689	-20.94043852310006	-8.325583402694255
5.235024229456829e8	5300.988670287317	-20.94717264806803	-8.33707513715702
5.243424229456829e8	5299.703129748455	-20.953906773036003	-8.348700468325935
5.251824229456829e8	5298.41790096549	-20.960640898003977	-8.360462539020014
5.260224229456829e8	5297.132983862818	-20.96737502297195	-8.372364604280266
5.268624229456829e8	5295.8483783648535	-20.97410914793992	-8.384410036776995
5.277024229456829e8	5294.564084396029	-20.980843272907894	-8.396602332546765
5.285424229456829e8	5293.280101880797	-20.987577397875867	-8.408945117083432
5.293824229456829e8	5291.996430743626	-20.994311522843837	-8.421442151809792
5.302224229456829e8	5290.7130709090125	-21.00104564781181	-8.434097340958774
5.310624229456829e8	5289.430022301446	-21.007779772779784	-8.446914738895636
5.319024229456829e8	5288.147284845459	-21.014513897747754	-8.459898557915565
5.327424229456829e8	5286.864858465593	-21.021248022715728	-8.473053176554162
5.335824229456829e8	5285.582743086412	-21.0279821476837	-8.486383148451871
5.344224229456829e8	5284.300938632503	-21.034716272651675	-8.499893211817259
5.352624229456829e8	5283.019445028435	-21.041450397619645	-8.513588299538316
5.361024229456829e8	5281.738262198863	-21.04818452258762	-8.52747354999583
5.369424229456829e8	5280.457390068391	-21.054918647555592	-8.541554318638108
5.377824229456829e8	5279.176828561683	-21.061652772523566	-8.555836190382308
5.386224229456829e8	5277.896577603408	-21.068386897491536	-8.57032499291426
5.394624229456829e8	5276.616637118257	-21.07512102245951	-8.58502681096602
5.403024229456829e8	5275.337007030945	-21.081855147427483	-8.599948001658705
5.411424229456829e8	5274.0576872661795	-21.088589272395453	-8.61509521100745
5.419824229456829e8	5272.778677748714	-21.095323397363423	-8.630475391695734
5.428224229456829e8	5271.499978403309	-21.1020575223314	-8.646095822238031
5.436624229456829e8	5270.221589154756	-21.108791647299373	-8.661964127663039
5.445024229456829e8	5268.9435099278335	-21.115525772267347	-8.678088301864552
5.453424229456829e8	5267.665740647369	-21.122259897235317	-8.694476731784027
5.461824229456829e8	5266.388281238204	-21.12899402220329	-8.711138223607954
5.470224229456829e8	5265.111131625168	-21.13572814717126	-8.728082031184888
5.478624229456829e8	5263.744240707866	-21.142453292630883	-8.7425223203568
5.487024229456829e8	5262.264550026625	-21.149167151640572	-8.753619850997493
5.495424229456829e8	5260.785275301084	-21.155881010650265	-8.764841920187338
5.503824229456829e8	5259.306416414339	-21.162594869659955	-8.776191354870269
5.512224229456829e8	5257.827973249487	-21.16930872866964	-8.787671079350966
5.520624229456829e8	5256.3499456896625	-21.17602258767933	-8.799284119817672
5.529024229456829e8	5254.872333618036	-21.18273644668902	-8.811033609130732
5.537424229456829e8	5253.3951369177985	-21.18945030569871	-8.822922791895788
5.545824229456829e8	5251.918355472206	-21.1961641647084	-8.834955029842227
5.554224229456829e8	5250.441989164517	-21.20287802371809	-8.84713380752915
5.562624229456829e8	5248.966037878029	-21.20959188272778	-8.859462738403098
5.571024229456829e8	5247.490501496079	-21.216305741737468	-8.871945571233905
5.579424229456829e8	5246.015379902031	-21.223019600747158	-8.884586196957333
5.587824229456829e8	5244.540672979285	-21.229733459756844	-8.897388655955753
5.596224229456829e8	5243.0663806112725	-21.236447318766537	-8.910357145810954
5.604624229456829e8	5241.592502681449	-21.243161177776226	-8.923496029566294
5.613024229456829e8	5240.11903907334	-21.249875036785916	-8.936809844538919
5.621424229456829e8	5238.645989670437	-21.256588895795602	-8.95030331172653
5.629824229456829e8	5237.173354356332	-21.263302754805295	-8.963981345857558
5.638224229456829e8	5235.701133014611	-21.27001661381498	-8.97784906613823
5.646624229456829e8	5234.229325528892	-21.276730472824674	-8.99191180775539
5.655024229456829e8	5232.757931782866	-21.283444331834364	-9.006175134199703
5.663424229456829e8	5231.286951660187	-21.29015819084405	-9.020644850480519
5.671824229456829e8	5229.816385044611	-21.29687204985374	-9.035327017310921
5.680224229456829e8	5228.346231819886	-21.30358590886343	-9.05022796634973
5.688624229456829e8	5226.876491869806	-21.31029976787312	-9.065354316596391
5.697024229456829e8	5225.407165078194	-21.317013626882808	-9.080712992044988
5.705424229456829e8	5223.938251328898	-21.3237274858925	-9.09631124071527
5.713824229456829e8	5222.4697505058275	-21.330441344902187	-9.112156655191582
5.722224229456829e8	5221.001662492893	-21.337155203911877	-9.12825719481541
5.730624229456829e8	5219.533987174052	-21.343869062921566	-9.144621209693925
5.739024229456829e8	5218.06672443329	-21.350582921931256	-9.161257466705797
5.747424229456829e8	5216.599874154628	-21.35729678094095	-9.178175177707054
5.755824229456829e8	5215.1334362221105	-21.364010639950635	-9.19538403016418
5.764224229456829e8	5213.66741051985	-21.37072449896032	-9.212894220469504
5.772624229456829e8	5212.148040487081	-21.377436508664957	-9.228438738479708
5.781024229456829e8	5210.5247756577755	-21.38414492789454	-9.239751162759308
5.789424229456829e8	5208.902016376027	-21.390853347124118	-9.251193023619637
5.797824229456829e8	5207.279762484388	-21.397561766353697	-9.262767317400476
5.806224229456829e8	5205.658013825451	-21.404270185583275	-9.274477145705008
5.814624229456829e8	5204.036770241886	-21.410978604812858	-9.286325720388927
5.823024229456829e8	5202.416031576383	-21.417687024042436	-9.298316368848676
5.831424229456829e8	5200.795797671691	-21.424395443272015	-9.310452539630614
5.839824229456829e8	5199.176068370599	-21.431103862501597	-9.322737808384733
5.848224229456829e8	5197.556843515972	-21.437812281731176	-9.335175884188683
5.856624229456829e8	5195.938122950697	-21.44452070096076	-9.347770616270047
5.865024229456829e8	5194.31990651772	-21.451229120190337	-9.360526001157393
5.873424229456829e8	5192.7021940600225	-21.457937539419916	-9.373446190293304
5.881824229456829e8	5191.084985420667	-21.4646459586495	-9.386535498145703
5.890224229456829e8	5189.468280442737	-21.471354377879077	-9.399798410857095
5.898624229456829e8	5187.852078969361	-21.478062797108656	-9.413239595475156
5.907024229456829e8	5186.236380843749	-21.48477121633824	-9.426863909812157
5.915424229456829e8	5184.621185909129	-21.491479635567817	-9.440676412985349
5.923824229456829e8	5183.006494008788	-21.498188054797396	-9.454682376695565
5.932224229456829e8	5181.3923049860605	-21.504896474026978	-9.468887297306939
5.940624229456829e8	5179.778618684322	-21.511604893256557	-9.483296908797003
5.949024229456829e8	5178.1654349470255	-21.518313312486136	-9.49791719665356
5.957424229456829e8	5176.552753617634	-21.525021731715718	-9.512754412802584
5.965824229456829e8	5174.940574539705	-21.531730150945297	-9.527815091660345
5.974224229456829e8	5173.328897556782	-21.538438570174876	-9.543106067412923
5.982624229456829e8	5171.71772251252	-21.545146989404458	-9.558634492637458
5.991024229456829e8	5170.107049250587	-21.551855408634037	-9.574407858392146
5.999424229456829e8	5168.4968776147	-21.558563827863615	-9.59043401591623
6.007824229456829e8	5166.88720744865	-21.565272247093198	-9.606721200097336
6.016224229456829e8	5165.278038596252	-21.571980666322776	-9.623278054881746
6.024624229456829e8	5163.669370901378	-21.578689085552355	-9.64011366082389
6.033024229456829e8	5162.061204207947	-21.585397504781938	-9.657237564994903
6.041424229456829e8	5160.453538359919	-21.592105924011516	-9.674659813496858
6.049824229456829e8	5158.84637320132	-21.598814343241095	-9.692390986859929
6.058224229456829e8	5157.239708576226	-21.605522762470677	-9.71044223863479
6.066624229456829e8	5155.633544328741	-21.612231181700256	-9.728825337532733
6.075024229456829e8	5153.899211440343	-21.61893066439311	-9.741319382978636
6.083424229456829e8	5152.143572733763	-21.625628626262042	-9.752901123489332
6.091824229456829e8	5150.388532072884	-21.632326588130972	-9.7646185740061
6.100224229456829e8	5148.634089253986	-21.639024549999906	-9.77647495266146
6.108624229456829e8	5146.880244073419	-21.64572251186884	-9.78847359343165
6.117024229456829e8	5145.126996327602	-21.652420473737774	-9.800617951764291
6.125424229456829e8	5143.374345813021	-21.659118435606707	-9.812911610551986
6.133824229456829e8	5141.622292326237	-21.665816397475638	-9.825358286477696
6.142224229456829e8	5139.870835663874	-21.67251435934457	-9.83796183676004
6.150624229456829e8	5138.119975622629	-21.679212321213505	-9.850726266329083
6.159024229456829e8	5136.369711999268	-21.685910283082436	-9.863655735466079
6.167424229456829e8	5134.620044590623	-21.69260824495137	-9.876754567943596
6.175824229456829e8	5132.8709731936015	-21.699306206820303	-9.890027259705898
6.184224229456829e8	5131.1224976051735	-21.706004168689233	-9.903478488133151
6.192624229456829e8	5129.374617622391	-21.71270213055817	-9.917113121937287
6.201024229456829e8	5127.627333042338	-21.7194000924271	-9.930936231741835
6.209424229456829e8	5125.880643662223	-21.726098054296035	-9.944953101403321
6.217824229456829e8	5124.134549279285	-21.73279601616497	-9.959169240137461
6.226224229456829e8	5122.3890496908525	-21.7394939780339	-9.973590395519777
6.234624229456829e8	5120.6441446942845	-21.746191939902836	-9.98822256743746
6.243024229456829e8	5118.899834087067	-21.752889901771766	-10.003072023077184
6.251424229456829e8	5117.156117666723	-21.7595878636407	-10.018145313042622
6.259824229456829e8	5115.412995230821	-21.766285825509634	-10.033449288705368
6.268224229456829e8	5113.670466577053	-21.772983787378564	-10.048991120904336
6.276624229456829e8	5111.928531503149	-21.779681749247498	-10.064778320121345
6.285024229456829e8	5110.187189806894	-21.78637971111643	-10.080818758274996
6.293424229456829e8	5108.446441286157	-21.793077672985362	-10.09712069229116
6.301824229456829e8	5106.7062857388955	-21.799775634854296	-10.11369278962673
6.310224229456829e8	5104.966722963118	-21.80647359672323	-10.130544155944172
6.318624229456829e8	5103.227752756872	-21.81317155859216	-10.147684365158087
6.327024229456829e8	5101.489374918342	-21.819869520461094	-10.165123492102014
6.335424229456829e8	5099.751589245704	-21.82656748233003	-10.18287214809457
6.343824229456829e8	5098.014395537269	-21.83326544419896	-10.20094151971927
6.352224229456829e8	5096.277793591387	-21.839963406067895	-10.219343411172957
6.360624229456829e8	5094.541783206463	-21.84666136793683	-10.238090290584267
6.369024229456829e8	5092.806364180984	-21.85335932980576	-10.257195340757333
6.377424229456829e8	5091.0722404718335	-21.860059761699137	-10.275624515890321
6.385824229456829e8	5089.343347704084	-21.866776476804155	-10.28738834544449
6.394224229456829e8	5087.6150420563	-21.87349319190917	-10.299292211686323
6.402624229456829e8	5085.887323329118	-21.880209907014184	-10.311339488817561
6.411024229456829e8	5084.160191323213	-21.8869266221192	-10.323533674481356
6.419424229456829e8	5082.433645839332	-21.893643337224216	-10.335878395857963
6.427824229456829e8	5080.707686678312	-21.900360052329233	-10.348377416141421
6.436224229456829e8	5078.982313641024	-21.907076767434248	-10.361034641426137
6.444624229456829e8	5077.257526528444	-21.913793482539262	-10.37385412803491
6.453024229456829e8	5075.533325141578	-21.920510197644283	-10.386840090322794
6.461424229456829e8	5073.809709281533	-21.927226912749294	-10.39999690899438
6.469824229456829e8	5072.086678749462	-21.933943627854312	-10.413329139975536
6.478224229456829e8	5070.364233346582	-21.940660342959326	-10.426841523884598
6.486624229456829e8	5068.642372874205	-21.947377058064344	-10.440538996152263
6.495024229456829e8	5066.921097133682	-21.954093773169358	-10.45442669784424
6.503424229456829e8	5065.200405926436	-21.960810488274376	-10.468509987246069
6.511824229456829e8	5063.480299053972	-21.96752720337939	-10.482794452275403
6.520224229456829e8	5061.76077631786	-21.974243918484405	-10.497285923793738
6.528624229456829e8	5060.041837519726	-21.980960633589422	-10.511990489896949
6.537024229456829e8	5058.323482461258	-21.987677348694437	-10.526914511272265
6.545424229456829e8	5056.605710944232	-21.994394063799454	-10.54206463771867
6.553824229456829e8	5054.888522770488	-22.00111077890447	-10.557447825938091
6.562224229456829e8	5053.17191774192	-22.007827494009483	-10.573071358716533
6.570624229456829e8	5051.455895660496	-22.014544209114504	-10.588942865627537
6.579024229456829e8	5049.740456328241	-22.021260924219515	-10.605070345405279
6.587424229456829e8	5048.025599547267	-22.027977639324533	-10.62146219015155
6.595824229456829e8	5046.311325119753	-22.034694354429547	-10.638127211560008
6.604224229456829e8	5044.5976328479255	-22.041411069534565	-10.655074669362845
6.612624229456829e8	5042.884522534081	-22.04812778463958	-10.67231430222981
6.621024229456829e8	5041.171993980607	-22.054844499744593	-10.68985636137771
6.629424229456829e8	5039.460046989935	-22.06156121484961	-10.707711647180844
6.637824229456829e8	5037.748681364559	-22.06827792995463	-10.725891549109711
6.646224229456829e8	5036.0378969070625	-22.074994645059643	-10.744408089367893
6.654624229456829e8	5034.327693420092	-22.081711360164658	-10.763273970645715
6.663024229456829e8	5032.618070706346	-22.088428075269675	-10.782502628465808
6.671424229456829e8	5030.909028568589	-22.09514479037469	-10.802108288660763
6.679824229456829e8	5029.200566809678	-22.101861505479704	-10.822106030598828
6.688224229456829e8	5027.492685232513	-22.10857822058472	-10.842511856861506
6.696624229456829e8	5025.785383640059	-22.115294935689736	-10.863342770179646
6.705024229456829e8	5024.078661835367	-22.122011650794754	-10.88461685855469
6.713424229456829e8	5022.548144096224	-22.128775852709975	-10.89756466500447
6.721824229456829e8	5021.0265772841685	-22.135542349439564	-10.910253970174088
6.730224229456829e8	5019.505471426493	-22.14230884616915	-10.923106365526985
6.738624229456829e8	5017.984826383544	-22.14907534289874	-10.936126097961948
6.747024229456829e8	5016.464642015726	-22.155841839628327	-10.949317582453585
6.755424229456829e8	5014.94491818349	-22.162608336357913	-10.962685411040084
6.763824229456829e8	5013.425654747307	-22.169374833087502	-10.976234362419879
6.772224229456829e8	5011.9068515676945	-22.17614132981709	-10.989969412207422
6.780624229456829e8	5010.388508505226	-22.182907826546675	-11.003895743903152
6.789024229456829e8	5008.87062542052	-22.189674323276265	-11.018018760638144
6.797424229456829e8	5007.353202174219	-22.196440820005854	-11.03234409776008
6.805824229456829e8	5005.836238627007	-22.20320731673544	-11.046877636333878
6.814224229456829e8	5004.319734639629	-22.209973813465027	-11.06162551763795
6.822624229456829e8	5002.803690072871	-22.216740310194616	-11.076594158745479
6.831024229456829e8	5001.2881047875435	-22.223506806924206	-11.091790269289707
6.839424229456829e8	4999.7729786445	-22.230273303653792	-11.107220869522816
6.847824229456829e8	4998.258311504654	-22.23703980038338	-11.122893309790093
6.856224229456829e8	4996.744103228959	-22.243806297112968	-11.138815291554584
6.864624229456829e8	4995.2303536783875	-22.250572793842558	-11.15499489012278
6.873024229456829e8	4993.717062713988	-22.257339290572144	-11.171440579239196
6.881424229456829e8	4992.204230196813	-22.26410578730173	-11.188161257737374
6.889824229456829e8	4990.691855987989	-22.27087228403132	-11.205166278457147
6.898224229456829e8	4989.179939948678	-22.277638780760906	-11.222465479663434
6.906624229456829e8	4987.668481940065	-22.284405277490492	-11.2400692192308
6.915024229456829e8	4986.157481823407	-22.291171774220082	-11.257988411891224
6.923424229456829e8	4984.646939459968	-22.297938270949672	-11.27623456988044
6.931824229456829e8	4983.136854711083	-22.304704767679258	-11.294819847361927
6.940224229456829e8	4981.627227438137	-22.311471264408844	-11.313757089057816
6.948624229456829e8	4980.118057502504	-22.318237761138434	-11.333059883574059
6.957024229456829e8	4978.60934476565	-22.32500425786802	-11.35274262197433
6.965424229456829e8	4977.101089089071	-22.33177075459761	-11.372820562235061
6.973824229456829e8	4975.593290334309	-22.338537251327196	-11.393309900304777
6.982224229456829e8	4974.085948362933	-22.345303748056786	-11.414227848596791
6.990624229456829e8	4972.579063036551	-22.352070244786372	-11.435592722868327
6.999024229456829e8	4971.072634216835	-22.358836741515958	-11.457424038584834
7.007424229456829e8	4969.566661765494	-22.36560323824555	-11.479742618039982
7.015824229456829e8	4968.061145544266	-22.372369734975138	-11.50257070970485
7.024224229456829e8	4966.556085414927	-22.379136231704727	-11.525932121520922
7.032624229456829e8	4965.051481239324	-22.385902728434314	-11.549852370138638
7.041024229456829e8	4963.547332879308	-22.392669225163903	-11.57435884844676
7.049424229456829e8	4962.043640196801	-22.39943572189349	-11.599481014150408
7.057824229456829e8	4960.540403053765	-22.406202218623076	-11.62525060265321
7.066224229456829e8	4959.037621312178	-22.412968715352665	-11.651701868102114
7.074624229456829e8	4957.77515209041	-22.41978269410263	-11.667946693731864
7.083024229456829e8	4956.5371830770555	-22.426601460368786	-11.683346589327222
7.091424229456829e8	4955.299523187707	-22.433420226634944	-11.698987355930043
7.099824229456829e8	4954.0621723451595	-22.4402389929011	-11.71487664839471
7.108224229456829e8	4952.825130472251	-22.447057759167265	-11.731022492381273
7.116624229456829e8	4951.5883974918315	-22.453876525433422	-11.747433308698438
7.125024229456829e8	4950.35197332677	-22.46069529169958	-11.764117939677565
7.133424229456829e8	4949.115857899955	-22.46751405796574	-11.781085677784441
7.141824229456829e8	4947.8800511343015	-22.474332824231897	-11.798346296700636
7.150224229456829e8	4946.644552952718	-22.481151590498055	-11.815910085134718
7.158624229456829e8	4945.409363278161	-22.487970356764215	-11.833787883656216
7.167024229456829e8	4944.174482033594	-22.494789123030372	-11.851991124882494
7.175424229456829e8	4942.939909142002	-22.501607889296533	-11.870531877391604
7.183824229456829e8	4941.705644526388	-22.50842665556269	-11.88942289378354
7.192224229456829e8	4940.471688109775	-22.51524542182885	-11.90867766336917
7.200624229456829e8	4939.2380398152045	-22.52206418809501	-11.928310470032152
7.209024229456829e8	4938.004699565738	-22.52888295436117	-11.94833645588544
7.217424229456829e8	4936.771667284455	-22.535701720627326	-11.968771691433062
7.225824229456829e8	4935.538942894466	-22.542520486893487	-11.989633253051549
7.234224229456829e8	4934.306526318871	-22.549339253159644	-12.01093930872696
7.242624229456829e8	4933.074417480815	-22.5561580194258	-12.032709213126072
7.251024229456829e8	4931.842616303458	-22.562976785691962	-12.054963613248388
7.259424229456829e8	4930.611122709975	-22.56979555195812	-12.07772456610425
7.267824229456829e8	4929.379936623562	-22.57661431822428	-12.101015670100155
7.276224229456829e8	4928.149057967432	-22.583433084490437	-12.124862212092932
7.284624229456829e8	4926.918486664821	-22.590251850756594	-12.14929133241013
7.293024229456829e8	4925.688222638982	-22.597070617022755	-12.174332210536686
7.301424229456829e8	4924.458265813185	-22.603889383288916	-12.200016274653652
7.309824229456829e8	4923.228616110732	-22.610708149555073	-12.226377438802745
7.318224229456829e8	4921.999273454916	-22.61752691582123	-12.253452372166052
7.326624229456829e8	4920.770237769075	-22.62434568208739	-12.281280805825087
7.335024229456829e8	4919.541508976557	-22.631164448353548	-12.30990588343866
7.343424229456829e8	4918.313087000733	-22.63798321461971	-12.339374563608018
7.351824229456829e8	4917.084971764994	-22.644801980885866	-12.369738083349652
7.360224229456829e8	4915.857163192724	-22.651620747152027	-12.401052494162121
7.368624229456829e8	4914.629661207383	-22.658439513418188	-12.433379284773933
7.377024229456829e8	4913.402465732386	-22.665258279684345	-12.46678610795561
7.385424229456829e8	4912.1755766912	-22.672077045950502	-12.501347632987164
7.393824229456829e8	4910.948994007334	-22.67889581221666	-12.537146550786357
7.402224229456829e8	4909.72271760426	-22.685714578482816	-12.574274765726708
7.410624229456829e8	4908.496747405511	-22.69253334474898	-12.612834817366185
7.419024229456829e8	4907.271083334626	-22.699352111015138	-12.652941587451636
7.427424229456829e8	4906.045725315173	-22.7061708772813	-12.694724363771236
7.435824229456829e8	4904.820673270712	-22.712989643547456	-12.738329354294445
7.444224229456829e8	4903.595927124841	-22.719808409813613	-12.783922774891192
7.452624229456829e8	4902.371486801194	-22.726627176079774	-12.831694675197605
7.461024229456829e8	4901.147352223396	-22.73344594234593	-12.88186372505997
7.469424229456829e8	4899.923523315113	-22.74026470861209	-12.934683266341104
7.477824229456829e8	4898.699999999999	-22.74708347487825	-12.990449054026838
