-8.044504805472136e7	11236.002852405743	-17.69260434644348
-7.856504805472136e7	11196.189534071633	-17.689334030056983
-7.668504805472136e7	11156.517289065609	-17.68606371367049
-7.480504805472136e7	11116.985617512653	-17.682793397283994
-7.292504805472136e7	11077.594021308938	-17.679523080897496
-7.104504805472136e7	11038.342004115655	-17.676252764511005
-6.916504805472136e7	10999.229071352689	-17.672982448124507
-6.728504805472136e7	10960.254730192426	-17.669712131738013
-6.5405048054721355e7	10921.418489553484	-17.66644181535152
-6.3525048054721355e7	10877.325248709529	-17.662426700554402
-6.1645048054721355e7	10830.191011956387	-17.65796517913776
-5.9765048054721355e7	10783.261019925483	-17.653503657721124
-5.7885048054721355e7	10736.534387572148	-17.649042136304484
-5.6005048054721355e7	10690.010233686771	-17.644580614887843
-5.4125048054721355e7	10643.687680878314	-17.640119093471203
-5.2245048054721355e7	10595.747861871667	-17.63540814553936
-5.0365048054721355e7	10538.47845648529	-17.629380931368217
-4.8485048054721355e7	10481.518588928247	-17.623353717197077
-4.6605048054721355e7	10424.866586166421	-17.61732650302594
-4.4725048054721355e7	10368.52078420841	-17.611299288854802
-4.2845048054721355e7	10309.099245408777	-17.604810021112876
-4.0965048054721355e7	10238.132753777178	-17.59668553491159
-3.9085048054721355e7	10167.65478619745	-17.588561048710304
-3.7205048054721355e7	10097.661979733859	-17.580436562509018
-3.5325048054721355e7	10019.454678701566	-17.571133520064816
-3.3445048054721355e7	9929.887777309097	-17.560194542593145
-3.1565048054721355e7	9841.12154123049	-17.549255565121474
-2.9685048054721355e7	9742.427510890071	-17.536861061515506
-2.7805048054721355e7	9627.064331399753	-17.52205942816593
-2.5925048054721355e7	9495.717226291608	-17.504936703153103
-2.4045048054721355e7	9342.805041949463	-17.48479742995722
-2.2165048054721355e7	9160.785786322243	-17.46070182003068
-2.0285048054721355e7	8941.458297166606	-17.431723872446163
-1.8405048054721355e7	8677.18063454569	-17.397389529911397
-1.6525048054721355e7	8386.724947357092	-17.361556700785734
-1.4645048054721355e7	8132.315619094911	-17.331845543730317
-1.2765048054721355e7	7943.435241129933	-17.314009361523205
-1.0885048054721355e7	7778.593175786674	-17.29977356918168
-9.005048054721355e6	7658.650298583328	-17.293267365226498
-7.125048054721355e6	7540.5568938316965	-17.286761161271315
-5.245048054721355e6	7445.62897511252	-17.284266440053713
-3.3650480547213554e6	7357.739511219999	-17.282881892304452
-1.4850480547213554e6	7270.88750942628	-17.281497344555195
394951.94527864456	7199.787933672508	-17.282888333702598
2.2749519452786446e6	7134.88542015153	-17.28532497496178
4.1549519452786446e6	7070.567970565776	-17.28776161622097
6.034951945278645e6	7008.875949370615	-17.290592814000874
7.914951945278645e6	6959.020145930849	-17.29562019919488
9.794951945278645e6	6909.518978691594	-17.300647584388884
1.1674951945278645e7	6860.369925041142	-17.305674969582892
1.3554951945278645e7	6812.2801571760765	-17.310845267398648
1.5434951945278645e7	6773.540307250601	-17.31784204060443
1.7314951945278645e7	6735.020761824883	-17.32483881381021
1.9194951945278645e7	6696.72026807858	-17.331835587015988
2.1074951945278645e7	6658.637580315809	-17.33883236022177
2.2954951945278645e7	6624.4061457639355	-17.346611760694092
2.4834951945278645e7	6593.847466523745	-17.355147575605606
2.6714951945278645e7	6563.429755825695	-17.363683390517117
2.8594951945278645e7	6533.152363375649	-17.372219205428628
3.0474951945278645e7	6503.014641879318	-17.380755020340143
3.2354951945278645e7	6475.628926643418	-17.389881012673573
3.4234951945278645e7	6451.0312073290515	-17.399612968949953
3.6114951945278645e7	6426.5269226142045	-17.409344925226335
3.7994951945278645e7	6402.115717586943	-17.419076881502715
3.9874951945278645e7	6377.79723868347	-17.428808837779098
4.1754951945278645e7	6353.821875148216	-17.438598806100117
4.3634951945278645e7	6333.915874148522	-17.44931258340892
4.5514951945278645e7	6314.072237011657	-17.460026360717723
4.7394951945278645e7	6294.290768356752	-17.470740138026525
4.9274951945278645e7	6274.571273415078	-17.481453915335326
5.1154951945278645e7	6254.913558028105	-17.49216769264413
5.3034951945278645e7	6236.092797991091	-17.503078612126302
5.4914951945278645e7	6219.787496776638	-17.514616426800707
5.6794951945278645e7	6203.524828482559	-17.526154241475115
5.8674951945278645e7	6187.304681637996	-17.537692056149524
6.0554951945278645e7	6171.12694506355	-17.54922987082393
6.2434951945278645e7	6154.991507870522	-17.560767685498337
6.4314951945278645e7	6139.122205278201	-17.572363695065313
6.6194951945278645e7	6125.632347114516	-17.58456884165401
6.807495194527864e7	6112.172131018083	-17.596773988242713
6.995495194527864e7	6098.741491854625	-17.608979134831415
7.183495194527864e7	6085.34036463299	-17.62118428142012
7.371495194527864e7	6071.968684504811	-17.63338942800882
7.559495194527864e7	6058.626386764294	-17.645594574597524
7.747495194527864e7	6046.5595312488285	-17.65815407174837
7.935495194527864e7	6035.200613861262	-17.670908402495826
8.123495194527864e7	6023.8630350553185	-17.68366273324328
8.311495194527864e7	6012.546754744906	-17.69641706399074
8.499495194527864e7	6001.251732919178	-17.7091713947382
8.687495194527864e7	5989.977929642458	-17.721925725485654
8.875495194527864e7	5978.725305054114	-17.73468005623311
9.063495194527864e7	5969.1966049034945	-17.747938764351165
9.251495194527864e7	5959.749949028758	-17.76121730488699
9.439495194527864e7	5950.318243123527	-17.774495845422813
9.627495194527864e7	5940.901463528457	-17.78777438595864
9.815495194527864e7	5931.499586621677	-17.801052926494464
1.0003495194527864e8	5922.112588818658	-17.81433146703029
1.0191495194527864e8	5912.835996439366	-17.827632273742864
1.0379495194527864e8	5904.409730768093	-17.84112813774943
1.0567495194527864e8	5895.9954732014485	-17.854624001755994
1.0755495194527864e8	5887.593206626886	-17.86811986576256
1.0943495194527864e8	5879.202913956291	-17.881615729769123
1.1131495194527864e8	5870.824578125901	-17.895111593775688
1.1319495194527864e8	5862.458182096238	-17.908607457782253
1.1507495194527864e8	5854.137921393998	-17.922116248498874
1.1695495194527864e8	5847.248544610141	-17.93616191149416
1.1883495194527864e8	5840.367275512352	-17.950207574489454
1.2071495194527864e8	5833.494104559192	-17.964253237484744
1.2259495194527864e8	5826.62902222045	-17.978298900480038
1.2447495194527864e8	5819.772018977131	-17.992344563475328
1.2635495194527864e8	5812.923085321441	-18.006390226470618
1.2823495194527864e8	5806.082211756766	-18.020435889465908
1.3011495194527864e8	5799.529732866514	-18.034597181890444
1.3199495194527864e8	5793.015691389235	-18.048771292119046
1.3387495194527864e8	5786.508966494218	-18.06294540234765
1.3575495194527864e8	5780.009549963464	-18.077119512576253
1.3763495194527864e8	5773.517433588208	-18.091293622804862
1.3951495194527864e8	5767.032609168903	-18.105467733033464
1.4139495194527864e8	5760.55506851521	-18.11964184326207
1.4327495194527864e8	5754.514058257572	-18.13394038368756
1.4515495194527864e8	5748.69342573467	-18.14830103135713
1.4703495194527864e8	5742.878680722436	-18.162661679026705
1.4891495194527864e8	5737.069817265733	-18.177022326696274
1.5079495194527864e8	5731.266829415417	-18.191382974365848
1.5267495194527864e8	5725.469711228373	-18.20574362203542
1.5455495194527864e8	5719.678456767495	-18.22010426970499
1.5643495194527864e8	5714.130887684039	-18.2345780313129
1.5831495194527864e8	5709.0717251088545	-18.249281734925503
1.6019495194527864e8	5704.017041802088	-18.263985438538107
1.6207495194527864e8	5698.966833797886	-18.278689142150707
1.6395495194527864e8	5693.921097133915	-18.29339284576331
1.6583495194527864e8	5688.879827851344	-18.30809654937591
1.6771495194527864e8	5683.843021994863	-18.32280025298851
1.6959495194527864e8	5678.810675612665	-18.337503956601115
1.7147495194527864e8	5674.09886792124	-18.352282331608322
1.7335495194527864e8	5669.391641422169	-18.36706086543071
1.7523495194527864e8	5664.6883200332795	-18.381839399253096
1.7711495194527864e8	5659.988900514905	-18.396617933075483
1.7899495194527864e8	5655.2933796300795	-18.41139646689787
1.8087495194527864e8	5650.601754144459	-18.42617500072026
1.8275495194527864e8	5645.914020826454	-18.440953534542643
1.8463495194527864e8	5641.379191493616	-18.455824568643425
1.8651495194527864e8	5636.942084574255	-18.470754048085084
1.8839495194527864e8	5632.50846756704	-18.485683527526742
1.9027495194527864e8	5628.078337727073	-18.5006130069684
1.9215495194527864e8	5623.651692311588	-18.51554248641006
1.9403495194527864e8	5619.228528579985	-18.530471965851717
1.9591495194527864e8	5614.80884379381	-18.545401445293376
1.9779495194527864e8	5610.432232785286	-18.560384732943614
1.9967495194527864e8	5606.192873279961	-18.575550031748243
2.0155495194527864e8	5601.956717123018	-18.590715330552868
2.0343495194527864e8	5597.72376189394	-18.6058806293575
2.0531495194527864e8	5593.49400517404	-18.621045928162125
2.0719495194527864e8	5589.267444546456	-18.636211226966754
2.0907495194527864e8	5585.044077596157	-18.65137652577138
2.1095495194527864e8	5580.823901909921	-18.666541824576004
2.1283495194527864e8	5576.796183886822	-18.68168230697433
2.1471495194527864e8	5572.792501861628	-18.696820017025807
2.1659495194527864e8	5568.791694151593	-18.711957727077284
2.1847495194527864e8	5564.793758693166	-18.727095437128767
2.2035495194527864e8	5560.798693424345	-18.742233147180244
2.2223495194527864e8	5556.806496284531	-18.75737085723172
2.2411495194527864e8	5552.81716521468	-18.7725085672832
2.2599495194527864e8	5548.861318738256	-18.78773198637773
2.2787495194527864e8	5544.936629515934	-18.803034784612855
2.2975495194527864e8	5541.014716211889	-18.818337582847978
2.3163495194527864e8	5537.095576862713	-18.8336403810831
2.3351495194527864e8	5533.179209506387	-18.84894317931822
2.3539495194527864e8	5529.265612182304	-18.864245977553345
2.3727495194527864e8	5525.354782931237	-18.87954877578847
2.3915495194527864e8	5521.455882754001	-18.89488059580066
2.4103495194527864e8	5517.5980683338885	-18.910333917772377
2.4291495194527864e8	5513.742949349973	-18.92578723974409
2.4479495194527864e8	5509.890523918995	-18.9412405617158
2.4667495194527864e8	5506.040790158953	-18.956693883687514
2.4855495194527864e8	5502.193746189201	-18.972147205659226
2.5043495194527864e8	5498.349390130394	-18.98760052763094
2.5231495194527864e8	5494.5077201045015	-19.00305384960265
2.5419495194527864e8	5490.714249824768	-19.0185284551575
2.5607495194527864e8	5486.927360795227	-19.034004914749566
2.5795495194527864e8	5483.143083544022	-19.04948137434163
2.5983495194527864e8	5479.361416269836	-19.064957833933697
2.6171495194527864e8	5475.582357172593	-19.080434293525755
2.6359495194527864e8	5471.805904453453	-19.09591075311782
2.6547495194527864e8	5468.032056314842	-19.111387212709886
2.6735495194527864e8	5464.284013918025	-19.1268771296782
2.6923495194527864e8	5460.551198871356	-19.142374393268728
2.7111495194527864e8	5456.820933821747	-19.157871656859257
2.7299495194527864e8	5453.09321702721	-19.173368920449782
2.7487495194527864e8	5449.368046746985	-19.188866184040315
2.7675495194527864e8	5445.645421241444	-19.204363447630843
2.7863495194527864e8	5441.925338772183	-19.21986071122137
2.8051495194527864e8	5438.169099938427	-19.235450395125547
2.8239495194527864e8	5434.350885980949	-19.251194392167072
2.8427495194527864e8	5430.535352844463	-19.266938389208597
2.8615495194527864e8	5426.722498646716	-19.282682386250123
2.8803495194527864e8	5422.91232150678	-19.29842638329165
2.8991495194527864e8	5419.104819545064	-19.31417038033317
2.9179495194527864e8	5415.299990883299	-19.329914377374696
2.9367495194527864e8	5411.51159625231	-19.345640457831777
2.9555495194527864e8	5407.777268364195	-19.36129955627633
2.9743495194527864e8	5404.045517427904	-19.376958654720877
2.9931495194527864e8	5400.316341665193	-19.39261775316543
3.0119495194527864e8	5396.589739298992	-19.408276851609976
3.0307495194527864e8	5392.865708553454	-19.423935950054528
3.0495495194527864e8	5389.144247654016	-19.43959504849908
3.0683495194527864e8	5385.425354827274	-19.455254146943627
3.0871495194527864e8	5381.663394873228	-19.471046444806056
3.1059495194527864e8	5377.903749669418	-19.48683965735522
3.1247495194527864e8	5374.146730964346	-19.50263286990438
3.1435495194527864e8	5370.392336923112	-19.51842608245354
3.1623495194527864e8	5366.640565712139	-19.534219295002703
3.1811495194527864e8	5362.89141549909	-19.550012507551862
3.1999495194527864e8	5359.144884452938	-19.56580572010102
3.2187495194527864e8	5355.396978279933	-19.5817336476416
3.2375495194527864e8	5351.650863266852	-19.59768959855545
3.2563495194527864e8	5347.907368671595	-19.613645549469304
3.2751495194527864e8	5344.16649266117	-19.629601500383156
3.2939495194527864e8	5340.428233403873	-19.64555745129701
3.3127495194527864e8	5336.6925890692655	-19.661513402210858
3.3315495194527864e8	5332.9595578282215	-19.67746935312471
3.3503495194527864e8	5329.256341479102	-19.693366376204022
3.3691495194527864e8	5325.5664773735125	-19.709240030197215
3.3879495194527864e8	5321.879168051601	-19.725113684190408
3.4067495194527864e8	5318.19441174448	-19.7409873381836
3.4255495194527864e8	5314.512206684515	-19.756860992176794
3.4443495194527864e8	5310.832551105258	-19.772734646169983
3.4631495194527864e8	5307.155443241521	-19.788608300163176
3.4819495194527864e8	5303.431213795299	-19.804641099956186
3.5007495194527864e8	5299.668919172361	-19.820804335677156
3.5195495194527864e8	5295.909293549973	-19.836967571398127
3.5383495194527864e8	5292.152335034736	-19.8531308071191
3.5571495194527864e8	5288.398041734574	-19.86929404284007
3.5759495194527864e8	5284.646411758754	-19.885457278561045
3.5947495194527864e8	5280.897443217902	-19.901620514282016
3.6135495194527864e8	5277.184090705249	-19.9177555707355
3.6323495194527864e8	5273.50713612563	-19.933861717793953
3.6511495194527864e8	5269.8327435174515	-19.9499678648524
3.6699495194527864e8	5266.160911095642	-19.966074011910848
3.6887495194527864e8	5262.491637076337	-19.9821801589693
3.7075495194527864e8	5258.82491967695	-19.998286306027747
3.7263495194527864e8	5255.1607571161	-20.01439245308619
3.7451495194527864e8	5251.570180419746	-20.030165969199544
3.7639495194527864e8	5248.096576621452	-20.045402857934018
3.7827495194527864e8	5244.625270407097	-20.060639746668492
3.8015495194527864e8	5241.156260256974	-20.075876635402963
3.8203495194527864e8	5237.68954465237	-20.091113524137437
3.8391495194527864e8	5234.225122075592	-20.106350412871908
3.8579495194527864e8	5230.762991009914	-20.121587301606382
3.8767495194527864e8	5227.303149939649	-20.136824190340857
3.8955495194527864e8	5223.8455973500995	-20.152061079075327
3.9143495194527864e8	5220.390331727571	-20.1672979678098
3.9331495194527864e8	5216.937351559368	-20.182534856544272
3.9519495194527864e8	5213.4866553338	-20.197771745278747
3.9707495194527864e8	5210.03824154018	-20.21300863401322
3.9895495194527864e8	5206.592108668806	-20.22824552274769
4.0083495194527864e8	5203.148255210975	-20.24348241148217
4.0271495194527864e8	5199.713283643205	-20.25874835005642
4.0459495194527864e8	5196.299399429555	-20.274097127804307
4.0647495194527864e8	5192.887756609764	-20.289445905552196
4.0835495194527864e8	5189.478353712241	-20.304794683300088
4.1023495194527864e8	5186.071189266358	-20.320143461047977
4.1211495194527864e8	5182.666261802464	-20.335492238795865
4.1399495194527864e8	5179.263569851853	-20.350841016543754
4.1587495194527864e8	5175.863111946786	-20.366189794291643
4.1775495194527864e8	5172.4648866205025	-20.38153857203953
4.1963495194527864e8	5169.068892407199	-20.39688734978742
4.2151495194527864e8	5165.675127842032	-20.41223612753531
4.2339495194527864e8	5162.2835914611305	-20.4275849052832
4.2527495194527864e8	5158.894281801556	-20.442933683031086
4.2715495194527864e8	5155.507197401366	-20.458282460778978
4.2903495194527864e8	5152.122336799546	-20.473631238526867
4.3091495194527864e8	5148.742228871716	-20.488996714791824
4.3279495194527864e8	5145.394660304631	-20.50456242533188
4.3467495194527864e8	5142.0492682332515	-20.52012813587194
4.3655495194527864e8	5138.706051242465	-20.535693846412002
4.3843495194527864e8	5135.3650079181025	-20.55125955695206
4.4031495194527864e8	5132.026136846908	-20.566825267492117
4.4219495194527864e8	5128.689436616551	-20.582390978032176
4.4407495194527864e8	5125.354905815593	-20.597956688572236
4.4595495194527864e8	5122.022543033542	-20.61352239911229
4.4783495194527864e8	5118.692346860812	-20.62908810965235
4.4971495194527864e8	5115.3643158887335	-20.644653820192413
4.5159495194527864e8	5112.0384487095625	-20.66021953073247
4.5347495194527864e8	5108.714743916444	-20.67578524127253
4.5535495194527864e8	5105.393200103463	-20.691350951812588
4.5723495194527864e8	5102.0738158656195	-20.70691666235265
4.5911495194527864e8	5098.756589798801	-20.722482372892706
4.6099495194527864e8	5095.491604667019	-20.738101896905476
4.6287495194527864e8	5092.234741189178	-20.753727905024856
4.6475495194527864e8	5088.979959386766	-20.769353913144233
4.6663495194527864e8	5085.727257929264	-20.784979921263613
4.6851495194527864e8	5082.476635486978	-20.80060592938299
4.7039495194527864e8	5079.228090731065	-20.81623193750237
4.7227495194527864e8	5075.981622333556	-20.83185794562175
4.7415495194527864e8	5072.737228967296	-20.847483953741126
4.7603495194527864e8	5069.494909306015	-20.863109961860506
4.7791495194527864e8	5066.254662024262	-20.878735969979882
4.7979495194527864e8	5063.016485797434	-20.89436197809926
4.8167495194527864e8	5059.780379301803	-20.90998798621864
4.8355495194527864e8	5056.546341214457	-20.92561399433802
4.8543495194527864e8	5053.314370213333	-20.9412400024574
4.8731495194527864e8	5050.084464977229	-20.956866010576775
4.8919495194527864e8	5046.874580043386	-20.972610612974226
4.9107495194527864e8	5043.684031057391	-20.9884695217991
4.9295495194527864e8	5040.49549908266	-21.00432843062397
4.9483495194527864e8	5037.308982844055	-21.020187339448846
4.9671495194527864e8	5034.124481067279	-21.036046248273724
4.9859495194527864e8	5030.941992478806	-21.0519051570986
5.0047495194527864e8	5027.76151580595	-21.067764065923473
5.0235495194527864e8	5024.583049776793	-21.083622974748344
5.0423495194527864e8	5021.40659312025	-21.09948188357322
5.0611495194527864e8	5018.232144566039	-21.115340792398094
5.0799495194527864e8	5015.059702844662	-21.13119970122297
5.0987495194527864e8	5011.8892666874235	-21.147058610047843
5.1175495194527864e8	5008.720834826458	-21.16291751887272
5.1363495194527864e8	5005.554405994666	-21.178776427697596
5.1551495194527864e8	5002.389978925774	-21.19463533652247
5.1739495194527864e8	4999.229029956221	-21.210496653281446
5.1927495194527864e8	4996.133040515236	-21.226460638846408
5.2115495194527864e8	4993.038968400005	-21.242424624411367
5.2303495194527864e8	4989.946812423161	-21.25838860997633
5.2491495194527864e8	4986.85657139805	-21.274352595541288
5.2679495194527864e8	4983.768244138738	-21.290316581106246
5.2867495194527864e8	4980.681829460052	-21.306280566671205
5.3055495194527864e8	4977.597326177542	-21.32224455223617
5.3243495194527864e8	4974.514733107495	-21.33820853780113
5.3431495194527864e8	4971.434049066927	-21.35417252336609
5.3619495194527864e8	4968.355272873591	-21.370136508931047
5.380749519452786e8	4965.2784033459675	-21.38610049449601
5.399549519452786e8	4962.203439303273	-21.402064480060968
5.418349519452786e8	4959.130379565461	-21.41802846562593
5.437149519452786e8	4956.05922295319	-21.43399245119089
5.455949519452786e8	4952.989968287878	-21.44995643675585
5.474749519452786e8	4949.937416468058	-21.465946678672392
5.493549519452786e8	4946.938922997049	-21.48202953019326
5.512349519452786e8	4943.942245905195	-21.49811238171413
5.531149519452786e8	4940.94738409219	-21.514195233235
5.549949519452786e8	4937.954336458402	-21.530278084755864
5.568749519452786e8	4934.96310190487	-21.546360936276734
5.587549519452786e8	4931.973679333283	-21.5624437877976
5.606349519452786e8	4928.986067646028	-21.57852663931847
5.625149519452786e8	4926.000265746126	-21.59460949083934
5.643949519452786e8	4923.016272537274	-21.610692342360206
5.662749519452786e8	4920.034086923833	-21.626775193881073
5.681549519452786e8	4917.053707810825	-21.642858045401944
5.700349519452786e8	4914.075134103938	-21.658940896922807
5.719149519452786e8	4911.0983647095145	-21.675023748443678
5.737949519452786e8	4908.1233985345825	-21.691106599964545
5.756749519452786e8	4905.15023448681	-21.707189451485412
5.775549519452786e8	4902.178871474533	-21.723272303006283
5.794349519452786e8	4899.336726012073	-21.739490942081503
5.813149519452786e8	4896.499701867215	-21.75571328494876
5.831949519452786e8	4893.6643205378	-21.771935627816017
5.850749519452786e8	4890.83058107252	-21.788157970683272
5.869549519452786e8	4887.9984825206475	-21.804380313550528
5.888349519452786e8	4885.168023931974	-21.820602656417787
5.907149519452786e8	4882.339204356875	-21.836824999285042
5.925949519452786e8	4879.51202284625	-21.8530473421523
5.944749519452786e8	4876.686478451547	-21.869269685019553
5.963549519452786e8	4873.862570224784	-21.885492027886812
5.982349519452786e8	4871.040297218522	-21.901714370754064
6.001149519452786e8	4868.219658485859	-21.917936713621323
6.019949519452786e8	4865.400653080439	-21.934159056488582
6.038749519452786e8	4862.583280056472	-21.950381399355837
6.057549519452786e8	4859.767538468714	-21.966603742223093
6.076349519452786e8	4856.953427372451	-21.98282608509035
6.095149519452786e8	4854.159611915266	-21.999049437090495
6.113949519452786e8	4851.551234918386	-22.01528273296182
6.132749519452786e8	4848.9442595298315	-22.031516028833142
6.151549519452786e8	4846.338684996464	-22.047749324704462
6.170349519452786e8	4843.734510565529	-22.063982620575786
6.189149519452786e8	4841.131735484672	-22.080215916447106
6.207949519452786e8	4838.530359001983	-22.096449212318426
6.226749519452786e8	4835.9303803658895	-22.11268250818975
6.245549519452786e8	4833.331798825288	-22.12891580406107
6.264349519452786e8	4830.734613629443	-22.14514909993239
6.283149519452786e8	4828.138824028028	-22.161382395803713
6.301949519452786e8	4825.544429271114	-22.177615691675033
6.320749519452786e8	4822.951428609209	-22.193848987546357
6.339549519452786e8	4820.359821293155	-22.210082283417677
6.358349519452786e8	4817.769606574282	-22.226315579289
6.377149519452786e8	4815.1807837042625	-22.24254887516032
6.395949519452786e8	4812.5933519351875	-22.258782171031644
6.414749519452786e8	4810.0073105195515	-22.275015466902964
6.433549519452786e8	4807.499036836095	-22.29129261909092
6.452349519452786e8	4805.438526949529	-22.307826245983527
6.471149519452786e8	4803.378900204271	-22.324359872876137
6.489949519452786e8	4801.320156221814	-22.340893499768747
6.508749519452786e8	4799.262294623784	-22.357427126661353
6.527549519452786e8	4797.205315032	-22.373960753553963
6.546349519452786e8	4795.149217068428	-22.390494380446572
6.565149519452786e8	4793.094000355209	-22.40702800733918
6.583949519452786e8	4791.039664514618	-22.42356163423179
6.602749519452786e8	4788.986209169129	-22.440095261124398
6.621549519452786e8	4786.933633941341	-22.456628888017004
6.640349519452786e8	4784.881938454042	-22.473162514909614
6.659149519452786e8	4782.831122330171	-22.48969614180222
6.677949519452786e8	4780.781185192839	-22.50622976869483
6.696749519452786e8	4778.7321266652925	-22.52276339558744
6.715549519452786e8	4776.683946370965	-22.53929702248005
6.734349519452786e8	4774.636643933442	-22.555830649372655
6.753149519452786e8	4772.590218976473	-22.572364276265265
6.771949519452786e8	4770.544671123974	-22.58889790315787
6.790749519452786e8	4768.499999999998	-22.60543153005048
