-9.229665661597252e6	10697.82858599935	-15.405796600766475
-8.967665661597252e6	10654.977567232789	-15.409900284545138
-8.705665661597252e6	10612.298191692176	-15.414003968323797
-8.443665661597252e6	10569.789771846707	-15.418107652102458
-8.181665661597252e6	10527.45162291946	-15.42221133588112
-7.919665661597252e6	10485.28306287652	-15.426315019659782
-7.657665661597252e6	10443.283412415825	-15.430418703438441
-7.395665661597252e6	10395.407185736693	-15.434154231669794
-7.133665661597252e6	10345.108859056223	-15.437728067204635
-6.871665661597252e6	10295.053901550413	-15.441301902739475
-6.609665661597252e6	10245.241135673969	-15.444875738274316
-6.347665661597252e6	10195.66938957929	-15.448449573809153
-6.085665661597252e6	10142.201577764117	-15.451723943845641
-5.823665661597252e6	10082.214571418712	-15.45450311937918
-5.561665661597252e6	10022.582363871465	-15.45728229491272
-5.299665661597252e6	9963.302856631435	-15.46006147044626
-5.037665661597252e6	9903.706016374645	-15.462785430160068
-4.775665661597252e6	9831.804189851635	-15.464455718312887
-4.513665661597252e6	9760.424377274594	-15.466126006465704
-4.251665661597252e6	9689.562788773741	-15.467796294618523
-3.989665661597252e6	9609.917119087155	-15.468624393170899
-3.727665661597252e6	9522.64490442085	-15.468695533062956
-3.465665661597252e6	9436.16525012302	-15.468766672955013
-3.203665661597252e6	9337.892039594082	-15.46776612443905
-2.941665661597252e6	9226.950593472546	-15.465526439561579
-2.679665661597252e6	9104.288457280056	-15.461993682882866
-2.417665661597252e6	8966.470187872548	-15.456768406516066
-2.155665661597252e6	8810.862485848242	-15.44947083343793
-1.893665661597252e6	8632.826366768186	-15.439529641353824
-1.631665661597252e6	8430.296304561381	-15.426655706939343
-1.369665661597252e6	8200.201009581826	-15.410361146115669
-1.107665661597252e6	7950.975932580122	-15.391591995896087
-845665.6615972519	7707.6471535623805	-15.373464168229766
-583665.6615972519	7481.3830429197305	-15.357229058408604
-321665.6615972519	7316.5945157653905	-15.350131696352825
-59665.66159725189	7164.927527198082	-15.344594833084335
202334.3384027481	7059.786134114165	-15.346313848357862
464334.3384027481	6956.187633473704	-15.348032863631396
726334.3384027481	6870.35827495018	-15.352747929429292
988334.3384027481	6788.099957791626	-15.35793132067878
1.250334338402748e6	6710.399107727404	-15.363791169758299
1.512334338402748e6	6646.804495637969	-15.37217936284983
1.774334338402748e6	6583.812571201206	-15.380567555941358
2.036334338402748e6	6523.997496451882	-15.389475835655285
2.298334338402748e6	6473.877833572218	-15.4002443294677
2.560334338402748e6	6424.1432077206355	-15.411012823280114
2.822334338402748e6	6374.790660906109	-15.421781317092528
3.084334338402748e6	6334.187111689181	-15.434346466283408
3.346334338402748e6	6294.953945859472	-15.447151614168313
3.608334338402748e6	6255.9637853710765	-15.459956762053213
3.870334338402748e6	6218.720290324599	-15.473101307597032
4.132334338402748e6	6187.271461191191	-15.487509292401707
4.394334338402748e6	6155.981672633286	-15.501917277206385
4.656334338402748e6	6124.8501203632395	-15.516325262011064
4.918334338402748e6	6095.141507931089	-15.531037156159615
5.180334338402748e6	6070.196998282139	-15.546863406221934
5.442334338402748e6	6045.354574624262	-15.562689656284254
5.704334338402748e6	6020.613819168173	-15.578515906346576
5.966334338402748e6	5995.974315834342	-15.594342156408896
6.228334338402748e6	5975.289940003628	-15.611143408966674
6.490334338402748e6	5955.030987852831	-15.628034507061084
6.752334338402748e6	5934.840722769344	-15.644925605155493
7.014334338402748e6	5914.718911872742	-15.661816703249903
7.276334338402748e6	5895.906222142255	-15.679031416637091
7.538334338402748e6	5879.7677767959185	-15.696929895463722
7.800334338402748e6	5863.673506069799	-15.71482837429035
8.062334338402748e6	5847.623289047847	-15.732726853116977
8.324334338402748e6	5831.617005144985	-15.750625331943608
8.586334338402748e6	5816.954620519274	-15.768879491836337
8.848334338402748e6	5803.84869025706	-15.787550331623386
9.110334338402748e6	5790.77228840262	-15.806221171410435
9.372334338402748e6	5777.7253484267685	-15.824892011197484
9.634334338402748e6	5764.707803950214	-15.843562850984531
9.896334338402748e6	5752.518740191507	-15.862479508224773
1.0158334338402748e7	5741.769633257354	-15.881832003488388
1.0420334338402748e7	5731.040612011756	-15.901184498752002
1.0682334338402748e7	5720.331638922778	-15.920536994015617
1.0944334338402748e7	5709.64267652861	-15.939889489279231
1.1206334338402748e7	5699.084304241083	-15.959269399981581
1.1468334338402748e7	5690.314510922522	-15.979088495540674
1.1730334338402748e7	5681.558212627149	-15.99890759109977
1.1992334338402748e7	5672.815388588716	-16.01872668665886
1.2254334338402748e7	5664.086018072954	-16.038545782217955
1.2516334338402748e7	5655.370080377474	-16.05836487777705
1.2778334338402748e7	5647.2211776675	-16.07843462646133
1.3040334338402748e7	5639.547470368164	-16.098714487907344
1.3302334338402748e7	5631.884190459894	-16.118994349353354
1.3564334338402748e7	5624.231323773486	-16.139274210799364
1.3826334338402748e7	5616.588856158949	-16.159554072245378
1.4088334338402748e7	5608.956773485558	-16.17983393369139
1.4350334338402748e7	5602.894404992443	-16.20043884403902
1.4612334338402748e7	5597.062079376089	-16.221090384497924
1.4874334338402748e7	5591.235824911481	-16.241741924956827
1.5136334338402748e7	5585.415635278852	-16.262393465415734
1.5398334338402748e7	5579.6015041650135	-16.283045005874637
1.5660334338402748e7	5573.803837808512	-16.30370178430172
1.5922334338402748e7	5568.568402760765	-16.324638636124877
1.6184334338402748e7	5563.337885320601	-16.345575487948032
1.6446334338402748e7	5558.112280868978	-16.36651233977119
1.6708334338402748e7	5552.891584791149	-16.387449191594353
1.6970334338402748e7	5547.6757924767135	-16.40838604341751
1.7232334338402748e7	5542.509671371393	-16.429337602673822
1.7494334338402748e7	5538.294697472493	-16.450600291422955
1.7756334338402748e7	5534.0829289816165	-16.471862980172087
1.8018334338402748e7	5529.874363461111	-16.49312566892122
1.8280334338402748e7	5525.668998475177	-16.514388357670352
1.8542334338402748e7	5521.46683158987	-16.535651046419485
1.8804334338402748e7	5517.267860373094	-16.556913735168617
1.9066334338402748e7	5513.665880296409	-16.578464615335637
1.9328334338402748e7	5510.090973691249	-16.600027501091336
1.9590334338402748e7	5506.518384955455	-16.62159038684704
1.9852334338402748e7	5502.948112586194	-16.643153272602742
2.0114334338402748e7	5499.380155081581	-16.664716158358445
2.0376334338402748e7	5495.81451094073	-16.686279044114144
2.0638334338402748e7	5492.713561109099	-16.70790313954166
2.0900334338402748e7	5489.730233865016	-16.729542581947776
2.1162334338402748e7	5486.74852699334	-16.751182024353895
2.1424334338402748e7	5483.76843961396	-16.77282146676001
2.1686334338402748e7	5480.789970847269	-16.794460909166126
2.1948334338402748e7	5477.813119814129	-16.816100351572242
2.2210334338402748e7	5475.091905984938	-16.837876505194235
2.2472334338402748e7	5472.601669456547	-16.859776296918987
2.2734334338402748e7	5470.112565562662	-16.881676088643744
2.2996334338402748e7	5467.624593788118	-16.9035758803685
2.3258334338402748e7	5465.1377536179925	-16.92547567209325
2.3520334338402748e7	5462.652044537598	-16.947375463818005
2.3782334338402748e7	5460.246299341665	-16.96928219203158
2.4044334338402748e7	5458.13040000527	-16.991214340699536
2.4306334338402748e7	5456.015320600743	-17.01314648936749
2.4568334338402748e7	5453.901060810363	-17.035078638035444
2.4830334338402748e7	5451.787620316529	-17.0570107867034
2.5092334338402748e7	5449.674998801738	-17.07894293537135
2.5354334338402748e7	5447.563195948636	-17.100875084039306
2.5616334338402748e7	5445.733240608539	-17.12299548848336
2.5878334338402748e7	5443.962269623179	-17.145155005488288
2.6140334338402748e7	5442.191874563602	-17.16731452249321
2.6402334338402748e7	5440.422055242533	-17.189474039498137
2.6664334338402748e7	5438.6528114727225	-17.21163355650306
2.6926334338402748e7	5436.884143067017	-17.233793073507986
2.7188334338402748e7	5435.222714144685	-17.25595973228641
2.7450334338402748e7	5433.695635770061	-17.278135355134587
2.7712334338402748e7	5432.168986442882	-17.300310977982765
2.7974334338402748e7	5430.6427660425825	-17.322486600830942
2.8236334338402748e7	5429.1169744486615	-17.34466222367912
2.8498334338402748e7	5427.591611540651	-17.366837846527297
2.8760334338402748e7	5426.071040384035	-17.389015316220707
2.9022334338402748e7	5424.746123729113	-17.41127544368827
2.9284334338402748e7	5423.421530587111	-17.43353557115584
2.9546334338402748e7	5422.097260879045	-17.455795698623408
2.9808334338402748e7	5420.773314525942	-17.478055826090973
3.0070334338402748e7	5419.449691448844	-17.50031595355854
3.0332334338402748e7	5418.126391568825	-17.52257608102611
3.0594334338402748e7	5416.901056240984	-17.54492494491809
3.0856334338402748e7	5415.740498975074	-17.567332439579257
3.1118334338402748e7	5414.580190355613	-17.589739934240423
3.1380334338402748e7	5413.420130329321	-17.61214742890159
3.1642334338402748e7	5412.260318842938	-17.63455492356276
3.1904334338402748e7	5411.100755843215	-17.656962418223927
3.2166334338402748e7	5409.965535415777	-17.679360982704708
3.2428334338402748e7	5408.914465521721	-17.701728439937142
3.2690334338402748e7	5407.863599833757	-17.724095897169576
3.2952334338402748e7	5406.812938312202	-17.74646335440201
3.3214334338402748e7	5405.762480917409	-17.768830811634444
3.3476334338402748e7	5404.712227609701	-17.79119826886688
3.373833433840275e7	5403.662178349435	-17.81356572609931
3.400033433840275e7	5402.680677336573	-17.836059271110592
3.426233433840275e7	5401.711837828677	-17.858575850349336
3.452433433840275e7	5400.743172058607	-17.88109242958808
3.478633433840275e7	5399.774679995216	-17.903609008826827
3.504833433840275e7	5398.806361607344	-17.92612558806557
3.531033433840275e7	5397.838216863839	-17.948642167304314
3.557233433840275e7	5396.874998598767	-17.971134382585653
3.583433433840275e7	5395.915882771666	-17.99360644561842
3.609633433840275e7	5394.956937395635	-18.016078508651184
3.635833433840275e7	5393.998162440401	-18.03855057168395
3.662033433840275e7	5393.039557875658	-18.06102263471671
3.688233433840275e7	5392.081123671144	-18.083494697749472
3.714433433840275e7	5391.1190127727705	-18.105979920327616
3.740633433840275e7	5390.147621305329	-18.12849748206566
3.766833433840275e7	5389.176404866752	-18.151015043803707
3.793033433840275e7	5388.205363425491	-18.17353260554175
3.819233433840275e7	5387.234496950005	-18.196050167279793
3.845433433840275e7	5386.263805408789	-18.218567729017842
3.871633433840275e7	5385.287467332633	-18.241097936638653
3.897833433840275e7	5384.2641959120865	-18.263730500851008
3.924033433840275e7	5383.241118925804	-18.286363065063362
3.950233433840275e7	5382.218236336839	-18.30899562927572
3.976433433840275e7	5381.195548108245	-18.331628193488072
4.002633433840275e7	5380.173054203119	-18.35426075770043
4.028833433840275e7	5379.153263364131	-18.376890410429084
4.055033433840275e7	5378.183223649062	-18.399462539787322
4.081233433840275e7	5377.213358864311	-18.422034669145564
4.107433433840275e7	5376.243668978344	-18.444606798503802
4.133633433840275e7	5375.27415395962	-18.46717892786204
4.159833433840275e7	5374.304813776614	-18.48975105722028
4.186033433840275e7	5373.296689054695	-18.512237313564807
4.212233433840275e7	5371.741148798937	-18.533516263845453
4.238433433840275e7	5370.186058863638	-18.554795214126095
4.264633433840275e7	5368.631419118454	-18.576074164406737
4.290833433840275e7	5367.077229433045	-18.59735311468738
4.317033433840275e7	5365.523489677114	-18.618632064968025
4.343233433840275e7	5363.9701997204265	-18.63991101524867
4.369433433840275e7	5362.41735943275	-18.66118996552931
4.395633433840275e7	5360.864968683936	-18.682468915809956
4.421833433840275e7	5359.313027343807	-18.7037478660906
4.448033433840275e7	5357.76153528229	-18.725026816371244
4.474233433840275e7	5356.210492369312	-18.746305766651886
4.500433433840275e7	5354.659898474839	-18.767584716932532
4.526633433840275e7	5352.7347242943015	-18.788844659912733
4.552833433840275e7	5350.69690591117	-18.810098856429466
4.579033433840275e7	5348.659863337774	-18.8313530529462
4.605233433840275e7	5346.623596278769	-18.85260724946293
4.631433433840275e7	5344.588104438928	-18.873861445979664
4.657633433840275e7	5342.553387523085	-18.895115642496393
4.683833433840275e7	5340.51944523624	-18.91636983901313
4.710033433840275e7	5338.486277283496	-18.93762403552986
4.736233433840275e7	5336.453883370051	-18.958878232046594
4.762433433840275e7	5334.422263201212	-18.980132428563326
4.788633433840275e7	5332.391416482423	-19.00138662508006
4.814833433840275e7	5330.361342919232	-19.02264082159679
4.841033433840275e7	5327.746771729648	-19.043880412695348
4.867233433840275e7	5325.047031540795	-19.06511784520391
4.893433433840275e7	5322.348659396896	-19.086355277712467
4.919633433840275e7	5319.65165460472	-19.107592710221027
4.945833433840275e7	5316.956016471383	-19.128830142729583
4.972033433840275e7	5314.261744304358	-19.150067575238143
4.998233433840275e7	5311.568837411474	-19.171305007746703
5.024433433840275e7	5308.877295100885	-19.19254244025526
5.050633433840275e7	5306.1871166811125	-19.21377987276382
5.076833433840275e7	5303.498301461057	-19.23501730527238
5.103033433840275e7	5300.810848749915	-19.25625473778094
5.129233433840275e7	5297.900920077337	-19.277461689229945
5.155433433840275e7	5294.600252311009	-19.298615181885616
5.181633433840275e7	5291.301640907732	-19.31976867454129
5.207833433840275e7	5288.005084586364	-19.340922167196965
5.234033433840275e7	5284.710582066558	-19.36207565985264
5.260233433840275e7	5281.4181320687685	-19.383229152508314
5.286433433840275e7	5278.1277333142425	-19.404382645163988
5.312633433840275e7	5274.839384525028	-19.425536137819662
5.338833433840275e7	5271.553084423967	-19.44668963047534
5.365033433840275e7	5268.268831734698	-19.46784312313101
5.391233433840275e7	5264.986625181654	-19.488996615786686
5.417433433840275e7	5261.621043059611	-19.510143155070136
5.443633433840275e7	5257.6316838756575	-19.531238706643062
5.469833433840275e7	5253.645349422403	-19.552334258215986
5.496033433840275e7	5249.662037406499	-19.573429809788912
5.522233433840275e7	5245.6817455363325	-19.59452536136184
5.548433433840275e7	5241.704471522042	-19.615620912934762
5.574633433840275e7	5237.730213075461	-19.636716464507685
5.600833433840275e7	5233.758967910224	-19.657812016080612
5.627033433840275e7	5229.790733741626	-19.67890756765354
5.653233433840275e7	5225.825508286767	-19.700003119226466
5.679433433840275e7	5221.863289264414	-19.72109867079939
5.705633433840275e7	5217.871813299158	-19.74219584750842
5.731833433840275e7	5213.264472490535	-19.763324227582437
5.758033433840275e7	5208.661199928514	-19.784452607656455
5.784233433840275e7	5204.061992020885	-19.805580987730472
5.810433433840275e7	5199.466845178577	-19.82670936780449
5.836633433840275e7	5194.875755815704	-19.847837747878508
5.862833433840275e7	5190.288720349541	-19.868966127952525
5.889033433840275e7	5185.705735200519	-19.890094508026543
5.915233433840275e7	5181.126796792248	-19.91122288810056
5.941433433840275e7	5176.5519015514965	-19.93235126817458
5.967633433840275e7	5171.981045908169	-19.953479648248596
5.993833433840275e7	5167.406971997362	-19.974605616894873
6.020033433840275e7	5162.458476131418	-19.995605661793654
6.046233433840275e7	5157.514719124144	-20.01660570669243
6.072433433840275e7	5152.575696437448	-20.03760575159121
6.098633433840275e7	5147.641403537555	-20.05860579648999
6.124833433840275e7	5142.711835895057	-20.07960584138877
6.151033433840275e7	5137.78698898489	-20.100605886287546
6.177233433840275e7	5132.8668582862965	-20.121605931186327
6.203433433840275e7	5127.951439282854	-20.142605976085104
6.229633433840275e7	5123.040727462483	-20.163606020983885
6.255833433840275e7	5118.134718317414	-20.184606065882658
6.282033433840275e7	5113.233407344204	-20.20560611078144
6.308233433840275e7	5108.322442886657	-20.226711273510396
6.334433433840275e7	5103.409663171225	-20.247864340253308
6.360633433840275e7	5098.501608178	-20.269017406996216
6.386833433840275e7	5093.598273363137	-20.290170473739124
6.413033433840275e7	5088.699654187124	-20.311323540482036
6.439233433840275e7	5083.805746114852	-20.332476607224947
6.465433433840275e7	5078.916544615544	-20.353629673967855
6.491633433840275e7	5074.032045162792	-20.374782740710764
6.517833433840275e7	5069.152243234533	-20.39593580745367
6.544033433840275e7	5064.277134313075	-20.417088874196583
6.570233433840275e7	5059.4067138850405	-20.43824194093949
6.596433433840275e7	5054.540977441425	-20.4593950076824
6.622633433840275e7	5049.93592427954	-20.480523952151334
6.648833433840275e7	5045.36708076532	-20.50164987738651
6.675033433840275e7	5040.802370834449	-20.522775802621688
6.701233433840275e7	5036.24179074714	-20.54390172785687
6.727433433840275e7	5031.685336766978	-20.565027653092045
6.753633433840275e7	5027.133005160956	-20.586153578327227
6.779833433840275e7	5022.584792199406	-20.607279503562403
6.806033433840275e7	5018.040694156076	-20.628405428797585
6.832233433840275e7	5013.5007073080615	-20.649531354032764
6.858433433840275e7	5008.964827935802	-20.670657279267942
6.884633433840275e7	5004.4330523231565	-20.69178320450312
6.910833433840275e7	4999.9053767573	-20.712909129738296
6.937033433840275e7	4995.487659429856	-20.734066838107722
6.963233433840275e7	4991.741766414551	-20.755425239540845
6.989433433840275e7	4987.998682277067	-20.776783640973967
7.015633433840275e7	4984.258404911149	-20.798142042407093
7.041833433840275e7	4980.520932212125	-20.819500443840216
7.068033433840275e7	4976.786262076894	-20.84085884527334
7.094233433840275e7	4973.054392403962	-20.862217246706464
7.120433433840275e7	4969.325321093363	-20.88357564813959
7.146633433840275e7	4965.599046046729	-20.90493404957271
7.172833433840275e7	4961.875565167285	-20.926292451005832
7.199033433840275e7	4958.1548763598	-20.947650852438958
7.225233433840275e7	4954.436977530625	-20.96900925387208
7.251433433840275e7	4950.72186658768	-20.990367655305203
7.277633433840275e7	4947.009541440453	-21.01172605673833
7.303833433840275e7	4943.300000000001	-21.03308445817145
