-3.1157639081130266e7	11570.135646316514	-17.117666708727434
-3.0793139081130266e7	11550.075032518844	-17.116955443772838
-3.0428639081130266e7	11530.049200355395	-17.11624417881824
-3.0064139081130266e7	11510.058089520853	-17.115532913863643
-2.9699639081130266e7	11490.101639814415	-17.114821648909043
-2.9335139081130266e7	11470.17979113966	-17.114110383954447
-2.8970639081130266e7	11450.29248350441	-17.113399118999848
-2.8606139081130266e7	11430.439657020494	-17.112687854045248
-2.8241639081130266e7	11410.62125190354	-17.111976589090652
-2.7877139081130266e7	11390.83720847283	-17.111265324136053
-2.7512639081130266e7	11371.087467151168	-17.110554059181457
-2.7148139081130266e7	11351.37196846465	-17.109842794226857
-2.6783639081130266e7	11331.690653042448	-17.109131529272258
-2.6419139081130266e7	11312.043461616673	-17.10842026431766
-2.6054639081130266e7	11292.430335022264	-17.107708999363062
-2.5690139081130266e7	11272.85121419665	-17.106997734408466
-2.5325639081130266e7	11253.306040179754	-17.106286469453867
-2.4961139081130266e7	11233.79475411364	-17.105575204499267
-2.4596639081130266e7	11211.390176032808	-17.1045173046339
-2.4232139081130266e7	11187.636844033828	-17.103294029787584
-2.3867639081130266e7	11163.933837710116	-17.102070754941263
-2.3503139081130266e7	11140.2810504377	-17.10084748009494
-2.3138639081130266e7	11116.678375818574	-17.09962420524862
-2.2774139081130266e7	11093.125707680152	-17.0984009304023
-2.2409639081130266e7	11069.622940074718	-17.09717765555598
-2.2045139081130266e7	11046.16996727916	-17.095954380709657
-2.1680639081130266e7	11022.766683794223	-17.09473110586334
-2.1316139081130266e7	10999.412984344252	-17.09350783101702
-2.0951639081130266e7	10976.108763876611	-17.0922845561707
-2.0587139081130266e7	10952.853917561244	-17.09106128132438
-2.0222639081130266e7	10929.648340790192	-17.089838006478058
-1.9858139081130266e7	10905.197134914108	-17.088457648997874
-1.9493639081130266e7	10876.462363017716	-17.086549662444106
-1.9129139081130266e7	10847.803306131875	-17.08464167589034
-1.8764639081130266e7	10819.219764750449	-17.082733689336578
-1.8400139081130266e7	10790.71153989301	-17.08082570278281
-1.8035639081130266e7	10762.278433103435	-17.078917716229043
-1.7671139081130266e7	10733.920246448504	-17.07700972967528
-1.7306639081130266e7	10705.636782516609	-17.07510174312151
-1.6942139081130266e7	10677.427844416266	-17.073193756567747
-1.6577639081130266e7	10649.293235774741	-17.07128577001398
-1.6213139081130266e7	10621.232760736846	-17.069377783460215
-1.5848639081130266e7	10586.489024198285	-17.066631405262346
-1.5484139081130266e7	10551.101717430456	-17.063790733768492
-1.5119639081130266e7	10515.832699311282	-17.060950062274642
-1.4755139081130266e7	10480.6815744389	-17.058109390780793
-1.4390639081130266e7	10445.647948733262	-17.05526871928694
-1.4026139081130266e7	10410.731429431607	-17.052428047793093
-1.3661639081130266e7	10375.931625083946	-17.04958737629924
-1.3297139081130266e7	10341.248145548927	-17.04674670480539
-1.2932639081130266e7	10297.86634421136	-17.04280060801716
-1.2568139081130266e7	10253.16877843418	-17.038665787355256
-1.2203639081130266e7	10208.665221038875	-17.034530966693357
-1.1839139081130266e7	10164.35482993819	-17.030396146031457
-1.1474639081130266e7	10120.236766699862	-17.026261325369557
-1.1110139081130266e7	10076.310196530841	-17.022126504707654
-1.0745639081130266e7	10026.20530397836	-17.0171992432824
-1.0381139081130266e7	9971.01941722492	-17.011605091604952
-1.0016639081130266e7	9916.137282689218	-17.006010939927503
-9.652139081130266e6	9852.643029878163	-16.999316640022343
-9.287639081130266e6	9788.906389822232	-16.992541694662215
-8.923139081130266e6	9719.00885765318	-16.98497005167567
-8.558639081130266e6	9644.617796106157	-16.976788566670958
-8.194139081130266e6	9565.166368566157	-16.967935803385984
-7.829639081130266e6	9477.380246488105	-16.9580014577925
-7.465139081130266e6	9384.356496076798	-16.947387531970833
-7.100639081130266e6	9279.51143948324	-16.935325950948155
-6.736139081130266e6	9168.715131045745	-16.922504008014066
-6.371639081130266e6	9042.366613239643	-16.907856415368087
-6.007139081130266e6	8913.16822587742	-16.892818944967903
-5.642639081130266e6	8764.344669467277	-16.875928925417846
-5.278139081130266e6	8618.006026432633	-16.85903890586779
-4.913639081130266e6	8482.011279220611	-16.84469959096781
-4.549139081130266e6	8352.703141730337	-16.831848626201634
-4.184639081130266e6	8225.366304898687	-16.818997661435453
-3.820139081130266e6	8106.355349180682	-16.80727290623181
-3.455639081130266e6	8033.381578538764	-16.803454813489154
-3.091139081130266e6	7961.064721019011	-16.7996367207465
-2.726639081130266e6	7889.3988630603135	-16.795818628003843
-2.362139081130266e6	7818.378144335771	-16.792000535261188
-1.9976390811302662e6	7759.555287845876	-16.790338334700454
-1.6331390811302662e6	7705.096752981869	-16.789412427431813
-1.2686390811302662e6	7651.02042198257	-16.788486520163172
-904139.0811302662	7597.323612443948	-16.78756061289453
-539639.0811302662	7544.0036607877655	-16.786634705625893
-175139.0811302662	7497.1296959055635	-16.78681462358233
189360.9188697338	7457.459266872418	-16.788260216968474
553860.9188697338	7417.998750566345	-16.78970581035462
918360.9188697338	7378.7470362518625	-16.791151403740766
1.2828609188697338e6	7339.703019070857	-16.79259699712691
1.6473609188697338e6	7300.865600011477	-16.794042590513058
2.0118609188697338e6	7264.641938695541	-16.79594686424004
2.376360918869734e6	7234.1936767916295	-16.79892162283389
2.740860918869734e6	7203.873032554314	-16.80189638142774
3.105360918869734e6	7173.67947110024	-16.804871140021586
3.469860918869734e6	7143.612459787899	-16.807845898615433
3.834360918869734e6	7113.671468208234	-16.810820657209277
4.198860918869734e6	7083.855968175305	-16.813795415803124
4.563360918869734e6	7055.804448923972	-16.817093758300754
4.927860918869734e6	7032.182826483822	-16.8212477738539
5.292360918869734e6	7008.6402851818675	-16.82540178940705
5.656860918869734e6	6985.17656026803	-16.8295558049602
6.021360918869734e6	6961.791387878566	-16.83370982051335
6.385860918869734e6	6938.484505033092	-16.837863836066497
6.750360918869734e6	6915.255649631688	-16.842017851619648
7.114860918869734e6	6892.104560451838	-16.8461718671728
7.479360918869734e6	6870.918411170284	-16.850712754564697
7.843860918869734e6	6852.2674862879385	-16.855761343829805
8.208360918869734e6	6833.667188844044	-16.860809933094913
8.572860918869734e6	6815.117381411794	-16.86585852236002
8.937360918869734e6	6796.617926937348	-16.87090711162513
9.301860918869734e6	6778.16868873898	-16.87595570089024
9.666360918869734e6	6759.769530505924	-16.881004290155346
1.0030860918869734e7	6741.420316297474	-16.886052879420458
1.0395360918869734e7	6723.120910541892	-16.891101468685566
1.0759860918869734e7	6707.524786752799	-16.896746798616643
1.1124360918869734e7	6692.553109795936	-16.9025246930104
1.1488860918869734e7	6677.614850697067	-16.90830258740415
1.1853360918869734e7	6662.709934865146	-16.914080481797907
1.2217860918869734e7	6647.838287875609	-16.919858376191662
1.2582360918869734e7	6632.999835470008	-16.925636270585414
1.2946860918869734e7	6618.194503555649	-16.93141416497917
1.3311360918869734e7	6603.42221820523	-16.937192059372926
1.3675860918869734e7	6588.682905656423	-16.942969953766678
1.4040360918869734e7	6575.288882358063	-16.949054014913017
1.4404860918869734e7	6563.105123697748	-16.955414575586992
1.4769360918869734e7	6550.9439410759305	-16.961775136260968
1.5133860918869734e7	6538.805292660121	-16.968135696934944
1.5498360918869734e7	6526.689136695264	-16.974496257608916
1.5862860918869734e7	6514.595431503709	-16.980856818282888
1.6227360918869734e7	6502.524135485066	-16.987217378956863
1.6591860918869734e7	6490.475207115962	-16.99357793963084
1.6956360918869734e7	6478.448604950008	-16.999938500304815
1.7320860918869734e7	6466.444287617618	-17.00629906097879
1.7685360918869734e7	6455.682200609476	-17.01294494726383
1.8049860918869734e7	6445.735766405896	-17.019777687932738
1.8414360918869734e7	6435.804656927144	-17.026610428601643
1.8778860918869734e7	6425.888848562046	-17.033443169270548
1.9143360918869734e7	6415.988317735765	-17.040275909939453
1.9507860918869734e7	6406.1030409098175	-17.047108650608358
1.9872360918869734e7	6396.232994581988	-17.053941391277263
2.0236860918869734e7	6386.378155286248	-17.060774131946168
2.0601360918869734e7	6376.538499592725	-17.067606872615077
2.0965860918869734e7	6366.714004107677	-17.074439613283978
2.1330360918869734e7	6357.071681035324	-17.081315351377828
2.1694860918869734e7	6348.769919778667	-17.08853288835879
2.2059360918869734e7	6340.47899987215	-17.095750425339755
2.2423860918869734e7	6332.198907157938	-17.10296796232072
2.2788360918869734e7	6323.92962749672	-17.11018549930168
2.3152860918869734e7	6315.671146767613	-17.117403036282642
2.3517360918869734e7	6307.4234508681775	-17.124620573263606
2.3881860918869734e7	6299.186525714432	-17.13183811024457
2.4246360918869734e7	6290.960357240713	-17.13905564722553
2.4610860918869734e7	6282.7449313997895	-17.146273184206493
2.4975360918869734e7	6274.540234162765	-17.153490721187456
2.5339860918869734e7	6266.51654403944	-17.160753549079395
2.5704360918869734e7	6259.65491530059	-17.16832306919632
2.6068860918869734e7	6252.800799818696	-17.175892589313246
2.6433360918869734e7	6245.9541893669675	-17.18346210943017
2.6797860918869734e7	6239.115075727656	-17.191031629547098
2.7162360918869734e7	6232.283450692012	-17.19860114966402
2.7526860918869734e7	6225.459306060237	-17.206170669780946
2.7891360918869734e7	6218.642633641549	-17.213740189897873
2.8255860918869734e7	6211.83342525413	-17.221309710014797
2.8620360918869734e7	6205.031672725103	-17.228879230131724
2.8984860918869734e7	6198.237367890538	-17.236448750248652
2.9349360918869734e7	6191.450502595466	-17.244018270365572
2.9713860918869734e7	6185.364514715294	-17.2517852091007
3.0078360918869734e7	6179.525537178614	-17.25962082894096
3.0442860918869734e7	6173.69207163052	-17.267456448781225
3.0807360918869734e7	6167.864112867713	-17.275292068621482
3.1171860918869734e7	6162.041655691791	-17.283127688461747
3.1536360918869734e7	6156.224694909274	-17.290963308302004
3.1900860918869734e7	6150.413225331552	-17.29879892814227
3.2265360918869734e7	6144.607241774942	-17.306634547982526
3.2629860918869734e7	6138.8067390606575	-17.314470167822787
3.2994360918869734e7	6133.011712014768	-17.32230578766305
3.3358860918869734e7	6127.222155468259	-17.330141407503312
3.3723360918869734e7	6121.458666738492	-17.337982817872582
3.4087860918869734e7	6116.414917948396	-17.346025171424
3.4452360918869734e7	6111.375324932793	-17.354067524975417
3.4816860918869734e7	6106.339884267562	-17.36210987852683
3.5181360918869734e7	6101.308592531394	-17.370152232078247
3.5545860918869734e7	6096.281446305797	-17.378194585629668
3.5910360918869734e7	6091.2584421751035	-17.38623693918108
3.6274860918869734e7	6086.239576726434	-17.3942792927325
3.6639360918869734e7	6081.224846549761	-17.402321646283916
3.7003860918869734e7	6076.214248237824	-17.410363999835333
3.7368360918869734e7	6071.207778386201	-17.41840635338675
3.7732860918869734e7	6066.205433593266	-17.426448706938167
3.8097360918869734e7	6061.216861119428	-17.434494581615084
3.8461860918869734e7	6056.741977250053	-17.442726528230235
3.8826360918869734e7	6052.270397104354	-17.45095847484539
3.9190860918869734e7	6047.802118243251	-17.45919042146054
3.9555360918869734e7	6043.33713822948	-17.46742236807569
3.9919860918869734e7	6038.87545462754	-17.475654314690846
4.0284360918869734e7	6034.417065003764	-17.483886261305997
4.0648860918869734e7	6029.961966926267	-17.49211820792115
4.1013360918869734e7	6025.510157964963	-17.5003501545363
4.1377860918869734e7	6021.061635691557	-17.508582101151454
4.1742360918869734e7	6016.616397679561	-17.516814047766605
4.2106860918869734e7	6012.174441504242	-17.525045994381756
4.2471360918869734e7	6007.735764742694	-17.53327794099691
4.2835860918869734e7	6003.915937171746	-17.541691567773647
4.3200360918869734e7	6000.262980996901	-17.55015375593506
4.3564860918869734e7	5996.612247386267	-17.558615944096474
4.3929360918869734e7	5992.963734987615	-17.567078132257887
4.4293860918869734e7	5989.317442449462	-17.5755403204193
4.4658360918869734e7	5985.673368421191	-17.584002508580713
4.5022860918869734e7	5982.031511553008	-17.592464696742127
4.5387360918869734e7	5978.391870495909	-17.60092688490354
4.5751860918869734e7	5974.754443901738	-17.609389073064953
4.6116360918869734e7	5971.119230423164	-17.617851261226367
4.6480860918869734e7	5967.486228713631	-17.62631344938778
4.6845360918869734e7	5963.855437427477	-17.634775637549193
4.7209860918869734e7	5960.3514015281235	-17.64329081726893
4.7574360918869734e7	5957.012012782968	-17.65187521356245
4.7938860918869734e7	5953.674494987433	-17.660459609855977
4.8303360918869734e7	5950.338847093286	-17.669044006149498
4.8667860918869734e7	5947.005068052884	-17.677628402443023
4.9032360918869734e7	5943.673156819169	-17.68621279873655
4.9396860918869734e7	5940.34311234566	-17.69479719503007
4.9761360918869734e7	5937.014933586494	-17.70338159132359
5.0125860918869734e7	5933.688619496363	-17.711965987617116
5.0490360918869734e7	5930.364169030552	-17.720550383910638
5.0854860918869734e7	5927.041581144935	-17.729134780204163
5.1219360918869734e7	5923.72085479597	-17.737719176497684
5.1583860918869734e7	5920.401988940699	-17.74630357279121
5.1948360918869734e7	5917.1955154000925	-17.75493779858351
5.2312860918869734e7	5913.990844740317	-17.76357205426409
5.2677360918869734e7	5910.787909685527	-17.772206309944664
5.3041860918869734e7	5907.586709295732	-17.78084056562524
5.3406360918869734e7	5904.387242631485	-17.789474821305816
5.3770860918869734e7	5901.1895087538105	-17.798109076986393
5.4135360918869734e7	5897.993506724258	-17.80674333266697
5.4499860918869734e7	5894.799235604882	-17.815377588347545
5.4864360918869734e7	5891.606694458245	-17.82401184402812
5.5228860918869734e7	5888.415882347418	-17.832646099708697
5.5593360918869734e7	5885.226798335981	-17.841280355389273
5.5957860918869734e7	5882.039441488006	-17.84991461106985
5.6322360918869734e7	5879.002816216016	-17.85861253259104
5.6686860918869734e7	5876.146842622428	-17.867387009114246
5.7051360918869734e7	5873.292256438489	-17.87616148563745
5.7415860918869734e7	5870.439056990184	-17.88493596216066
5.7780360918869734e7	5867.587243603869	-17.89371043868387
5.8144860918869734e7	5864.736815606186	-17.902484915207072
5.8509360918869734e7	5861.887772324132	-17.911259391730283
5.8873860918869734e7	5859.040113085025	-17.920033868253487
5.9238360918869734e7	5856.193837216508	-17.928808344776694
5.9602860918869734e7	5853.34894404656	-17.937582821299905
5.9967360918869734e7	5850.505432903456	-17.94635729782311
6.0331860918869734e7	5847.663303115828	-17.955131774346317
6.0696360918869734e7	5844.822554012636	-17.963906250869524
6.1060860918869734e7	5842.144708882095	-17.97276679000715
6.1425360918869734e7	5839.488777282462	-17.98163835621566
6.1789860918869734e7	5836.834053111448	-17.990509922424174
6.2154360918869734e7	5834.180535820128	-17.999381488632682
6.2518860918869734e7	5831.528224859834	-18.008253054841195
6.2883360918869734e7	5828.87711968215	-18.017124621049703
6.3247860918869734e7	5826.227219738897	-18.025996187258215
6.3612360918869734e7	5823.578524482187	-18.034867753466727
6.3976860918869734e7	5820.93103336431	-18.043739319675236
6.4341360918869734e7	5818.284745837876	-18.052610885883748
6.4705860918869734e7	5815.639661355702	-18.061482452092257
6.5070360918869734e7	5812.995779370866	-18.07035401830077
6.5434860918869734e7	5810.396820308621	-18.0792473851365
6.5799360918869734e7	5807.8916683269845	-18.088186967801654
6.6163860918869734e7	5805.387596441352	-18.09712655046681
6.6528360918869734e7	5802.8846041860525	-18.106066133131964
6.6892860918869734e7	5800.382691095601	-18.11500571579712
6.725736091886973e7	5797.881856704717	-18.123945298462278
6.762186091886973e7	5795.3821005483205	-18.13288488112743
6.798636091886973e7	5792.883422161539	-18.141824463792588
6.835086091886973e7	5790.385821079672	-18.15076404645774
6.871536091886973e7	5787.889296838251	-18.159703629122895
6.907986091886973e7	5785.393848972995	-18.16864321178805
6.944436091886973e7	5782.899477019825	-18.17758279445321
6.980886091886973e7	5780.406180514863	-18.18652237711836
7.017336091886973e7	5777.974065150707	-18.195521135346613
7.053786091886973e7	5775.562279284022	-18.204538908718018
7.090236091886973e7	5773.15150012159	-18.213556682089422
7.126686091886973e7	5770.741727243214	-18.222574455460826
7.163136091886973e7	5768.332960228828	-18.231592228832227
7.199586091886973e7	5765.925198658615	-18.24061000220363
7.236036091886973e7	5763.518442112852	-18.249627775575036
7.272486091886973e7	5761.112690172074	-18.25864554894644
7.308936091886973e7	5758.707942416905	-18.267663322317844
7.345386091886973e7	5756.304198428219	-18.27668109568925
7.381836091886973e7	5753.901457787025	-18.28569886906065
7.418286091886973e7	5751.499720074513	-18.294716642432057
7.454736091886973e7	5749.118466147985	-18.303747173831955
7.491186091886973e7	5746.796498227609	-18.31281590075521
7.527636091886973e7	5744.475468109273	-18.321884627678465
7.564086091886973e7	5742.155375414204	-18.33095335460172
7.600536091886973e7	5739.836219763815	-18.340022081524978
7.636986091886973e7	5737.518000779629	-18.349090808448235
7.673436091886973e7	5735.200718083373	-18.35815953537149
7.709886091886973e7	5732.884371296857	-18.36722826229475
7.746336091886973e7	5730.568960042103	-18.376296989218005
7.782786091886973e7	5728.254483941277	-18.385365716141262
7.819236091886973e7	5725.940942616666	-18.39443444306452
7.855686091886973e7	5723.628335690751	-18.403503169987776
7.892136091886973e7	5721.316662786124	-18.412571896911036
7.928586091886973e7	5719.016202275319	-18.42169063375402
7.965036091886973e7	5716.719625063744	-18.43082376967452
8.001486091886973e7	5714.423970085407	-18.439956905595025
8.037936091886973e7	5712.129236969979	-18.44909004151553
8.074386091886973e7	5709.835425347277	-18.458223177436032
8.110836091886973e7	5707.54253484725	-18.467356313356536
8.147286091886973e7	5705.250565099994	-18.47648944927704
8.183736091886973e7	5702.959515735773	-18.485622585197543
8.220186091886973e7	5700.6693863850005	-18.494755721118047
8.256636091886973e7	5698.380176678207	-18.503888857038547
8.293086091886973e7	5696.091886246104	-18.513021992959054
8.329536091886973e7	5693.80451471955	-18.522155128879557
8.365986091886973e7	5691.5211309615	-18.531297797154405
8.402436091886973e7	5689.243547819358	-18.540455642958104
8.438886091886973e7	5686.966876100506	-18.549613488761803
8.475336091886973e7	5684.691115440239	-18.558771334565503
8.511786091886973e7	5682.416265473956	-18.5679291803692
8.548236091886973e7	5680.142325837244	-18.5770870261729
8.584686091886973e7	5677.869296165807	-18.586244871976596
8.621136091886973e7	5675.597176095491	-18.595402717780296
8.657586091886973e7	5673.32596526233	-18.604560563583995
8.694036091886973e7	5671.0556633024335	-18.613718409387694
8.730486091886973e7	5668.786269852128	-18.62287625519139
8.766936091886973e7	5666.517784547832	-18.63203410099509
8.803386091886973e7	5664.250224595703	-18.641193742489417
8.839836091886973e7	5661.984354128577	-18.65043334823739
8.876286091886973e7	5659.719390077794	-18.659672953985357
8.912736091886973e7	5657.45533208077	-18.668912559733325
8.949186091886973e7	5655.1921797750465	-18.678152165481293
8.985636091886973e7	5652.92993279831	-18.687391771229265
9.022086091886973e7	5650.66859078841	-18.696631376977237
9.058536091886973e7	5648.408153383344	-18.7058709827252
9.094986091886973e7	5646.148620221234	-18.715110588473173
9.131436091886973e7	5643.889990940343	-18.724350194221145
9.167886091886973e7	5641.632265179113	-18.733589799969113
9.204336091886973e7	5639.375442576088	-18.74282940571708
9.240786091886973e7	5637.119522769999	-18.752069011465053
9.277236091886973e7	5634.864792842722	-18.76132032809801
9.313686091886973e7	5632.611050755118	-18.770575149699745
9.350136091886973e7	5630.358210082836	-18.77982997130148
9.386586091886973e7	5628.10627046532	-18.78908479290322
9.423036091886973e7	5625.855231542203	-18.79833961450496
9.459486091886973e7	5623.6050929532275	-18.807594436106697
9.495936091886973e7	5621.355854338294	-18.81684925770844
9.532386091886973e7	5619.107515337435	-18.826104079310177
9.568836091886973e7	5616.860075590857	-18.835358900911917
9.605286091886973e7	5614.613534738882	-18.844613722513653
9.641736091886973e7	5612.367892421973	-18.853868544115393
9.678186091886973e7	5610.12314828077	-18.86312336571713
9.714636091886973e7	5607.876102024636	-18.872364280058598
9.751086091886973e7	5605.627275323807	-18.881593540130897
9.787536091886973e7	5603.379350429898	-18.890822800203193
9.823986091886973e7	5601.132326981283	-18.90005206027549
9.860436091886973e7	5598.886204616472	-18.909281320347787
9.896886091886973e7	5596.64098297412	-18.918510580420083
9.933336091886973e7	5594.396661693024	-18.92773984049238
9.969786091886973e7	5592.15324041213	-18.936969100564674
1.0006236091886973e8	5589.910718770527	-18.946198360636973
1.0042686091886973e8	5587.669096407457	-18.95542762070927
1.0079136091886973e8	5585.42837296228	-18.96465688078157
1.0115586091886973e8	5583.1885480745295	-18.97388614085386
1.0152036091886973e8	5580.929541396621	-18.983183896986574
1.0188486091886973e8	5578.622433394677	-18.992648921019523
1.0224936091886973e8	5576.316279131215	-19.002113945052464
1.0261386091886973e8	5574.01107821198	-19.011578969085406
1.0297836091886973e8	5571.706830242877	-19.021043993118347
1.0334286091886973e8	5569.403534829944	-19.03050901715129
1.0370736091886973e8	5567.101191579413	-19.039974041184234
1.0407186091886973e8	5564.7998000976795	-19.04943906521718
1.0443636091886973e8	5562.499359991279	-19.05890408925012
1.0480086091886973e8	5560.199870866911	-19.06836911328306
1.0516536091886973e8	5557.901332331458	-19.077834137316003
1.0552986091886973e8	5555.6037439919655	-19.087299161348948
1.0589436091886973e8	5553.306074654465	-19.0967648031274
1.0625886091886973e8	5551.007401853191	-19.106231616233206
1.0662336091886973e8	5548.709680538587	-19.11569842933902
1.0698786091886973e8	5546.412910316794	-19.125165242444826
1.0735236091886973e8	5544.11709079412	-19.134632055550632
1.0771686091886973e8	5541.82222157706	-19.144098868656442
1.0808136091886973e8	5539.528302272238	-19.153565681762252
1.0844586091886973e8	5537.235332486477	-19.16303249486806
1.0881036091886973e8	5534.943311826724	-19.17249930797387
1.0917486091886973e8	5532.652239900128	-19.181966121079675
1.0953936091886973e8	5530.3621163139715	-19.19143293418549
1.0990386091886973e8	5528.072940675699	-19.200899747291295
1.1026836091886973e8	5525.8045039917415	-19.210281788061817
1.1063286091886973e8	5523.566667270765	-19.21953669576387
1.1099736091886973e8	5521.329736827461	-19.228791603465925
1.1136186091886973e8	5519.093712294796	-19.23804651116798
1.1172636091886973e8	5516.858593305895	-19.24730141887003
1.1209086091886973e8	5514.62437949402	-19.25655632657209
1.1245536091886973e8	5512.391070492626	-19.26581123427414
1.1281986091886973e8	5510.15866593525	-19.275066141976197
1.1318436091886973e8	5507.927165455613	-19.284321049678248
1.1354886091886973e8	5505.696568687602	-19.293575957380302
1.1391336091886973e8	5503.4668752652215	-19.30283086508236
1.1427786091886973e8	5501.238084822637	-19.31208577278441
1.1464236091886973e8	5498.989630758938	-19.321419549444588
1.1500686091886973e8	5496.6451775492205	-19.33112515103846
1.1537136091886973e8	5494.30172387964	-19.340830752632332
1.1573586091886973e8	5491.959269324052	-19.350536354226204
1.1610036091886973e8	5489.61781345649	-19.360241955820072
1.1646486091886973e8	5487.277355851171	-19.369947557413944
1.1682936091886973e8	5484.937896082493	-19.379653159007816
1.1719386091886973e8	5482.599433725037	-19.38935876060169
1.1755836091886973e8	5480.261968353554	-19.39906436219556
1.1792286091886973e8	5477.925499543005	-19.40876996378943
1.1828736091886973e8	5475.590026868495	-19.418475565383304
1.1865186091886973e8	5473.255549905359	-19.428181166977176
1.1901636091886973e8	5470.952346167498	-19.43778089810634
1.1938086091886973e8	5468.6797956036335	-19.447276792556135
1.1974536091886973e8	5466.408189022771	-19.45677268700593
1.2010986091886973e8	5464.137526032811	-19.46626858145573
1.2047436091886973e8	5461.867806241792	-19.47576447590552
1.2083886091886973e8	5459.5990292579145	-19.48526037035532
1.2120336091886973e8	5457.331194689558	-19.494756264805112
1.2156786091886973e8	5455.06430214527	-19.50425215925491
1.2193236091886973e8	5452.798351233737	-19.513748053704706
1.2229686091886973e8	5450.533341563808	-19.5232439481545
1.2266136091886973e8	5448.269272744527	-19.5327398426043
1.2302586091886973e8	5446.006144385059	-19.542235737054092
1.2339036091886973e8	5443.805201531578	-19.55143272410249
1.2375486091886973e8	5441.654178837708	-19.56039032339237
1.2411936091886973e8	5439.504006082165	-19.569347922682248
1.2448386091886973e8	5437.354682929081	-19.578305521972126
1.2484836091886973e8	5435.20620904279	-19.587263121262005
1.2521286091886973e8	5433.058584087689	-19.596220720551884
1.2557736091886973e8	5430.91180772835	-19.605178319841762
1.2594186091886973e8	5428.7658796294645	-19.61413591913164
1.2630636091886973e8	5426.620799455856	-19.62309351842152
1.2667086091886973e8	5424.476566872484	-19.6320511177114
1.2703536091886973e8	5422.333181544447	-19.641008717001277
1.2739986091886973e8	5420.190643136948	-19.649966316291156
1.2776436091886973e8	5418.048951315351	-19.658923915581035
1.2812886091886973e8	5415.908105745142	-19.667881514870913
1.2849336091886973e8	5413.768106091941	-19.676839114160792
1.2885786091886973e8	5411.628952021499	-19.68579671345067
1.2922236091886973e8	5409.490643199698	-19.694754312740546
1.2958686091886973e8	5407.353179292553	-19.703711912030425
1.2995136091886973e8	5405.216559966212	-19.712669511320307
1.3031586091886973e8	5403.080784886964	-19.721627110610186
1.3068036091886973e8	5400.945853721199	-19.73058470990006
1.3104486091886973e8	5398.811766135469	-19.739542309189943
1.3140936091886973e8	5396.678521796451	-19.74849990847982
1.3177386091886973e8	5394.546120370948	-19.7574575077697
1.3213836091886973e8	5392.414561525899	-19.76641510705958
1.3250286091886973e8	5390.278801878129	-19.775398435893074
1.3286736091886973e8	5388.114960987802	-19.78452940940812
1.3323186091886973e8	5385.951988736681	-19.793660382923168
1.3359636091886973e8	5383.789884776038	-19.802791356438213
1.3396086091886973e8	5381.628648757319	-19.81192232995326
1.3432536091886973e8	5379.468280332103	-19.821053303468307
1.3468986091886973e8	5377.30877915211	-19.830184276983353
1.3505436091886973e8	5375.150144869197	-19.8393152504984
1.3541886091886973e8	5372.992377135362	-19.848446224013447
1.3578336091886973e8	5370.835475602754	-19.857577197528492
1.3614786091886973e8	5368.67943992363	-19.86670817104354
1.3651236091886973e8	5366.524269750406	-19.875839144558586
1.3687686091886973e8	5364.369964735669	-19.884970118073632
1.3724136091886973e8	5362.216524532086	-19.89410109158868
1.3760586091886973e8	5360.063948792502	-19.903232065103726
1.3797036091886973e8	5357.91223716989	-19.91236303861877
1.3833486091886973e8	5355.7613893173675	-19.92149401213382
1.3869936091886973e8	5353.611404888185	-19.930624985648866
1.3906386091886973e8	5351.462283535736	-19.93975595916391
1.3942836091886973e8	5349.314024913553	-19.94888693267896
1.3979286091886973e8	5347.166628675305	-19.958017906194005
1.4015736091886973e8	5345.020094474804	-19.967148879709054
1.4052186091886973e8	5342.874421966007	-19.976279853224096
1.4088636091886973e8	5340.729610802982	-19.985410826739145
1.4125086091886973e8	5338.585660639967	-19.994541800254193
1.4161536091886973e8	5336.443573811031	-20.003672350531144
1.4197986091886973e8	5334.338739301036	-20.01278753303472
1.4234436091886973e8	5332.234734993442	-20.021902715538307
1.4270886091886973e8	5330.131560560812	-20.03101789804189
1.4307336091886973e8	5328.029215675805	-20.04013308054547
1.4343786091886973e8	5325.927700011243	-20.04924826304905
1.4380236091886973e8	5323.82701324005	-20.058363445552637
1.4416686091886973e8	5321.727155035281	-20.067478628056218
1.4453136091886973e8	5319.628125070133	-20.0765938105598
1.4489586091886973e8	5317.52992301794	-20.085708993063385
1.4526036091886973e8	5315.432548552129	-20.094824175566966
1.4562486091886973e8	5313.3360013463	-20.103939358070548
1.4598936091886973e8	5311.240281074139	-20.113054540574133
1.4635386091886973e8	5309.1453874095	-20.12216972307771
1.4671836091886973e8	5307.0513200263385	-20.131284905581296
1.4708286091886973e8	5304.958078598737	-20.140400088084874
1.4744736091886973e8	5302.8656628009285	-20.149515270588463
1.4781186091886973e8	5300.77407230726	-20.15863045309204
1.4817636091886973e8	5298.68330679223	-20.167745635595626
1.4854086091886973e8	5296.593365930407	-20.176860818099208
1.4890536091886973e8	5294.504249396555	-20.185976000602793
1.4926986091886973e8	5292.415956865517	-20.19509118310637
1.4963436091886973e8	5290.328488012305	-20.204206365609956
1.4999886091886973e8	5288.241842512018	-20.213321548113537
1.5036336091886973e8	5286.156020039914	-20.22243673061712
1.5072786091886973e8	5284.071020271379	-20.2315519131207
1.5109236091886973e8	5281.982190720267	-20.24080422115029
1.5145686091886973e8	5279.890848728954	-20.250154962889685
1.5182136091886973e8	5277.800334781216	-20.259505704629078
1.5218586091886973e8	5275.710648549173	-20.268856446368467
1.5255036091886973e8	5273.621789705107	-20.27820718810786
1.5291486091886973e8	5271.533757921426	-20.28755792984725
1.5327936091886973e8	5269.446552870661	-20.296908671586642
1.5364386091886973e8	5267.36017422548	-20.306259413326032
1.5400836091886973e8	5265.274621658664	-20.315610155065425
1.5437286091886973e8	5263.189894843167	-20.324960896804818
1.5473736091886973e8	5261.1059934520035	-20.334311638544207
1.5510186091886973e8	5259.022917158394	-20.3436623802836
1.5546636091886973e8	5256.940665635612	-20.35301312202299
1.5583086091886973e8	5254.859238557137	-20.362363863762383
1.5619536091886973e8	5252.778635596502	-20.371714605501772
1.5655986091886973e8	5250.698856427443	-20.381065347241165
1.5692436091886973e8	5248.619900723762	-20.390416088980558
1.5728886091886973e8	5246.541768159426	-20.399766830719948
1.5765336091886973e8	5244.464458408523	-20.40911757245934
1.5801786091886973e8	5242.387971145267	-20.418468314198734
1.5838236091886973e8	5240.312306043997	-20.427819055938123
1.5874686091886973e8	5238.237462779212	-20.437169797677512
1.5911136091886973e8	5236.16344102548	-20.446520539416905
1.5947586091886973e8	5234.090240457568	-20.4558712811563
1.5984036091886973e8	5232.017860750311	-20.46522202289569
1.6020486091886973e8	5229.97023451913	-20.474556698314213
1.6056936091886973e8	5227.957531746816	-20.483868458535618
1.6093386091886973e8	5225.945603543433	-20.493180218757022
1.6129836091886973e8	5223.934449610886	-20.502491978978426
1.6166286091886973e8	5221.924069651213	-20.511803739199827
1.6202736091886973e8	5219.914463366559	-20.52111549942123
1.6239186091886973e8	5217.905630459191	-20.530427259642636
1.6275636091886973e8	5215.897570631465	-20.539739019864037
1.6312086091886973e8	5213.890283585886	-20.549050780085445
1.6348536091886973e8	5211.883769025039	-20.558362540306845
1.6384986091886973e8	5209.8780266516505	-20.56767430052825
1.6421436091886973e8	5207.873056168559	-20.576986060749654
1.6457886091886973e8	5205.868857278693	-20.586297820971055
1.6494336091886973e8	5203.865429685131	-20.59560958119246
1.6530786091886973e8	5201.862773091028	-20.604921341413863
1.6567236091886973e8	5199.860887199692	-20.61423310163527
1.6603686091886973e8	5197.859771714497	-20.623544861856672
1.6640136091886973e8	5195.859426338997	-20.632856622078073
1.6676586091886973e8	5193.859850776794	-20.64216838229948
1.6713036091886973e8	5191.861044731653	-20.651480142520885
1.6749486091886973e8	5189.863007907414	-20.66079190274229
1.6785936091886973e8	5187.865740008067	-20.67010366296369
1.6822386091886973e8	5185.869240737683	-20.679415423185095
1.6858836091886973e8	5183.873509800479	-20.688727183406495
1.6895286091886973e8	5181.878546900752	-20.698038943627903
1.6931736091886973e8	5179.884351742938	-20.707350703849308
1.6968186091886973e8	5177.906115490635	-20.716729032214662
1.7004636091886973e8	5175.936571908273	-20.72614215402195
1.7041086091886973e8	5173.967777490137	-20.735555275829242
1.7077536091886973e8	5171.999731951234	-20.744968397636526
1.7113986091886973e8	5170.032435006719	-20.754381519443815
1.7150436091886973e8	5168.065886371847	-20.763794641251103
1.7186886091886973e8	5166.100085761987	-20.77320776305839
1.7223336091886973e8	5164.135032892593	-20.78262088486568
1.7259786091886973e8	5162.170727479252	-20.792034006672967
1.7296236091886973e8	5160.20716923765	-20.801447128480255
1.7332686091886973e8	5158.244357883584	-20.810860250287547
1.7369136091886973e8	5156.282293132964	-20.82027337209483
1.7405586091886973e8	5154.320974701784	-20.82968649390212
1.7442036091886973e8	5152.360402306171	-20.839099615709408
1.7478486091886973e8	5150.400575662354	-20.848512737516696
1.7514936091886973e8	5148.441494486666	-20.857925859323984
1.7551386091886973e8	5146.483158495551	-20.867338981131272
1.7587836091886973e8	5144.52556740556	-20.87675210293856
1.7624286091886973e8	5142.56872093336	-20.88616522474585
1.7660736091886973e8	5140.612618795699	-20.895578346553137
1.7697186091886973e8	5138.657260709461	-20.904991468360425
1.7733636091886973e8	5136.702646391628	-20.91440459016771
1.7770086091886973e8	5134.748775559288	-20.923817711974998
1.7806536091886973e8	5132.795647929649	-20.93323083378229
1.7842986091886973e8	5130.8432632199965	-20.942643955589574
1.7879436091886973e8	5128.891621147751	-20.952057077396866
1.7915886091886973e8	5126.968125404351	-20.961518690150587
1.7952336091886973e8	5125.068404716623	-20.97102111117793
1.7988786091886973e8	5123.169387941726	-20.980523532205268
1.8025236091886973e8	5121.271074818845	-20.99002595323261
1.8061686091886973e8	5119.373465087251	-20.999528374259953
1.8098136091886973e8	5117.4765584863135	-21.009030795287295
1.8134586091886973e8	5115.580354755499	-21.018533216314637
1.8171036091886973e8	5113.684853634368	-21.02803563734198
1.8207486091886973e8	5111.790054862579	-21.03753805836932
1.8243936091886973e8	5109.895958179889	-21.04704047939666
1.8280386091886973e8	5108.002563326148	-21.056542900424006
1.8316836091886973e8	5106.109870041304	-21.066045321451345
1.8353286091886973e8	5104.217878065402	-21.075547742478687
1.8389736091886973e8	5102.326587138582	-21.085050163506025
1.8426186091886973e8	5100.435997001089	-21.094552584533368
1.8462636091886973e8	5098.54610739323	-21.10405500556071
1.8499086091886973e8	5096.656918055462	-21.113557426588052
1.8535536091886973e8	5094.7684287283	-21.123059847615394
1.8571986091886973e8	5092.880639152376	-21.132562268642737
1.8608436091886973e8	5090.993549068379	-21.14206468967008
1.8644886091886973e8	5089.107158217152	-21.15156711069742
1.8681336091886973e8	5087.2214663396035	-21.161069531724763
1.8717786091886973e8	5085.3364731767215	-21.1705719527521
1.8754236091886973e8	5083.452178469616	-21.180074373779448
1.8790686091886973e8	5081.568581959487	-21.189576794806786
1.8827136091886973e8	5079.685683387635	-21.19907921583413
1.8863586091886973e8	5077.803482495424	-21.20858163686147
1.8900036091886973e8	5075.98265737133	-21.21817207837426
1.8936486091886973e8	5074.17904076769	-21.227786544001386
1.8972936091886973e8	5072.376065031646	-21.23740100962851
1.9009386091886973e8	5070.573729935502	-21.247015475255633
1.9045836091886973e8	5068.772035251605	-21.25662994088276
1.9082286091886973e8	5066.9709807524105	-21.266244406509884
1.9118736091886973e8	5065.170566210454	-21.275858872137007
1.9155186091886973e8	5063.370791398327	-21.28547333776413
1.9191636091886973e8	5061.571656088726	-21.295087803391258
1.9228086091886973e8	5059.77316005443	-21.30470226901838
1.9264536091886973e8	5057.975303068272	-21.31431673464551
1.9300986091886973e8	5056.178084903191	-21.323931200272632
1.9337436091886973e8	5054.381505332209	-21.333545665899756
1.9373886091886973e8	5052.5855641284	-21.34316013152688
1.9410336091886973e8	5050.790261064945	-21.352774597154003
1.9446786091886973e8	5048.995595915108	-21.36238906278113
1.9483236091886973e8	5047.201568452205	-21.372003528408257
1.9519686091886973e8	5045.408178449659	-21.381617994035377
1.9556136091886973e8	5043.615425680975	-21.391232459662504
1.9592586091886973e8	5041.8233099197105	-21.400846925289628
1.9629036091886973e8	5040.031830939531	-21.41046139091675
1.9665486091886973e8	5038.2409885141815	-21.420075856543875
1.9701936091886973e8	5036.450782417471	-21.429690322171005
1.9738386091886973e8	5034.661212423287	-21.439304787798125
1.9774836091886973e8	5032.872278305616	-21.448919253425252
1.9811286091886973e8	5031.083979838526	-21.458533719052376
1.9847736091886973e8	5029.296316796128	-21.4681481846795
1.9884186091886973e8	5027.525702994408	-21.477757276530134
1.9920636091886973e8	5025.893033033926	-21.48732139602289
1.9957086091886973e8	5024.260893276832	-21.496885515515636
1.9993536091886973e8	5022.629283550951	-21.50644963500839
2.0029986091886973e8	5020.998203684159	-21.516013754501145
2.0066436091886973e8	5019.367653504386	-21.525577873993896
2.0102886091886973e8	5017.737632839627	-21.53514199348665
2.0139336091886973e8	5016.108141517906	-21.544706112979405
2.0175786091886973e8	5014.479179367329	-21.554270232472156
2.0212236091886973e8	5012.850746216051	-21.563834351964907
2.0248686091886973e8	5011.222841892281	-21.57339847145766
2.0285136091886973e8	5009.595466224285	-21.582962590950416
2.0321586091886973e8	5007.968619040383	-21.592526710443167
2.0358036091886973e8	5006.342300168952	-21.602090829935918
2.0394486091886973e8	5004.716509438433	-21.611654949428676
2.0430936091886973e8	5003.091246677297	-21.621219068921427
2.0467386091886973e8	5001.466511714097	-21.630783188414178
2.0503836091886973e8	4999.842304377441	-21.640347307906932
2.0540286091886973e8	4998.218624495958	-21.649911427399683
2.0576736091886973e8	4996.595471898394	-21.659475546892438
2.0613186091886973e8	4994.97284641349	-21.66903966638519
2.0649636091886973e8	4993.350747870076	-21.678603785877943
2.0686086091886973e8	4991.729176097029	-21.688167905370697
2.0722536091886973e8	4990.108130923284	-21.69773202486345
2.0758986091886973e8	4988.487612177839	-21.7072961443562
2.0795436091886973e8	4986.867619689719	-21.716860263848954
2.0831886091886973e8	4985.248153288033	-21.726424383341705
2.0868336091886973e8	4983.629212801938	-21.73598850283446
2.0904786091886973e8	4982.010798060643	-21.745552622327214
2.0941236091886973e8	4980.392908893416	-21.75511674181997
2.0977686091886973e8	4978.932333834804	-21.764789460453677
2.1014136091886973e8	4977.6229125923155	-21.774566605957585
2.1050586091886973e8	4976.313835717639	-21.784343751461495
2.1087036091886973e8	4975.005103120191	-21.794120896965403
2.1123486091886973e8	4973.6967147094465	-21.80389804246931
2.1159936091886973e8	4972.388670394869	-21.813675187973214
2.1196386091886973e8	4971.0809700859745	-21.82345233347712
2.1232836091886973e8	4969.773613692299	-21.833229478981032
2.1269286091886973e8	4968.466601123378	-21.84300662448494
2.1305736091886973e8	4967.159932288798	-21.852783769988847
2.1342186091886973e8	4965.853607098167	-21.862560915492754
2.1378636091886973e8	4964.547625461093	-21.87233806099666
2.1415086091886973e8	4963.2419872872415	-21.882115206500572
2.1451536091886973e8	4961.936692486265	-21.891892352004476
2.1487986091886973e8	4960.631740967879	-21.901669497508387
2.1524436091886973e8	4959.3271326417835	-21.91144664301229
2.1560886091886973e8	4958.0228674177315	-21.9212237885162
2.1597336091886973e8	4956.718945205497	-21.93100093402011
2.1633786091886973e8	4955.415365914855	-21.940778079524016
2.1670236091886973e8	4954.112129455627	-21.95055522502792
2.1706686091886973e8	4952.809235737651	-21.96033237053183
2.1743136091886973e8	4951.506684670798	-21.970109516035738
2.1779586091886973e8	4950.204476164945	-21.97988666153965
2.1816036091886973e8	4948.902610129991	-21.989663807043552
2.1852486091886973e8	4947.601086475878	-21.99944095254746
2.1888936091886973e8	4946.299905112573	-22.00921809805137
2.1925386091886973e8	4944.999065950035	-22.018995243555278
2.1961836091886973e8	4943.6985688982895	-22.028772389059185
2.1998286091886973e8	4942.398413867343	-22.03854953456309
2.2034736091886973e8	4941.098600767266	-22.048326680067
2.2071186091886973e8	4939.7991295081065	-22.058103825570907
2.2107636091886973e8	4938.499999999998	-22.067880971074814
