-2.7148110841271937e7	11207.579449340074	-16.741458348810607
-2.6815110841271937e7	11188.943238403397	-16.74132859979436
-2.6482110841271937e7	11170.338016170339	-16.74119885077812
-2.6149110841271937e7	11151.763731112242	-16.741069101761873
-2.5816110841271937e7	11133.220331786042	-16.740939352745627
-2.5483110841271937e7	11114.707766834284	-16.74080960372938
-2.5150110841271937e7	11096.225984984909	-16.74067985471314
-2.4817110841271937e7	11077.774935051053	-16.740550105696894
-2.4484110841271937e7	11059.354565931026	-16.74042035668065
-2.4151110841271937e7	11040.964826608113	-16.740290607664406
-2.3818110841271937e7	11022.605666150372	-16.74016085864816
-2.3485110841271937e7	11004.277033710607	-16.740031109631914
-2.3152110841271937e7	10985.978878526177	-16.739901360615672
-2.2819110841271937e7	10967.711149918805	-16.739771611599426
-2.2486110841271937e7	10949.47379729447	-16.739641862583184
-2.2153110841271937e7	10931.266770143411	-16.73951211356694
-2.1820110841271937e7	10912.336200568909	-16.739308104915576
-2.1487110841271937e7	10890.061961527495	-16.73877083686944
-2.1154110841271937e7	10867.83318861868	-16.7382335688233
-2.0821110841271937e7	10845.649789037125	-16.737696300777166
-2.0488110841271937e7	10823.511670166843	-16.73715903273103
-2.0155110841271937e7	10801.418739580955	-16.736621764684887
-1.9822110841271937e7	10779.370905041245	-16.73608449663875
-1.9489110841271937e7	10757.368074497734	-16.735547228592612
-1.9156110841271937e7	10735.410156088352	-16.735009960546474
-1.8823110841271937e7	10713.497058138522	-16.73447269250034
-1.8490110841271937e7	10691.628689160849	-16.7339354244542
-1.8157110841271937e7	10669.804957854605	-16.73339815640806
-1.7824110841271937e7	10648.025773105483	-16.732860888361923
-1.7491110841271937e7	10624.6928564697	-16.732156573504284
-1.7158110841271937e7	10597.765975412944	-16.731070332679202
-1.6825110841271937e7	10570.907336980521	-16.729984091854124
-1.6492110841271937e7	10544.116768220529	-16.728897851029043
-1.6159110841271937e7	10517.394096619388	-16.727811610203965
-1.5826110841271937e7	10490.739150100662	-16.726725369378883
-1.5493110841271937e7	10464.151757024147	-16.725639128553805
-1.5160110841271937e7	10437.631746184506	-16.724552887728727
-1.4827110841271937e7	10411.17894681038	-16.723466646903645
-1.4494110841271937e7	10384.793188563199	-16.722380406078567
-1.4161110841271937e7	10357.210286141531	-16.721156407811865
-1.3828110841271937e7	10324.09478303727	-16.719319629473823
-1.3495110841271937e7	10291.085161392914	-16.717482851135788
-1.3162110841271937e7	10258.181082669655	-16.71564607279775
-1.2829110841271937e7	10225.382209411111	-16.71380929445971
-1.2496110841271937e7	10192.688205239805	-16.711972516121676
-1.2163110841271937e7	10160.098734853822	-16.710135737783638
-1.1830110841271937e7	10127.61346402333	-16.7082989594456
-1.1497110841271937e7	10093.841922417689	-16.706305860943417
-1.1164110841271937e7	10052.368285090392	-16.703430659060693
-1.0831110841271937e7	10011.065054889146	-16.700555457177966
-1.0498110841271937e7	9969.931531644215	-16.69768025529524
-1.0165110841271937e7	9928.967018062618	-16.694805053412516
-9.832110841271937e6	9888.170819716433	-16.69192985152979
-9.499110841271937e6	9847.542245031045	-16.689054649647062
-9.166110841271937e6	9798.940732064124	-16.68526983323337
-8.833110841271937e6	9748.051579171492	-16.6812010173331
-8.500110841271937e6	9696.455551443794	-16.677021269069602
-8.167110841271937e6	9638.067608750422	-16.67202987535553
-7.834110841271937e6	9580.03125348339	-16.66703848164146
-7.501110841271937e6	9515.309659653532	-16.661243587115592
-7.168110841271937e6	9448.156988141238	-16.655118673085454
-6.835110841271937e6	9375.525220132677	-16.648317256314915
-6.502110841271937e6	9297.198869237185	-16.640799281064695
-6.169110841271937e6	9213.3866676754	-16.63260422331556
-5.836110841271937e6	9121.003207819687	-16.623370465051785
-5.503110841271937e6	9022.251959590885	-16.613346555211393
-5.170110841271937e6	8912.48182485043	-16.601997417016733
-4.837110841271937e6	8796.43946857412	-16.589878552012518
-4.504110841271937e6	8666.371070298876	-16.576164858049374
-4.171110841271937e6	8536.90104448003	-16.562365746175715
-3.838110841271937e6	8392.969641270602	-16.547492414884484
-3.505110841271937e6	8251.46490890132	-16.532619083593254
-3.172110841271937e6	8117.39617028721	-16.518661238342986
-2.839110841271937e6	8016.616441485537	-16.510423235581644
-2.506110841271937e6	7917.087921017687	-16.502185232820302
-2.173110841271937e6	7818.79507478459	-16.49394723005896
-1.840110841271937e6	7727.405818881195	-16.48665180903608
-1.507110841271937e6	7669.007830857916	-16.484700390468277
-1.174110841271937e6	7611.0511714105	-16.48274897190047
-841110.8412719369	7553.532505305689	-16.480797553332664
-508110.8412719369	7496.448522515465	-16.478846134764865
-175110.8412719369	7442.710129018075	-16.47741474342194
157889.1587280631	7397.586051184219	-16.477461294981747
490889.1587280631	7352.735554124725	-16.477507846541556
823889.1587280631	7308.1569791588	-16.47755439810137
1.156889158728063e6	7263.848677662029	-16.477600949661177
1.489889158728063e6	7219.80901100536	-16.477647501220986
1.822889158728063e6	7180.425502553701	-16.478481828524618
2.155889158728063e6	7147.455312302676	-16.480433949949525
2.488889158728063e6	7114.636510495792	-16.482386071374435
2.821889158728063e6	7081.968402006328	-16.484338192799342
3.154889158728063e6	7049.450294899325	-16.48629031422425
3.487889158728063e6	7017.081500416976	-16.488242435649155
3.820889158728063e6	6984.861332964028	-16.490194557074066
4.153889158728063e6	6956.799931868915	-16.492910676935445
4.486889158728063e6	6931.418409673802	-16.496117537223917
4.819889158728063e6	6906.129490640378	-16.49932439751239
5.152889158728063e6	6880.932836910846	-16.502531257800857
5.485889158728063e6	6855.828111860025	-16.505738118089326
5.818889158728063e6	6830.814980090931	-16.508944978377798
6.151889158728063e6	6805.893107430247	-16.512151838666266
6.484889158728063e6	6781.062160923881	-16.515358698954735
6.817889158728063e6	6760.540309800139	-16.519404019753736
7.150889158728063e6	6740.833707904675	-16.523599432852464
7.483889158728063e6	6721.184549666161	-16.527794845951192
7.816889158728063e6	6701.592667639482	-16.53199025904992
8.149889158728063e6	6682.057894867654	-16.536185672148648
8.482889158728063e6	6662.580064880351	-16.54038108524738
8.815889158728063e6	6643.159011692498	-16.544576498346107
9.148889158728063e6	6623.794569802872	-16.548771911444838
9.481889158728063e6	6605.024543066055	-16.553080068250104
9.814889158728063e6	6589.5846151458	-16.558076728865757
1.0147889158728063e7	6574.180779653771	-16.56307338948141
1.0480889158728063e7	6558.8129522201625	-16.568070050097063
1.0813889158728063e7	6543.481048672438	-16.573066710712716
1.1146889158728063e7	6528.184985034775	-16.57806337132837
1.1479889158728063e7	6512.924677527691	-16.583060031944022
1.1812889158728063e7	6497.70004256753	-16.588056692559675
1.2145889158728063e7	6482.510996766037	-16.59305335317533
1.2478889158728063e7	6467.357456929852	-16.59805001379098
1.2811889158728063e7	6453.665817001911	-16.603367791780858
1.3144889158728063e7	6441.316130051859	-16.60898169885803
1.3477889158728063e7	6428.990075370972	-16.6145956059352
1.3810889158728063e7	6416.687607736727	-16.620209513012377
1.4143889158728063e7	6404.408682013127	-16.625823420089546
1.4476889158728063e7	6392.153253150546	-16.631437327166715
1.4809889158728063e7	6379.921276185568	-16.63705123424389
1.5142889158728063e7	6367.712706240813	-16.64266514132106
1.5475889158728063e7	6355.527498524782	-16.648279048398233
1.5808889158728063e7	6343.365608331686	-16.653892955475403
1.6141889158728063e7	6331.280849983734	-16.659519413957593
1.6474889158728063e7	6321.553694719242	-16.66569086360416
1.6807889158728063e7	6311.841483910958	-16.671862313250724
1.7140889158728063e7	6302.144194598783	-16.678033762897286
1.7473889158728063e7	6292.461803857847	-16.68420521254385
1.7806889158728063e7	6282.794288798516	-16.690376662190417
1.8139889158728063e7	6273.141626566319	-16.69654811183698
1.8472889158728063e7	6263.503794341888	-16.702719561483544
1.8805889158728063e7	6253.880769340949	-16.708891011130106
1.9138889158728063e7	6244.2725288141855	-16.715062460776668
1.9471889158728063e7	6234.679050047279	-16.721233910423233
1.9804889158728063e7	6225.100310360774	-16.7274053600698
2.0137889158728063e7	6216.724894421694	-16.733863235367696
2.0470889158728063e7	6208.8274410311205	-16.740433709171626
2.0803889158728063e7	6200.940020217365	-16.74700418297555
2.1136889158728063e7	6193.062619235482	-16.753574656779477
2.1469889158728063e7	6185.19522535671	-16.760145130583403
2.1802889158728063e7	6177.337825868486	-16.76671560438733
2.2135889158728063e7	6169.490408074356	-16.773286078191255
2.2468889158728063e7	6161.65295929405	-16.779856551995184
2.2801889158728063e7	6153.825466863324	-16.78642702579911
2.3134889158728063e7	6146.007918134107	-16.792997499603036
2.3467889158728063e7	6138.2003004743465	-16.799567973406962
2.3800889158728063e7	6130.402601268038	-16.80613844721089
2.4133889158728063e7	6123.541292651644	-16.81294676872895
2.4466889158728063e7	6117.237247294402	-16.81989632081171
2.4799889158728063e7	6110.939691807302	-16.826845872894474
2.5132889158728063e7	6104.648619509182	-16.833795424977236
2.5465889158728063e7	6098.364023725749	-16.840744977059998
2.5798889158728063e7	6092.085897789589	-16.84769452914276
2.6131889158728063e7	6085.814235040111	-16.854644081225523
2.6464889158728063e7	6079.549028823656	-16.861593633308285
2.6797889158728063e7	6073.2902724933265	-16.868543185391047
2.7130889158728063e7	6067.037959409157	-16.87549273747381
2.7463889158728063e7	6060.792082937942	-16.882442289556572
2.7796889158728063e7	6054.552636453344	-16.889391841639334
2.8129889158728063e7	6048.319613335842	-16.896341393722096
2.8462889158728063e7	6042.901480357976	-16.90352595498444
2.8795889158728063e7	6037.628109354054	-16.910751218450176
2.9128889158728063e7	6032.359340186149	-16.917976481915915
2.9461889158728063e7	6027.095168838465	-16.925201745381656
2.9794889158728063e7	6021.835591298668	-16.932427008847394
3.0127889158728063e7	6016.580603557968	-16.939652272313133
3.0460889158728063e7	6011.330201611041	-16.94687753577887
3.0793889158728063e7	6006.084381456058	-16.95410279924461
3.1126889158728063e7	6000.843139094703	-16.961328062710347
3.1459889158728063e7	5995.606470532151	-16.968553326176085
3.1792889158728063e7	5990.374371777031	-16.975778589641823
3.2125889158728063e7	5985.146838841496	-16.983003853107565
3.2458889158728063e7	5979.923867741148	-16.990229116573303
3.2791889158728063e7	5975.2778718998525	-16.997593578319687
3.3124889158728063e7	5971.364093878351	-17.0051353386801
3.3457889158728063e7	5967.452879362469	-17.01267709904051
3.379088915872806e7	5963.544226673132	-17.02021885940092
3.412388915872806e7	5959.638134132337	-17.02776061976133
3.445688915872806e7	5955.734600063208	-17.035302380121742
3.478988915872806e7	5951.833622789959	-17.042844140482153
3.512288915872806e7	5947.935200637902	-17.050385900842564
3.545588915872806e7	5944.039331933454	-17.057927661202974
3.578888915872806e7	5940.1460150041	-17.065469421563385
3.612188915872806e7	5936.25524817846	-17.073011181923796
3.645488915872806e7	5932.367029786206	-17.080552942284204
3.678788915872806e7	5928.481358158149	-17.088094702644618
3.712088915872806e7	5924.598231626151	-17.09563646300503
3.745388915872806e7	5920.711266060306	-17.103205281542593
3.778688915872806e7	5916.820745015047	-17.110800001573576
3.811988915872806e7	5912.932780445407	-17.118394721604556
3.845288915872806e7	5909.0473706715175	-17.12598944163554
3.878588915872806e7	5905.164514014612	-17.13358416166652
3.911888915872806e7	5901.284208797029	-17.141178881697503
3.945188915872806e7	5897.406453342199	-17.148773601728486
3.978488915872806e7	5893.531245974681	-17.156368321759466
4.011788915872806e7	5889.658585020111	-17.16396304179045
4.045088915872806e7	5885.788468805228	-17.171557761821433
4.078388915872806e7	5881.920895657878	-17.179152481852412
4.111688915872806e7	5878.055863906999	-17.186747201883396
4.144988915872806e7	5874.19337188263	-17.19434192191438
4.178288915872806e7	5870.33341791591	-17.201936641945363
4.211588915872806e7	5866.484654635708	-17.209533619597508
4.244888915872806e7	5864.019551650618	-17.21749108406679
4.278188915872806e7	5861.55548450438	-17.22544854853607
4.311488915872806e7	5859.0924527617335	-17.23340601300535
4.344788915872806e7	5856.6304559876	-17.241363477474632
4.378088915872806e7	5854.169493747085	-17.249320941943914
4.411388915872806e7	5851.709565605476	-17.257278406413192
4.444688915872806e7	5849.250671128244	-17.26523587088247
4.477988915872806e7	5846.792809881043	-17.273193335351753
4.511288915872806e7	5844.335981429706	-17.281150799821035
4.544588915872806e7	5841.880185340244	-17.289108264290313
4.577888915872806e7	5839.425421178876	-17.297065728759595
4.611188915872806e7	5836.971688511974	-17.305023193228877
4.644488915872806e7	5834.518986906105	-17.312980657698155
4.677788915872806e7	5832.067315928015	-17.320938122167437
4.711088915872806e7	5829.584897046705	-17.328893928982207
4.744388915872806e7	5826.932263725544	-17.336840797750188
4.777688915872806e7	5824.280837430897	-17.344787666518165
4.810988915872806e7	5821.63061761352	-17.35273453528615
4.844288915872806e7	5818.981603724454	-17.36068140405413
4.877588915872806e7	5816.333795214952	-17.36862827282211
4.910888915872806e7	5813.687191536533	-17.376575141590095
4.944188915872806e7	5811.041792140962	-17.384522010358076
4.977488915872806e7	5808.397596480255	-17.392468879126056
5.010788915872806e7	5805.754604006667	-17.400415747894037
5.044088915872806e7	5803.112814172733	-17.408362616662018
5.077388915872806e7	5800.472226431207	-17.41630948543
5.110688915872806e7	5797.832840235089	-17.424256354197983
5.143988915872806e7	5795.194655037673	-17.432203222965963
5.177288915872806e7	5792.557670292427	-17.440150091733944
5.210588915872806e7	5789.921885453142	-17.44809696050193
5.243888915872806e7	5787.903240573061	-17.456221030556442
5.277188915872806e7	5785.941915504492	-17.464361393329114
5.310488915872806e7	5783.981255062804	-17.47250175610178
5.343788915872806e7	5782.021259022758	-17.48064211887445
5.377088915872806e7	5780.061927159232	-17.488782481647117
5.410388915872806e7	5778.103259247137	-17.496922844419785
5.443688915872806e7	5776.145255061503	-17.505063207192453
5.476988915872806e7	5774.187914377396	-17.51320356996512
5.510288915872806e7	5772.231236969998	-17.52134393273779
5.543588915872806e7	5770.275222614524	-17.529484295510457
5.576888915872806e7	5768.319871086302	-17.537624658283125
5.610188915872806e7	5766.36518216073	-17.545765021055793
5.643488915872806e7	5764.411155613255	-17.553905383828464
5.676788915872806e7	5762.457791219439	-17.56204574660113
5.710088915872806e7	5760.5050887548805	-17.570186109373797
5.743388915872806e7	5758.642602801105	-17.57835536187758
5.776688915872806e7	5756.961292117653	-17.58658288342463
5.809988915872806e7	5755.280472314756	-17.594810404971682
5.843288915872806e7	5753.600143249073	-17.603037926518734
5.876588915872806e7	5751.920304777338	-17.611265448065783
5.909888915872806e7	5750.240956756316	-17.619492969612836
5.943188915872806e7	5748.562099042813	-17.627720491159884
5.976488915872806e7	5746.883731493689	-17.635948012706937
6.009788915872806e7	5745.205853965801	-17.64417553425399
6.043088915872806e7	5743.528466316124	-17.652403055801038
6.076388915872806e7	5741.851568401599	-17.660630577348087
6.109688915872806e7	5740.175160079264	-17.668858098895143
6.142988915872806e7	5738.499241206145	-17.677085620442192
6.176288915872806e7	5736.82381163937	-17.68531314198924
6.209588915872806e7	5735.1488712360815	-17.693540663536297
6.242888915872806e7	5733.47441985344	-17.70176818508335
6.276188915872806e7	5731.921915447914	-17.71003219107009
6.309488915872806e7	5730.502611672686	-17.71833609244054
6.342788915872806e7	5729.0836593368595	-17.726639993810988
6.376088915872806e7	5727.665058353412	-17.734943895181438
6.409388915872806e7	5726.246808635346	-17.743247796551884
6.442688915872806e7	5724.828910095691	-17.75155169792233
6.475988915872806e7	5723.411362647472	-17.759855599292777
6.509288915872806e7	5721.994166203764	-17.768159500663224
6.542588915872806e7	5720.577320677651	-17.776463402033674
6.575888915872806e7	5719.160825982243	-17.78476730340412
6.609188915872806e7	5717.7446820306695	-17.79307120477457
6.642488915872806e7	5716.328888736081	-17.801375106145017
6.675788915872806e7	5714.91344601165	-17.809679007515463
6.709088915872806e7	5713.498353770569	-17.81798290888591
6.742388915872806e7	5712.083611926057	-17.826286810256356
6.775688915872806e7	5710.669220391337	-17.834590711626806
6.808988915872806e7	5709.343623593819	-17.842929406264748
6.842288915872806e7	5708.159393619753	-17.851323604044943
6.875588915872806e7	5706.975409278257	-17.859717801825134
6.908888915872806e7	5705.7916705183425	-17.86811199960533
6.942188915872806e7	5704.608177289099	-17.876506197385524
6.975488915872806e7	5703.424929539591	-17.88490039516572
7.008788915872806e7	5702.24192721889	-17.893294592945914
7.042088915872806e7	5701.0591702761085	-17.901688790726105
7.075388915872806e7	5699.8766586603415	-17.910082988506304
7.108688915872806e7	5698.694392320693	-17.918477186286495
7.141988915872806e7	5697.512371206318	-17.92687138406669
7.175288915872806e7	5696.330595266311	-17.935265581846885
7.208588915872806e7	5695.149064449851	-17.94365977962708
7.241888915872806e7	5693.96777870607	-17.952053977407274
7.275188915872806e7	5692.786737984169	-17.96044817518747
7.308488915872806e7	5691.605942233274	-17.96884237296766
7.341788915872806e7	5690.4481165910975	-17.977244125444223
7.375088915872806e7	5689.421410726916	-17.985689396968795
7.408388915872806e7	5688.39489010736	-17.994134668493366
7.441688915872806e7	5687.368554698997	-18.002579940017934
7.474988915872806e7	5686.342404468441	-18.01102521154251
7.508288915872806e7	5685.316439382238	-18.019470483067078
7.541588915872806e7	5684.2906594070155	-18.02791575459165
7.574888915872806e7	5683.2650645093545	-18.03636102611622
7.608188915872806e7	5682.239654655882	-18.044806297640793
7.641488915872806e7	5681.214429813201	-18.05325156916536
7.674788915872806e7	5680.189389947929	-18.061696840689937
7.708088915872806e7	5679.1645350266945	-18.070142112214505
7.741388915872806e7	5678.139865016127	-18.078587383739077
7.774688915872806e7	5677.115379882854	-18.08703265526365
7.807988915872806e7	5676.091079593528	-18.09547792678822
7.841288915872806e7	5675.06696411482	-18.103923198312792
7.874588915872806e7	5674.043033413343	-18.112368469837364
7.907888915872806e7	5673.146321812858	-18.120849513307316
7.941188915872806e7	5672.289288094689	-18.1293416914692
7.974488915872806e7	5671.43238384732	-18.137833869631084
8.007788915872806e7	5670.575609051202	-18.146326047792968
8.041088915872806e7	5669.71896368677	-18.15481822595485
8.074388915872806e7	5668.862447734459	-18.163310404116736
8.107688915872806e7	5668.006061174741	-18.171802582278616
8.140988915872806e7	5667.149803988048	-18.180294760440503
8.174288915872806e7	5666.293676154855	-18.188786938602384
8.207588915872806e7	5665.437677655602	-18.197279116764268
8.240888915872806e7	5664.581808470771	-18.20577129492615
8.274188915872806e7	5663.726068580805	-18.214263473088035
8.307488915872806e7	5662.870457966193	-18.22275565124992
8.340788915872806e7	5662.014976607395	-18.231247829411803
8.374088915872806e7	5661.159624484873	-18.239740007573687
8.407388915872806e7	5660.304401579127	-18.24823218573557
8.440688915872806e7	5659.477181785	-18.25674472521284
8.473988915872806e7	5658.717270653033	-18.265306350720884
8.507288915872806e7	5657.957461556096	-18.27386797622893
8.540588915872806e7	5657.197754480479	-18.282429601736975
8.573888915872806e7	5656.438149412504	-18.29099122724502
8.607188915872806e7	5655.678646338464	-18.299552852753067
8.640488915872806e7	5654.919245244654	-18.30811447826111
8.673788915872806e7	5654.159946117391	-18.316676103769154
8.707088915872806e7	5653.400748942993	-18.3252377292772
8.740388915872806e7	5652.641653707761	-18.333799354785246
8.773688915872806e7	5651.882660397998	-18.342360980293293
8.806988915872806e7	5651.123769000037	-18.350922605801337
8.840288915872806e7	5650.364979500175	-18.35948423130938
8.873588915872806e7	5649.60629188475	-18.368045856817428
8.906888915872806e7	5648.847706140071	-18.376607482325472
8.940188915872806e7	5648.08922225245	-18.38516910783352
8.973488915872806e7	5647.33084020823	-18.393730733341563
9.006788915872806e7	5646.64754556182	-18.402306310527592
9.040088915872806e7	5645.979967531632	-18.410884796864895
9.073388915872806e7	5645.312468426236	-18.4194632832022
9.106688915872806e7	5644.64504823628	-18.428041769539504
9.139988915872806e7	5643.977706952456	-18.43662025587681
9.173288915872806e7	5643.310444565414	-18.445198742214117
9.206588915872806e7	5642.643261065838	-18.453777228551424
9.239888915872806e7	5641.97615644441	-18.46235571488873
9.273188915872806e7	5641.309130691784	-18.470934201226033
9.306488915872806e7	5640.642183798657	-18.47951268756334
9.339788915872806e7	5639.975315755686	-18.488091173900642
9.373088915872806e7	5639.308526553568	-18.49666966023795
9.406388915872806e7	5638.641816182972	-18.505248146575255
9.439688915872806e7	5637.975184634559	-18.513826632912558
9.472988915872806e7	5637.30863189906	-18.522405119249868
9.506288915872806e7	5636.642157967106	-18.53098360558717
9.539588915872806e7	5635.9973860298405	-18.539572691406036
9.572888915872806e7	5635.395318005819	-18.548182676383398
9.606188915872806e7	5634.793314297991	-18.55679266136076
9.639488915872806e7	5634.1913748994875	-18.56540264633812
9.672788915872806e7	5633.589499803439	-18.574012631315483
9.706088915872806e7	5632.987689002975	-18.58262261629285
9.739388915872806e7	5632.385942491228	-18.591232601270207
9.772688915872806e7	5631.78426026133	-18.59984258624757
9.805988915872806e7	5631.182642306414	-18.60845257122493
9.839288915872806e7	5630.581088619613	-18.617062556202296
9.872588915872806e7	5629.979599194064	-18.625672541179654
9.905888915872806e7	5629.37817402291	-18.63428252615702
9.939188915872806e7	5628.776813099258	-18.64289251113438
9.972488915872806e7	5628.175516416274	-18.651502496111743
1.0005788915872806e8	5627.574283967087	-18.660112481089104
1.0039088915872806e8	5626.973115744842	-18.66872246606647
1.0072388915872806e8	5626.372011742652	-18.677332451043828
1.0105688915872806e8	5625.807421873534	-18.68592603032676
1.0138988915872806e8	5625.24784950849	-18.694517376572044
1.0172288915872806e8	5624.688332801444	-18.703108722817323
1.0205588915872806e8	5624.128871746869	-18.71170006906261
1.0238888915872806e8	5623.5694663392305	-18.72029141530789
1.0272188915872806e8	5623.010116572993	-18.728882761553173
1.0305488915872806e8	5622.450822442622	-18.73747410779846
1.0338788915872806e8	5621.891583942584	-18.74606545404374
1.0372088915872806e8	5621.332401067345	-18.754656800289023
1.0405388915872806e8	5620.773273811373	-18.76324814653431
1.0438688915872806e8	5620.214202169136	-18.771839492779588
1.0471988915872806e8	5619.655186135102	-18.780430839024874
1.0505288915872806e8	5619.096225703749	-18.789022185270156
1.0538588915872806e8	5618.537320869518	-18.79761353151544
1.0571888915872806e8	5617.978471626919	-18.806204877760724
1.0605188915872806e8	5617.419677970392	-18.814796224006006
1.0638488915872806e8	5616.871469649029	-18.823448361009074
1.0671788915872806e8	5616.337393471514	-18.832181785098996
1.0705088915872806e8	5615.803368076227	-18.840915209188914
1.0738388915872806e8	5615.269393458371	-18.849648633278832
1.0771688915872806e8	5614.735469613107	-18.858382057368754
1.0804988915872806e8	5614.201596535608	-18.867115481458676
1.0838288915872806e8	5613.667774221034	-18.875848905548594
1.0871588915872806e8	5613.134002664581	-18.884582329638512
1.0904888915872806e8	5612.600281861402	-18.89331575372843
1.0938188915872806e8	5612.066611806692	-18.902049177818352
1.0971488915872806e8	5611.532992495613	-18.910782601908274
1.1004788915872806e8	5610.999423923343	-18.919516025998192
1.1038088915872806e8	5610.465906085046	-18.92824945008811
1.1071388915872806e8	5609.932438975919	-18.936982874178028
1.1104688915872806e8	5609.399022591127	-18.94571629826795
1.1137988915872806e8	5608.865656925847	-18.954449722357868
1.1171288915872806e8	5608.328153623832	-18.963164737983423
1.1204588915872806e8	5607.781568487883	-18.971839607230798
1.1237888915872806e8	5607.235036621886	-18.98051447647817
1.1271188915872806e8	5606.688558020638	-18.989189345725542
1.1304488915872806e8	5606.142132678939	-18.997864214972914
1.1337788915872806e8	5605.595760591607	-19.00653908422029
1.1371088915872806e8	5605.049441753463	-19.01521395346766
1.1404388915872806e8	5604.503176159306	-19.023888822715037
1.1437688915872806e8	5603.956963803939	-19.03256369196241
1.1470988915872806e8	5603.410804682192	-19.04123856120978
1.1504288915872806e8	5602.864698788866	-19.049913430457156
1.1537588915872806e8	5602.318646118765	-19.058588299704525
1.1570888915872806e8	5601.772646666722	-19.0672631689519
1.1604188915872806e8	5601.226700427539	-19.075938038199276
1.1637488915872806e8	5600.68080739602	-19.084612907446648
1.1670788915872806e8	5600.134967567001	-19.09328777669402
1.1704088915872806e8	5599.591502502358	-19.101947020091774
1.1737388915872806e8	5599.057201067419	-19.110544934632486
1.1770688915872806e8	5598.522950614418	-19.119142849173198
1.1803988915872806e8	5597.9887511384895	-19.12774076371391
1.1837288915872806e8	5597.45460263476	-19.13633867825462
1.1870588915872806e8	5596.920505098386	-19.144936592795332
1.1903888915872806e8	5596.386458524493	-19.15353450733604
1.1937188915872806e8	5595.852462908219	-19.162132421876752
1.1970488915872806e8	5595.318518244702	-19.170730336417463
1.2003788915872806e8	5594.78462452908	-19.17932825095817
1.2037088915872806e8	5594.250781756482	-19.187926165498883
1.2070388915872806e8	5593.716989922067	-19.196524080039595
1.2103688915872806e8	5593.183249020974	-19.205121994580306
1.2136988915872806e8	5592.649559048323	-19.213719909121018
1.2170288915872806e8	5592.115919999255	-19.222317823661726
1.2203588915872806e8	5591.582331868942	-19.23091573820244
1.2236888915872806e8	5591.04174088297	-19.23953665857551
1.2270188915872806e8	5590.43476878236	-19.248374273439314
1.2303488915872806e8	5589.8278625755665	-19.257211888303114
1.2336788915872806e8	5589.221022255465	-19.26604950316692
1.2370088915872806e8	5588.614247814864	-19.27488711803072
1.2403388915872806e8	5588.00753924665	-19.283724732894523
1.2436688915872806e8	5587.4008965436315	-19.292562347758324
1.2469988915872806e8	5586.7943196987	-19.301399962622128
1.2503288915872806e8	5586.187808704664	-19.31023757748593
1.2536588915872806e8	5585.581363554406	-19.31907519234973
1.2569888915872806e8	5584.974984240767	-19.327912807213533
1.2603188915872806e8	5584.3686707566	-19.336750422077337
1.2636488915872806e8	5583.7624230947595	-19.345588036941137
1.2669788915872806e8	5583.156241248098	-19.35442565180494
1.2703088915872806e8	5582.550125209471	-19.363263266668746
1.2736388915872806e8	5581.944074971724	-19.372100881532546
1.2769688915872806e8	5581.344344963428	-19.38077562583077
1.2802988915872806e8	5580.748896759722	-19.389340534731254
1.2836288915872806e8	5580.153512081653	-19.39790544363174
1.2869588915872806e8	5579.558190922484	-19.40647035253222
1.2902888915872806e8	5578.962933275407	-19.415035261432706
1.2936188915872806e8	5578.367739133657	-19.423600170333188
1.2969488915872806e8	5577.772608490459	-19.432165079233673
1.3002788915872806e8	5577.177541339038	-19.440729988134155
1.3036088915872806e8	5576.58253767263	-19.44929489703464
1.3069388915872806e8	5575.9875974844335	-19.457859805935122
1.3102688915872806e8	5575.392720767715	-19.466424714835608
1.3135988915872806e8	5574.7979075156845	-19.474989623736093
1.3169288915872806e8	5574.20315772156	-19.483554532636575
1.3202588915872806e8	5573.608471378581	-19.49211944153706
1.3235888915872806e8	5573.01384847998	-19.500684350437542
1.3269188915872806e8	5572.419289018987	-19.509249259338027
1.3302488915872806e8	5571.815313642478	-19.517987311427163
1.3335788915872806e8	5571.209024559659	-19.52676882453195
1.3369088915872806e8	5570.602801449306	-19.53555033763674
1.3402388915872806e8	5569.9966443042595	-19.54433185074153
1.3435688915872806e8	5569.390553117333	-19.553113363846318
1.3468988915872806e8	5568.784527881348	-19.561894876951104
1.3502288915872806e8	5568.17856858912	-19.570676390055894
1.3535588915872806e8	5567.572675233492	-19.57945790316068
1.3568888915872806e8	5566.966847807279	-19.588239416265473
1.3602188915872806e8	5566.361086303307	-19.597020929370263
1.3635488915872806e8	5565.755390714395	-19.60580244247505
1.3668788915872806e8	5565.149761033387	-19.61458395557984
1.3702088915872806e8	5564.544197253104	-19.62336546868463
1.3735388915872806e8	5563.938699366375	-19.632146981789415
1.3768688915872806e8	5563.333267366018	-19.640928494894204
1.3801988915872806e8	5562.610001220664	-19.64938422719424
1.3835288915872806e8	5561.812932908428	-19.657635739795904
1.3868588915872806e8	5561.015978808395	-19.66588725239757
1.3901888915872806e8	5560.21913890418	-19.67413876499924
1.3935188915872806e8	5559.422413179442	-19.682390277600902
1.3968488915872806e8	5558.625801617798	-19.69064179020257
1.4001788915872806e8	5557.829304202901	-19.698893302804233
1.4035088915872806e8	5557.032920918404	-19.7071448154059
1.4068388915872806e8	5556.236651747944	-19.715396328007564
1.4101688915872806e8	5555.440496675158	-19.72364784060923
1.4134988915872806e8	5554.644455683709	-19.7318993532109
1.4168288915872806e8	5553.8485287572585	-19.740150865812563
1.4201588915872806e8	5553.052715879452	-19.748402378414227
1.4234888915872806e8	5552.2570170339395	-19.756653891015894
1.4268188915872806e8	5551.46143220439	-19.76490540361756
1.4301488915872806e8	5550.665961374475	-19.77315691621923
1.4334788915872806e8	5549.870604527851	-19.781408428820892
1.4368088915872806e8	5549.075361648175	-19.78965994142256
1.4401388915872806e8	5548.280232719136	-19.797911454024224
1.4434688915872806e8	5547.485217724387	-19.80616296662589
1.4467988915872806e8	5546.690316647621	-19.81441447922756
1.4501288915872806e8	5545.8955294724965	-19.822665991829222
1.4534588915872806e8	5545.100856182701	-19.830917504430886
1.4567888915872806e8	5544.306296761925	-19.839169017032553
1.4601188915872806e8	5543.511851193845	-19.84742052963422
1.4634488915872806e8	5542.717519462135	-19.855672042235888
1.4667788915872806e8	5541.923301550493	-19.863923554837548
1.4701088915872806e8	5541.129197442621	-19.87217506743922
1.4734388915872806e8	5540.335207122202	-19.880426580040883
1.4767688915872806e8	5539.54133057292	-19.88867809264255
1.4800988915872806e8	5538.747567778484	-19.896929605244217
1.4834288915872806e8	5537.920159625491	-19.905180091999807
1.4867588915872806e8	5536.943258983748	-19.91342603157947
1.4900888915872806e8	5535.966530669322	-19.921671971159135
1.4934188915872806e8	5534.989974651794	-19.9299179107388
1.4967488915872806e8	5534.0135909007695	-19.938163850318467
1.5000788915872806e8	5533.037379385881	-19.946409789898134
1.5034088915872806e8	5532.061340076735	-19.954655729477796
1.5067388915872806e8	5531.085472942955	-19.962901669057462
1.5100688915872806e8	5530.109777954178	-19.971147608637125
1.5133988915872806e8	5529.134255080008	-19.97939354821679
1.5167288915872806e8	5528.158904290113	-19.987639487796457
1.5200588915872806e8	5527.183725554127	-19.995885427376123
1.5233888915872806e8	5526.2087188417	-20.004131366955786
1.5267188915872806e8	5525.233884122486	-20.012377306535452
1.5300488915872806e8	5524.2592213661455	-20.020623246115115
1.5333788915872806e8	5523.284730542344	-20.02886918569478
1.5367088915872806e8	5522.310411620741	-20.037115125274447
1.5400388915872806e8	5521.336264571044	-20.045361064854113
1.5433688915872806e8	5520.362289362904	-20.05360700443378
1.5466988915872806e8	5519.388485966018	-20.06185294401344
1.5500288915872806e8	5518.414854350078	-20.070098883593108
1.5533588915872806e8	5517.441394484771	-20.07834482317277
1.5566888915872806e8	5516.46810633983	-20.08659076275244
1.5600188915872806e8	5515.4949898849345	-20.094836702332103
1.5633488915872806e8	5514.522045089806	-20.10308264191177
1.5666788915872806e8	5513.549271924155	-20.111328581491435
1.5700088915872806e8	5512.576670357724	-20.119574521071094
1.5733388915872806e8	5511.604240360243	-20.127820460650764
1.5766688915872806e8	5510.631981901419	-20.136066400230426
1.5799988915872806e8	5509.65989495103	-20.144312339810092
1.5833288915872806e8	5508.687979478792	-20.15255827938976
1.5866588915872806e8	5507.509747180466	-20.160737815744447
1.5899888915872806e8	5506.24482930319	-20.168889387678437
1.5933188915872806e8	5504.980201941477	-20.177040959612434
1.5966488915872806e8	5503.715865028585	-20.185192531546427
1.5999788915872806e8	5502.451818497822	-20.19334410348042
1.6033088915872806e8	5501.188062282489	-20.201495675414414
1.6066388915872806e8	5499.924596315898	-20.209647247348407
1.6099688915872806e8	5498.661420531396	-20.2177988192824
1.6132988915872806e8	5497.398534862348	-20.225950391216394
1.6166288915872806e8	5496.135939242112	-20.234101963150387
1.6199588915872806e8	5494.873633604062	-20.24225353508438
1.6232888915872806e8	5493.611617881617	-20.250405107018373
1.6266188915872806e8	5492.349892008174	-20.258556678952367
1.6299488915872806e8	5491.08845591717	-20.26670825088636
1.6332788915872806e8	5489.827309542061	-20.274859822820353
1.6366088915872806e8	5488.566452816288	-20.283011394754347
1.6399388915872806e8	5487.305885673347	-20.29116296668834
1.6432688915872806e8	5486.045608046708	-20.299314538622333
1.6465988915872806e8	5484.785619869899	-20.30746611055633
1.6499288915872806e8	5483.525921076421	-20.31561768249032
1.6532588915872806e8	5482.26651159983	-20.323769254424317
1.6565888915872806e8	5481.007391373659	-20.331920826358306
1.6599188915872806e8	5479.748560331485	-20.3400723982923
1.6632488915872806e8	5478.490018406911	-20.348223970226297
1.6665788915872806e8	5477.2317655334955	-20.35637554216029
1.6699088915872806e8	5475.973801644881	-20.36452711409428
1.6732388915872806e8	5474.716126674675	-20.372678686028273
1.6765688915872806e8	5473.4587405565335	-20.380830257962266
1.6798988915872806e8	5472.2016432241235	-20.38898182989626
1.6832288915872806e8	5470.9448346111	-20.397133401830256
1.6865588915872806e8	5469.460115117608	-20.405354636320947
1.6898888915872806e8	5467.920595498083	-20.413592727679532
1.6932188915872806e8	5466.381509215781	-20.421830819038114
1.6965488915872806e8	5464.842856148728	-20.430068910396695
1.6998788915872806e8	5463.304636174986	-20.43830700175528
1.7032088915872806e8	5461.766849172647	-20.446545093113862
1.7065388915872806e8	5460.229495019852	-20.454783184472447
1.7098688915872806e8	5458.692573594745	-20.46302127583103
1.7131988915872806e8	5457.156084775533	-20.47125936718961
1.7165288915872806e8	5455.620028440448	-20.479497458548195
1.7198588915872806e8	5454.084404467764	-20.487735549906777
1.7231888915872806e8	5452.549212735766	-20.49597364126536
1.7265188915872806e8	5451.014453122795	-20.504211732623943
1.7298488915872806e8	5449.4801255072225	-20.512449823982525
1.7331788915872806e8	5447.946229767451	-20.52068791534111
1.7365088915872806e8	5446.412765781917	-20.52892600669969
1.7398388915872806e8	5444.879733429103	-20.537164098058277
1.7431688915872806e8	5443.347132587495	-20.54540218941686
1.7464988915872806e8	5441.814963135644	-20.55364028077544
1.7498288915872806e8	5440.283224952122	-20.561878372134025
1.7531588915872806e8	5438.751917915539	-20.570116463492607
1.7564888915872806e8	5437.221041904548	-20.57835455485119
1.7598188915872806e8	5435.690596797805	-20.586592646209773
1.7631488915872806e8	5434.160582474031	-20.594830737568355
1.7664788915872806e8	5432.630998811971	-20.60306882892694
1.7698088915872806e8	5431.101845690405	-20.611306920285518
1.7731388915872806e8	5429.573122988156	-20.619545011644107
1.7764688915872806e8	5428.044830584051	-20.627783103002685
1.7797988915872806e8	5426.516968356983	-20.63602119436127
1.7831288915872806e8	5424.836580139906	-20.644196073340545
1.7864588915872806e8	5423.1166784233055	-20.65235440204897
1.7897888915872806e8	5421.397321988001	-20.660512730757393
1.7931188915872806e8	5419.678510661103	-20.668671059465815
1.7964488915872806e8	5417.9602442698115	-20.676829388174237
1.7997788915872806e8	5416.242522641347	-20.68498771688266
1.8031088915872806e8	5414.525345602998	-20.693146045591085
1.8064388915872806e8	5412.808712982096	-20.701304374299507
1.8097688915872806e8	5411.092624606058	-20.70946270300793
1.8130988915872806e8	5409.377080302324	-20.71762103171635
1.8164288915872806e8	5407.662079898403	-20.725779360424774
1.8197588915872806e8	5405.947623221844	-20.7339376891332
1.8230888915872806e8	5404.233710100282	-20.74209601784162
1.8264188915872806e8	5402.52034036137	-20.750254346550044
1.8297488915872806e8	5400.807513832858	-20.75841267525847
1.8330788915872806e8	5399.09523034249	-20.766571003966888
1.8364088915872806e8	5397.383489718127	-20.774729332675314
1.8397388915872806e8	5395.67229178765	-20.782887661383736
1.8430688915872806e8	5393.96163637899	-20.791045990092158
1.8463988915872806e8	5392.251523320176	-20.799204318800584
1.8497288915872806e8	5390.54195243922	-20.807362647509006
1.8530588915872806e8	5388.8329235642595	-20.815520976217428
1.8563888915872806e8	5387.124436523444	-20.823679304925854
1.8597188915872806e8	5385.416491144982	-20.831837633634276
1.8630488915872806e8	5383.70908725716	-20.839995962342698
1.8663788915872806e8	5382.002224688295	-20.84815429105112
1.8697088915872806e8	5380.295903266766	-20.856312619759546
1.8730388915872806e8	5378.590122821006	-20.864470948467968
1.8763688915872806e8	5376.884883179494	-20.872629277176387
1.8796988915872806e8	5375.058355914763	-20.880803686221554
1.8830288915872806e8	5373.184046643449	-20.888984486271436
1.8863588915872806e8	5371.310390952992	-20.897165286321318
1.8896888915872806e8	5369.437388615475	-20.9053460863712
1.8930188915872806e8	5367.56503940309	-20.91352688642108
1.8963488915872806e8	5365.69334308808	-20.921707686470967
1.8996788915872806e8	5363.822299442775	-20.92988848652085
1.9030088915872806e8	5361.951908239578	-20.938069286570734
1.9063388915872806e8	5360.082169250997	-20.946250086620616
1.9096688915872806e8	5358.213082249583	-20.954430886670497
1.9129988915872806e8	5356.344647008004	-20.96261168672038
1.9163288915872806e8	5354.476863298979	-20.970792486770264
1.9196588915872806e8	5352.609730895315	-20.978973286820146
1.9229888915872806e8	5350.743249569889	-20.987154086870028
1.9263188915872806e8	5348.877419095685	-20.995334886919913
1.9296488915872806e8	5347.012239245731	-21.00351568696979
1.9329788915872806e8	5345.147709793167	-21.011696487019677
1.9363088915872806e8	5343.283830511191	-21.019877287069562
1.9396388915872806e8	5341.420601173082	-21.028058087119444
1.9429688915872806e8	5339.558021552203	-21.036238887169326
1.9462988915872806e8	5337.696091421974	-21.044419687219207
1.9496288915872806e8	5335.834810555954	-21.05260048726909
1.9529588915872806e8	5333.974178727722	-21.060781287318974
1.9562888915872806e8	5332.114195710954	-21.068962087368856
1.9596188915872806e8	5330.254861279407	-21.077142887418738
1.9629488915872806e8	5328.396175206907	-21.08532368746862
1.9662788915872806e8	5326.538137267388	-21.093504487518505
1.9696088915872806e8	5324.680747234831	-21.101685287568387
1.9729388915872806e8	5322.8240048833	-21.109866087618272
1.9762688915872806e8	5320.874783892008	-21.118081018315397
1.9795988915872806e8	5318.851967612469	-21.126323193647956
1.9829288915872806e8	5316.829920339111	-21.13456536898051
1.9862588915872806e8	5314.808641779612	-21.142807544313065
1.9895888915872806e8	5312.788131641726	-21.15104971964562
1.9929188915872806e8	5310.768389633323	-21.15929189497817
1.9962488915872806e8	5308.749415462386	-21.16753407031073
1.9995788915872806e8	5306.731208837002	-21.175776245643284
2.0029088915872806e8	5304.713769465393	-21.18401842097584
2.0062388915872806e8	5302.697097055875	-21.192260596308394
2.0095688915872806e8	5300.6811913168485	-21.20050277164095
2.0128988915872806e8	5298.666051956878	-21.208744946973503
2.0162288915872806e8	5296.651678684603	-21.216987122306058
2.0195588915872806e8	5294.638071208784	-21.225229297638613
2.0228888915872806e8	5292.62522923829	-21.233471472971168
2.0262188915872806e8	5290.613152482102	-21.241713648303723
2.0295488915872806e8	5288.601840649312	-21.249955823636277
2.0328788915872806e8	5286.591293449122	-21.258197998968832
2.0362088915872806e8	5284.581510590843	-21.266440174301387
2.0395388915872806e8	5282.572491783901	-21.274682349633945
2.0428688915872806e8	5280.564236737827	-21.282924524966496
2.0461988915872806e8	5278.556745162256	-21.29116670029905
2.0495288915872806e8	5276.550016766963	-21.299408875631606
2.0528588915872806e8	5274.5440512618015	-21.30765105096416
2.0561888915872806e8	5272.538848356757	-21.31589322629672
2.0595188915872806e8	5270.534407761886	-21.324135401629274
2.0628488915872806e8	5268.530729187411	-21.33237757696183
2.0661788915872806e8	5266.527812343622	-21.34061975229438
2.0695088915872806e8	5264.52565694096	-21.34886192762694
2.0728388915872806e8	5262.524262689924	-21.357104102959493
2.0761688915872806e8	5260.480663879191	-21.365273161373352
2.0794988915872806e8	5258.435014932288	-21.373437378538174
2.0828288915872806e8	5256.390161479158	-21.381601595702996
2.0861588915872806e8	5254.346103210459	-21.389765812867815
2.0894888915872806e8	5252.302839816964	-21.39793003003264
2.0928188915872806e8	5250.260370989559	-21.40609424719746
2.0961488915872806e8	5248.2186964192815	-21.41425846436228
2.0994788915872806e8	5246.177815797258	-21.422422681527102
2.1028088915872806e8	5244.137728814742	-21.430586898691924
2.1061388915872806e8	5242.098435163114	-21.438751115856746
2.1094688915872806e8	5240.059934533869	-21.446915333021565
2.1127988915872806e8	5238.022226618623	-21.45507955018639
2.1161288915872806e8	5235.985311109102	-21.46324376735121
2.1194588915872806e8	5233.949187697184	-21.47140798451603
2.1227888915872806e8	5231.913856074834	-21.479572201680853
2.1261188915872806e8	5229.8793159341485	-21.487736418845675
2.1294488915872806e8	5227.845566967333	-21.495900636010496
2.1327788915872806e8	5225.812608866741	-21.504064853175315
2.1361088915872806e8	5223.7804413248205	-21.51222907034014
2.1394388915872806e8	5221.749064034144	-21.52039328750496
2.1427688915872806e8	5219.718476687406	-21.52855750466978
2.1460988915872806e8	5217.688678977412	-21.536721721834603
2.1494288915872806e8	5215.659670597112	-21.54488593899942
2.1527588915872806e8	5213.63145123955	-21.553050156164247
2.1560888915872806e8	5211.604020597898	-21.561214373329065
2.1594188915872806e8	5209.577378365447	-21.56937859049389
2.1627488915872806e8	5207.551524235608	-21.57754280765871
2.1660788915872806e8	5205.526457901899	-21.58570702482353
2.1694088915872806e8	5203.502179057991	-21.593871241988353
2.1727388915872806e8	5201.47868739765	-21.602035459153175
2.1760688915872806e8	5199.455982614744	-21.610199676317997
2.1793988915872806e8	5197.462766354199	-21.618392747668565
2.1827288915872806e8	5195.496040756405	-21.626611691816862
2.1860588915872806e8	5193.530059369712	-21.634830635965166
2.1893888915872806e8	5191.564821912535	-21.643049580113466
2.1927188915872806e8	5189.600328103354	-21.651268524261766
2.1960488915872806e8	5187.636577660788	-21.659487468410067
2.1993788915872806e8	5185.673570303539	-21.667706412558367
2.2027088915872806e8	5183.711305750421	-21.67592535670667
2.2060388915872806e8	5181.749783720358	-21.68414430085497
2.2093688915872806e8	5179.789003932368	-21.69236324500327
2.2126988915872806e8	5177.828966105604	-21.70058218915157
2.2160288915872806e8	5175.86966995929	-21.708801133299872
2.2193588915872806e8	5173.91111521279	-21.717020077448172
2.2226888915872806e8	5171.9533015855495	-21.725239021596472
2.2260188915872806e8	5169.9962287971275	-21.733457965744776
2.2293488915872806e8	5168.03989656719	-21.741676909893073
2.2326788915872806e8	5166.0843046155005	-21.749895854041377
2.2360088915872806e8	5164.129452661954	-21.758114798189677
2.2393388915872806e8	5162.175340426516	-21.766333742337977
2.2426688915872806e8	5160.221967629305	-21.77455268648628
2.2459988915872806e8	5158.269333990479	-21.78277163063458
2.2493288915872806e8	5156.317439230368	-21.79099057478288
2.2526588915872806e8	5154.36628306937	-21.799209518931182
2.2559888915872806e8	5152.415865227998	-21.807428463079482
2.2593188915872806e8	5150.466185426872	-21.815647407227786
2.2626488915872806e8	5148.5172433867065	-21.823866351376083
2.2659788915872806e8	5146.569038828341	-21.832085295524383
2.2693088915872806e8	5144.621571472722	-21.840304239672687
2.2726388915872806e8	5142.674841040881	-21.848523183820987
2.2759688915872806e8	5140.728847253965	-21.856742127969287
2.2792988915872806e8	5138.783589833228	-21.86496107211759
2.2826288915872806e8	5136.839068500018	-21.873180016265888
2.2859588915872806e8	5134.895282975817	-21.88139896041419
2.2892888915872806e8	5132.952232982177	-21.88961790456249
2.2926188915872806e8	5131.183311144981	-21.8978480849862
2.2959488915872806e8	5129.550490331423	-21.906087048340634
2.2992788915872806e8	5127.918189106367	-21.914326011695067
2.3026088915872806e8	5126.286407304456	-21.922564975049497
2.3059388915872806e8	5124.655144760418	-21.93080393840393
2.3092688915872806e8	5123.02440130901	-21.93904290175836
2.3125988915872806e8	5121.394176785037	-21.94728186511279
2.3159288915872806e8	5119.76447102338	-21.955520828467222
2.3192588915872806e8	5118.135283858968	-21.963759791821655
2.3225888915872806e8	5116.506615126769	-21.971998755176088
2.3259188915872806e8	5114.878464661799	-21.980237718530518
2.3292488915872806e8	5113.250832299155	-21.988476681884947
2.3325788915872806e8	5111.623717873952	-21.99671564523938
2.3359088915872806e8	5109.997121221392	-22.00495460859381
2.3392388915872806e8	5108.3710421766955	-22.013193571948243
2.3425688915872806e8	5106.745480575167	-22.021432535302672
2.3458988915872806e8	5105.120436252141	-22.029671498657102
2.3492288915872806e8	5103.495909043002	-22.037910462011535
2.3525588915872806e8	5101.871898783205	-22.046149425365968
2.3558888915872806e8	5100.248405308268	-22.054388388720398
2.3592188915872806e8	5098.625428453696	-22.062627352074827
2.3625488915872806e8	5097.002968055139	-22.070866315429257
2.3658788915872806e8	5095.381023948234	-22.07910527878369
2.3692088915872806e8	5093.759595968688	-22.087344242138123
2.3725388915872806e8	5092.138683952254	-22.095583205492552
2.3758688915872806e8	5090.518287734752	-22.103822168846985
2.3791988915872806e8	5088.898407152058	-22.112061132201415
2.3825288915872806e8	5087.27904204008	-22.120300095555848
2.3858588915872806e8	5085.660192234785	-22.128539058910278
2.3891888915872806e8	5084.041857572188	-22.136778022264707
2.3925188915872806e8	5082.42403788837	-22.14501698561914
2.3958488915872806e8	5080.806733019467	-22.153255948973573
2.3991788915872806e8	5079.189942801648	-22.161494912328003
2.4025088915872806e8	5077.573667071133	-22.169733875682436
2.4058388915872806e8	5075.957905664224	-22.177972839036865
2.4091688915872806e8	5074.342658417237	-22.186211802391295
2.4124988915872806e8	5072.727925166566	-22.194450765745728
2.4158288915872806e8	5071.113705748669	-22.202689729100157
2.4191588915872806e8	5069.5	-22.21092869245459
