-2.959666465556278e8	13509.689976207486	-19.03619525397921	4.633642640257611
-2.936666465556278e8	13462.651344994754	-19.030331881539166	4.625444449917066
-2.913666465556278e8	13415.776494951708	-19.024468509099115	4.6171784933082085
-2.890666465556278e8	13369.064855817884	-19.018605136659072	4.608843640774415
-2.867666465556278e8	13322.515859318353	-19.012741764219026	4.600438734174592
-2.844666465556278e8	13276.128939156908	-19.00687839177898	4.591962585917396
-2.821666465556278e8	13229.903531008993	-19.001015019338933	4.583413977954182
-2.798666465556278e8	13183.839072515068	-18.99515164689889	4.574791660728521
-2.775666465556278e8	13137.93500327347	-18.98928827445884	4.566094352080046
-2.752666465556278e8	13092.190764833937	-18.983424902018797	4.557320736100201
-2.729666465556278e8	13046.605800690546	-18.97756152957875	4.5484694619373585
-2.706666465556278e8	13001.179556275067	-18.971698157138704	4.53953914254857
-2.6836664655562782e8	12955.911478950164	-18.965834784698657	4.530528353395087
-2.6606664655562782e8	12910.801018002769	-18.95997141225861	4.521435631078564
-2.6376664655562782e8	12865.84762463722	-18.954108039818564	4.512259471914697
-2.6146664655562782e8	12821.050751968762	-18.948244667378518	4.502998330440799
-2.5916664655562782e8	12776.409855016745	-18.94238129493847	4.4936506178536355
-2.5686664655562782e8	12731.92439069808	-18.936517922498425	4.4842147003735375
-2.5456664655562782e8	12687.593817820578	-18.930654550058378	4.4746888975306085
-2.5226664655562782e8	12643.41759707647	-18.924791177618335	4.465071480368511
-2.4996664655562782e8	12599.395191035708	-18.918927805178285	4.455360669561041
-2.4766664655562782e8	12555.526064139485	-18.91306443273824	4.445554633436348
-2.4536664655562782e8	12511.809682693796	-18.907201060298195	4.435651485903322
-2.4306664655562782e8	12468.245514862809	-18.901337687858145	4.425649284274277
-2.4076664655562782e8	12424.833030662483	-18.895474315418102	4.415546026977631
-2.3846664655562782e8	12381.571701954097	-18.889610942978056	4.405339651153865
-2.3616664655562782e8	12338.46100243783	-18.883747570538013	4.395028030127518
-2.3386664655562782e8	12295.500407646332	-18.877884198097963	4.3846089707474905
-2.3156664655562782e8	12252.689394938407	-18.87202082565792	4.374080210587316
-2.2926664655562782e8	12210.027443492618	-18.866157453217873	4.363439414996472
-2.2696664655562782e8	12167.514034300899	-18.860294080777823	4.352684173993119
-2.2466664655562782e8	12125.148650162315	-18.85443070833778	4.341811998987908
-2.2236664655562782e8	12082.930775676743	-18.848567335897734	4.330820319327737
-2.2006664655562782e8	12040.859897238579	-18.842703963457687	4.319706478647424
-2.1776664655562782e8	11998.935503030581	-18.83684059101764	4.308467731016369
-2.1546664655562782e8	11957.157083017508	-18.830977218577594	4.297101236866203
-2.1316664655562782e8	11915.524128939984	-18.825113846137548	4.28560405868432
-2.1086664655562782e8	11874.036134308375	-18.8192504736975	4.273973156456964
-2.0856664655562782e8	11832.692594396502	-18.813387101257455	4.262205382844163
-2.0626664655562782e8	11791.493006235563	-18.807523728817408	4.250297478067383
-2.0396664655562782e8	11750.43686860808	-18.801660356377365	4.238246064489088
-2.0166664655562782e8	11709.52368204167	-18.795796983937315	4.226047640861695
-1.9936664655562782e8	11668.752948803038	-18.78993361149727	4.213698576221396
-1.9706664655562782e8	11628.124172892	-18.784070239057225	4.2011951034002175
-1.9476664655562782e8	11587.636860035223	-18.778206866617175	4.188533312127306
-1.9246664655562782e8	11547.2905176805	-18.772343494177132	4.1757091416878405
-1.9016664655562782e8	11507.08465499051	-18.766480121737082	4.162718373105069
-1.8786664655562782e8	11467.01878283704	-18.76061674929704	4.149556620807831
-1.8556664655562782e8	11427.092413794871	-18.754753376856993	4.136219323742366
-1.8326664655562782e8	11398.162066295125	-18.75006322826146	4.118198094602583
-1.8096664655562782e8	11373.33150273347	-18.74580901291635	4.098136420875383
-1.7866664655562782e8	11348.555031830214	-18.74155479757124	4.077664022514734
-1.7636664655562782e8	11323.832535746058	-18.737300582226126	4.056763729778403
-1.7406664655562782e8	11299.163896898433	-18.733046366881016	4.035417273264526
-1.7176664655562782e8	11274.548997960901	-18.728792151535906	4.013605187953692
-1.6946664655562782e8	11249.987721862652	-18.724537936190792	3.9913067065503682
-1.6716664655562782e8	11225.47995178792	-18.720283720845682	3.9684996406590147
-1.6486664655562782e8	11201.025571175369	-18.716029505500572	3.945160248090864
-1.6256664655562782e8	11176.624463717597	-18.711775290155458	3.9212630843122187
-1.6026664655562782e8	11152.276513360626	-18.707521074810348	3.8967808357041203
-1.5796664655562782e8	11127.981604303246	-18.703266859465238	3.871684131893737
-1.5566664655562782e8	11103.739620996514	-18.699012644120128	3.8459413339239807
-1.5336664655562782e8	11079.550448143264	-18.694758428775014	3.819518294429559
-1.5106664655562782e8	11055.413970697442	-18.690504213429904	3.792378085259418
-1.4876664655562782e8	11031.330073863623	-18.686249998084794	3.7644806870946748
-1.4646664655562782e8	11007.298643096516	-18.68199578273968	3.7357826345156613
-1.4416664655562782e8	10983.319564100288	-18.67774156739457	3.7062366086171226
-1.4186664655562782e8	10959.392722828168	-18.67348735204946	3.675790967585987
-1.3956664655562782e8	10930.898216931328	-18.66823190953878	3.647016365752808
-1.3726664655562782e8	10902.360643446691	-18.662951005139558	3.6174579201233157
-1.3496664655562782e8	10873.897573729673	-18.657670100740333	3.586999091308998
-1.3266664655562782e8	10845.508813271355	-18.65238919634111	3.555583297916303
-1.3036664655562782e8	10817.19416807069	-18.64710829194189	3.5231484515645786
-1.2806664655562782e8	10788.953444633093	-18.64182738754267	3.489626218204531
-1.2576664655562782e8	10760.786449969139	-18.636546483143448	3.4549411512723163
-1.2346664655562782e8	10732.692991593265	-18.631265578744223	3.419009669032563
-1.2116664655562782e8	10704.672877522384	-18.625984674345002	3.3817388412456078
-1.1886664655562782e8	10676.725916274669	-18.62070376994578	3.343024940838803
-1.1656664655562782e8	10648.851916868192	-18.61542286554656	3.302751703757112
-1.1426664655562782e8	10621.05068881964	-18.610141961147338	3.2607882234615104
-1.1196664655562782e8	10593.214618327738	-18.604840182991286	3.2170848937682646
-1.0966664655562782e8	10559.352575376266	-18.59834984588592	3.177237965164411
-1.0736664655562782e8	10525.598775105997	-18.591859508780548	3.135737127754348
-1.0506664655562782e8	10491.952871510694	-18.58536917167518	3.092439117575676
-1.0276664655562782e8	10458.414519690157	-18.57887883456981	3.0471812100396827
-1.0046664655562782e8	10424.98337584667	-18.572388497464438	2.9997775274333054
-9.816664655562782e7	10391.659097281563	-18.565898160359072	2.950014426842504
-9.586664655562782e7	10358.441342391503	-18.559407823253704	2.8976446792118145
-9.356664655562782e7	10325.32977066523	-18.55291748614833	2.842380038179581
-9.126664655562782e7	10292.324042679953	-18.546427149042962	2.783881632707638
-8.896664655562782e7	10253.877665390452	-18.538935194572733	2.727838315615724
-8.666664655562782e7	10212.05262916695	-18.530804461261255	2.672567839645963
-8.436664655562782e7	10170.398195101188	-18.522673727949773	2.614062896164318
-8.206664655562782e7	10128.91366731583	-18.514542994638294	2.5519212580630675
-7.976664655562782e7	10087.598352771955	-18.506412261326815	2.485660665136401
-7.746664655562782e7	10046.451561257472	-18.498281528015333	2.4146960734790563
-7.516664655562782e7	10005.472605375671	-18.49015079470385	2.3383081982177885
-7.286664655562782e7	9958.526303966732	-18.48094232899049	2.2621983338051876
-7.056664655562782e7	9907.331554770688	-18.470944658682626	2.185031647247094
-6.826664655562782e7	9856.399987321145	-18.46094698837476	2.101408574490709
-6.596664655562782e7	9799.396926492649	-18.44989367258741	2.0177813892053855
-6.366664655562782e7	9740.645766317355	-18.43849186768833	1.9292631731892937
-6.136664655562782e7	9679.722034161014	-18.426687261693452	1.8350235280730973
-5.906664655562782e7	9610.985760045602	-18.413566511937	1.7413493916009366
-5.676664655562782e7	9542.737586245752	-18.400445762180542	1.6379848563339503
-5.446664655562782e7	9462.056535667376	-18.38540309996666	1.5389004992840714
-5.216664655562782e7	9381.500220560594	-18.37027673924727	1.4296889986283885
-4.986664655562782e7	9286.225638381115	-18.35291740041748	1.3254028142341625
-4.756664655562782e7	9189.210445103883	-18.33516106859281	1.2125827168374022
-4.526664655562782e7	9072.978009709912	-18.314790499225484	1.1092755209646312
-4.296664655562782e7	8954.094219459781	-18.293879790880425	0.9995090576196539
-4.066664655562782e7	8813.081174016013	-18.270627361667596	0.9067754098680575
-3.836664655562782e7	8667.11145067279	-18.24665274537255	0.8147916358605326
-3.606664655562782e7	8525.834469905576	-18.224254792232593	0.7278866989391237
-3.376664655562782e7	8391.812100416399	-18.20534385762265	0.6669016075784058
-3.1466646555627823e7	8259.89650365274	-18.186432923012717	0.601954397148007
-2.9166646555627823e7	8130.054562073599	-18.16752198840278	0.5324942475691651
-2.6866646555627823e7	8039.498140571116	-18.156315220055355	0.4781127736360029
-2.4566646555627823e7	7971.538277380567	-18.149607720120915	0.4329364789787294
-2.2266646555627823e7	7904.152895696715	-18.142900220186476	0.38562232541720043
-1.9966646555627823e7	7837.337139285524	-18.13619272025204	0.335957880504302
-1.7666646555627823e7	7771.086192963866	-18.129485220317605	0.28369738569740655
-1.5366646555627823e7	7718.341530122397	-18.125490923764648	0.24584485114375684
-1.3066646555627823e7	7668.903552188745	-18.122118179219697	0.21057911606208618
-1.0766646555627823e7	7619.782237317053	-18.118745434674743	0.17402410308072694
-8.466646555627823e6	7570.975557198334	-18.11537269012979	0.1360819540324842
-6.166646555627823e6	7522.481496515436	-18.111999945584838	0.0966432283689542
-3.866646555627823e6	7474.2980528598755	-18.10862720103988	0.05558499998124798
-1.5666465556278229e6	7435.063641537871	-18.10693410759742	0.022747778101785125
733353.4443721771	7400.930502275538	-18.106196789294145	-0.005376067060853034
3.033353444372177e6	7366.954062572504	-18.105459470990866	-0.034313807964213114
5.333353444372177e6	7333.133603047145	-18.10472215268759	-0.06411395991590686
7.633353444372177e6	7299.468407620487	-18.10398483438431	-0.09482950974057165
9.933353444372177e6	7265.9577635008645	-18.103247516081034	-0.12651848274698324
1.2233353444372177e7	7232.600961168972	-18.102510197777754	-0.15924460250609962
1.4533353444372177e7	7199.591342131631	-18.101810331832905	-0.19279607998728845
1.6833353444372177e7	7174.515712004065	-18.102618743223605	-0.21582555062773118
1.9133353444372177e7	7149.5274183927295	-18.10342715461431	-0.2393979046617468
2.1433353444372177e7	7124.626157111221	-18.10423556600501	-0.2635393565334927
2.3733353444372177e7	7099.811625032489	-18.105043977395713	-0.2882780665054657
2.6033353444372177e7	7075.083520085355	-18.105852388786413	-0.3136443381309755
2.8333353444372177e7	7050.44154125063	-18.106660800177117	-0.3396708414309453
3.0633353444372177e7	7025.885388557639	-18.107469211567818	-0.3663928658976149
3.2933353444372177e7	7001.414763080434	-18.108277622958518	-0.3938486082403559
3.523335344437218e7	6977.029366934202	-18.10908603434922	-0.42207950076054523
3.753335344437218e7	6957.898586441298	-18.11092361087089	-0.44257286740119806
3.983335344437218e7	6939.340316969461	-18.112864960604078	-0.46261801936705244
4.213335344437218e7	6920.831546547002	-18.114806310337265	-0.48307321280424786
4.443335344437218e7	6902.372143148928	-18.116747660070452	-0.5039555741881483
4.673335344437218e7	6883.961975102334	-18.11868900980364	-0.5252833259213119
4.903335344437218e7	6865.6009110855775	-18.12063035953683	-0.5470758818800596
5.133335344437218e7	6847.288820127209	-18.122571709270016	-0.5693539536060744
5.363335344437218e7	6829.025571605155	-18.124513059003206	-0.592139668598711
5.593335344437218e7	6810.81103524572	-18.12645440873639	-0.6154567024013547
5.823335344437218e7	6792.645081122709	-18.12839575846958	-0.6393304264582479
6.053335344437218e7	6775.606246121233	-18.130557859159886	-0.6617119194967033
6.283335344437218e7	6761.451586483344	-18.133302757805122	-0.6790191600548097
6.513335344437218e7	6747.326496803063	-18.13604765645036	-0.6966312245934344
6.743335344437218e7	6733.230915306922	-18.1387925550956	-0.7145590433409202
6.973335344437218e7	6719.164780350493	-18.141537453740835	-0.7328141451710283
7.203335344437218e7	6705.128030418161	-18.14428235238607	-0.7514087021340294
7.433335344437218e7	6691.120604122783	-18.14702725103131	-0.7703555782070174
7.663335344437218e7	6677.1424402054745	-18.149772149676547	-0.7896683827524424
7.893335344437218e7	6663.193477535319	-18.152517048321783	-0.809361529241279
8.123335344437218e7	6649.273655109099	-18.155261946967023	-0.8294502998755134
8.353335344437218e7	6635.382912051057	-18.15800684561226	-0.8499509168357289
8.583335344437218e7	6621.521187612611	-18.160751744257496	-0.8708806209859251
8.813335344437218e7	6608.109657991916	-18.163584711382217	-0.8913389423220937
9.043335344437218e7	6597.193665707714	-18.166934678321933	-0.9067345039432043
9.273335344437218e7	6586.2957056435735	-18.170284645261653	-0.9223707999523147
9.503335344437218e7	6575.415748011918	-18.17363461220137	-0.938255478640394
9.733335344437218e7	6564.553763074378	-18.176984579141084	-0.9543965586768142
9.963335344437218e7	6553.709721141708	-18.180334546080804	-0.9708024534170008
1.0193335344437218e8	6542.883592573705	-18.183684513020523	-0.9874819972375115
1.0423335344437218e8	6532.0753477791295	-18.18703447996024	-1.0044444741049103
1.0653335344437218e8	6521.284957215627	-18.190384446899955	-1.0216996486097376
1.0883335344437218e8	6510.51239138963	-18.19373441383967	-1.0392577997253056
1.1113335344437218e8	6499.757620856338	-18.19708438077939	-1.0571297575835592
1.1343335344437218e8	6489.020616219521	-18.200434347719106	-1.075326943597456
1.1573335344437218e8	6478.301348131557	-18.203784314658826	-1.093861414302088
1.1803335344437218e8	6467.599787293278	-18.20713428159854	-1.1127459093359735
1.2033335344437218e8	6458.0711580677325	-18.210755165556037	-1.12899018158412
1.2263335344437218e8	6449.496920021227	-18.214596859933035	-1.1430205712102395
1.2493335344437218e8	6440.934065800668	-18.218438554310033	-1.1572506172484749
1.2723335344437218e8	6432.382580292011	-18.222280248687035	-1.1716860841618524
1.2953335344437218e8	6423.842448401281	-18.22612194306403	-1.1863329897212362
1.3183335344437218e8	6415.313655054509	-18.22996363744103	-1.2011976200677055
1.3413335344437218e8	6406.796185197772	-18.23380533181803	-1.2162865459114138
1.3643335344437218e8	6398.290023797134	-18.237647026195027	-1.2316066399714032
1.3873335344437218e8	6389.795155838576	-18.24148872057203	-1.2471650957722324
1.4103335344437218e8	6381.311566328089	-18.245330414949027	-1.2629694479260947
1.4333335344437218e8	6372.839240291492	-18.249172109326025	-1.2790275940435683
1.4563335344437218e8	6364.378162774535	-18.253013803703023	-1.2953478184325014
1.4793335344437218e8	6355.928318842804	-18.25685549808002	-1.3119388177630473
1.5023335344437218e8	6347.48969358172	-18.26069719245702	-1.328809728897912
1.5253335344437218e8	6339.0622720965	-18.264538886834018	-1.3459701591107724
1.5483335344437218e8	6331.623579912447	-18.268608354601763	-1.3605662357766373
1.5713335344437218e8	6324.842838656067	-18.27282925362199	-1.3734506578314922
1.5943335344437218e8	6318.069359115644	-18.277050152642218	-1.38650325744561
1.6173335344437218e8	6311.303133514382	-18.281271051662447	-1.3997284831184982
1.6403335344437218e8	6304.54415408378	-18.285491950682673	-1.4131309622202528
1.6633335344437218e8	6297.792413063689	-18.2897128497029	-1.4267155107116412
1.6863335344437218e8	6291.047902702273	-18.293933748723127	-1.4404871435335442
1.7093335344437218e8	6284.31061525596	-18.298154647743356	-1.4544510857218393
1.7323335344437218e8	6277.580542989509	-18.30237554676358	-1.468612784309379
1.7553335344437218e8	6270.857678175949	-18.30659644578381	-1.4829779210829053
1.7783335344437218e8	6264.142013096596	-18.31081734480404	-1.4975524262696718
1.8013335344437218e8	6257.433540040998	-18.315038243824265	-1.5123424932362843
1.8243335344437218e8	6250.732251307007	-18.319259142844494	-1.5273545942909448
1.8473335344437218e8	6244.038139200676	-18.32348004186472	-1.5425954976900058
1.8703335344437218e8	6237.351196036332	-18.32770094088495	-1.5580722859606881
1.8933335344437218e8	6230.671414136524	-18.331921839905174	-1.5737923756641123
1.9163335344437218e8	6224.4446958872695	-18.336246844176266	-1.5883092317585512
1.9393335344437218e8	6219.0700445645925	-18.340769502110273	-1.6002437707662682
1.9623335344437218e8	6213.70003411806	-18.345292160044288	-1.6123224651550279
1.9853335344437218e8	6208.334660540383	-18.3498148179783	-1.6245488400065253
2.0083335344437218e8	6202.973919827741	-18.35433747591231	-1.6369265513046793
2.0313335344437218e8	6197.617807979761	-18.358860133846324	-1.649459392498272
2.0543335344437218e8	6192.266320999557	-18.363382791780335	-1.662151301480079
2.0773335344437218e8	6186.919454893661	-18.367905449714346	-1.675006368014615
2.1003335344437218e8	6181.577205672053	-18.37242810764836	-1.6880288416495484
2.1233335344437218e8	6176.239569348192	-18.37695076558237	-1.7012231401490823
2.1463335344437218e8	6170.906541938946	-18.381473423516383	-1.7145938584911773
2.1693335344437218e8	6165.578119464622	-18.385996081450397	-1.7281457784744667
2.1923335344437218e8	6160.254297949008	-18.390518739384408	-1.7418838789851265
2.2153335344437218e8	6154.935073419248	-18.39504139731842	-1.7558133469788593
2.2383335344437218e8	6149.620441905991	-18.39956405525243	-1.7699395892386123
2.2613335344437218e8	6144.310399443276	-18.404086713186445	-1.784268244974726
2.2843335344437218e8	6139.004942068559	-18.408609371120455	-1.7988051993409986
2.3073335344437218e8	6133.704065822756	-18.413132029054466	-1.8135565979477408
2.3303335344437218e8	6129.215105845793	-18.41788043575757	-1.8253586934645014
2.3533335344437218e8	6124.895427876458	-18.42267528890515	-1.836642926320424
2.3763335344437218e8	6120.57879428025	-18.427470142052734	-1.8480559477499312
2.3993335344437218e8	6116.265202911591	-18.432264995200313	-1.8596007314904177
2.4223335344437218e8	6111.9546516264245	-18.437059848347893	-1.8712803554791548
2.4453335344437218e8	6107.647138282176	-18.441854701495476	-1.8830980067791048
2.4683335344437218e8	6103.342660737809	-18.446649554643056	-1.8950569867992884
2.4913335344437218e8	6099.041216853798	-18.45144440779064	-1.9071607168311058
2.5143335344437218e8	6094.742804492094	-18.45623926093822	-1.9194127439238282
2.5373335344437218e8	6090.447421516197	-18.4610341140858	-1.9318167471245125
2.5603335344437218e8	6086.155065791069	-18.46582896723338	-1.944376544109802
2.5833335344437218e8	6081.865735183211	-18.47062382038096	-1.9570960982395214
2.6063335344437218e8	6077.579427560613	-18.475418673528544	-1.9699795260646722
2.6293335344437218e8	6073.296140792773	-18.480213526676124	-1.9830311053254226
2.6523335344437218e8	6069.015872750697	-18.485008379823704	-1.9962552834779634
2.6753335344437218e8	6064.738621306859	-18.489803232971287	-2.009656686792768
2.698333534443722e8	6060.464384335281	-18.494598086118867	-2.0232401300708243
2.721333534443722e8	6056.193159711421	-18.49939293926645	-2.0370106270289052
2.744333534443722e8	6052.130734207124	-18.504239691881825	-2.050016199578458
2.767333534443722e8	6048.612222157223	-18.50922301410849	-2.060645402063659
2.790333534443722e8	6045.095755655829	-18.514206336335153	-2.0713887993810127
2.813333534443722e8	6041.5813335137345	-18.519189658561814	-2.0822488719068146
2.836333534443722e8	6038.0689545424175	-18.524172980788478	-2.093228181718227
2.859333534443722e8	6034.558617554056	-18.529156303015142	-2.1043293762213353
2.882333534443722e8	6031.050321361485	-18.534139625241806	-2.115555191982852
2.905333534443722e8	6027.5440647782625	-18.53912294746847	-2.126908458779341
2.928333534443722e8	6024.039846618627	-18.544106269695135	-2.1383921038789597
2.951333534443722e8	6020.537665697506	-18.5490895919218	-2.1500091565719135
2.974333534443722e8	6017.037520830523	-18.554072914148463	-2.1617627529671766
2.997333534443722e8	6013.539410833964	-18.559056236375124	-2.1736561410744715
3.020333534443722e8	6010.043334524831	-18.564039558601785	-2.1856926861921164
3.043333534443722e8	6006.5492907208045	-18.56902288082845	-2.197875876623096
3.066333534443722e8	6003.057278240262	-18.574006203055117	-2.2102093297436505
3.089333534443722e8	5999.567295902238	-18.57898952528178	-2.2226967984507917
3.112333534443722e8	5996.079342526483	-18.58397284750844	-2.235342178017505
3.135333534443722e8	5992.593416933425	-18.588956169735106	-2.248149513386963
3.158333534443722e8	5989.109517944187	-18.59393949196177	-2.261123006939928
3.181333534443722e8	5985.627644380548	-18.59892281418843	-2.274267026772666
3.204333534443722e8	5982.626540025203	-18.60404109083498	-2.2854149892543796
3.227333534443722e8	5979.856281981755	-18.609224045668718	-2.2956379949960217
3.250333534443722e8	5977.087306707592	-18.61440700050246	-2.3059665909626283
3.273333534443722e8	5974.319613608726	-18.6195899553362	-2.3164029811551696
3.296333534443722e8	5971.553202091456	-18.624772910169938	-2.3269494393097254
3.319333534443722e8	5968.788071562355	-18.62995586500368	-2.337608311870789
3.342333534443722e8	5966.024221428252	-18.635138819837422	-2.3483820211247393
3.365333534443722e8	5963.261651096257	-18.64032177467116	-2.359273068503959
3.388333534443722e8	5960.500359973758	-18.6455047295049	-2.37028403807287
3.411333534443722e8	5957.740347468407	-18.650687684338642	-2.381417600208036
3.434333534443722e8	5954.98161298816	-18.655870639172385	-2.3926765154854466
3.457333534443722e8	5952.224155941217	-18.66105359400612	-2.4040636387891383
3.480333534443722e8	5949.467975736049	-18.666236548839862	-2.415581923656449
3.503333534443722e8	5946.713071781449	-18.671419503673604	-2.427234426876452
3.526333534443722e8	5943.959443486403	-18.676602458507343	-2.4390243133594796
3.549333534443722e8	5941.20709026025	-18.681785413341085	-2.4509548612971455
3.572333534443722e8	5938.456011512558	-18.686968368174824	-2.4630294676339095
3.595333534443722e8	5935.706206653168	-18.692151323008567	-2.4752516538730354
3.618333534443722e8	5932.957675092226	-18.697334277842305	-2.48762507224177
3.641333534443722e8	5930.210416240122	-18.702517232676048	-2.5001535122427447
3.664333534443722e8	5927.5316488565195	-18.7077247480452	-2.5120294556509584
3.687333534443722e8	5925.037689697362	-18.712999375222445	-2.521807449285128
3.710333534443722e8	5922.544779850576	-18.718274002399696	-2.5316819969604882
3.733333534443722e8	5920.0529188746705	-18.72354862957694	-2.541655024580733
3.756333534443722e8	5917.562106328343	-18.728823256754186	-2.551728516252729
3.779333534443722e8	5915.072341770466	-18.734097883931433	-2.5619045166556966
3.802333534443722e8	5912.5836247601255	-18.73937251110868	-2.5721851335321797
3.825333534443722e8	5910.095954856567	-18.744647138285927	-2.582572540308396
3.848333534443722e8	5907.609331619227	-18.749921765463174	-2.5930689788521137
3.871333534443722e8	5905.123754607731	-18.75519639264042	-2.6036767623768102
3.894333534443722e8	5902.639223381877	-18.76047101981767	-2.614398278501523
3.917333534443722e8	5900.15573750168	-18.765745646994915	-2.6252359924765187
3.940333534443722e8	5897.6732965273095	-18.771020274172162	-2.6361924505856753
3.963333534443722e8	5895.191900019131	-18.77629490134941	-2.647270283737337
3.986333534443722e8	5892.711547537693	-18.781569528526656	-2.658472211256294
4.009333534443722e8	5890.232238643721	-18.786844155703903	-2.6698010448905705
4.032333534443722e8	5887.753972898153	-18.79211878288115	-2.681259693047787
4.055333534443722e8	5885.276749862084	-18.797393410058397	-2.692851165277063
4.078333534443722e8	5882.800569096803	-18.802668037235645	-2.7045785770137405
4.101333534443722e8	5880.325430163783	-18.807942664412895	-2.7164451546056414
4.124333534443722e8	5877.85133262467	-18.813217291590135	-2.7284542406411467
4.147333534443722e8	5875.383230482261	-18.818493345579647	-2.7405842121718798
4.170333534443722e8	5873.474898552045	-18.823930367264026	-2.7500020231607283
4.193333534443722e8	5871.567186450451	-18.82936738894841	-2.75950937324376
4.216333534443722e8	5869.660093976179	-18.83480441063279	-2.7691079813483457
4.239333534443722e8	5867.753620927964	-18.84024143231717	-2.7787996163806574
4.262333534443722e8	5865.847767104615	-18.84567845400155	-2.788586099182197
4.285333534443722e8	5863.942532304995	-18.85111547568593	-2.798469304583011
4.308333534443722e8	5862.037916328057	-18.85655249737031	-2.808451163557384
4.331333534443722e8	5860.133918972816	-18.861989519054692	-2.8185336654882116
4.354333534443722e8	5858.230540038332	-18.86742654073907	-2.8287188605466937
4.377333534443722e8	5856.327779323732	-18.872863562423454	-2.839008862194466
4.400333534443722e8	5854.425636628237	-18.878300584107834	-2.8494058498158132
4.423333534443722e8	5852.524111751103	-18.883737605792213	-2.8599120714881603
4.446333534443722e8	5850.623204491653	-18.889174627476596	-2.870529846899652
4.469333534443722e8	5848.722914649304	-18.89461164916098	-2.8812615704232942
4.492333534443722e8	5846.823242023507	-18.900048670845358	-2.892109714357845
4.515333534443722e8	5844.92418641378	-18.905485692529737	-2.903076832346433
4.538333534443722e8	5843.025747619725	-18.910922714214117	-2.9141655629847247
4.561333534443722e8	5841.12792544101	-18.916359735898496	-2.9253786336313943
4.584333534443722e8	5839.230719677348	-18.92179675758288	-2.936718864434663
4.607333534443722e8	5837.3341301285145	-18.92723377926726	-2.9481891725897804
4.630333534443722e8	5835.438156594385	-18.93267080095164	-2.9597925768435247
4.653333534443722e8	5833.556231893355	-18.938111504595636	-2.971452156653911
4.676333534443722e8	5832.1063909509485	-18.94367050869415	-2.9806504060467836
4.699333534443722e8	5830.656910344263	-18.949229512792666	-2.9899340493133657
4.722333534443722e8	5829.207789983756	-18.954788516891185	-2.9993046868668345
4.745333534443722e8	5827.759029779901	-18.9603475209897	-3.008763964537622
4.768333534443722e8	5826.310629643167	-18.965906525088215	-3.018313575308335
4.791333534443722e8	5824.862589484076	-18.97146552918673	-3.027955261132317
4.814333534443722e8	5823.41490921317	-18.977024533285245	-3.0376908148407336
4.837333534443722e8	5821.967588740986	-18.98258353738376	-3.0475220821434115
4.860333534443722e8	5820.52062797812	-18.988142541482276	-3.0574509637290097
4.883333534443722e8	5819.074026835151	-18.99370154558079	-3.067479417470501
4.906333534443722e8	5817.627785222723	-18.999260549679306	-3.077609460742367
4.929333534443722e8	5816.181903051459	-19.00481955377782	-3.0878431728563704
4.952333534443722e8	5814.736380232036	-19.010378557876336	-3.0981826976232467
4.975333534443722e8	5813.291216675152	-19.01593756197485	-3.1086302460482282
4.998333534443722e8	5811.846412291498	-19.021496566073367	-3.119188099168864
5.021333534443722e8	5810.401966991817	-19.027055570171882	-3.129858611044252
5.044333534443722e8	5808.957880686875	-19.032614574270397	-3.140644211905486
5.067333534443722e8	5807.514153287429	-19.038173578368912	-3.151547411477854
5.090333534443722e8	5806.070784704287	-19.043732582467428	-3.162570802486163
5.113333534443722e8	5804.627774848283	-19.049291586565943	-3.1737170643554204
5.136333534443722e8	5803.185123630249	-19.054850590664458	-3.184988967120106
5.159333534443722e8	5801.742830961042	-19.060409594762977	-3.1963893755562807
5.182333534443722e8	5800.290643563706	-19.065972469277316	-3.2064814272322453
5.205333534443722e8	5798.830574675273	-19.071538456923705	-3.215507914620717
5.228333534443722e8	5797.370873320337	-19.07710444457009	-3.224616622206679
5.251333534443722e8	5795.9115394064	-19.082670432216474	-3.233809061619499
5.274333534443722e8	5794.45257284095	-19.08823641986286	-3.2430867865628783
5.297333534443722e8	5792.993973531526	-19.093802407509248	-3.2524513943909343
5.320333534443722e8	5791.53574138568	-19.099368395155633	-3.2619045277587837
5.343333534443722e8	5790.077876311	-19.10493438280202	-3.271447876351883
5.366333534443722e8	5788.620378215066	-19.110500370448406	-3.281083178698694
5.389333534443722e8	5787.163247005519	-19.11606635809479	-3.2908122240715216
5.412333534443722e8	5785.706482589986	-19.121632345741176	-3.3006368544807367
5.435333534443722e8	5784.250084876146	-19.127198333387565	-3.3105589667679354
5.458333534443722e8	5782.794053771692	-19.13276432103395	-3.320580514803984
5.481333534443722e8	5781.3383891843505	-19.138330308680334	-3.330703511798326
5.504333534443722e8	5779.883091021839	-19.14389629632672	-3.3409300327263733
5.527333534443722e8	5778.428159191942	-19.149462283973108	-3.3512622168823034
5.550333534443722e8	5776.973593602423	-19.155028271619493	-3.361702270565122
5.573333534443722e8	5775.5193941611005	-19.160594259265878	-3.3722524699064182
5.596333534443722e8	5774.065560775818	-19.166160246912266	-3.3829151638488932
5.619333534443722e8	5772.61209335441	-19.171726234558655	-3.393692777285396
5.642333534443722e8	5771.158991804775	-19.17729222220504	-3.4045878143689703
5.665333534443722e8	5769.706256034783	-19.182858209851425	-3.4156028620052106
5.688333534443722e8	5768.253885952401	-19.18842419749781	-3.426740593539114
5.711333534443722e8	5766.9492513500545	-19.194042574223317	-3.4367856088171402
5.734333534443722e8	5765.804002182045	-19.19971751787491	-3.4456055185594483
5.757333534443722e8	5764.658980447205	-19.205392461526493	-3.4545039118406478
5.780333534443722e8	5763.514186100408	-19.21106740517808	-3.4634821979747596
5.803333534443722e8	5762.369619096467	-19.216742348829673	-3.472541824580153
5.826333534443722e8	5761.225279390245	-19.22241729248126	-3.481684278980367
5.849333534443722e8	5760.081166936603	-19.22809223613285	-3.4909110896695577
5.872333534443722e8	5758.9372816904115	-19.233767179784437	-3.50022382784619
5.895333534443722e8	5757.793623606549	-19.239442123436024	-3.5096241090188096
5.918333534443722e8	5756.650192639905	-19.245117067087612	-3.519113594688016
5.941333534443722e8	5755.506988745386	-19.250792010739204	-3.5286939941090005
5.964333534443722e8	5754.364011877867	-19.25646695439079	-3.538367066139339
5.987333534443722e8	5753.221261992305	-19.26214189804238	-3.548134621177028
6.010333534443722e8	5752.078739043593	-19.267816841693964	-3.557998523194107
6.033333534443722e8	5750.936442986674	-19.273491785345556	-3.5679606918715825
6.056333534443722e8	5749.79437377649	-19.279166728997144	-3.578023104841768
6.079333534443722e8	5748.652531367992	-19.284841672648735	-3.588187800044593
6.102333534443722e8	5747.51091571615	-19.290516616300323	-3.5984568782049022
6.125333534443722e8	5746.369526775912	-19.29619155995191	-3.608832505438279
6.148333534443722e8	5745.228364502266	-19.3018665036035	-3.6193169159934744
6.171333534443722e8	5744.0874288502	-19.307541447255087	-3.629912415140135
6.194333534443722e8	5742.946719774707	-19.31321639090668	-3.6406213822111564
6.217333534443722e8	5741.806237230794	-19.318891334558263	-3.6514462738097113
6.240333534443722e8	5740.6659811734735	-19.32456627820985	-3.6623896271917658
6.263333534443722e8	5739.751593833979	-19.33030624887967	-3.6711639677512293
6.286333534443722e8	5738.8512105498685	-19.336050213906493	-3.6798742293515088
6.309333534443722e8	5737.9509685070625	-19.34179417893332	-3.688661026743843
6.332333534443722e8	5737.050867683433	-19.347538143960143	-3.6975257168779327
6.355333534443722e8	5736.1509080568	-19.35328210898697	-3.706469693113771
6.378333534443722e8	5735.251089605023	-19.359026074013798	-3.715494386536047
6.401333534443722e8	5734.351412305945	-19.36477003904062	-3.724601267328398
6.424333534443722e8	5733.451876137456	-19.37051400406745	-3.7337918462108184
6.447333534443722e8	5732.552481077385	-19.376257969094276	-3.743067675943734
6.470333534443722e8	5731.653227103608	-19.3820019341211	-3.752430352902493
6.493333534443722e8	5730.754114193991	-19.38774589914793	-3.761881518726259
6.516333534443722e8	5729.855142326409	-19.393489864174754	-3.7714228620455748
6.539333534443722e8	5728.956311478734	-19.39923382920158	-3.7810561202931345
6.562333534443722e8	5728.057621628846	-19.404977794228408	-3.7907830816026324
6.585333534443722e8	5727.159072754627	-19.41072175925523	-3.8006055868008657
6.608333534443722e8	5726.2606648339615	-19.41646572428206	-3.8105255314986537
6.631333534443722e8	5725.3623978447395	-19.422209689308886	-3.820544868286507
6.654333534443722e8	5724.464271764852	-19.42795365433571	-3.8306656090414113
6.677333534443722e8	5723.566286572196	-19.433697619362537	-3.8408898273515426
6.700333534443722e8	5722.668442244671	-19.439441584389364	-3.851219661066218
6.723333534443722e8	5721.770738760178	-19.445185549416188	-3.8616573149789355
6.746333534443722e8	5720.873176096625	-19.450929514443015	-3.8722050636519163
6.769333534443722e8	5719.975754231931	-19.456673479469842	-3.882865254391207
6.792333534443722e8	5719.081148638846	-19.46241845786007	-3.8935841851206483
6.815333534443722e8	5718.29550278121	-19.468204658604293	-3.902114003820305
6.838333534443722e8	5717.509964849901	-19.473990859348515	-3.9107172067297817
6.861333534443722e8	5716.724534830091	-19.479777060092736	-3.91939506750077
6.884333534443722e8	5715.939212706957	-19.48556326083696	-3.9281488932335655
6.907333534443722e8	5715.153998465685	-19.49134946158118	-3.936980025658656
6.930333534443722e8	5714.3688920914365	-19.497135662325405	-3.9458898423709443
6.953333534443722e8	5713.583893569404	-19.502921863069623	-3.9548797581194606
6.976333534443722e8	5712.79900288477	-19.50870806381385	-3.9639512261555616
6.999333534443722e8	5712.014220022721	-19.514494264558067	-3.9731057396428544
7.022333534443722e8	5711.229544968445	-19.520280465302292	-3.982344833132248
7.045333534443722e8	5710.444977707134	-19.52606666604651	-3.9916700841057837
7.068333534443722e8	5709.660518223978	-19.531852866790736	-4.001083114593132
7.091333534443722e8	5708.876166504172	-19.537639067534958	-4.01058559286489
7.114333534443722e8	5708.091922532923	-19.54342526827918	-4.020179235207119
7.137333534443722e8	5707.307786295408	-19.5492114690234	-4.029865807781812
7.160333534443722e8	5706.523757776838	-19.554997669767623	-4.03964712857837
7.183333534443722e8	5705.739836962414	-19.560783870511845	-4.049525069461458
7.206333534443722e8	5704.956023837343	-19.566570071256066	-4.05950155832102
7.229333534443722e8	5704.17231838683	-19.572356272000288	-4.069578581330622
7.252333534443722e8	5703.388720596083	-19.57814247274451	-4.079758185320754
7.275333534443722e8	5702.605230450313	-19.583928673488728	-4.0900424802741675
7.298333534443722e8	5701.8218479347315	-19.589714874232953	-4.100433641950867
7.321333534443722e8	5701.038573034555	-19.595501074977175	-4.110933914650929
7.344333534443722e8	5700.255405735009	-19.601287275721397	-4.121545614123914
7.367333534443722e8	5699.578612203618	-19.60710834083884	-4.1304245563703335
7.390333534443722e8	5698.928205674543	-19.61293803770493	-4.138922282518512
7.413333534443722e8	5698.277873366487	-19.61876773457102	-4.147492839353635
7.436333534443722e8	5697.6276152710225	-19.624597431437113	-4.1561374860823035
7.459333534443722e8	5696.977431379649	-19.630427128303207	-4.164857514852688
7.482333534443722e8	5696.32732168391	-19.636256825169298	-4.173654251913673
7.505333534443722e8	5695.677286175337	-19.642086522035388	-4.1825290588254305
7.528333534443722e8	5695.027324845466	-19.647916218901482	-4.191483333724206
7.551333534443722e8	5694.377437685831	-19.653745915767573	-4.2005185126442415
7.574333534443722e8	5693.727624687969	-19.659575612633667	-4.209636070899955
7.597333534443722e8	5693.077885843416	-19.665405309499757	-4.218837524531722
7.620333534443722e8	5692.42822114371	-19.671235006365848	-4.228124431818794
7.643333534443722e8	5691.778630580401	-19.67706470323194	-4.237498394863123
7.666333534443722e8	5691.129114144998	-19.682894400098032	-4.246961061248128
7.689333534443722e8	5690.479671829083	-19.688724096964123	-4.2565141257766985
7.712333534443722e8	5689.830303624167	-19.694553793830217	-4.2661593322930145
7.735333534443722e8	5689.1810095218025	-19.700383490696307	-4.275898475593086
7.758333534443722e8	5688.531789513533	-19.7062131875624	-4.285733403429245
7.781333534443722e8	5687.882643590905	-19.71204288442849	-4.295666018614198
7.804333534443722e8	5687.233571745463	-19.717872581294582	-4.305698281230611
7.827333534443722e8	5686.584573968754	-19.723702278160676	-4.31583221095267
7.850333534443722e8	5685.935650252326	-19.729531975026767	-4.3260698894864795
7.873333534443722e8	5685.286800587737	-19.735361671892857	-4.336413463136679
7.896333534443722e8	5684.638024966506	-19.741191368758948	-4.34686514550719
7.919333534443722e8	5684.025507660696	-19.747033250166798	-4.356700564440779
7.942333534443722e8	5683.48827666739	-19.752900463426684	-4.365109586821932
7.965333534443722e8	5682.951096450965	-19.758767676686578	-4.373589920946313
7.988333534443722e8	5682.4139670066315	-19.764634889946468	-4.382142786668134
8.011333534443722e8	5681.87688832959	-19.770502103206358	-4.390769435411948
8.034333534443722e8	5681.339860415042	-19.776369316466248	-4.399471151271535
8.057333534443722e8	5680.80288325819	-19.782236529726138	-4.408249252157033
8.080333534443722e8	5680.265956854238	-19.788103742986028	-4.41710509099285
8.103333534443722e8	5679.729081198387	-19.793970956245918	-4.42604005696911
8.126333534443722e8	5679.192256285842	-19.799838169505808	-4.435055576849498
8.149333534443722e8	5678.655482111805	-19.8057053827657	-4.444153116338609
8.172333534443722e8	5678.118758671483	-19.811572596025588	-4.453334181512059
8.195333534443722e8	5677.582085960079	-19.81743980928548	-4.462600320312864
8.218333534443722e8	5677.0454639728	-19.82330702254537	-4.471953124117798
8.241333534443722e8	5676.508892704849	-19.829174235805258	-4.481394229377684
8.264333534443722e8	5675.972372151434	-19.835041449065148	-4.49092531933587
8.287333534443722e8	5675.435902307772	-19.84090866232504	-4.500548125829379
8.310333534443722e8	5674.89948316904	-19.846775875584928	-4.51026443117758
8.333333534443722e8	5674.363114730484	-19.85264308884482	-4.520076070163501
8.356333534443722e8	5673.826796987274	-19.85851030210471	-4.529984932113316
8.379333534443722e8	5673.290529934658	-19.864377515364602	-4.539992963079899
8.402333534443722e8	5672.754313567804	-19.870244728624492	-4.5501021681367435
8.425333534443722e8	5672.218147881962	-19.876111941884382	-4.560314613789024
8.448333534443722e8	5671.682032872312	-19.881979155144272	-4.570632430509051
8.471333534443722e8	5671.145968534075	-19.887846368404162	-4.581057815403887
8.494333534443722e8	5670.654675753886	-19.89373527548281	-4.589987519895725
8.517333534443722e8	5670.180159506385	-19.899632300763606	-4.598392103435319
8.540333534443722e8	5669.705682966048	-19.905529326044405	-4.606867923132501
8.563333534443722e8	5669.231246129561	-19.9114263513252	-4.615416196894273
8.586333534443722e8	5668.756848993613	-19.917323376605996	-4.624038174130506
8.609333534443722e8	5668.282491554851	-19.92322040188679	-4.632735136849894
8.632333534443722e8	5667.808173809984	-19.929117427167586	-4.64150840080397
8.655333534443722e8	5667.33389575569	-19.935014452448385	-4.650359316681757
8.678333534443722e8	5666.859657388627	-19.94091147772918	-4.659289271357763
8.701333534443722e8	5666.385458705495	-19.946808503009976	-4.668299689196199
8.724333534443722e8	5665.911299702943	-19.95270552829077	-4.677392033414494
8.747333534443722e8	5665.43718037769	-19.958602553571566	-4.686567807509368
8.770333534443722e8	5664.963100726388	-19.964499578852365	-4.695828556748937
8.793333534443722e8	5664.489060745724	-19.970396604133157	-4.705175869734563
8.816333534443722e8	5664.01506043238	-19.976293629413956	-4.714611380036383
8.839333534443722e8	5663.541099783037	-19.982190654694747	-4.724136767906739
8.862333534443722e8	5663.067178794375	-19.988087679975546	-4.733753762076005
8.885333534443722e8	5662.593297463076	-19.99398470525634	-4.743464141635604
8.908333534443722e8	5662.119455785831	-19.99988173053714	-4.7532697380133495
8.931333534443722e8	5661.645653759302	-20.005778755817932	-4.763172437046599
8.954333534443722e8	5661.171891380181	-20.011675781098727	-4.773174181159085
8.977333534443722e8	5660.69816864515	-20.017572806379526	-4.783276971647713
9.000333534443722e8	5660.2244855508925	-20.02346983166032	-4.7934828710860575
9.023333534443722e8	5659.750842094101	-20.02936685694112	-4.803794005851776
9.046333534443722e8	5659.281118316741	-20.03526467476274	-4.814108878738686
9.069333534443722e8	5658.888276626932	-20.0411781898024	-4.822458294070071
9.092333534443722e8	5658.495462206426	-20.047091704842064	-4.830878009514512
9.115333534443722e8	5658.102675053319	-20.053005219881722	-4.839369218952141
9.138333534443722e8	5657.709915165709	-20.058918734921384	-4.847933146936557
9.161333534443722e8	5657.317182541715	-20.064832249961043	-4.856571049754662
9.184333534443722e8	5656.924477179451	-20.070745765000705	-4.865284216532684
9.207333534443722e8	5656.531799077007	-20.076659280040367	-4.874073970390803
9.230333534443722e8	5656.139148232511	-20.082572795080026	-4.882941669648974
9.253333534443722e8	5655.746524644049	-20.088486310119684	-4.891888709086697
9.276333534443722e8	5655.353928309751	-20.09439982515935	-4.9009165212596475
9.299333534443722e8	5654.961359227703	-20.10031334019901	-4.910026577876291
9.322333534443722e8	5654.568817396025	-20.106226855238667	-4.919220391237774
9.345333534443722e8	5654.176302812835	-20.112140370278333	-4.928499515744622
9.368333534443722e8	5653.783815476232	-20.11805388531799	-4.937865549474008
9.391333534443722e8	5653.391355384314	-20.12396740035765	-4.947320135831573
9.414333534443722e8	5652.998922535209	-20.12988091539731	-4.956864965282088
9.437333534443722e8	5652.606516926998	-20.13579443043697	-4.966501777163515
9.460333534443722e8	5652.214138557828	-20.141707945476632	-4.976232361589314
9.483333534443722e8	5651.821787425789	-20.14762146051629	-4.986058561444235
9.506333534443722e8	5651.429463528981	-20.153534975555953	-4.995982274479132
9.529333534443722e8	5651.0371668655325	-20.159448490595615	-5.0060054555107625
9.552333534443722e8	5650.6448974335335	-20.165362005635274	-5.016130118732962
9.575333534443722e8	5650.252655231113	-20.171275520674936	-5.026358340146009
9.598333534443722e8	5649.860440256362	-20.177189035714598	-5.036692260111531
9.621333534443722e8	5649.480029000699	-20.183106638562673	-5.046417317956947
9.644333534443722e8	5649.122920989362	-20.189032321966216	-5.054808565925496
9.667333534443722e8	5648.765835551088	-20.194958005369752	-5.063270823213513
9.690333534443722e8	5648.408772684462	-20.200883688773295	-5.07180530189057
9.713333534443722e8	5648.051732388056	-20.206809372176835	-5.080413245327091
9.736333534443722e8	5647.694714660444	-20.212735055580374	-5.089095929281476
9.759333534443722e8	5647.3377195002095	-20.218660738983917	-5.097854663034841
9.782333534443722e8	5646.980746905906	-20.22458642238746	-5.106690790575894
9.805333534443722e8	5646.623796876117	-20.230512105791	-5.115605691838624
9.828333534443722e8	5646.266869409415	-20.23643778919454	-5.124600783995658
9.851333534443722e8	5645.909964504386	-20.24236347259808	-5.133677522810324
9.874333534443722e8	5645.553082159582	-20.24828915600162	-5.142837404050631
9.897333534443722e8	5645.196222373587	-20.254214839405158	-5.1520819649686125
9.920333534443722e8	5644.839385144977	-20.2601405228087	-5.161412785848693
9.943333534443722e8	5644.482570472334	-20.266066206212244	-5.170831491628969
9.966333534443722e8	5644.125778354213	-20.271991889615784	-5.180339753599581
9.989333534443722e8	5643.769008789199	-20.277917573019323	-5.189939291182589
1.0012333534443722e9	5643.412261775866	-20.283843256422863	-5.199631873798131
1.0035333534443722e9	5643.055537312787	-20.289768939826402	-5.2094193228218915
1.0058333534443722e9	5642.698835398548	-20.295694623229945	-5.219303513639322
1.0081333534443722e9	5642.342156031694	-20.301620306633485	-5.229286377802405
1.0104333534443722e9	5641.9854992108385	-20.307545990037028	-5.239369905295146
1.0127333534443722e9	5641.628864934538	-20.313471673440567	-5.2495561469144745
1.0150333534443722e9	5641.272253201346	-20.319397356844107	-5.259847216773643
1.0173333534443722e9	5640.915664009878	-20.32532304024765	-5.270245294935798
1.0196333534443722e9	5640.551518833276	-20.33131287961428	-5.2793120208385735
1.0219333534443722e9	5640.183758857979	-20.337333521056713	-5.287764438755169
1.0242333534443722e9	5639.816022860383	-20.34335416249914	-5.296288909493593
1.0265333534443722e9	5639.448310838914	-20.34937480394157	-5.304886672055026
1.0288333534443722e9	5639.080622792009	-20.355395445383998	-5.313558997676304
1.0311333534443722e9	5638.712958718105	-20.361416086826424	-5.3223071909579724
1.0334333534443722e9	5638.345318615639	-20.36743672826885	-5.331132591042102
1.0357333534443722e9	5637.977702483049	-20.373457369711282	-5.340036572842546
1.0380333534443722e9	5637.61011031877	-20.379478011153708	-5.349020548330474
1.0403333534443722e9	5637.242542121231	-20.385498652596137	-5.358085967878162
1.0426333534443722e9	5636.874997888899	-20.391519294038567	-5.367234321664259
1.0449333534443722e9	5636.507477620171	-20.397539935480992	-5.376467141143929
1.0472333534443722e9	5636.139981313525	-20.40356057692342	-5.3857860005874985
1.0495333534443722e9	5635.772508967369	-20.40958121836585	-5.395192518691461
1.0518333534443722e9	5635.40506058014	-20.415601859808277	-5.40468836026599
1.0541333534443722e9	5635.037636150307	-20.42162250125071	-5.41427523800333
1.0564333534443722e9	5634.670235676266	-20.427643142693135	-5.42395491433179
1.0587333534443722e9	5634.302859156488	-20.433663784135565	-5.4337292033603415
1.0610333534443722e9	5633.935506589399	-20.439684425577994	-5.443599972919194
1.0633333534443722e9	5633.568177973437	-20.44570506702042	-5.453569146702088
1.0656333534443722e9	5633.2008733070425	-20.45172570846285	-5.4636387065164564
1.0679333534443722e9	5632.833592588652	-20.457746349905275	-5.473810694648032
1.0702333534443722e9	5632.466335816705	-20.463766991347704	-5.484087216346955
1.0725333534443722e9	5632.099102989641	-20.469787632790133	-5.494470442442966
1.0748333534443722e9	5631.773583695542	-20.475745190992996	-5.504003259592715
1.0771333534443722e9	5631.4974558966605	-20.481628036454822	-5.512481834604118
1.0794333534443722e9	5631.22134163644	-20.48751088191665	-5.521032910996172
1.0817333534443722e9	5630.945240914188	-20.49339372737847	-5.52965773940812
1.0840333534443722e9	5630.669153729248	-20.4992765728403	-5.5383576031209865
1.0863333534443722e9	5630.3930800809585	-20.505159418302124	-5.547133819203487
1.0886333534443722e9	5630.117019968656	-20.51104226376395	-5.555987739708677
1.0909333534443722e9	5629.840973391674	-20.516925109225777	-5.564920752924048
1.0932333534443722e9	5629.564940349343	-20.5228079546876	-5.573934284677958
1.0955333534443722e9	5629.288920841025	-20.528690800149427	-5.583029799705485
1.0978333534443722e9	5629.01291486602	-20.534573645611253	-5.592208803076967
1.1001333534443722e9	5628.736922423703	-20.54045649107308	-5.601472841692712
1.1024333534443722e9	5628.46094351337	-20.546339336534906	-5.610823505847597
1.1047333534443722e9	5628.184978134397	-20.552222181996733	-5.6202624308695
1.1070333534443722e9	5627.909026286084	-20.558105027458552	-5.629791298835819
1.1093333534443722e9	5627.6330879678035	-20.563987872920382	-5.639411840372534
1.1116333534443722e9	5627.357163178854	-20.569870718382205	-5.6491258365406765
1.1139333534443722e9	5627.081251918612	-20.57575356384403	-5.658935120815317
1.1162333534443722e9	5626.805354186385	-20.581636409305858	-5.6688415811625825
1.1185333534443722e9	5626.529469981518	-20.587519254767685	-5.678847162220583
1.1208333534443722e9	5626.253599303349	-20.593402100229508	-5.688953867590556
1.1231333534443722e9	5625.9777421512135	-20.599284945691338	-5.699163762244985
1.1254333534443722e9	5625.70189852444	-20.605167791153157	-5.709478975059905
1.1277333534443722e9	5625.426068422395	-20.611050636614983	-5.719901701479202
1.1300333534443722e9	5625.150251844374	-20.61693348207681	-5.7304342063192175
1.1323333534443722e9	5624.807252425729	-20.622934420642647	-5.739357828842137
1.1346333534443722e9	5624.449304248711	-20.628961669201654	-5.747975317894843
1.1369333534443722e9	5624.0913788505895	-20.63498891776066	-5.75666771404379
1.1392333534443722e9	5623.733476229913	-20.641016166319666	-5.765436330968856
1.1415333534443722e9	5623.3755963852345	-20.647043414878677	-5.774282517213764
1.1438333534443722e9	5623.017739315092	-20.65307066343768	-5.783207657430765
1.1461333534443722e9	5622.6599050180575	-20.65909791199669	-5.7922131736813816
1.1484333534443722e9	5622.302093492672	-20.665125160555696	-5.80130052679625
1.1507333534443722e9	5621.944304737495	-20.671152409114704	-5.810471217797312
1.1530333534443722e9	5621.58653875105	-20.67717965767371	-5.819726789385838
1.1553333534443722e9	5621.228795531915	-20.68320690623272	-5.829068827499942
1.1576333534443722e9	5620.871075078634	-20.689234154791727	-5.838498962945555
1.1599333534443722e9	5620.513377389756	-20.695261403350734	-5.848018873105018
1.1622333534443722e9	5620.155702463833	-20.701288651909742	-5.857630283727802
1.1645333534443722e9	5619.798050299418	-20.70731590046875	-5.867334970808113
1.1668333534443722e9	5619.44042089506	-20.713343149027757	-5.8771347625545065
1.1691333534443722e9	5619.082814249312	-20.71937039758676	-5.887031541456969
1.1714333534443722e9	5618.725230360716	-20.72539764614577	-5.897027246457316
1.1737333534443722e9	5618.367669227852	-20.73142489470478	-5.907123875229153
1.1760333534443722e9	5618.010130849235	-20.73745214326378	-5.917323486574129
1.1783333534443722e9	5617.652615223454	-20.74347939182279	-5.9276282029416505
1.1806333534443722e9	5617.295122349022	-20.749506640381796	-5.938040213079776
1.1829333534443722e9	5616.937652224532	-20.755533888940803	-5.948561774825583
1.1852333534443722e9	5616.579469176894	-20.76155779765387	-5.959079147378345
1.1875333534443722e9	5616.208761598639	-20.76752473936023	-5.967709479775598
1.1898333534443722e9	5615.838078487975	-20.773491681066588	-5.976414943690499
1.1921333534443722e9	5615.467419843276	-20.779458622772946	-5.985196858737001
1.1944333534443722e9	5615.096785662917	-20.785425564479304	-5.994056579603966
1.1967333534443722e9	5614.726175945303	-20.791392506185662	-6.002995497309326
1.1990333534443722e9	5614.355590688811	-20.79735944789202	-6.0120150405108035
1.2013333534443722e9	5613.985029891826	-20.803326389598382	-6.021116676876286
1.2036333534443722e9	5613.614493552733	-20.80929333130474	-6.030301914517129
1.2059333534443722e9	5613.243981669918	-20.8152602730111	-6.039572303487915
1.2082333534443722e9	5612.873494241757	-20.821227214717457	-6.048929437356362
1.2105333534443722e9	5612.503031266655	-20.827194156423815	-6.058374954847395
1.2128333534443722e9	5612.13259274299	-20.833161098130176	-6.067910541565591
1.2151333534443722e9	5611.762178669145	-20.83912803983653	-6.077537931800558
1.2174333534443722e9	5611.3917890435005	-20.845094981542893	-6.087258910420051
1.2197333534443722e9	5611.021423864459	-20.851061923249247	-6.097075314856016
1.2220333534443722e9	5610.6510831303995	-20.85702886495561	-6.1069890371890905
1.2243333534443722e9	5610.280766839707	-20.862995806661967	-6.1170020263374525
1.2266333534443722e9	5609.910474990769	-20.868962748368325	-6.127116290356385
1.2289333534443722e9	5609.540207581962	-20.87492969007468	-6.137333898855313
1.2312333534443722e9	5609.169964611693	-20.88089663178104	-6.147656985539605
1.2335333534443722e9	5608.799746078339	-20.8868635734874	-6.158087750884952
1.2358333534443722e9	5608.429551980287	-20.892830515193758	-6.16862846495269
1.2381333534443722e9	5608.059382315914	-20.898797456900116	-6.1792814703551
1.2404333534443722e9	5607.6843629395935	-20.904773477323317	-6.189421237469176
1.2427333534443722e9	5607.297955627826	-20.910770757396975	-6.198180834346753
1.2450333534443722e9	5606.911574942122	-20.916768037470632	-6.207017840333724
1.2473333534443722e9	5606.525220880654	-20.92276531754429	-6.215933635775702
1.2496333534443722e9	5606.1388934416	-20.928762597617947	-6.224929638271824
1.2519333534443722e9	5605.752592623106	-20.934759877691604	-6.234007304027478
1.2542333534443722e9	5605.366318423345	-20.940757157765262	-6.243168129269004
1.2565333534443722e9	5604.980070840484	-20.94675443783892	-6.252413651723801
1.2588333534443722e9	5604.59384987269	-20.952751717912577	-6.261745452169479
1.2611333534443722e9	5604.2076555181275	-20.958748997986234	-6.271165156055995
1.2634333534443722e9	5603.821487774963	-20.96474627805989	-6.280674435204902
1.2657333534443722e9	5603.435346641365	-20.97074355813355	-6.290275009590189
1.2680333534443722e9	5603.049232115506	-20.976740838207206	-6.299968649205419
1.2703333534443722e9	5602.663144195536	-20.982738118280864	-6.309757176022265
1.2726333534443722e9	5602.277082879629	-20.98873539835452	-6.319642466045848
1.2749333534443722e9	5601.891048165964	-20.99473267842818	-6.329626451472688
1.2772333534443722e9	5601.505040052687	-21.000729958501836	-6.339711122957461
1.2795333534443722e9	5601.119058537975	-21.006727238575493	-6.349898531995234
1.2818333534443722e9	5600.733103619996	-21.01272451864915	-6.360190793426284
1.2841333534443722e9	5600.347175296915	-21.018721798722808	-6.3705900880711805
1.2864333534443722e9	5599.961273566902	-21.024719078796466	-6.381098665504315
1.2887333534443722e9	5599.575398428133	-21.030716358870123	-6.391718846974726
1.2910333534443722e9	5599.189549878756	-21.03671363894378	-6.402453028483682
1.2933333534443722e9	5598.80372791696	-21.042710919017438	-6.413303684029254
1.2956333534443722e9	5598.383818817254	-21.048717957600378	-6.422181835743689
1.2979333534443722e9	5597.963608392928	-21.054725091395973	-6.431118946885207
1.3002333534443722e9	5597.543429509276	-21.060732225191572	-6.440136650790024
1.3025333534443722e9	5597.123282163941	-21.06673935898717	-6.449236414228273
1.3048333534443722e9	5596.703166354547	-21.07274649278277	-6.458419744380425
1.3071333534443722e9	5596.283082078714	-21.078753626578365	-6.4676881903354975
1.3094333534443722e9	5595.8630293340875	-21.084760760373964	-6.477043344659343
1.3117333534443722e9	5595.44300811831	-21.090767894169563	-6.48648684503699
1.3140333534443722e9	5595.023018429004	-21.09677502796516	-6.4960203759932735
1.3163333534443722e9	5594.603060263795	-21.102782161760757	-6.505645670696278
1.3186333534443722e9	5594.183133620326	-21.108789295556356	-6.515364512848421
1.3209333534443722e9	5593.763238496231	-21.11479642935195	-6.525178738670333
1.3232333534443722e9	5593.343374889164	-21.12080356314755	-6.535090238983065
1.3255333534443722e9	5592.923542796719	-21.12681069694315	-6.545100961394517
1.3278333534443722e9	5592.5037422165515	-21.132817830738748	-6.555212912596416
1.3301333534443722e9	5592.083973146306	-21.138824964534344	-6.565428160778626
1.3324333534443722e9	5591.664235583606	-21.144832098329942	-6.575748838168041
1.3347333534443722e9	5591.244529526079	-21.15083923212554	-6.586177143699872
1.3370333534443722e9	5590.824854971368	-21.156846365921137	-6.596715345829693
1.3393333534443722e9	5590.405211917119	-21.162853499716736	-6.6073657854952375
1.3416333534443722e9	5589.985600360948	-21.168860633512335	-6.618130879237626
1.3439333534443722e9	5589.566020300512	-21.17486776730793	-6.629013122492428
1.3462333534443722e9	5589.144163727252	-21.180876408789324	-6.639748591117529
1.3485333534443722e9	5588.7065589132235	-21.186895359270665	-6.64876037678391
1.3508333534443722e9	5588.268988361681	-21.192914309752	-6.657854113819021
1.3531333534443722e9	5587.831452069942	-21.19893326023334	-6.667031306410678
1.3554333534443722e9	5587.3939500353235	-21.204952210714676	-6.676293500543814
1.3577333534443722e9	5586.956482255145	-21.210971161196014	-6.685642285563535
1.3600333534443722e9	5586.519048726722	-21.21699011167735	-6.695079295811932
1.3623333534443722e9	5586.081649447374	-21.223009062158688	-6.704606212342853
1.3646333534443722e9	5585.644284414419	-21.229028012640025	-6.714224764719163
1.3669333534443722e9	5585.206953625177	-21.235046963121363	-6.723936732897273
1.3692333534443722e9	5584.769657076967	-21.241065913602696	-6.733743949204078
1.3715333534443722e9	5584.332394767096	-21.247084864084037	-6.7436483004118095
1.3738333534443722e9	5583.895166692904	-21.25310381456537	-6.753651729916672
1.3761333534443722e9	5583.457972851702	-21.259122765046712	-6.763756240027538
1.3784333534443722e9	5583.020813240808	-21.26514171552805	-6.773963894371481
1.3807333534443722e9	5582.583687857543	-21.271160666009386	-6.784276820423333
1.3830333534443722e9	5582.1465966992355	-21.277179616490724	-6.794697212167062
1.3853333534443722e9	5581.709539763177	-21.28319856697206	-6.805227332897265
1.3876333534443722e9	5581.272517046719	-21.289217517453398	-6.815869518169743
1.3899333534443722e9	5580.835528547172	-21.29523646793474	-6.826626178910776
1.3922333534443722e9	5580.398574261855	-21.301255418416073	-6.83749980469545
1.3945333534443722e9	5579.9616541880905	-21.30727436889741	-6.84849296720619
1.3968333534443722e9	5579.5247683232	-21.313293319378747	-6.8596083238835135
1.3991333534443722e9	5578.936606820238	-21.31905574816393	-6.868569235183313
1.4014333534443722e9	5578.288024792774	-21.324715625722312	-6.87669311881788
1.4037333534443722e9	5577.639518166524	-21.330375503280695	-6.884883540856955
1.4060333534443722e9	5576.991086932731	-21.33603538083908	-6.89314160026907
1.4083333534443722e9	5576.342731082642	-21.34169525839746	-6.901468423475976
1.4106333534443722e9	5575.6944506074715	-21.347355135955848	-6.909865165274735
1.4129333534443722e9	5575.046245498468	-21.35301501351423	-6.91833300979885
1.4152333534443722e9	5574.398115746869	-21.358674891072614	-6.926873171520446
1.4175333534443722e9	5573.750061343923	-21.364334768630997	-6.935486896295602
1.4198333534443722e9	5573.102082280852	-21.369994646189383	-6.944175462455112
1.4221333534443722e9	5572.454178548917	-21.37565452374777	-6.952940181943036
1.4244333534443722e9	5571.806350139331	-21.38131440130615	-6.961782401505591
1.4267333534443722e9	5571.158597043374	-21.386974278864535	-6.970703503933088
1.4290333534443722e9	5570.510919252264	-21.39263415642292	-6.979704909357745
1.4313333534443722e9	5569.863316757265	-21.3982940339813	-6.98878807661046
1.4336333534443722e9	5569.215789549604	-21.403953911539684	-6.997954504639765
1.4359333534443722e9	5568.568337620538	-21.40961378909807	-7.007205733996416
1.4382333534443722e9	5567.920960961314	-21.415273666656454	-7.016543348387298
1.4405333534443722e9	5567.273659563194	-21.42093354421484	-7.02596897630257
1.4428333534443722e9	5566.6264334174075	-21.42659342177322	-7.035484292720217
1.4451333534443722e9	5565.979282515215	-21.432253299331606	-7.045091020892497
1.4474333534443722e9	5565.332206847881	-21.43791317688999	-7.054790934219012
1.4497333534443722e9	5564.685206406638	-21.443573054448372	-7.0645858582115375
1.4520333534443722e9	5564.038281182749	-21.449232932006755	-7.074477672556017
1.4543333534443722e9	5563.391431167473	-21.454892809565138	-7.084468313277573
1.4566333534443722e9	5562.7446563520725	-21.460552687123524	-7.094559775014763
1.4589333534443722e9	5562.097956727799	-21.46621256468191	-7.104754113409757
1.4612333534443722e9	5561.451332285898	-21.471872442240294	-7.115053447621614
1.4635333534443722e9	5560.804783017642	-21.477532319798676	-7.12545996297033
1.4658333534443722e9	5560.158308914289	-21.48319219735706	-7.135975913719923
1.4681333534443722e9	5559.511909967112	-21.488852074915442	-7.146603626009404
1.4704333534443722e9	5558.865586167363	-21.49451195247383	-7.157345500941186
1.4727333534443722e9	5558.219337506287	-21.50017183003221	-7.16820401783717
1.4750333534443722e9	5557.5731639751875	-21.505831707590595	-7.17918173767357
1.4773333534443722e9	5556.927065565302	-21.511491585148978	-7.190281306706367
1.4796333534443722e9	5556.281042267904	-21.51715146270736	-7.2015054603002335
1.4819333534443722e9	5555.635094074274	-21.522811340265747	-7.212857026974804
1.4842333534443722e9	5554.98922097566	-21.528471217824134	-7.22433893268324
1.4865333534443722e9	5554.343422963341	-21.534131095382516	-7.235954205339293
1.4888333534443722e9	5553.697700028599	-21.5397909729409	-7.247705979610393
1.4911333534443722e9	5553.052052162685	-21.545450850499282	-7.259597501995736
1.4934333534443722e9	5552.406479356883	-21.551110728057665	-7.271632136209954
1.4957333534443722e9	5551.760981602465	-21.55677060561605	-7.283813368894702
1.4980333534443722e9	5551.115558890718	-21.562430483174435	-7.29614481568243
1.5003333534443722e9	5550.470211212896	-21.568090360732818	-7.3086302276387185
1.5026333534443722e9	5549.824938560287	-21.5737502382912	-7.321273498111905
1.5049333534443722e9	5549.058554775828	-21.57938490980286	-7.33051283230643
1.5072333534443722e9	5548.263180459145	-21.585013528514537	-7.338975942268706
1.5095333534443722e9	5547.467920147441	-21.59064214722621	-7.347511288237314
1.5118333534443722e9	5546.672773824375	-21.596270765937884	-7.356120113961799
1.5141333534443722e9	5545.877741473609	-21.601899384649556	-7.364803695592909
1.5164333534443722e9	5545.082823078806	-21.607528003361224	-7.373563342817917
1.5187333534443722e9	5544.288018623632	-21.6131566220729	-7.382400400046106
1.5210333534443722e9	5543.493328091756	-21.618785240784575	-7.3913162476471035
1.5233333534443722e9	5542.698751466848	-21.624413859496247	-7.400312303244926
1.5256333534443722e9	5541.904288732582	-21.63004247820792	-7.40939002307075
1.5279333534443722e9	5541.109939872634	-21.63567109691959	-7.418550903377658
1.5302333534443722e9	5540.315704870681	-21.641299715631266	-7.427796481920776
1.5325333534443722e9	5539.521583710403	-21.646928334342938	-7.437128339506489
1.5348333534443722e9	5538.727576375482	-21.652556953054614	-7.446548101614613
1.5371333534443722e9	5537.933682849605	-21.658185571766285	-7.456057440097704
1.5394333534443722e9	5537.139903116457	-21.663814190477957	-7.465658074961951
1.5417333534443722e9	5536.346237159729	-21.669442809189633	-7.475351776234367
1.5440333534443722e9	5535.5526849631115	-21.675071427901305	-7.485140365921396
1.5463333534443722e9	5534.759246510299	-21.680700046612976	-7.4950257200643104
1.5486333534443722e9	5533.965921784989	-21.686328665324652	-7.5050097708972325
1.5509333534443722e9	5533.172710770879	-21.691957284036324	-7.515094509113964
1.5532333534443722e9	5532.379613451672	-21.697585902747996	-7.5252819862503
1.5555333534443722e9	5531.58662981107	-21.70321452145967	-7.535574317188933
1.5578333534443722e9	5530.79375983278	-21.708843140171346	-7.54597368279462
1.5601333534443722e9	5530.001003500509	-21.714471758883015	-7.556482332687808
1.5624333534443722e9	5529.2083607979675	-21.72010037759469	-7.5671025881655565
1.5647333534443722e9	5528.41583170886	-21.72572899630636	-7.577836845279231
1.5670333534443722e9	5527.62341621693	-21.731357615018034	-7.588687578079183
1.5693333534443722e9	5526.831114305866	-21.73698623372971	-7.599657342037407
1.5716333534443722e9	5526.0389259593985	-21.74261485244138	-7.610748777660015
1.5739333534443722e9	5525.246851161248	-21.748243471153053	-7.621964614302308
1.5762333534443722e9	5524.454889895131	-21.753872089864725	-7.633307674200229
1.5785333534443722e9	5523.663042144792	-21.7595007085764	-7.644780876733103
1.5808333534443722e9	5522.871307893962	-21.765129327288072	-7.656387242933755
1.5831333534443722e9	5522.079687126342	-21.770757945999748	-7.668129900263456
1.5854333534443722e9	5521.288179825697	-21.77638656471142	-7.680012087670562
1.5877333534443722e9	5520.496785975751	-21.78201518342309	-7.692037160953331
1.5900333534443722e9	5519.705505560243	-21.787643802134767	-7.704208598449115
1.5923333534443722e9	5518.914338562916	-21.793272420846442	-7.716530007074078
1.5946333534443722e9	5518.123284967512	-21.79890103955811	-7.729005128739663
1.5969333534443722e9	5517.332344757775	-21.804529658269782	-7.741637847174374
1.5992333534443722e9	5516.541517917455	-21.810158276981458	-7.754432195181984
1.6015333534443722e9	5515.750804430302	-21.81578689569313	-7.767392362370118
1.6038333534443722e9	5514.960204280067	-21.821415514404805	-7.780522703386264
1.6061333534443722e9	5514.0794842734285	-21.827045024832664	-7.7924711754390135
1.6084333534443722e9	5512.979453210648	-21.832676704367234	-7.801231946248052
1.6107333534443722e9	5511.87964159852	-21.838308383901797	-7.810070147007923
1.6130333534443722e9	5510.780049393265	-21.843940063436367	-7.818987158624228
1.6153333534443722e9	5509.680676551112	-21.849571742970934	-7.827984399276328
1.6176333534443722e9	5508.581523028309	-21.8552034225055	-7.837063325771005
1.6199333534443722e9	5507.482588781074	-21.860835102040067	-7.846225434958136
1.6222333534443722e9	5506.3838737657015	-21.866466781574633	-7.855472265211817
1.6245333534443722e9	5505.285377938427	-21.8720984611092	-7.864805397980616
1.6268333534443722e9	5504.187101255533	-21.877730140643767	-7.874226459410846
1.6291333534443722e9	5503.089043673301	-21.883361820178333	-7.883737122047037
1.6314333534443722e9	5501.991205148021	-21.888993499712903	-7.89333910661405
1.6337333534443722e9	5500.893585636004	-21.89462517924747	-7.903034183885579
1.6360333534443722e9	5499.796185093537	-21.900256858782033	-7.912824176644125
1.6383333534443722e9	5498.699003476946	-21.9058885383166	-7.922710961737864
1.6406333534443722e9	5497.602040742558	-21.91152021785117	-7.932696472240205
1.6429333534443722e9	5496.505296846705	-21.917151897385736	-7.942782699718273
1.6452333534443722e9	5495.408771745732	-21.922783576920303	-7.952971696616951
1.6475333534443722e9	5494.312465395989	-21.92841525645487	-7.963265578765648
1.6498333534443722e9	5493.216377753837	-21.934046935989436	-7.973666528015423
1.6521333534443722e9	5492.120508775644	-21.939678615524002	-7.984176795014709
1.6544333534443722e9	5491.024858417789	-21.94531029505857	-7.994798702132456
1.6567333534443722e9	5489.929426636667	-21.950941974593135	-8.005534646538193
1.6590333534443722e9	5488.8342133886545	-21.956573654127702	-8.016387103449238
1.6613333534443722e9	5487.739218630164	-21.96220533366227	-8.027358629556044
1.6636333534443722e9	5486.644442317608	-21.967837013196835	-8.038451866637542
1.6659333534443722e9	5485.549884407418	-21.973468692731405	-8.049669545379283
1.6682333534443722e9	5484.455544855995	-21.979100372265968	-8.061014489408162
1.6705333534443722e9	5483.3614236198155	-21.984732051800535	-8.072489619558668
1.6728333534443722e9	5482.267520655298	-21.990363731335105	-8.084097958386746
1.6751333534443722e9	5481.173835918907	-21.995995410869675	-8.095842634948749
1.6774333534443722e9	5480.080369367109	-22.00162709040424	-8.107726889864397
1.6797333534443722e9	5478.987120956375	-22.007258769938804	-8.11975408068419
1.6820333534443722e9	5477.89409064319	-22.012890449473375	-8.131927687583566
1.6843333534443722e9	5476.801278384052	-22.01852212900794	-8.144251319407928
1.6866333534443722e9	5475.708684135432	-22.024153808542504	-8.156728720094847
1.6889333534443722e9	5474.616307853867	-22.02978548807707	-8.169363775501989
1.6912333534443722e9	5473.524149495874	-22.035417167611637	-8.18216052067197
1.6935333534443722e9	5472.432209017958	-22.041048847146204	-8.195123147568085
1.6958333534443722e9	5471.340486376663	-22.046680526680774	-8.208256013318044
1.6981333534443722e9	5470.248981528532	-22.05231220621534	-8.221563649006265
1.7004333534443722e9	5469.157694430126	-22.057943885749907	-8.235050769059121
1.7027333534443722e9	5468.066625037976	-22.063575565284474	-8.248722281271798
1.7050333534443722e9	5466.800264551029	-22.069172211377737	-8.260157783034105
1.7073333534443722e9	5465.344562994873	-22.074730994376335	-8.269080361292572
1.7096333534443722e9	5463.889249063455	-22.08028977737493	-8.278083269239481
1.7119333534443722e9	5462.434322653559	-22.085848560373524	-8.28716796643643
1.7142333534443722e9	5460.979783662004	-22.091407343372122	-8.296335952589567
1.7165333534443722e9	5459.52563198561	-22.09696612637072	-8.305588769035433
1.7188333534443722e9	5458.07186752126	-22.102524909369315	-8.314928000296186
1.7211333534443722e9	5456.618490165839	-22.10808369236791	-8.324355275708145
1.7234333534443722e9	5455.165499816258	-22.113642475366508	-8.333872271127817
1.7257333534443722e9	5453.712896369473	-22.119201258365106	-8.343480710719904
1.7280333534443722e9	5452.260679722471	-22.1247600413637	-8.353182368832037
1.7303333534443722e9	5450.808849772234	-22.130318824362295	-8.362979071961345
1.7326333534443722e9	5449.357406415803	-22.135877607360893	-8.372872700818307
1.7349333534443722e9	5447.906349550244	-22.141436390359488	-8.38286519249374
1.7372333534443722e9	5446.455679072624	-22.146995173358086	-8.39295854273513
1.7395333534443722e9	5445.005394880074	-22.15255395635668	-8.403154808339034
1.7418333534443722e9	5443.555496869715	-22.158112739355275	-8.413456109666702
1.7441333534443722e9	5442.105984938724	-22.163671522353873	-8.423864633290636
1.7464333534443722e9	5440.656858984305	-22.16923030535247	-8.43438263478032
1.7487333534443722e9	5439.20811890366	-22.174789088351066	-8.445012441636035
1.7510333534443722e9	5437.75976459406	-22.18034787134966	-8.455756456380273
1.7533333534443722e9	5436.311795952759	-22.18590665434826	-8.466617159817039
1.7556333534443722e9	5434.864212877074	-22.191465437346857	-8.477597114470093
1.7579333534443722e9	5433.417015264345	-22.19702422034545	-8.488698968212061
1.7602333534443722e9	5431.97020301192	-22.20258300334405	-8.499925458097263
1.7625333534443722e9	5430.523776017177	-22.208141786342644	-8.511279414412142
1.7648333534443722e9	5429.077734177538	-22.213700569341242	-8.52276376495829
1.7671333534443722e9	5427.6320773904445	-22.219259352339837	-8.534381539584281
1.7694333534443722e9	5426.186805553374	-22.22481813533843	-8.546135874983865
1.7717333534443722e9	5424.741918563803	-22.23037691833703	-8.558030019779526
1.7740333534443722e9	5423.297416319272	-22.235935701335627	-8.570067339912029
1.7763333534443722e9	5421.853298717314	-22.241494484334222	-8.5822513243583
1.7786333534443722e9	5420.409565655514	-22.247053267332817	-8.594585591201978
1.7809333534443722e9	5418.966217031486	-22.252612050331415	-8.607073894083035
1.7832333534443722e9	5417.523252742843	-22.25817083333001	-8.619720129055231
1.7855333534443722e9	5416.080672687255	-22.263729616328604	-8.632528341882775
1.7878333534443722e9	5414.638476762417	-22.269288399327202	-8.645502735810345
1.7901333534443722e9	5413.196664866022	-22.2748471823258	-8.658647679843853
1.7924333534443722e9	5411.755236895821	-22.280405965324395	-8.671967717582717
1.7947333534443722e9	5410.3141927495935	-22.285964748322993	-8.685467576648385
1.7970333534443722e9	5408.873532325123	-22.291523531321587	-8.699152178757998
1.7993333534443722e9	5407.433255520223	-22.297082314320186	-8.713026650496971
1.8016333534443722e9	5405.993362232753	-22.30264109731878	-8.727096334849449
1.8039333534443722e9	5404.374086932418	-22.30815711015116	-8.736653568521657
1.8062333534443722e9	5402.7274154213355	-22.31366648730617	-8.745566697274272
1.8085333534443722e9	5401.081245638477	-22.31917586446118	-8.754559984892788
1.8108333534443722e9	5399.435577430989	-22.324685241616184	-8.76363488626451
1.8131333534443722e9	5397.790410646026	-22.33019461877119	-8.772792896249184
1.8154333534443722e9	5396.14574513082	-22.3357039959262	-8.782035551156845
1.8177333534443722e9	5394.5015807326345	-22.341213373081207	-8.791364430294596
1.8200333534443722e9	5392.857917298785	-22.346722750236218	-8.800781157586226
1.8223333534443722e9	5391.21475467664	-22.352232127391222	-8.8102874032688
1.8246333534443722e9	5389.572092713589	-22.357741504546233	-8.819884885670692
1.8269333534443722e9	5387.929931257102	-22.36325088170124	-8.82957537307574
1.8292333534443722e9	5386.28827015466	-22.36876025885625	-8.839360685678626
1.8315333534443722e9	5384.647109253819	-22.374269636011256	-8.849242697636893
1.8338333534443722e9	5383.00644840217	-22.379779013166264	-8.859223339225325
1.8361333534443722e9	5381.366287447353	-22.38528839032127	-8.869304599098975
1.8384333534443722e9	5379.726626237053	-22.39079776747628	-8.879488526671393
1.8407333534443722e9	5378.087464619012	-22.396307144631287	-8.889777234615222
1.8430333534443722e9	5376.4488024409875	-22.401816521786294	-8.900172901492775
1.8453333534443722e9	5374.810639550824	-22.407325898941302	-8.910677774524775
1.8476333534443722e9	5373.172975796373	-22.41283527609631	-8.921294172506096
1.8499333534443722e9	5371.535811025561	-22.418344653251317	-8.93202448887792
1.8522333534443722e9	5369.899145086351	-22.423854030406325	-8.942871194966528
1.8545333534443722e9	5368.262977826765	-22.429363407561333	-8.953836843399685
1.8568333534443722e9	5366.627309094836	-22.434872784716344	-8.964924071712403
1.8591333534443722e9	5364.992138738679	-22.440382161871348	-8.976135606154866
1.8614333534443722e9	5363.3574666064505	-22.44589153902636	-8.987474265716243
1.8637333534443722e9	5361.723292546329	-22.451400916181363	-8.998942966379248
1.8660333534443722e9	5360.089616406562	-22.456910293336374	-9.010544725621525
1.8683333534443722e9	5358.456438035438	-22.462419670491382	-9.022282667181216
1.8706333534443722e9	5356.823757281301	-22.467929047646393	-9.034160026105582
1.8729333534443722e9	5355.191573992512	-22.473438424801397	-9.046180154103043
1.8752333534443722e9	5353.559888017506	-22.478947801956405	-9.058346525220822
1.8775333534443722e9	5351.928699204755	-22.484457179111413	-9.070662741872253
1.8798333534443722e9	5350.298007402787	-22.489966556266424	-9.083132541239895
1.8821333534443722e9	5348.6678124601485	-22.49547593342143	-9.095759802082943
1.8844333534443722e9	5347.038114225459	-22.50098531057644	-9.108548551979977
1.8867333534443722e9	5345.408912547386	-22.506494687731447	-9.121502975040848
1.8890333534443722e9	5343.780207274612	-22.51200406488645	-9.134627420124676
1.8913333534443722e9	5342.151998255896	-22.51751344204146	-9.147926409604354
1.8936333534443722e9	5340.524285340042	-22.52302281919647	-9.16140464872173
1.8959333534443722e9	5338.897068375874	-22.528532196351478	-9.175067035581918
1.8982333534443722e9	5337.2703472122885	-22.534041573506485	-9.188918671839843
1.9005333534443722e9	5335.644121698218	-22.539550950661493	-9.20296487413738
1.9028333534443722e9	5334.016522466864	-22.545062000377165	-9.216926747885376
1.9051333534443722e9	5332.354068344466	-22.550604692011248	-9.225644117426166
1.9074333534443722e9	5330.692132359496	-22.55614738364533	-9.234438148273345
1.9097333534443722e9	5329.030714350505	-22.561690075279415	-9.243310200730788
1.9120333534443722e9	5327.369814156028	-22.567232766913495	-9.252261671633251
1.9143333534443722e9	5325.709431614676	-22.57277545854758	-9.26129399566624
1.9166333534443722e9	5324.04956656514	-22.578318150181662	-9.270408646746036
1.9189333534443722e9	5322.390218846097	-22.583860841815746	-9.279607139463186
1.9212333534443722e9	5320.731388296338	-22.58940353344983	-9.288891030593016
1.9235333534443722e9	5319.073074754668	-22.594946225083916	-9.2982619206769
1.9258333534443722e9	5317.41527805995	-22.600488916718	-9.307721455678347
1.9281333534443722e9	5315.757998051098	-22.60603160835208	-9.317271328718146
1.9304333534443722e9	5314.101234567077	-22.611574299986163	-9.326913281893175
1.9327333534443722e9	5312.444987446903	-22.617116991620247	-9.336649108183757
1.9350333534443722e9	5310.789256529638	-22.622659683254327	-9.346480653454766
1.9373333534443722e9	5309.134041654398	-22.62820237488841	-9.356409818556095
1.9396333534443722e9	5307.479342660349	-22.633745066522494	-9.36643856152846
1.9419333534443722e9	5305.825159386705	-22.639287758156577	-9.37656889992091
1.9442333534443722e9	5304.171491672733	-22.64483044979066	-9.386802913226957
1.9465333534443722e9	5302.518339357746	-22.650373141424744	-9.397142745446645
1.9488333534443722e9	5300.865702281111	-22.655915833058828	-9.40759060778247
1.9511333534443722e9	5299.213580282244	-22.66145852469291	-9.418148781477614
1.9534333534443722e9	5297.5619732006	-22.667001216326994	-9.428819620805635
1.9557333534443722e9	5295.910880875714	-22.672543907961074	-9.439605556221391
1.9580333534443722e9	5294.260303147142	-22.67808659959516	-9.45050909768374
1.9603333534443722e9	5292.610239854499	-22.683629291229245	-9.461532838161425
1.9626333534443722e9	5290.960690837453	-22.689171982863325	-9.472679457334317
1.9649333534443722e9	5289.311655935726	-22.69471467449741	-9.483951725503323
1.9672333534443722e9	5287.663134989058	-22.700257366131495	-9.495352507723144
1.9695333534443722e9	5286.0151278372905	-22.705800057765575	-9.506884768173379
1.9718333534443722e9	5284.367634320281	-22.711342749399655	-9.518551574784606
1.9741333534443722e9	5282.720654277944	-22.716885441033746	-9.53035610413753
1.9764333534443722e9	5281.074187550245	-22.722428132667826	-9.542301646654764
1.9787333534443722e9	5279.428233977191	-22.727970824301906	-9.554391612106466
1.9810333534443722e9	5277.782793398873	-22.73351351593599	-9.566629535452885
1.9833333534443722e9	5276.137865655379	-22.739056207570073	-9.579019083048868
1.9856333534443722e9	5274.493450586882	-22.744598899204156	-9.591564059237559
1.9879333534443722e9	5272.849548033589	-22.75014159083824	-9.604268413362979
1.9902333534443722e9	5271.20615783579	-22.755684282472323	-9.617136247233809
1.9925333534443722e9	5269.563279833772	-22.761226974106407	-9.630171823073685
1.9948333534443722e9	5267.9209138679	-22.76676966574049	-9.643379571996558
1.9971333534443722e9	5266.279059778604	-22.772312357374574	-9.656764103049294
1.9994333534443722e9	5264.63771740634	-22.777855049008657	-9.670330212867661
2.0017333534443722e9	5262.996886591621	-22.783397740642737	-9.68408289599638
2.0040333534443722e9	5261.3565671750075	-22.788940432276824	-9.69802735592873
2.0063333534443722e9	5259.716758997123	-22.794483123910908	-9.71216901692685
2.0086333534443722e9	5258.086085353314	-22.80003688659616	-9.72571277482211
2.0109333534443722e9	5256.510792094245	-22.80566112066021	-9.734290238021707
2.0132333534443722e9	5254.935970784248	-22.811285354724255	-9.742941911087563
2.0155333534443722e9	5253.36162128193	-22.816909588788306	-9.751669089321364
2.0178333534443722e9	5251.78774344595	-22.822533822852357	-9.760473102237013
2.0201333534443722e9	5250.21433713498	-22.828158056916408	-9.76935531477617
2.0224333534443722e9	5248.641402207773	-22.833782290980455	-9.778317128578276
2.0247333534443722e9	5247.068938523087	-22.839406525044502	-9.787359983308008
2.0270333534443722e9	5245.496945939749	-22.845030759108553	-9.796485358043281
2.0293333534443722e9	5243.92542431662	-22.850654993172604	-9.805694772727191
2.0316333534443722e9	5242.354373512601	-22.856279227236655	-9.81498978968742
2.0339333534443722e9	5240.783793386649	-22.861903461300702	-9.824372015226933
2.0362333534443722e9	5239.213683797732	-22.867527695364753	-9.833843101290004
2.0385333534443722e9	5237.64404460489	-22.8731519294288	-9.843404747207883
2.0408333534443722e9	5236.074875667202	-22.87877616349285	-9.853058701528745
2.0431333534443722e9	5234.506176843765	-22.884400397556902	-9.862806763936833
2.0454333534443722e9	5232.937947993745	-22.89002463162095	-9.872650787266043
2.0477333534443722e9	5231.370188976341	-22.895648865685	-9.882592679613646
2.0500333534443722e9	5229.8028996508	-22.901273099749048	-9.892634406560102
2.0523333534443722e9	5228.23607987639	-22.9068973338131	-9.902777993501491
2.0546333534443722e9	5226.669729512443	-22.91252156787715	-9.913025528101443
2.0569333534443722e9	5225.103848418337	-22.918145801941197	-9.923379162870013
2.0592333534443722e9	5223.538436453463	-22.923770036005248	-9.933841117877453
2.0615333534443722e9	5221.9734934772805	-22.929394270069295	-9.944413683611462
2.0638333534443722e9	5220.409019349284	-22.935018504133346	-9.955099223987084
2.0661333534443722e9	5218.845013929008	-22.940642738197397	-9.965900179519178
2.0684333534443722e9	5217.281477076051	-22.946266972261448	-9.97681907066808
2.0707333534443722e9	5215.718408649984	-22.951891206325495	-9.987858501369958
2.0730333534443722e9	5214.155808510516	-22.957515440389543	-9.99902116276421
2.0753333534443722e9	5212.593676517325	-22.963139674453593	-10.01030983713126
2.0776333534443722e9	5211.032012530164	-22.968763908517644	-10.021727402055177
2.0799333534443722e9	5209.470816408822	-22.974388142581695	-10.033276834826664
2.0822333534443722e9	5207.910088013138	-22.980012376645742	-10.044961217103317
2.0845333534443722e9	5206.3498272029665	-22.98563661070979	-10.056783739845368
2.0868333534443722e9	5204.790033838238	-22.99126084477384	-10.06874770854669
2.0891333534443722e9	5203.230707778892	-22.99688507883789	-10.080856548782549
2.0914333534443722e9	5201.671848884934	-23.00250931290194	-10.093113812097364
2.0937333534443722e9	5200.113457016405	-23.008133546965993	-10.105523182257809
2.0960333534443722e9	5198.555532033386	-23.01375778103004	-10.1180884818988
2.0983333534443722e9	5196.99807379601	-23.019382015094088	-10.130813679592373
2.1006333534443722e9	5195.441082164425	-23.02500624915814	-10.143702897372142
2.1029333534443722e9	5193.884556998847	-23.030630483222186	-10.156760418749057
2.1052333534443722e9	5192.328498159535	-23.036254717286237	-10.169990697257445
2.1075333534443722e9	5190.772905506761	-23.041878951350284	-10.18339836557401
2.1098333534443722e9	5189.217778900869	-23.047503185414335	-10.196988245256502
2.1121333534443722e9	5187.663118202241	-23.053127419478386	-10.210765357153296
2.1144333534443722e9	5186.1089232712775	-23.058751653542437	-10.224734932540114
2.1167333534443722e9	5184.555193968445	-23.064375887606484	-10.238902425045712
2.1190333534443722e9	5183.001930154243	-23.07000012167053	-10.25327352343455
2.1213333534443722e9	5181.469112582174	-23.075623951552362	-10.266845813583492
2.1236333534443722e9	5180.040398115904	-23.081245684165776	-10.27531678548947
2.1259333534443722e9	5178.612077596783	-23.086867416779185	-10.2838601282484
2.1282333534443722e9	5177.184150916193	-23.0924891493926	-10.292477089109132
2.1305333534443722e9	5175.7566179655405	-23.098110882006008	-10.30116894784386
2.1328333534443722e9	5174.3294786362585	-23.10373261461942	-10.309937017888805
2.1351333534443722e9	5172.902732819823	-23.10935434723283	-10.318782647535366
2.1374333534443722e9	5171.476380407707	-23.114976079846244	-10.327707221174434
2.1397333534443722e9	5170.0504212914475	-23.120597812459653	-10.336712160596706
2.1420333534443722e9	5168.6248553625965	-23.126219545073067	-10.345798926352106
2.1443333534443722e9	5167.19968251274	-23.131841277686476	-10.354969019171524
2.1466333534443722e9	5165.774902633491	-23.13746301029989	-10.36422398145434
2.148933353444372e9	5164.350515616495	-23.143084742913302	-10.373565398825464
2.151233353444372e9	5162.926521353434	-23.148706475526712	-10.382994901765734
2.153533353444372e9	5161.502919735984	-23.15432820814012	-10.392514167319975
2.155833353444372e9	5160.079710655916	-23.159949940753535	-10.402124920887093
2.158133353444372e9	5158.6568940049665	-23.165571673366948	-10.41182893809706
2.160433353444372e9	5157.234469674937	-23.171193405980357	-10.42162804677985
2.162733353444372e9	5155.812437557652	-23.176815138593767	-10.431524129031807
2.165033353444372e9	5154.390797544963	-23.18243687120718	-10.441519123385284
2.167333353444372e9	5152.969549528763	-23.188058603820593	-10.451615027087806
2.169633353444372e9	5151.548693400938	-23.193680336434003	-10.461813898497473
2.171933353444372e9	5150.128229053465	-23.199302069047413	-10.47211785960176
2.174233353444372e9	5148.70815637829	-23.204923801660826	-10.48252909866746
2.176533353444372e9	5147.288475267425	-23.21054553427424	-10.49304987303002
2.178833353444372e9	5145.869185612902	-23.21616726688765	-10.503682512031185
2.181133353444372e9	5144.45028730678	-23.22178899950106	-10.51442942011448
2.183433353444372e9	5143.031780241154	-23.22741073211447	-10.525293080088868
2.185733353444372e9	5141.613664308151	-23.233032464727884	-10.53627605657162
2.188033353444372e9	5140.195939399906	-23.238654197341297	-10.547380999622375
2.190333353444372e9	5138.778605408607	-23.244275929954707	-10.55861064858124
2.192633353444372e9	5137.361662226465	-23.24989766256812	-10.569967836124864
2.194933353444372e9	5135.945109745721	-23.25551939518153	-10.581455492555495
2.197233353444372e9	5134.528947858645	-23.261141127794943	-10.593076650339261
2.199533353444372e9	5133.113176457534	-23.266762860408353	-10.604834448911289
2.201833353444372e9	5131.697795434719	-23.272384593021762	-10.616732139766654
2.204133353444372e9	5130.282804682559	-23.278006325635175	-10.628773091857889
2.206433353444372e9	5128.868204093442	-23.283628058248585	-10.640960797321389
2.208733353444372e9	5127.453993559787	-23.289249790861994	-10.653298877557132
2.211033353444372e9	5126.04017297405	-23.294871523475408	-10.665791089688147
2.213333353444372e9	5124.626742228691	-23.30049325608882	-10.6784413334286
2.215633353444372e9	5123.213701216226	-23.306114988702234	-10.691253658391865
2.217933353444372e9	5121.8010498291915	-23.311736721315643	-10.704232271872893
2.220233353444372e9	5120.388787960154	-23.317358453929053	-10.717381547142265
2.222533353444372e9	5118.976915501711	-23.322980186542466	-10.730706032292852
2.224833353444372e9	5117.565432346497	-23.32860191915588	-10.744210459683881
2.227133353444372e9	5116.154338387148	-23.33422365176929	-10.757899756031446
2.229433353444372e9	5114.7436335163575	-23.339845384382702	-10.771779053199317
2.231733353444372e9	5113.333317626842	-23.34546711699611	-10.785853699749222
2.234033353444372e9	5111.923390611344	-23.351088849609525	-10.800129273315585
2.236333353444372e9	5110.513852362637	-23.356710582222934	-10.814611593876457
2.238633353444372e9	5109.104702773527	-23.362332314836344	-10.829306737999588
2.240933353444372e9	5107.695941736843	-23.367954047449757	-10.844221054150976
2.243233353444372e9	5106.287569145459	-23.373575780063167	-10.859361179162365
2.245533353444372e9	5104.879584892247	-23.37919751267658	-10.874734055964634
2.247833353444372e9	5103.622020278345	-23.38488647057334	-10.886290178976997
2.250133353444372e9	5102.4697455729665	-23.39062247782142	-10.895118702301806
2.252433353444372e9	5101.317731023412	-23.396358485069502	-10.904025863219855
2.254733353444372e9	5100.165976570937	-23.402094492317588	-10.913013075215362
2.257033353444372e9	5099.0144821568265	-23.40783049956567	-10.922081790228775
2.259333353444372e9	5097.863247722379	-23.413566506813755	-10.931233500064582
2.261633353444372e9	5096.712273208888	-23.419302514061837	-10.940469737864113
2.263933353444372e9	5095.561558557671	-23.42503852130992	-10.949792079647017
2.266233353444372e9	5094.411103710046	-23.430774528558	-10.959202145925255
2.268533353444372e9	5093.260908607375	-23.436510535806082	-10.968701603393773
2.270833353444372e9	5092.110973190996	-23.442246543054168	-10.978292166702218
2.273133353444372e9	5090.961297402297	-23.44798255030225	-10.98797560031248
2.275433353444372e9	5089.81188118264	-23.453718557550335	-10.997753720447013
2.277733353444372e9	5088.66272447344	-23.459454564798417	-11.007628397133399
2.280033353444372e9	5087.5138272160875	-23.465190572046502	-11.01760155635082
2.282333353444372e9	5086.365189352023	-23.470926579294584	-11.027675182284696
2.284633353444372e9	5085.216810822672	-23.476662586542666	-11.037851319696012
2.286933353444372e9	5084.068691569484	-23.482398593790748	-11.048132076412452
2.289233353444372e9	5082.92083153391	-23.48813460103883	-11.058519625948936
2.291533353444372e9	5081.773230657436	-23.493870608286915	-11.069016210265675
2.293833353444372e9	5080.625888881557	-23.499606615534997	-11.079624142672532
2.296133353444372e9	5079.4788061477675	-23.505342622783083	-11.09034581088909
2.298433353444372e9	5078.331982397572	-23.511078630031164	-11.101183680270537
2.300733353444372e9	5077.185417572516	-23.516814637279246	-11.112140297210304
2.303033353444372e9	5076.039111614123	-23.52255064452733	-11.123218292731165
2.305333353444372e9	5074.893064463964	-23.528286651775414	-11.134420386277494
2.307633353444372e9	5073.747276063598	-23.534022659023496	-11.145749389722354
2.309933353444372e9	5072.601746354598	-23.539758666271577	-11.157208211604164
2.312233353444372e9	5071.456475278574	-23.545494673519663	-11.168799861608946
2.314533353444372e9	5070.311462777115	-23.551230680767745	-11.180527455315401
2.316833353444372e9	5069.1667087918595	-23.556966688015827	-11.192394219221555
2.319133353444372e9	5068.022213264432	-23.562702695263912	-11.204403496073256
2.321433353444372e9	5066.8779761364785	-23.568438702511994	-11.216558750516523
2.323733353444372e9	5065.73399734965	-23.57417470976008	-11.228863575097684
2.326033353444372e9	5064.590276845629	-23.57991071700816	-11.241321696637291
2.328333353444372e9	5063.4468145661085	-23.585646724256243	-11.253936983006094
2.330633353444372e9	5062.30361045278	-23.591382731504325	-11.266713450333912
2.332933353444372e9	5061.160664447347	-23.597118738752407	-11.279655270685028
2.335233353444372e9	5060.017976491543	-23.602854746000492	-11.292766780236777
2.337533353444372e9	5058.875546527116	-23.608590753248574	-11.306052488001477
2.339833353444372e9	5057.73337449581	-23.61432676049666	-11.319517085135589
2.342133353444372e9	5056.591460339379	-23.620062767744738	-11.333165454884199
2.344433353444372e9	5055.449803999621	-23.625798774992823	-11.347002683213567
2.346733353444372e9	5054.308405418306	-23.631534782240905	-11.361034070189685
2.349033353444372e9	5053.16726453726	-23.637270789488987	-11.37526514216655
2.351333353444372e9	5052.02638129829	-23.64300679673707	-11.38970166485428
2.353633353444372e9	5050.885755643218	-23.648742803985154	-11.404349657344444
2.355933353444372e9	5049.7453875139045	-23.65447881123324	-11.419215407177937
2.358233353444372e9	5048.60527685219	-23.66021481848132	-11.434305486549858
2.360533353444372e9	5047.4654235999615	-23.665950825729404	-11.449626769755904
2.362833353444372e9	5046.325827699094	-23.671686832977485	-11.465186451996173
2.365133353444372e9	5045.186489091474	-23.677422840225567	-11.48099206966517
2.367433353444372e9	5044.047407719028	-23.683158847473653	-11.497051522271198
2.369733353444372e9	5042.908583523664	-23.688894854721738	-11.513373096144733
2.372033353444372e9	5041.770016447332	-23.69463086196982	-11.529965490113913
2.374333353444372e9	5040.631706431973	-23.700366869217902	-11.546837843346303
2.376633353444372e9	5039.493653419539	-23.706102876465984	-11.563999765580014
2.378933353444372e9	5038.355857352025	-23.71183888371407	-11.581461369994582
2.381233353444372e9	5037.2183181714	-23.71757489096215	-11.599233309003093
2.383533353444372e9	5036.081035819682	-23.723310898210233	-11.617326813282762
2.385833353444372e9	5034.944010238869	-23.729046905458315	-11.635753734402053
2.388133353444372e9	5033.834778708705	-23.734794243782634	-11.653839809864676
2.390433353444372e9	5033.035634930188	-23.74066910042198	-11.664419912785654
2.392733353444372e9	5032.23661801931	-23.746543957061323	-11.675113152348407
2.395033353444372e9	5031.4377279559485	-23.752418813700668	-11.685921974347446
2.397333353444372e9	5030.638964719957	-23.75829367034001	-11.696848904754699
2.399633353444372e9	5029.84032829119	-23.764168526979354	-11.707896553262751
2.401933353444372e9	5029.041818649537	-23.7700433836187	-11.719067617025974
2.404233353444372e9	5028.243435774852	-23.775918240258044	-11.730364884613024
2.406533353444372e9	5027.445179647026	-23.78179309689739	-11.741791240185137
2.408833353444372e9	5026.647050245921	-23.78766795353673	-11.753349667915916
2.411133353444372e9	5025.8490475514345	-23.793542810176074	-11.765043256669568
2.413433353444372e9	5025.051171543437	-23.79941766681542	-11.776875204955884
2.415733353444372e9	5024.25342220183	-23.80529252345476	-11.788848826181917
2.418033353444372e9	5023.455799506491	-23.811167380094105	-11.800967554221874
2.420333353444372e9	5022.658303437329	-23.81704223673345	-11.813234949328676
2.422633353444372e9	5021.860933974234	-23.822917093372794	-11.825654704412647
2.424933353444372e9	5021.063691097097	-23.82879195001214	-11.83823065171502
2.427233353444372e9	5020.266574785841	-23.834666806651484	-11.850966769906455
2.429533353444372e9	5019.469585020363	-23.840541663290825	-11.863867191643438
2.431833353444372e9	5018.6727217805665	-23.84641651993017	-11.876936211618517
2.434133353444372e9	5017.875985046379	-23.85229137656951	-11.890178295143555
2.436433353444372e9	5017.079374797703	-23.85816623320886	-11.90359808730897
2.438733353444372e9	5016.282891014474	-23.864041089848204	-11.917200422765951
2.441033353444372e9	5015.486533676598	-23.869915946487545	-11.930990336183209
2.443333353444372e9	5014.690302764019	-23.87579080312689	-11.944973073434843
2.445633353444372e9	5013.8941982566585	-23.881665659766234	-11.959154103581561
2.447933353444372e9	5013.098220134438	-23.887540516405576	-11.97353913171372
2.450233353444372e9	5012.3023683773035	-23.89341537304492	-11.98813411273166
2.452533353444372e9	5011.506642965203	-23.899290229684265	-12.00294526614664
2.454833353444372e9	5010.711043878069	-23.905165086323606	-12.017979091994462
2.457133353444372e9	5009.915571095839	-23.91103994296295	-12.033242387963659
2.459433353444372e9	5009.1202245984705	-23.916914799602296	-12.04874226785125
2.461733353444372e9	5008.325004365923	-23.92278965624164	-12.064486181471457
2.464033353444372e9	5007.529910378143	-23.928664512880985	-12.080481936156872
2.466333353444372e9	5006.734942615089	-23.93453936952033	-12.09673772000738
2.468633353444372e9	5005.9401010567035	-23.940414226159668	-12.113262127060183
2.470933353444372e9	5005.145385682987	-23.946289082799012	-12.13006418457459
2.473233353444372e9	5004.35079647389	-23.952163939438357	-12.147153382648453
2.475533353444372e9	5003.556333409382	-23.9580387960777	-12.164539706409528
2.477833353444372e9	5002.761996469439	-23.963913652717046	-12.182233671055133
2.480133353444372e9	5001.967785634027	-23.96978850935639	-12.200246360048027
2.482433353444372e9	5001.173700883136	-23.975663365995736	-12.218589466815883
2.484733353444372e9	5000.379742196758	-23.98153822263508	-12.237275340347285
2.487033353444372e9	4999.585909554873	-23.987413079274425	-12.256317035129438
2.489333353444372e9	4998.7922029374595	-23.993287935913767	-12.275728365933416
2.491633353444372e9	4997.9986223245205	-23.999162792553108	-12.29552396802275
2.493933353444372e9	4997.205167696062	-24.005037649192456	-12.315719363442703
2.496233353444372e9	4996.411839032072	-24.010912505831797	-12.336331034142326
2.498533353444372e9	4995.618636312555	-24.016787362471142	-12.357376502792295
2.500833353444372e9	4994.825559517508	-24.022662219110487	-12.378874422291409
2.503133353444372e9	4994.032608626948	-24.028537075749828	-12.400844675107326
2.505433353444372e9	4993.239783620896	-24.034411932389176	-12.423308483777378
2.507733353444372e9	4992.447084479359	-24.04028678902852	-12.446288534108557
2.510033353444372e9	4991.654511182345	-24.04616164566786	-12.469809112869305
2.512333353444372e9	4990.862063709896	-24.052036502307207	-12.493896262068054
2.514633353444372e9	4990.0697420420165	-24.05791135894655	-12.518577952275558
2.516933353444372e9	4989.2775461587535	-24.063786215585893	-12.543884277883413
2.519233353444372e9	4988.4854760401295	-24.06966107222524	-12.569847677717071
2.521533353444372e9	4987.693531666169	-24.075535928864582	-12.596503185059685
2.523833353444372e9	4986.901713016929	-24.081410785503927	-12.623888711921019
2.526133353444372e9	4986.1100200724295	-24.087285642143268	-12.652045373338883
2.528433353444372e9	4985.318452812734	-24.093160498782613	-12.681017858674807
2.530733353444372e9	4984.527011217871	-24.099035355421954	-12.710854858320333
2.533033353444372e9	4983.73569526791	-24.104910212061302	-12.741609556043139
2.535333353444372e9	4982.944504942893	-24.110785068700643	-12.77334019947543
2.537633353444372e9	4982.15344022287	-24.116659925339988	-12.806110764116607
2.539933353444372e9	4981.362501087917	-24.122534781979333	-12.839991729870121
2.542233353444372e9	4980.571687518079	-24.128409638618674	-12.87506099380647
2.544533353444372e9	4979.78099949344	-24.134284495258022	-12.911404948875743
2.546833353444372e9	4978.9904369940505	-24.14015935189736	-12.949119766145975
2.549133353444372e9	4978.200000000003	-24.146034208536708	-12.988312928460585
