-1.3644291659386554e9	19160.837701584518	-19.378107483793116
-1.3618641659386554e9	19149.057700232395	-19.378477810289752
-1.3592991659386554e9	19137.2849411749	-19.378848136786385
-1.3567341659386554e9	19125.51941995946	-19.379218463283017
-1.3541691659386554e9	19113.761132136384	-19.379588789779653
-1.3516041659386554e9	19102.01007325848	-19.379959116276282
-1.3490391659386554e9	19090.266238881486	-19.38032944277292
-1.3464741659386554e9	19078.529624563882	-19.38069976926955
-1.3439091659386554e9	19066.80022586667	-19.381070095766184
-1.3413441659386554e9	19055.078038353782	-19.38144042226282
-1.3387791659386554e9	19043.363057591887	-19.381810748759452
-1.3362141659386554e9	19031.65527915016	-19.382181075256085
-1.3336491659386554e9	19019.954698600755	-19.382551401752718
-1.3310841659386554e9	19008.261311518403	-19.382921728249354
-1.3285191659386554e9	18996.575113480554	-19.383292054745986
-1.3259541659386554e9	18984.89610006745	-19.38366238124262
-1.3233891659386554e9	18973.224266862086	-19.38403270773925
-1.3208241659386554e9	18961.559609449956	-19.384403034235888
-1.3182591659386554e9	18949.902123419524	-19.38477336073252
-1.3156941659386554e9	18938.251804361815	-19.385143687229153
-1.3131291659386554e9	18926.608647870577	-19.38551401372579
-1.3105641659386554e9	18914.972649542353	-19.38588434022242
-1.3079991659386554e9	18903.34380497631	-19.386254666719054
-1.3054341659386554e9	18891.722109774342	-19.386624993215687
-1.3028691659386554e9	18880.107559541015	-19.386995319712323
-1.3003041659386554e9	18868.5001498837	-19.387365646208956
-1.2977391659386554e9	18856.899876412343	-19.38773597270559
-1.2951741659386554e9	18845.3067347397	-19.38810629920222
-1.2926091659386554e9	18833.72072048115	-19.388476625698857
-1.2900441659386554e9	18822.141829254782	-19.38884695219549
-1.2874791659386554e9	18810.570056681358	-19.389217278692122
-1.2849141659386554e9	18799.005398384423	-19.389587605188755
-1.2823491659386554e9	18787.447849990083	-19.38995793168539
-1.2797841659386554e9	18775.897407127308	-19.390328258182024
-1.2772191659386554e9	18764.354065427502	-19.390698584678656
-1.2746541659386554e9	18752.81782052501	-19.391068911175292
-1.2720891659386554e9	18741.28866805668	-19.39143923767192
-1.2695241659386554e9	18729.766603662185	-19.391809564168558
-1.2669591659386554e9	18718.251622983735	-19.39217989066519
-1.2643941659386554e9	18706.743721666393	-19.392550217161823
-1.2618291659386554e9	18695.242895357664	-19.39292054365846
-1.2592641659386554e9	18683.74913970797	-19.39329087015509
-1.2566991659386554e9	18672.26245037022	-19.393661196651724
-1.2541341659386554e9	18660.782823000154	-19.39403152314836
-1.2515691659386554e9	18649.31025325607	-19.39440184964499
-1.2490041659386554e9	18637.84473679896	-19.394772176141625
-1.2464391659386554e9	18626.386269292507	-19.395142502638258
-1.2438741659386554e9	18614.934846403	-19.39551282913489
-1.2413091659386554e9	18603.49046379948	-19.395883155631527
-1.2387441659386554e9	18592.053117153642	-19.39625348212816
-1.2361791659386554e9	18580.62280213977	-19.396623808624792
-1.2336141659386554e9	18569.19951443482	-19.396994135121425
-1.2310491659386554e9	18557.78324971853	-19.39736446161806
-1.2284841659386554e9	18546.37400367306	-19.397734788114693
-1.2259191659386554e9	18534.971771983433	-19.398105114611326
-1.2233541659386554e9	18523.576550337282	-19.39847544110796
-1.2207891659386554e9	18512.18833442483	-19.398845767604595
-1.2182241659386554e9	18500.807119938985	-19.399216094101227
-1.2156591659386554e9	18489.432902575263	-19.39958642059786
-1.2130941659386554e9	18478.06567803193	-19.399956747094492
-1.2105291659386554e9	18466.7054420098	-19.40032707359113
-1.2079641659386554e9	18455.352190212354	-19.40069740008776
-1.2053991659386554e9	18444.00591834569	-19.401067726584394
-1.2028341659386554e9	18432.666622118642	-19.40143805308103
-1.2002691659386554e9	18421.33429724259	-19.401808379577663
-1.1977041659386554e9	18410.008939431533	-19.402178706074295
-1.1951391659386554e9	18398.690544402223	-19.402549032570928
-1.1925741659386554e9	18387.379107873934	-19.40291935906756
-1.1900091659386554e9	18376.07462556858	-19.403289685564197
-1.1874441659386554e9	18364.7770932108	-19.40366001206083
-1.1848791659386554e9	18353.48650652776	-19.40403033855746
-1.1823141659386554e9	18342.202861249258	-19.404400665054098
-1.1797491659386554e9	18330.926153107812	-19.404770991550727
-1.1771841659386554e9	18319.656377838466	-19.405141318047363
-1.1746191659386554e9	18308.393531178925	-19.405511644543996
-1.1720541659386554e9	18297.137608869474	-19.405881971040632
-1.1694891659386554e9	18285.888606653116	-19.406252297537264
-1.1669241659386554e9	18274.646520275375	-19.406622624033897
-1.1643591659386554e9	18263.41134548439	-19.40699295053053
-1.1617941659386554e9	18252.183078031016	-19.407363277027166
-1.1592291659386554e9	18240.96171366861	-19.4077336035238
-1.1566641659386554e9	18229.74724815316	-19.40810393002043
-1.1540991659386554e9	18218.539677243338	-19.408474256517067
-1.1515341659386554e9	18207.338996700346	-19.408844583013696
-1.1489691659386554e9	18196.14520228798	-19.409214909510332
-1.1464041659386554e9	18184.95828977274	-19.409585236006965
-1.1438391659386554e9	18173.778254923636	-19.409955562503598
-1.1412741659386554e9	18162.605093512273	-19.410325889000234
-1.1387091659386554e9	18151.438801312954	-19.410696215496866
-1.1361441659386554e9	18140.279374102487	-19.4110665419935
-1.1335791659386554e9	18129.12680766031	-19.411436868490135
-1.1310141659386554e9	18117.98109776841	-19.411807194986764
-1.1284491659386554e9	18106.84224021148	-19.4121775214834
-1.1258841659386554e9	18095.71023077667	-19.412547847980033
-1.1233191659386554e9	18084.585065253843	-19.41291817447667
-1.1207541659386554e9	18073.466739435364	-19.4132885009733
-1.1181891659386554e9	18062.355249116208	-19.413658827469934
-1.1156241659386554e9	18051.250590093943	-19.414029153966567
-1.1130591659386554e9	18040.152758168682	-19.4143994804632
-1.1104941659386554e9	18029.06174914319	-19.414769806959836
-1.1079291659386554e9	18017.977558822808	-19.415140133456468
-1.1053641659386554e9	18006.900183015387	-19.4155104599531
-1.1027991659386554e9	17995.829617531403	-19.415880786449733
-1.1002341659386554e9	17984.76585818389	-19.41625111294637
-1.0976691659386554e9	17973.70890078844	-19.416621439443002
-1.0951041659386554e9	17962.658741163268	-19.416991765939635
-1.0925391659386554e9	17951.61537512917	-19.417362092436267
-1.0899741659386554e9	17940.57879850944	-19.417732418932903
-1.0874091659386554e9	17929.549007129976	-19.418102745429536
-1.0848441659386554e9	17918.52599681924	-19.41847307192617
-1.0822791659386554e9	17907.50976340823	-19.4188433984228
-1.0797141659386554e9	17896.500302730597	-19.419213724919437
-1.0771491659386554e9	17885.497610622468	-19.41958405141607
-1.0745841659386554e9	17874.50168292252	-19.419954377912703
-1.0720191659386554e9	17863.512515472088	-19.42032470440934
-1.0694541659386554e9	17852.530104114965	-19.42069503090597
-1.0668891659386554e9	17841.554444697504	-19.421065357402604
-1.0643241659386554e9	17830.5855330687	-19.421435683899237
-1.0617591659386554e9	17819.62336508002	-19.42180601039587
-1.0591941659386554e9	17808.667936585465	-19.422176336892505
-1.0566291659386554e9	17797.719243441683	-19.422546663389138
-1.0540641659386554e9	17786.77728150778	-19.42291698988577
-1.0514991659386554e9	17775.842046645408	-19.423287316382407
-1.0489341659386554e9	17764.913534718857	-19.42365764287904
-1.0463691659386554e9	17753.99174159485	-19.424027969375672
-1.0438041659386554e9	17743.076663142714	-19.424398295872304
-1.0412391659386554e9	17732.168295234253	-19.42476862236894
-1.0386741659386554e9	17721.26663374392	-19.425138948865573
-1.0361091659386554e9	17710.371674548576	-19.42550927536221
-1.0335441659386554e9	17699.48341352777	-19.42587960185884
-1.0309791659386554e9	17688.60184656337	-19.426249928355475
-1.0284141659386554e9	17677.726969539992	-19.426620254852107
-1.0258491659386554e9	17666.858778344627	-19.42699058134874
-1.0232841659386554e9	17655.99726886692	-19.427360907845376
-1.0207191659386554e9	17645.14243699891	-19.427731234342005
-1.0181541659386554e9	17634.294278635334	-19.42810156083864
-1.0155891659386554e9	17623.452789673218	-19.428471887335274
-1.0130241659386554e9	17612.61796601234	-19.428842213831906
-1.0104591659386554e9	17601.789803554868	-19.429212540328543
-1.0078941659386554e9	17590.968298205495	-19.429582866825175
-1.0053291659386554e9	17580.153445871485	-19.429953193321808
-1.0027641659386554e9	17569.34524246266	-19.430323519818444
-1.0001991659386554e9	17558.54368389116	-19.430693846315073
-9.976341659386554e8	17547.74876607186	-19.43106417281171
-9.950691659386554e8	17536.96048492203	-19.43143449930834
-9.925041659386554e8	17526.178836361436	-19.431804825804974
-9.899391659386554e8	17515.403816312457	-19.43217515230161
-9.873741659386554e8	17504.635420699877	-19.432545478798243
-9.848091659386554e8	17493.873645450993	-19.432915805294876
-9.822441659386554e8	17483.118486495692	-19.43328613179151
-9.796791659386554e8	17472.36993976628	-19.433656458288144
-9.771141659386554e8	17461.62800119755	-19.434026784784777
-9.745491659386554e8	17450.892666726933	-19.434397111281413
-9.719841659386554e8	17440.16393229413	-19.434767437778042
-9.694191659386554e8	17429.441793841528	-19.43513776427468
-9.668541659386554e8	17418.72624731398	-19.43550809077131
-9.642891659386554e8	17408.017288658764	-19.435878417267944
-9.617241659386554e8	17397.314913825656	-19.43624874376458
-9.591591659386554e8	17386.619118767012	-19.43661907026121
-9.565941659386554e8	17375.92989943758	-19.436989396757845
-9.540291659386554e8	17365.2472517946	-19.43735972325448
-9.514641659386554e8	17354.571171797896	-19.43773004975111
-9.488991659386554e8	17343.901655409667	-19.438100376247746
-9.463341659386554e8	17333.238698594607	-19.43847070274438
-9.437691659386554e8	17322.582297320012	-19.43884102924101
-9.412041659386554e8	17311.93244755544	-19.439211355737648
-9.386391659386554e8	17301.289145273113	-19.439581682234277
-9.360741659386554e8	17290.652386447724	-19.439952008730913
-9.335091659386554e8	17280.022167056264	-19.440322335227545
-9.309441659386554e8	17269.39848307841	-19.44069266172418
-9.283791659386554e8	17258.781330496186	-19.441062988220814
-9.258141659386554e8	17248.170705294087	-19.441433314717447
-9.232491659386554e8	17237.566603459167	-19.44180364121408
-9.206841659386554e8	17226.96902098086	-19.442173967710715
-9.181191659386554e8	17216.37795385106	-19.442544294207348
-9.155541659386554e8	17205.793398064223	-19.44291462070398
-9.129891659386554e8	17195.21534961717	-19.443284947200617
-9.104241659386554e8	17184.643804509185	-19.443655273697246
-9.078591659386554e8	17174.078758742107	-19.444025600193882
-9.052941659386554e8	17163.520208320133	-19.444395926690518
-9.027291659386554e8	17152.96814924993	-19.444766253187147
-9.001641659386554e8	17142.42257754073	-19.445136579683783
-8.975991659386554e8	17131.883489204003	-19.445506906180416
-8.950341659386554e8	17121.35088025387	-19.44587723267705
-8.924691659386554e8	17110.824746706858	-19.446247559173685
-8.899041659386554e8	17100.305084581887	-19.446617885670314
-8.873391659386554e8	17089.791889900353	-19.44698821216695
-8.847741659386554e8	17079.285158686067	-19.447358538663583
-8.822091659386554e8	17068.784886965383	-19.447728865160215
-8.796441659386554e8	17058.29107076697	-19.44809919165685
-8.770791659386554e8	17047.803706122057	-19.44846951815348
-8.745141659386554e8	17037.32278906423	-19.448839844650117
-8.719491659386554e8	17026.848315629508	-19.44921017114675
-8.693841659386554e8	17016.38028185644	-19.449580497643385
-8.668191659386554e8	17005.91868378592	-19.449950824140018
-8.642541659386554e8	16995.463517461274	-19.45032115063665
-8.616891659386554e8	16985.014778928384	-19.450691477133287
-8.591241659386554e8	16974.57246423535	-19.451061803629916
-8.565591659386554e8	16964.136569432907	-19.451432130126552
-8.539941659386554e8	16953.707090574084	-19.451802456623184
-8.514291659386554e8	16943.28402371444	-19.45217278311982
-8.488641659386554e8	16932.867364911875	-19.452543109616453
-8.462991659386554e8	16922.457110226715	-19.452913436113086
-8.437341659386554e8	16912.053255721825	-19.453283762609722
-8.411691659386554e8	16901.655797462285	-19.45365408910635
-8.386041659386554e8	16891.264731515763	-19.454024415602987
-8.360391659386554e8	16880.880053952325	-19.45439474209962
-8.334741659386554e8	16870.501760844367	-19.454765068596252
-8.309091659386554e8	16860.129848266835	-19.45513539509289
-8.283441659386554e8	16849.764312296888	-19.455505721589518
-8.257791659386554e8	16839.405149014307	-19.455876048086154
-8.232141659386554e8	16829.05235450116	-19.45624637458279
-8.206491659386554e8	16818.70592484192	-19.45661670107942
-8.180841659386554e8	16808.3658561236	-19.456987027576055
-8.155191659386554e8	16798.032144435398	-19.457357354072688
-8.129541659386554e8	16787.704785869097	-19.45772768056932
-8.103891659386554e8	16777.383776518855	-19.458098007065956
-8.078241659386554e8	16767.06911248117	-19.45846833356259
-8.052591659386554e8	16756.760789854976	-19.45883866005922
-8.026941659386554e8	16746.458804741564	-19.459208986555854
-8.001291659386554e8	16736.16315324472	-19.45957931305249
-7.975641659386554e8	16725.873831470537	-19.459949639549123
-7.949991659386554e8	16715.590835527495	-19.460319966045756
-7.924341659386554e8	16705.31416152656	-19.460690292542388
-7.898691659386554e8	16695.043805580972	-19.461060619039024
-7.873041659386554e8	16684.779763806502	-19.461430945535657
-7.847391659386554e8	16674.52203232111	-19.46180127203229
-7.821741659386554e8	16664.270607245344	-19.462171598528922
-7.796091659386554e8	16654.025484701993	-19.462541925025555
-7.770441659386554e8	16643.786660816342	-19.46291225152219
-7.744791659386554e8	16633.55413171598	-19.463282578018827
-7.719141659386554e8	16623.327893530866	-19.463652904515456
-7.693491659386554e8	16613.107942393428	-19.464023231012092
-7.667841659386554e8	16602.894274438393	-19.464393557508725
-7.642191659386554e8	16592.686885802887	-19.464763884005357
-7.616541659386554e8	16582.485772626373	-19.465134210501994
-7.590891659386554e8	16572.290931050793	-19.465504536998623
-7.565241659386554e8	16562.102357220334	-19.46587486349526
-7.539591659386554e8	16551.920047281666	-19.46624518999189
-7.513941659386554e8	16541.743997383754	-19.466615516488524
-7.488291659386554e8	16531.574203677945	-19.46698584298516
-7.462641659386554e8	16521.410662317932	-19.46735616948179
-7.436991659386554e8	16511.253369459857	-19.467726495978425
-7.411341659386554e8	16501.10232126214	-19.46809682247506
-7.385691659386554e8	16490.957513885558	-19.468467148971694
-7.360041659386554e8	16480.818943493345	-19.468837475468327
-7.334391659386554e8	16470.686606250994	-19.46920780196496
-7.308741659386554e8	16460.560498326366	-19.469578128461595
-7.283091659386554e8	16450.44061588976	-19.469948454958228
-7.257441659386554e8	16440.32695511374	-19.47031878145486
-7.231791659386554e8	16430.219512173233	-19.470689107951493
-7.206141659386554e8	16420.11828324562	-19.47105943444813
-7.180491659386554e8	16410.023264510448	-19.471429760944762
-7.154841659386554e8	16399.934452149762	-19.471800087441395
-7.129191659386554e8	16389.851842347947	-19.472170413938027
-7.103541659386554e8	16379.775431291664	-19.47254074043466
-7.077891659386554e8	16369.70521516992	-19.472911066931296
-7.052241659386554e8	16359.641190174158	-19.47328139342793
-7.026591659386554e8	16349.583352498066	-19.47365171992456
-7.000941659386554e8	16339.531698337683	-19.474022046421197
-6.975291659386554e8	16329.486223891492	-19.474392372917826
-6.949641659386554e8	16319.446925360118	-19.474762699414462
-6.923991659386554e8	16309.41379894672	-19.475133025911095
-6.898341659386554e8	16299.38684085665	-19.47550335240773
-6.872691659386554e8	16289.366047297735	-19.475873678904364
-6.847041659386554e8	16279.351414479903	-19.476244005400993
-6.821391659386554e8	16269.342938615728	-19.47661433189763
-6.795741659386554e8	16259.3406159198	-19.476984658394265
-6.770091659386554e8	16249.344442609263	-19.477354984890898
-6.744441659386554e8	16239.354414903444	-19.477725311387534
-6.718791659386554e8	16229.370529024107	-19.478095637884167
-6.693141659386554e8	16219.392781195225	-19.478465964380796
-6.667491659386554e8	16209.421167643242	-19.47883629087743
-6.641841659386554e8	16199.45568459671	-19.479206617374064
-6.616191659386554e8	16189.496328286712	-19.4795769438707
-6.590541659386554e8	16179.543094946494	-19.47994727036733
-6.564891659386554e8	16169.59598081174	-19.480317596863962
-6.539241659386554e8	16159.65498212036	-19.4806879233606
-6.513591659386554e8	16149.720095112605	-19.481058249857234
-6.487941659386554e8	16139.79131603101	-19.481428576353867
-6.462291659386554e8	16129.868641120505	-19.4817989028505
-6.436641659386554e8	16119.952066628242	-19.482169229347132
-6.410991659386554e8	16110.041588803682	-19.482539555843765
-6.385341659386554e8	16100.137203898707	-19.4829098823404
-6.359691659386554e8	16090.238908167299	-19.483280208837034
-6.334041659386554e8	16080.346697865947	-19.483650535333666
-6.308391659386554e8	16070.460569253299	-19.484020861830302
-6.282741659386554e8	16060.580518590412	-19.48439118832693
-6.257091659386554e8	16050.706542140535	-19.484761514823568
-6.231441659386554e8	16040.83863616935	-19.485131841320204
-6.205791659386554e8	16030.976796944642	-19.485502167816833
-6.180141659386554e8	16021.121020736684	-19.48587249431347
-6.154491659386554e8	16011.271303817904	-19.4862428208101
-6.128841659386554e8	16001.427642463133	-19.486613147306734
-6.103191659386554e8	15991.590032949378	-19.48698347380337
-6.077541659386554e8	15981.75847155608	-19.4873538003
-6.051891659386554e8	15971.932954564767	-19.487724126796635
-6.026241659386554e8	15962.113478259449	-19.48809445329327
-6.000591659386554e8	15952.300038926283	-19.488464779789904
-5.974941659386554e8	15942.492632853822	-19.488835106286537
-5.949291659386554e8	15932.691256332813	-19.48920543278317
-5.923641659386554e8	15922.895905656314	-19.489575759279802
-5.897991659386554e8	15913.106577119632	-19.489946085776438
-5.872341659386554e8	15903.32326702044	-19.49031641227307
-5.846691659386554e8	15893.54597165857	-19.490686738769703
-5.821041659386554e8	15883.774687336245	-19.491057065266336
-5.795391659386554e8	15874.009410357874	-19.49142739176297
-5.769741659386554e8	15864.250137030167	-19.491797718259605
-5.744091659386554e8	15848.949604084157	-19.491464729873535
-5.718441659386554e8	15816.730801646814	-19.488981271988546
-5.692791659386554e8	15784.577495741165	-19.48649781410356
-5.667141659386554e8	15752.489553221518	-19.48401435621857
-5.641491659386554e8	15720.466841212818	-19.481530898333585
-5.615841659386554e8	15688.509227110131	-19.479047440448596
-5.590191659386554e8	15656.616578578116	-19.476563982563608
-5.564541659386554e8	15624.788763550368	-19.47408052467862
-5.538891659386554e8	15593.025650229045	-19.471597066793635
-5.513241659386554e8	15561.327107084226	-19.469113608908643
-5.487591659386554e8	15529.69300285329	-19.466630151023658
-5.461941659386554e8	15498.123206540542	-19.46414669313867
-5.436291659386554e8	15466.617587416553	-19.46166323525368
-5.410641659386554e8	15435.176015017681	-19.459179777368693
-5.384991659386554e8	15403.79835914544	-19.456696319483704
-5.359341659386554e8	15372.48448986602	-19.45421286159872
-5.333691659386554e8	15341.234277509808	-19.451729403713728
-5.308041659386554e8	15310.04759267076	-19.449245945828743
-5.282391659386554e8	15278.924306205903	-19.446762487943754
-5.256741659386554e8	15247.86428923479	-19.44427903005877
-5.231091659386554e8	15216.867413138998	-19.44179557217378
-5.205441659386554e8	15185.933549561514	-19.439312114288793
-5.179791659386554e8	15155.062570406259	-19.436828656403808
-5.154141659386554e8	15124.254347837612	-19.434345198518816
-5.128491659386554e8	15093.508754279794	-19.43186174063383
-5.102841659386554e8	15062.825662416399	-19.429378282748843
-5.077191659386554e8	15032.204945189756	-19.426894824863854
-5.051541659386554e8	15001.646475800573	-19.424411366978866
-5.025891659386554e8	14971.150127707313	-19.421927909093878
-5.000241659386554e8	14940.71577462561	-19.419444451208893
-4.974591659386554e8	14910.343290527893	-19.416960993323904
-4.948941659386554e8	14880.032549642789	-19.414477535438916
-4.923291659386554e8	14849.783426454522	-19.411994077553928
-4.897641659386554e8	14819.595795702553	-19.409510619668943
-4.871991659386554e8	14789.469532380977	-19.407027161783954
-4.846341659386554e8	14759.404511737937	-19.404543703898966
-4.820691659386554e8	14729.400609275255	-19.402060246013978
-4.795041659386554e8	14699.457700747813	-19.39957678812899
-4.769391659386554e8	14669.575662163097	-19.397093330244005
-4.743741659386554e8	14639.754369780572	-19.394609872359013
-4.718091659386554e8	14609.993700111332	-19.392126414474028
-4.692441659386554e8	14580.293529917504	-19.38964295658904
-4.666791659386554e8	14550.653736211665	-19.38715949870405
-4.641141659386554e8	14521.07419625649	-19.384676040819063
-4.615491659386554e8	14491.55478756413	-19.382192582934074
-4.589841659386554e8	14462.095387895766	-19.37970912504909
-4.564191659386554e8	14432.695875261003	-19.3772256671641
-4.538541659386554e8	14403.356127917528	-19.374742209279113
-4.512891659386554e8	14374.07602437042	-19.372258751394124
-4.487241659386554e8	14344.855443371818	-19.369775293509136
-4.461591659386554e8	14315.694263920308	-19.36729183562415
-4.435941659386554e8	14286.592365260489	-19.364808377739163
-4.410291659386554e8	14257.549626882359	-19.362324919854174
-4.384641659386554e8	14228.565928521002	-19.35984146196919
-4.358991659386554e8	14199.64115015588	-19.3573580040842
-4.333341659386554e8	14170.775172010519	-19.354874546199213
-4.307691659386554e8	14141.967874551907	-19.352391088314224
-4.282041659386554e8	14113.219138490054	-19.349907630429236
-4.256391659386554e8	14084.528844777393	-19.34742417254425
-4.230741659386554e8	14055.896874608445	-19.344940714659263
-4.205091659386554e8	14027.323109419212	-19.342457256774274
-4.179441659386554e8	13998.807430886758	-19.339973798889286
-4.153791659386554e8	13970.349720928596	-19.337490341004298
-4.128141659386554e8	13941.94986170237	-19.335006883119313
-4.102491659386554e8	13913.607735605245	-19.332523425234324
-4.076841659386554e8	13885.323225273492	-19.330039967349336
-4.051191659386554e8	13857.096213581914	-19.327556509464348
-4.025541659386554e8	13828.926583643412	-19.32507305157936
-3.999891659386554e8	13800.814218808553	-19.322589593694374
-3.974241659386554e8	13772.759002665014	-19.320106135809386
-3.948591659386554e8	13744.76081903712	-19.317622677924398
-3.922941659386554e8	13716.819551985369	-19.315139220039413
-3.897291659386554e8	13688.935085805993	-19.31265576215442
-3.871641659386554e8	13661.107305030293	-19.310172304269436
-3.845991659386554e8	13633.336094424445	-19.307688846384448
-3.820341659386554e8	13605.621338988834	-19.30520538849946
-3.794691659386554e8	13577.96292395762	-19.302721930614474
-3.769041659386554e8	13550.360734798294	-19.300238472729482
-3.743391659386554e8	13522.814657211105	-19.297755014844498
-3.717741659386554e8	13495.324577128726	-19.29527155695951
-3.692091659386554e8	13467.890380715717	-19.29278809907452
-3.666441659386554e8	13440.51195436798	-19.290304641189536
-3.640791659386554e8	13413.189184712446	-19.287821183304548
-3.615141659386554e8	13385.921958606437	-19.28533772541956
-3.589491659386554e8	13358.710163137337	-19.282854267534567
-3.563841659386554e8	13331.553685622051	-19.280370809649582
-3.538191659386554e8	13304.452413606574	-19.277887351764594
-3.512541659386554e8	13277.406234865433	-19.275403893879606
-3.486891659386554e8	13250.41503740137	-19.27292043599462
-3.461241659386554e8	13223.478709444773	-19.27043697810963
-3.435591659386554e8	13196.597139453244	-19.267953520224644
-3.409941659386554e8	13169.770216111143	-19.265470062339656
-3.384291659386554e8	13142.997828329133	-19.262986604454667
-3.358641659386554e8	13116.279865243641	-19.26050314656968
-3.332991659386554e8	13089.616216216562	-19.25801968868469
-3.307341659386554e8	13063.006770834603	-19.255536230799706
-3.281691659386554e8	13036.451418909004	-19.253052772914717
-3.256041659386554e8	13009.950050474998	-19.25056931502973
-3.230391659386554e8	12983.502555791294	-19.248085857144744
-3.204741659386554e8	12957.108825339761	-19.245602399259756
-3.179091659386554e8	12930.768749824902	-19.243118941374767
-3.153441659386554e8	12904.482220173335	-19.24063548348978
-3.127791659386554e8	12878.249127533505	-19.23815202560479
-3.102141659386554e8	12852.069363275037	-19.235668567719806
-3.076491659386554e8	12825.942818988467	-19.233185109834817
-3.050841659386554e8	12799.869386484703	-19.23070165194983
-3.025191659386554e8	12773.848957794526	-19.228218194064844
-2.999541659386554e8	12747.881425168267	-19.225734736179856
-2.973891659386554e8	12721.9666810753	-19.223251278294867
-2.948241659386554e8	12696.104618203528	-19.22076782040988
-2.922591659386554e8	12670.29512945907	-19.21828436252489
-2.896941659386554e8	12644.538107965755	-19.215800904639906
-2.871291659386554e8	12618.833447064608	-19.213317446754914
-2.845641659386554e8	12593.181040313546	-19.21083398886993
-2.819991659386554e8	12567.580781486844	-19.20835053098494
-2.794341659386554e8	12542.032564574723	-19.205867073099952
-2.768691659386554e8	12516.536283782929	-19.203383615214964
-2.743041659386554e8	12491.091833532202	-19.200900157329976
-2.717391659386554e8	12465.699108457986	-19.19841669944499
-2.691741659386554e8	12440.35800340991	-19.195933241560002
-2.6660916593865538e8	12415.068413451296	-19.193449783675014
-2.6404416593865538e8	12389.830233858855	-19.190966325790026
-2.6147916593865538e8	12364.643360122163	-19.188482867905037
-2.5891416593865538e8	12339.507687943276	-19.18599941002005
-2.5634916593865538e8	12314.423113236204	-19.183515952135064
-2.5378416593865538e8	12289.389532126643	-19.181032494250076
-2.5121916593865538e8	12264.406840951358	-19.178549036365087
-2.4865416593865538e8	12239.474936257919	-19.1760655784801
-2.4608916593865538e8	12214.593714804198	-19.173582120595114
-2.4352416593865538e8	12189.763073557877	-19.171098662710126
-2.4095916593865538e8	12164.98290969616	-19.168615204825137
-2.3839416593865538e8	12140.25312060527	-19.16613174694015
-2.3582916593865538e8	12115.573603879968	-19.16364828905516
-2.3326416593865538e8	12090.944257323257	-19.161164831170176
-2.3069916593865538e8	12066.36497894587	-19.158681373285187
-2.2813416593865538e8	12041.835666965893	-19.1561979154002
-2.2556916593865538e8	12017.356219808255	-19.153714457515214
-2.2300416593865538e8	11992.92653610446	-19.151230999630226
-2.2043916593865538e8	11968.546514691996	-19.148747541745237
-2.1787416593865538e8	11944.21605461404	-19.146264083860245
-2.1530916593865538e8	11919.935055119073	-19.14378062597526
-2.1274416593865538e8	11895.703415660275	-19.141297168090272
-2.1017916593865538e8	11871.52103589525	-19.138813710205287
-2.0761416593865538e8	11847.387815685626	-19.1363302523203
-2.0504916593865538e8	11823.303655096579	-19.13384679443531
-2.0248416593865538e8	11799.268454396437	-19.131363336550326
-1.9991916593865538e8	11775.282114056312	-19.128879878665334
-1.9735416593865538e8	11751.344534749524	-19.12639642078035
-1.9478916593865538e8	11727.455617351427	-19.12391296289536
-1.9222416593865538e8	11703.615262938847	-19.121429505010372
-1.8965916593865538e8	11679.823372789708	-19.11894604712538
-1.8709416593865538e8	11656.079848382618	-19.116462589240395
-1.8452916593865538e8	11632.384591396492	-19.11397913135541
-1.8196416593865538e8	11608.737503710056	-19.11149567347042
-1.7939916593865538e8	11585.138487401578	-19.109012215585434
-1.7683416593865538e8	11561.587444748318	-19.106528757700445
-1.7426916593865538e8	11538.084278226246	-19.10404529981546
-1.7170416593865538e8	11514.628890509566	-19.10156184193047
-1.6913916593865538e8	11491.221184470358	-19.099078384045484
-1.6657416593865538e8	11462.762101711722	-19.09448986986136
-1.6400916593865538e8	11430.55764657256	-19.088321491737283
-1.6144416593865538e8	11398.443669358456	-19.082153113613213
-1.5887916593865538e8	11366.419915873113	-19.07598473548914
-1.5631416593865538e8	11334.486132634329	-19.069816357365063
-1.5374916593865538e8	11302.642066872066	-19.063647979240994
-1.5118416593865538e8	11270.887466526425	-19.05747960111692
-1.4861916593865538e8	11239.222080245743	-19.051311222992847
-1.4605416593865538e8	11207.645657384386	-19.04514284486877
-1.4348916593865538e8	11176.157948001046	-19.0389744667447
-1.4092416593865538e8	11144.75870285654	-19.032806088620628
-1.3835916593865538e8	11113.447673411942	-19.02663771049656
-1.3579416593865538e8	11082.224611826587	-19.020469332372485
-1.3322916593865538e8	11051.089270956098	-19.01430095424841
-1.3066416593865538e8	11020.041404350506	-19.00813257612434
-1.2809916593865538e8	10986.296497372272	-19.001297857102124
-1.2553416593865538e8	10944.313578997853	-18.99245971052775
-1.2296916593865538e8	10902.491093708055	-18.98362156395338
-1.2040416593865538e8	10860.828428425513	-18.974783417379008
-1.1783916593865538e8	10819.324972415745	-18.96594527080464
-1.1527416593865538e8	10777.980117278084	-18.957107124230266
-1.1270916593865538e8	10736.793256936875	-18.948268977655896
-1.1014416593865538e8	10695.763787632399	-18.939430831081523
-1.0757916593865538e8	10654.891107912219	-18.930592684507154
-1.0501416593865538e8	10614.174618622275	-18.92175453793278
-1.0244916593865538e8	10573.232489073815	-18.91283115580945
-9.988416593865538e7	10524.223916626099	-18.90206110990767
-9.731916593865538e7	10475.442506512667	-18.89129106400589
-9.475416593865538e7	10426.887205800927	-18.88052101810411
-9.218916593865538e7	10378.556966438677	-18.869750972202333
-8.962416593865538e7	10330.450745231654	-18.85898092630055
-8.705916593865538e7	10282.567503821023	-18.84821088039877
-8.449416593865538e7	10234.906208660786	-18.83744083449699
-8.192916593865538e7	10179.195127080016	-18.824969964036676
-7.936416593865538e7	10120.722009068091	-18.811864931134135
-7.679916593865538e7	10062.58478259641	-18.798759898231594
-7.423416593865538e7	9997.000526095675	-18.784184870191222
-7.166916593865538e7	9930.425750987266	-18.76934007526133
-6.910416593865538e7	9860.562559789907	-18.753835048466684
-6.653916593865538e7	9782.978494697658	-18.73686588610337
-6.397416593865538e7	9705.4889971486	-18.719810966434803
-6.140916593865538e7	9613.409352456858	-18.70020632664456
-5.884416593865538e7	9522.203302178446	-18.68060168685432
-5.627916593865538e7	9412.114193220215	-18.657983794741035
-5.371416593865538e7	9301.891862511295	-18.63514861918514
-5.114916593865538e7	9167.697307558752	-18.609104327047422
-4.858416593865538e7	9032.997656416761	-18.5827449356658
-4.601916593865538e7	8875.775663991668	-18.554853737387667
-4.345416593865538e7	8714.998607742382	-18.526561532724106
-4.088916593865538e7	8559.475792850655	-18.498943389618514
-3.832416593865538e7	8448.618851728392	-18.483569355129717
-3.575916593865538e7	8339.197659908117	-18.46819532064092
-3.3194165938655376e7	8231.193622468887	-18.45282128615212
-3.0629165938655376e7	8133.66241424591	-18.439516297353723
-2.8064165938655376e7	8067.353577174344	-18.4331324752851
-2.5499165938655376e7	8001.585316002028	-18.42674865321647
-2.2934165938655376e7	7936.353223740155	-18.42036483114785
-2.0369165938655376e7	7871.652929327449	-18.413981009079226
-1.7804165938655376e7	7811.990295938575	-18.408593602260485
-1.5239165938655376e7	7764.662665821343	-18.405848662126985
-1.2674165938655376e7	7717.621762196036	-18.403103721993485
-1.0109165938655376e7	7670.865847978413	-18.400358781859985
-7.544165938655376e6	7624.393196608021	-18.39761384172649
-4.979165938655376e6	7578.202091984542	-18.39486890159299
-2.4141659386553764e6	7532.58743502676	-18.392185205565262
150834.06134462357	7499.129384983011	-18.391967796827426
2.7158340613446236e6	7465.819948031693	-18.39175038808959
5.280834061344624e6	7432.658464067054	-18.391532979351755
7.845834061344624e6	7399.6442759154015	-18.39131557061392
1.0410834061344624e7	7366.776729322011	-18.391098161876084
1.2975834061344624e7	7334.055172938244	-18.390880753138248
1.5540834061344624e7	7301.478958308639	-18.390663344400412
1.8105834061344624e7	7272.382601478191	-18.39112759633123
2.0670834061344624e7	7247.794279839982	-18.392492641467307
2.3235834061344624e7	7223.289092656329	-18.393857686603386
2.5800834061344624e7	7198.866758845138	-18.395222731739462
2.8365834061344624e7	7174.5269982746195	-18.39658777687554
3.0930834061344624e7	7150.269531760175	-18.397952822011618
3.3495834061344624e7	7126.094081061094	-18.399317867147694
3.606083406134462e7	7102.00036887745	-18.40068291228377
3.862583406134462e7	7077.9881188468835	-18.402047957419846
4.119083406134462e7	7056.722389280191	-18.403968550591635
4.375583406134462e7	7038.275009804059	-18.406464776991914
4.632083406134462e7	7019.875854672155	-18.408961003392193
4.888583406134462e7	7001.5247978184525	-18.411457229792475
5.145083406134462e7	6983.22171350653	-18.413953456192758
5.401583406134462e7	6964.966476328626	-18.416449682593033
5.658083406134462e7	6946.758961204812	-18.418945908993315
5.914583406134462e7	6928.599043382176	-18.421442135393598
6.171083406134462e7	6910.486598433881	-18.423938361793876
6.427583406134462e7	6892.421502258421	-18.426434588194155
6.684083406134462e7	6875.369201672216	-18.42913675876782
6.940583406134462e7	6861.088366879831	-18.43242233689421
7.197083406134462e7	6846.837194820659	-18.43570791502059
7.453583406134462e7	6832.615623882212	-18.438993493146974
7.710083406134462e7	6818.423592579993	-18.442279071273358
7.966583406134462e7	6804.261039557163	-18.445564649399742
8.223083406134462e7	6790.127903584413	-18.448850227526126
8.479583406134462e7	6776.024123559529	-18.45213580565251
8.736083406134462e7	6761.949638507259	-18.45542138377889
8.992583406134462e7	6747.904387578994	-18.458706961905275
9.249083406134462e7	6733.888310052513	-18.46199254003166
9.505583406134462e7	6719.901345331729	-18.465278118158043
9.762083406134462e7	6708.236282503787	-18.469063004022562
1.0018583406134462e8	6697.090789230286	-18.47295679192168
1.0275083406134462e8	6685.963813792919	-18.47685057982079
1.0531583406134462e8	6674.855325424991	-18.480744367719907
1.0788083406134462e8	6663.76529341089	-18.484638155619024
1.1044583406134462e8	6652.693687086047	-18.48853194351814
1.1301083406134462e8	6641.640475836833	-18.492425731417256
1.1557583406134462e8	6630.605629100512	-18.496319519316373
1.1814083406134462e8	6619.589116365096	-18.50021330721549
1.2070583406134462e8	6608.590907169302	-18.504107095114602
1.2327083406134462e8	6597.610971102457	-18.50800088301372
1.2583583406134462e8	6586.649277804416	-18.511894670912834
1.2840083406134462e8	6576.202765573423	-18.5159092325983
1.3096583406134462e8	6567.218940214765	-18.52027573761311
1.3353083406134462e8	6558.247387762061	-18.524642242627923
1.3609583406134462e8	6549.288091449155	-18.529008747642735
1.3866083406134462e8	6540.341034532806	-18.533375252657546
1.4122583406134462e8	6531.406200292612	-18.537741757672357
1.4379083406134462e8	6522.483572031059	-18.542108262687165
1.4635583406134462e8	6513.573133073388	-18.546474767701977
1.4892083406134462e8	6504.674866767696	-18.550841272716788
1.5148583406134462e8	6495.7887564847515	-18.5552077777316
1.5405083406134462e8	6486.914785618085	-18.559574282746407
1.5661583406134462e8	6478.052937583902	-18.56394078776122
1.5918083406134462e8	6469.203195821064	-18.56830729277603
1.6174583406134462e8	6460.365543791066	-18.57267379779084
1.6431083406134462e8	6452.715799800899	-18.57730819221638
1.6687583406134462e8	6445.504932400144	-18.58204061570055
1.6944083406134462e8	6438.302123096209	-18.586773039184717
1.7200583406134462e8	6431.107362884225	-18.591505462668888
1.7457083406134462e8	6423.920642769384	-18.596237886153062
1.7713583406134462e8	6416.74195376692	-18.600970309637233
1.7970083406134462e8	6409.57128690214	-18.605702733121404
1.8226583406134462e8	6402.408633210346	-18.610435156605575
1.8483083406134462e8	6395.25398373687	-18.615167580089746
1.8739583406134462e8	6388.1073295370525	-18.619900003573918
1.8996083406134462e8	6380.9686616762265	-18.624632427058085
1.9252583406134462e8	6373.837971229711	-18.629364850542256
1.9509083406134462e8	6366.715249282797	-18.63409727402643
1.9765583406134462e8	6359.600486930741	-18.6388296975106
2.0022083406134462e8	6352.810426815918	-18.64364747070055
2.0278583406134462e8	6346.831625039755	-18.648682098988758
2.0535083406134462e8	6340.858450075696	-18.653716727276965
2.0791583406134462e8	6334.89089662822	-18.658751355565173
2.1048083406134462e8	6328.928959406741	-18.663785983853383
2.1304583406134462e8	6322.97263312569	-18.668820612141587
2.1561083406134462e8	6317.021912504469	-18.6738552404298
2.1817583406134462e8	6311.076792267418	-18.678889868718006
2.2074083406134462e8	6305.137267143885	-18.68392449700621
2.2330583406134462e8	6299.203331868137	-18.68895912529442
2.2587083406134462e8	6293.274981179439	-18.69399375358263
2.2843583406134462e8	6287.352209821962	-18.699028381870836
2.3100083406134462e8	6281.435012544868	-18.704063010159047
2.3356583406134462e8	6275.523384102218	-18.709097638447254
2.3613083406134462e8	6269.617319253043	-18.714132266735458
2.3869583406134462e8	6263.81123455774	-18.719192625110775
2.4126083406134462e8	6258.870298578387	-18.72448747196437
2.4382583406134462e8	6253.9332600421985	-18.729782318817964
2.4639083406134462e8	6249.000115874858	-18.73507716567156
2.4895583406134462e8	6244.07086300446	-18.740372012525153
2.5152083406134462e8	6239.145498361535	-18.745666859378748
2.5408583406134462e8	6234.224018879001	-18.750961706232346
2.5665083406134462e8	6229.306421492229	-18.75625655308594
2.5921583406134462e8	6224.392703138996	-18.761551399939535
2.6178083406134462e8	6219.482860759505	-18.76684624679313
2.6434583406134462e8	6214.576891296352	-18.772141093646724
2.6691083406134462e8	6209.674791694532	-18.777435940500318
2.694758340613446e8	6204.776558901518	-18.782730787353913
2.720408340613446e8	6199.88218986711	-18.788025634207507
2.746058340613446e8	6194.991681543564	-18.793320481061098
2.771708340613446e8	6190.105030885533	-18.798615327914696
2.797358340613446e8	6185.423838416621	-18.80396672458371
2.823008340613446e8	6181.21020669755	-18.809448370573634
2.848658340613446e8	6176.999445386834	-18.814930016563558
2.874308340613446e8	6172.791552529095	-18.82041166255348
2.899958340613446e8	6168.586526170285	-18.825893308543403
2.925608340613446e8	6164.38436435769	-18.831374954533324
2.951258340613446e8	6160.185065139937	-18.836856600523248
2.976908340613446e8	6155.9886265669475	-18.84233824651317
3.002558340613446e8	6151.795046690005	-18.847819892503093
3.028208340613446e8	6147.604323561711	-18.853301538493014
3.053858340613446e8	6143.416455235991	-18.858783184482938
3.079508340613446e8	6139.2314397680975	-18.86426483047286
3.105158340613446e8	6135.04927521461	-18.869746476462783
3.130808340613446e8	6130.869959633428	-18.875228122452707
3.156458340613446e8	6126.693491083787	-18.880709768442628
3.182108340613446e8	6122.519867626213	-18.886191414432552
3.207758340613446e8	6118.349087322583	-18.891673060422477
3.233408340613446e8	6114.782772730169	-18.89732538981
3.259058340613446e8	6111.240835891925	-18.902984048881684
3.284708340613446e8	6107.700950691015	-18.908642707953366
3.310358340613446e8	6104.163115939025	-18.914301367025047
3.336008340613446e8	6100.627330448261	-18.91996002609673
3.361658340613446e8	6097.093593031715	-18.925618685168413
3.387308340613446e8	6093.5619025030355	-18.931277344240094
3.412958340613446e8	6090.032257676591	-18.93693600331178
3.438608340613446e8	6086.504657367437	-18.94259466238346
3.464258340613446e8	6082.9791003912815	-18.94825332145514
3.489908340613446e8	6079.455585564551	-18.953911980526826
3.515558340613446e8	6075.93411170435	-18.959570639598507
3.541208340613446e8	6072.414677628463	-18.965229298670188
3.566858340613446e8	6068.897282155374	-18.970887957741873
3.592508340613446e8	6065.381924104218	-18.976546616813554
3.618158340613446e8	6061.868602294835	-18.98220527588524
3.643808340613446e8	6058.420181422833	-18.98789008495396
3.669458340613446e8	6055.20788020842	-18.99367234856038
3.695108340613446e8	6051.997282223359	-18.999454612166808
3.720758340613446e8	6048.788386564555	-19.00523687577323
3.746408340613446e8	6045.5811923294295	-19.011019139379652
3.772058340613446e8	6042.37569861581	-19.016801402986076
3.797708340613446e8	6039.171904522074	-19.022583666592503
3.823358340613446e8	6035.96980914704	-19.028365930198923
3.849008340613446e8	6032.769411589999	-19.03414819380535
3.874658340613446e8	6029.570710950766	-19.03993045741177
3.900308340613446e8	6026.373706329555	-19.045712721018198
3.925958340613446e8	6023.178396827135	-19.051494984624618
3.951608340613446e8	6019.984781544707	-19.057277248231046
3.977258340613446e8	6016.792859583951	-19.063059511837466
4.002908340613446e8	6013.602630047053	-19.068841775443893
4.028558340613446e8	6010.414092036643	-19.074624039050317
4.054208340613446e8	6007.227244655828	-19.08040630265674
4.079858340613446e8	6004.106034796994	-19.086206436617744
4.105508340613446e8	6001.367023059001	-19.092112974867636
4.131158340613446e8	5998.629260830148	-19.098019513117528
4.156808340613446e8	5995.892747540411	-19.10392605136742
4.182458340613446e8	5993.157482620036	-19.109832589617316
4.208108340613446e8	5990.423465499519	-19.115739127867208
4.233758340613446e8	5987.690695609659	-19.1216456661171
4.259408340613446e8	5984.959172381439	-19.127552204366992
4.285058340613446e8	5982.228895246177	-19.133458742616888
4.310708340613446e8	5979.499863635397	-19.139365280866777
4.336358340613446e8	5976.772076980924	-19.145271819116672
4.362008340613446e8	5974.045534714812	-19.151178357366568
4.387658340613446e8	5971.320236269383	-19.15708489561646
4.413308340613446e8	5968.59618107722	-19.162991433866353
4.438958340613446e8	5965.873368571161	-19.168897972116245
4.464608340613446e8	5963.151798184308	-19.174804510366137
4.490258340613446e8	5960.431469350007	-19.18071104861603
4.515908340613446e8	5957.712381501897	-19.18661758686592
4.541558340613446e8	5955.253861797729	-19.192619785312427
4.567208340613446e8	5952.8717367229165	-19.198649800486326
4.592858340613446e8	5950.490564507536	-19.204679815660228
4.618508340613446e8	5948.11034477045	-19.210709830834126
4.644158340613446e8	5945.731077130674	-19.21673984600802
4.669808340613446e8	5943.352761207344	-19.22276986118192
4.695458340613446e8	5940.975396619791	-19.22879987635582
4.721108340613446e8	5938.598982987456	-19.23482989152972
4.746758340613446e8	5936.223519929964	-19.240859906703616
4.772408340613446e8	5933.8490070670905	-19.246889921877518
4.798058340613446e8	5931.4754440187335	-19.252919937051416
4.823708340613446e8	5929.102830404985	-19.258949952225315
4.849358340613446e8	5926.731165846047	-19.264979967399213
4.875008340613446e8	5924.3604499623025	-19.271009982573112
4.900658340613446e8	5921.990682374289	-19.27703999774701
4.926308340613446e8	5919.621862702664	-19.28307001292091
4.951958340613446e8	5917.253990568277	-19.28910002809481
4.977608340613446e8	5914.902323443654	-19.29514098115718
5.003258340613446e8	5912.586967783465	-19.301207304780267
5.028908340613446e8	5910.272518456379	-19.30727362840336
5.054558340613446e8	5907.9589751076255	-19.31333995202645
5.080208340613446e8	5905.646337382555	-19.319406275649545
5.105858340613446e8	5903.3346049266875	-19.325472599272636
5.131508340613446e8	5901.023777385649	-19.331538922895728
5.157158340613446e8	5898.713854405216	-19.33760524651882
5.182808340613446e8	5896.404835631303	-19.343671570141908
5.208458340613446e8	5894.096720709964	-19.349737893765003
5.234108340613446e8	5891.78950928739	-19.35580421738809
5.259758340613446e8	5889.483201009902	-19.361870541011186
5.285408340613446e8	5887.1777955239995	-19.367936864634277
5.311058340613446e8	5884.873292476248	-19.37400318825737
5.336708340613446e8	5882.569691513425	-19.38006951188046
5.362358340613446e8	5880.266992282403	-19.386135835503552
5.388008340613446e8	5877.965194430205	-19.392202159126644
5.413658340613446e8	5875.664297603981	-19.398268482749735
5.439308340613446e8	5873.500357300792	-19.404395562836463
5.464958340613446e8	5871.404890201946	-19.410552874722438
5.490608340613446e8	5869.310170695161	-19.41671018660841
5.516258340613446e8	5867.2161985137545	-19.422867498494384
5.541908340613446e8	5865.122973391093	-19.42902481038036
5.567558340613446e8	5863.030495060652	-19.43518212226633
5.593208340613446e8	5860.938763255992	-19.441339434152304
5.618858340613446e8	5858.847777710797	-19.447496746038276
5.644508340613446e8	5856.757538158807	-19.45365405792425
5.670158340613446e8	5854.668044333896	-19.459811369810225
5.695808340613446e8	5852.579295970006	-19.465968681696197
5.721458340613446e8	5850.491292801178	-19.47212599358217
5.747108340613446e8	5848.404034561554	-19.478283305468143
5.772758340613446e8	5846.317520985358	-19.484440617354117
5.798408340613446e8	5844.231751806939	-19.49059792924009
5.824058340613446e8	5842.146726760711	-19.496755241126063
5.849708340613446e8	5840.062445581182	-19.502912553012038
5.875358340613446e8	5837.978908002987	-19.50906986489801
5.901008340613446e8	5836.030397107665	-19.515300159236517
5.926658340613446e8	5834.087821652363	-19.521533326927873
5.952308340613446e8	5832.145892800855	-19.52776649461922
5.977958340613446e8	5830.204610337914	-19.533999662310578
6.003608340613446e8	5828.263974048395	-19.540232830001933
6.029258340613446e8	5826.32398371719	-19.546465997693286
6.054908340613446e8	5824.384639129297	-19.552699165384638
6.080558340613446e8	5822.445940069776	-19.55893233307599
6.106208340613446e8	5820.507886323766	-19.565165500767346
6.131858340613446e8	5818.570477676449	-19.5713986684587
6.157508340613446e8	5816.6337139131065	-19.57763183615005
6.183158340613446e8	5814.697594819086	-19.583865003841403
6.208808340613446e8	5812.76212017981	-19.59009817153276
6.234458340613446e8	5810.827289780738	-19.59633133922411
6.260108340613446e8	5808.89310340747	-19.602564506915467
6.285758340613446e8	5806.959560845604	-19.60879767460682
6.311408340613446e8	5805.026661880852	-19.61503084229817
6.337058340613446e8	5803.116201047038	-19.621274521539927
6.362708340613446e8	5801.267838376343	-19.62754785687144
6.388358340613446e8	5799.420064431528	-19.63382119220296
6.414008340613446e8	5797.572879025053	-19.640094527534472
6.439658340613446e8	5795.726281969453	-19.64636786286599
6.465308340613446e8	5793.8802730773405	-19.652641198197507
6.490958340613446e8	5792.03485216139	-19.65891453352902
6.516608340613446e8	5790.190019034301	-19.665187868860535
6.542258340613446e8	5788.345773508879	-19.671461204192056
6.567908340613446e8	5786.502115397942	-19.67773453952357
6.593558340613446e8	5784.659044514405	-19.684007874855084
6.619208340613446e8	5782.816560671237	-19.690281210186598
6.644858340613446e8	5780.97466368145	-19.696554545518115
6.670508340613446e8	5779.133353358112	-19.702827880849632
6.696158340613446e8	5777.292629514373	-19.709101216181146
6.721808340613446e8	5775.452491963434	-19.715374551512664
6.747458340613446e8	5773.612940518562	-19.721647886844178
6.773108340613446e8	5771.773974993056	-19.72792122217569
6.798758340613446e8	5769.963597304735	-19.73422363211701
6.824408340613446e8	5768.179151995462	-19.74055238621881
6.850058340613446e8	5766.3952585519	-19.746881140320607
6.875708340613446e8	5764.6119168033865	-19.7532098944224
6.901358340613446e8	5762.829126579281	-19.7595386485242
6.927008340613446e8	5761.046887709027	-19.765867402625997
6.952658340613446e8	5759.2652000221215	-19.772196156727794
6.978308340613446e8	5757.484063348081	-19.778524910829592
7.003958340613446e8	5755.7034775165175	-19.78485366493139
7.029608340613446e8	5753.923442357055	-19.791182419033188
7.055258340613446e8	5752.1439576994	-19.797511173134982
7.080908340613446e8	5750.365023373302	-19.80383992723678
7.106558340613446e8	5748.586639208574	-19.81016868133858
7.132208340613446e8	5746.808805035048	-19.81649743544038
7.157858340613446e8	5745.0315206826435	-19.822826189542173
7.183508340613446e8	5743.25478598133	-19.82915494364397
7.209158340613446e8	5741.478600761099	-19.83548369774577
7.234808340613446e8	5739.702964852026	-19.841812451847566
7.260458340613446e8	5737.95866176202	-19.848177565120093
7.286108340613446e8	5736.221221209807	-19.8545501600062
7.311758340613446e8	5734.484306750567	-19.860922754892307
7.337408340613446e8	5732.74791822498	-19.867295349778416
7.363058340613446e8	5731.012055473805	-19.873667944664525
7.388708340613446e8	5729.276718337848	-19.880040539550635
7.414358340613446e8	5727.541906657934	-19.886413134436744
7.440008340613446e8	5725.807620274966	-19.89278572932285
7.465658340613446e8	5724.073859029896	-19.89915832420896
7.491308340613446e8	5722.340622763683	-19.905530919095064
7.516958340613446e8	5720.6079113174055	-19.911903513981173
7.542608340613446e8	5718.875724532128	-19.918276108867282
7.568258340613446e8	5717.1440622489745	-19.92464870375339
7.593908340613446e8	5715.4129243091365	-19.931021298639497
7.619558340613446e8	5713.682310553856	-19.937393893525602
7.645208340613446e8	5711.95222082439	-19.943766488411715
7.670858340613446e8	5710.222654962075	-19.95013908329782
7.696508340613446e8	5708.499373091147	-19.956518373671877
7.722158340613446e8	5706.803346102142	-19.962928748657664
7.747808340613446e8	5705.107823012212	-19.96933912364345
7.773458340613446e8	5703.412803671644	-19.975749498629238
7.799108340613446e8	5701.718287930761	-19.98215987361502
7.824758340613446e8	5700.024275639962	-19.98857024860081
7.850408340613446e8	5698.330766649659	-19.994980623586596
7.876058340613446e8	5696.637760810319	-20.001390998572383
7.901708340613446e8	5694.945257972452	-20.007801373558166
7.927358340613446e8	5693.253257986604	-20.014211748543953
7.953008340613446e8	5691.561760703395	-20.02062212352974
7.978658340613446e8	5689.870765973458	-20.027032498515524
8.004308340613446e8	5688.180273647474	-20.03344287350131
8.029958340613446e8	5686.490283576194	-20.039853248487095
8.055608340613446e8	5684.800795610387	-20.046263623472882
8.081258340613446e8	5683.111809600872	-20.05267399845867
8.106908340613446e8	5681.423325398518	-20.059084373444456
8.132558340613446e8	5679.735342854223	-20.06549474843024
8.158208340613446e8	5678.056777443229	-20.07192406818978
8.183858340613446e8	5676.385590658327	-20.078368016954503
8.209508340613446e8	5674.714895743323	-20.084811965719222
8.235158340613446e8	5673.04469255347	-20.091255914483945
8.260808340613446e8	5671.37498094402	-20.097699863248664
8.286458340613446e8	5669.705760770299	-20.104143812013383
8.312108340613446e8	5668.037031887678	-20.110587760778106
8.337758340613446e8	5666.368794151536	-20.11703170954283
8.363408340613446e8	5664.7010474173285	-20.123475658307548
8.389058340613446e8	5663.033791540552	-20.129919607072267
8.414708340613446e8	5661.3670263767135	-20.136363555836986
8.440358340613446e8	5659.700751781407	-20.142807504601713
8.466008340613446e8	5658.034967610225	-20.149251453366432
8.491658340613446e8	5656.369673718845	-20.15569540213115
8.517308340613446e8	5654.704869962945	-20.162139350895874
8.542958340613446e8	5653.040556198288	-20.168583299660593
8.568608340613446e8	5651.376732280636	-20.175027248425316
8.594258340613446e8	5649.713398065827	-20.181471197190035
8.619908340613446e8	5648.040412762382	-20.187956631250714
8.645558340613446e8	5646.367840527538	-20.194442402237076
8.671208340613446e8	5644.695763596828	-20.200928173223435
8.696858340613446e8	5643.024181823607	-20.2074139442098
8.722508340613446e8	5641.353095061242	-20.213899715196163
8.748158340613446e8	5639.682503163123	-20.22038548618253
8.773808340613446e8	5638.012405982706	-20.22687125716889
8.799458340613446e8	5636.342803373507	-20.233357028155254
8.825108340613446e8	5634.673695189068	-20.239842799141616
8.850758340613446e8	5633.005081282943	-20.24632857012798
8.876408340613446e8	5631.3369615087895	-20.252814341114345
8.902058340613446e8	5629.669335720269	-20.259300112100707
8.927708340613446e8	5628.002203771097	-20.26578588308707
8.953358340613446e8	5626.335565515029	-20.272271654073435
8.979008340613446e8	5624.669420805868	-20.278757425059798
9.004658340613446e8	5623.003769497458	-20.28524319604616
9.030308340613446e8	5621.338611443686	-20.291728967032526
9.055958340613446e8	5619.670657048629	-20.298231867785184
9.081608340613446e8	5617.9998595963025	-20.304752156141483
9.107258340613446e8	5616.329558892681	-20.31127244449779
9.132908340613446e8	5614.6597547900765	-20.317792732854095
9.158558340613446e8	5612.990447140853	-20.324313021210397
9.184208340613446e8	5611.321635797388	-20.330833309566703
9.209858340613446e8	5609.653320612134	-20.337353597923006
9.235508340613446e8	5607.985501437578	-20.34387388627931
9.261158340613446e8	5606.318178126248	-20.350394174635618
9.286808340613446e8	5604.65135053072	-20.356914462991924
9.312458340613446e8	5602.985018503601	-20.363434751348223
9.338108340613446e8	5601.319181897581	-20.36995503970453
9.363758340613446e8	5599.653840565326	-20.376475328060835
9.389408340613446e8	5597.988994359626	-20.382995616417137
9.415058340613446e8	5596.324643133233	-20.38951590477344
9.440708340613446e8	5594.660786739022	-20.396036193129746
9.466358340613446e8	5592.9974250298455	-20.402556481486048
9.492008340613446e8	5591.3347439099925	-20.409078040672703
9.517658340613446e8	5589.67709651066	-20.41563061587376
9.543308340613446e8	5588.019940549433	-20.42218319107481
9.568958340613446e8	5586.363275880608	-20.428735766275864
9.594608340613446e8	5584.70710235853	-20.43528834147692
9.620258340613446e8	5583.051419837593	-20.441840916677975
9.645908340613446e8	5581.39622817223	-20.448393491879028
9.671558340613446e8	5579.741527216917	-20.45494606708008
9.697208340613446e8	5578.087316826178	-20.461498642281136
9.722858340613446e8	5576.433596854573	-20.46805121748219
9.748508340613446e8	5574.780367156701	-20.474603792683244
9.774158340613446e8	5573.1276275872315	-20.481156367884296
9.799808340613446e8	5571.475378000847	-20.48770894308535
9.825458340613446e8	5569.823618252284	-20.494261518286404
9.851108340613446e8	5568.172348196322	-20.50081409348746
9.876758340613446e8	5566.5215676877815	-20.507366668688512
9.902408340613446e8	5564.871276581531	-20.513919243889568
9.928058340613446e8	5563.221474732475	-20.520471819090623
9.953708340613446e8	5561.561004983658	-20.52707929776232
9.979358340613446e8	5559.894287858198	-20.533719968494776
1.0005008340613446e9	5558.228070223065	-20.54036063922723
1.0030658340613446e9	5556.562351928587	-20.547001309959683
1.0056308340613446e9	5554.897132825101	-20.553641980692138
1.0081958340613446e9	5553.232412763026	-20.560282651424593
1.0107608340613446e9	5551.568191592788	-20.566923322157045
1.0133258340613446e9	5549.904469164885	-20.5735639928895
1.0158908340613446e9	5548.241245329861	-20.580204663621956
1.0184558340613446e9	5546.578519938277	-20.586845334354408
1.0210208340613446e9	5544.916292840776	-20.593486005086863
1.0235858340613446e9	5543.2545638880065	-20.600126675819318
1.0261508340613446e9	5541.593332930702	-20.60676734655177
1.0287158340613446e9	5539.932599819601	-20.61340801728423
1.0312808340613446e9	5538.272364405526	-20.62004868801668
1.0338458340613446e9	5536.612626539304	-20.62668935874914
1.0364108340613446e9	5534.953386071848	-20.63333002948159
1.0389758340613446e9	5533.293638750858	-20.639964474799395
1.0415408340613446e9	5531.632642671869	-20.646588088854347
1.0441058340613446e9	5529.972145194292	-20.6532117029093
1.0466708340613446e9	5528.3121461684395	-20.65983531696425
1.0492358340613446e9	5526.652645444692	-20.666458931019204
1.0518008340613446e9	5524.993642873469	-20.673082545074156
1.0543658340613446e9	5523.335138305234	-20.679706159129108
1.0569308340613446e9	5521.677131590505	-20.68632977318406
1.0594958340613446e9	5520.019622579816	-20.692953387239008
1.0620608340613446e9	5518.362611123775	-20.69957700129396
1.0646258340613446e9	5516.706097073025	-20.706200615348912
1.0671908340613446e9	5515.0500802782535	-20.712824229403868
1.0697558340613446e9	5513.394560590204	-20.71944784345882
1.0723208340613446e9	5511.739537859632	-20.726071457513772
1.0748858340613446e9	5510.085011937371	-20.73269507156872
1.0774508340613446e9	5508.430982674297	-20.739318685623672
1.0800158340613446e9	5506.777449921304	-20.745942299678628
1.0825808340613446e9	5505.124413529347	-20.752565913733577
1.0851458340613446e9	5503.474887004912	-20.759223757365383
1.0877108340613446e9	5501.825899904949	-20.76588211418782
1.0902758340613446e9	5500.177406885266	-20.77254047101026
1.0928408340613446e9	5498.52940779784	-20.779198827832698
1.0954058340613446e9	5496.881902494666	-20.785857184655136
1.0979708340613446e9	5495.234890827795	-20.792515541477574
1.1005358340613446e9	5493.58837264931	-20.799173898300012
1.1031008340613446e9	5491.942347811369	-20.80583225512245
1.1056658340613446e9	5490.296816166142	-20.812490611944888
1.1082308340613446e9	5488.651777565858	-20.819148968767326
1.1107958340613446e9	5487.007231862785	-20.825807325589768
1.1133608340613446e9	5485.363178909231	-20.832465682412206
1.1159258340613446e9	5483.719618557573	-20.83912403923464
1.1184908340613446e9	5482.076550660205	-20.84578239605708
1.1210558340613446e9	5480.433975069564	-20.852440752879517
1.1236208340613446e9	5478.791891638163	-20.859099109701955
1.1261858340613446e9	5477.150300218527	-20.865757466524396
1.1287508340613446e9	5475.50761851161	-20.87243960026364
1.1313158340613446e9	5473.864391509695	-20.879137337381923
1.1338808340613446e9	5472.221657648347	-20.885835074500203
1.1364458340613446e9	5470.57941677958	-20.892532811618487
1.1390108340613446e9	5468.937668755445	-20.899230548736767
1.1415758340613446e9	5467.296413428038	-20.905928285855055
1.1441408340613446e9	5465.655650649497	-20.912626022973335
1.1467058340613446e9	5464.015380272007	-20.91932376009162
1.1492708340613446e9	5462.375602147794	-20.9260214972099
1.1518358340613446e9	5460.736316129141	-20.932719234328182
1.1544008340613446e9	5459.097522068347	-20.939416971446466
1.1569658340613446e9	5457.459219817781	-20.946114708564746
1.1595308340613446e9	5455.821409229847	-20.95281244568303
1.1620958340613446e9	5454.184090156997	-20.959510182801314
1.1646608340613446e9	5452.547262451733	-20.966207919919594
1.1672258340613446e9	5450.910925966576	-20.972905657037877
1.1697908340613446e9	5449.275080554105	-20.97960339415616
1.1723558340613446e9	5447.653369005319	-20.986278204180703
1.1749208340613446e9	5446.080403792275	-20.99287188287239
1.1774858340613446e9	5444.507892760041	-20.999465561564076
1.1800508340613446e9	5442.9358357774545	-21.00605924025576
1.1826158340613446e9	5441.364232713433	-21.01265291894745
1.1851808340613446e9	5439.793083436902	-21.019246597639132
1.1877458340613446e9	5438.222387816823	-21.02584027633082
1.1903108340613446e9	5436.652145722217	-21.032433955022505
1.1928758340613446e9	5435.082357022143	-21.03902763371419
1.1954408340613446e9	5433.513021585675	-21.045621312405878
1.1980058340613446e9	5431.94413928192	-21.052214991097564
1.2005708340613446e9	5430.375709980076	-21.05880866978925
1.2031358340613446e9	5428.807733549324	-21.065402348480934
1.2057008340613446e9	5427.240209858893	-21.07199602717262
1.2082658340613446e9	5425.673138778075	-21.078589705864303
1.2108308340613446e9	5424.106520176165	-21.085183384555993
1.2133958340613446e9	5422.540353922522	-21.091777063247676
1.2159608340613446e9	5420.974639886553	-21.098370741939366
1.2185258340613446e9	5419.421671496602	-21.10488158713081
1.2210908340613446e9	5417.884710530134	-21.11128754279321
1.2236558340613446e9	5416.348185449457	-21.117693498455612
1.2262208340613446e9	5414.812096130983	-21.12409945411801
1.2287858340613446e9	5413.27644245112	-21.130505409780415
1.2313508340613446e9	5411.741224286317	-21.136911365442813
1.2339158340613446e9	5410.2064415130635	-21.143317321105215
1.2364808340613446e9	5408.672094007881	-21.149723276767617
1.2390458340613446e9	5407.138181647326	-21.156129232430015
1.2416108340613446e9	5405.60470430799	-21.162535188092416
1.2441758340613446e9	5404.0716618665	-21.168941143754815
1.2467408340613446e9	5402.539054199518	-21.175347099417216
1.2493058340613446e9	5401.006881183743	-21.181753055079618
1.2518708340613446e9	5399.475142695894	-21.18815901074202
1.2544358340613446e9	5397.943838612759	-21.19456496640442
1.2570008340613446e9	5396.412968811139	-21.20097092206682
1.2595658340613446e9	5394.882533167843	-21.20737687772922
1.2621308340613446e9	5393.35253155977	-21.21378283339162
1.2646958340613446e9	5391.822963863818	-21.22018878905402
1.2672608340613446e9	5390.293829956928	-21.226594744716422
1.2698258340613446e9	5388.765129716076	-21.233000700378824
1.2723908340613446e9	5387.2368630182655	-21.239406656041226
1.2749558340613446e9	5385.709029740559	-21.24581261170362
1.2775208340613446e9	5384.18162976004	-21.252218567366025
1.2800858340613446e9	5382.654662953804	-21.258624523028427
1.2826508340613446e9	5381.128129199003	-21.265030478690825
1.2852158340613446e9	5379.602028372839	-21.271436434353227
1.2877808340613446e9	5378.076360352526	-21.27784239001563
1.2903458340613446e9	5376.551125015317	-21.28424834567803
1.2929108340613446e9	5375.026322238503	-21.290654301340428
1.2954758340613446e9	5373.5019518993995	-21.297060257002826
1.2980408340613446e9	5371.978013875394	-21.30346621266523
1.3006058340613446e9	5370.454508043853	-21.309872168327633
1.3031708340613446e9	5368.9314342822145	-21.31627812399003
1.3057358340613446e9	5367.408792467933	-21.32268407965243
1.3083008340613446e9	5365.886582478527	-21.32909003531483
1.3108658340613446e9	5364.36480419153	-21.335495990977233
1.3134308340613446e9	5362.857534864237	-21.341894377083776
1.3159958340613446e9	5361.369224125725	-21.348282793911636
1.3185608340613446e9	5359.881326426127	-21.354671210739493
1.3211258340613446e9	5358.393841650816	-21.36105962756735
1.3236908340613446e9	5356.906769685188	-21.36744804439521
1.3262558340613446e9	5355.420110414696	-21.373836461223068
1.3288208340613446e9	5353.933863724791	-21.380224878050925
1.3313858340613446e9	5352.448029500991	-21.386613294878785
1.3339508340613446e9	5350.962607628809	-21.393001711706646
1.3365158340613446e9	5349.477597993827	-21.399390128534503
1.3390808340613446e9	5347.99300048163	-21.40577854536236
1.3416458340613446e9	5346.508814977837	-21.412166962190216
1.3442108340613446e9	5345.025041368123	-21.418555379018073
1.3467758340613446e9	5343.5416795381625	-21.424943795845934
1.3493408340613446e9	5342.058729373695	-21.431332212673794
1.3519058340613446e9	5340.576190760456	-21.437720629501648
1.3544708340613446e9	5339.094063584248	-21.44410904632951
1.3570358340613446e9	5337.612347730881	-21.45049746315737
1.3596008340613446e9	5336.131043086193	-21.456885879985222
1.3621658340613446e9	5334.650149536084	-21.463274296813083
1.3647308340613446e9	5333.169666966448	-21.46966271364094
1.3672958340613446e9	5331.689595263247	-21.4760511304688
1.3698608340613446e9	5330.209934312436	-21.482439547296657
1.3724258340613446e9	5328.730684000045	-21.488827964124514
1.3749908340613446e9	5327.251844212091	-21.49521638095237
1.3775558340613446e9	5325.7734148346635	-21.501604797780228
1.3801208340613446e9	5324.295395753857	-21.507993214608092
1.3826858340613446e9	5322.817786855793	-21.514381631435946
1.3852508340613446e9	5321.340588026657	-21.520770048263802
1.3878158340613446e9	5319.8637991526375	-21.527158465091663
1.3903808340613446e9	5318.387420119952	-21.53354688191952
1.3929458340613446e9	5316.911450814881	-21.53993529874738
1.3955108340613446e9	5315.435891123695	-21.546323715575237
1.3980758340613446e9	5313.960740932738	-21.552712132403094
1.4006408340613446e9	5312.486000128354	-21.559100549230955
1.4032058340613446e9	5311.011668596921	-21.565488966058812
1.4057708340613446e9	5309.537746224873	-21.57187738288667
1.4083358340613446e9	5308.064232898644	-21.57826579971453
1.4109008340613446e9	5306.605516329796	-21.584700256993273
1.4134658340613446e9	5305.15901083787	-21.591172516739423
1.4160308340613446e9	5303.712899642858	-21.59764477648557
1.4185958340613446e9	5302.267182637264	-21.604117036231717
1.4211608340613446e9	5300.8218597136465	-21.610589295977864
1.4237258340613446e9	5299.376930764583	-21.617061555724014
1.4262908340613446e9	5297.932395682684	-21.623533815470164
1.4288558340613446e9	5296.4882543605845	-21.63000607521631
1.4314208340613446e9	5295.044506690952	-21.636478334962458
1.4339858340613446e9	5293.601152566493	-21.642950594708605
1.4365508340613446e9	5292.158191879902	-21.649422854454755
1.4391158340613446e9	5290.715624523964	-21.655895114200902
1.4416808340613446e9	5289.273450391452	-21.66236737394705
1.4442458340613446e9	5287.831669375188	-21.668839633693196
1.4468108340613446e9	5286.390281367996	-21.675311893439343
1.4493758340613446e9	5284.949286262757	-21.681784153185497
1.4519408340613446e9	5283.50868395237	-21.688256412931644
1.4545058340613446e9	5282.068474329767	-21.69472867267779
1.4570708340613446e9	5280.628657287904	-21.701200932423937
1.4596358340613446e9	5279.189232719772	-21.707673192170088
1.4622008340613446e9	5277.750200518395	-21.714145451916234
1.4647658340613446e9	5276.311560576793	-21.720617711662385
1.4673308340613446e9	5274.87331278807	-21.72708997140853
1.4698958340613446e9	5273.435457045319	-21.73356223115468
1.4724608340613446e9	5271.997993241685	-21.740034490900825
1.4750258340613446e9	5270.560921270303	-21.746506750646976
1.4775908340613446e9	5269.124241024392	-21.752979010393123
1.4801558340613446e9	5267.687952397174	-21.75945127013927
1.4827208340613446e9	5266.2520552818805	-21.765923529885416
1.4852858340613446e9	5264.816549571799	-21.772395789631567
1.4878508340613446e9	5263.3814351602405	-21.778868049377714
1.4904158340613446e9	5261.946711940541	-21.78534030912386
1.4929808340613446e9	5260.512379806067	-21.791812568870007
1.4955458340613446e9	5259.078438650215	-21.798284828616158
1.4981108340613446e9	5257.644888366409	-21.804757088362308
1.5006758340613446e9	5256.211728848102	-21.811229348108455
1.5032408340613446e9	5254.778959988779	-21.8177016078546
1.5058058340613446e9	5253.346581681961	-21.82417386760075
1.5083708340613446e9	5251.919394887659	-21.830657764682233
1.5109358340613446e9	5250.511875647451	-21.837188406851208
1.5135008340613446e9	5249.10473362368	-21.84371904902018
1.5160658340613446e9	5247.697968715276	-21.850249691189152
1.5186308340613446e9	5246.291580821166	-21.856780333358127
1.5211958340613446e9	5244.885569840317	-21.863310975527096
1.5237608340613446e9	5243.4799356716885	-21.86984161769607
1.5263258340613446e9	5242.0746782143315	-21.876372259865043
1.5288908340613446e9	5240.669797367251	-21.882902902034015
1.5314558340613446e9	5239.265293029551	-21.889433544202987
1.5340208340613446e9	5237.86116510029	-21.89596418637196
1.5365858340613446e9	5236.457413478627	-21.90249482854093
1.5391508340613446e9	5235.054038063675	-21.909025470709903
1.5417158340613446e9	5233.651038754646	-21.915556112878875
1.5442808340613446e9	5232.2484154507165	-21.92208675504785
1.5468458340613446e9	5230.846168051126	-21.928617397216822
1.5494108340613446e9	5229.444296455131	-21.935148039385794
1.5519758340613446e9	5228.042800562016	-21.94167868155477
1.5545408340613446e9	5226.641680271094	-21.948209323723738
1.5571058340613446e9	5225.2409354817	-21.95473996589271
1.5596708340613446e9	5223.840566093202	-21.961270608061685
1.5622358340613446e9	5222.440572004992	-21.967801250230657
1.5648008340613446e9	5221.040953116478	-21.974331892399626
1.5673658340613446e9	5219.641709327135	-21.9808625345686
1.5699308340613446e9	5218.242840536409	-21.987393176737577
1.5724958340613446e9	5216.844346643799	-21.993923818906545
1.5750608340613446e9	5215.446227548861	-22.000454461075517
1.5776258340613446e9	5214.04848315112	-22.00698510324449
1.5801908340613446e9	5212.651113350166	-22.01351574541346
1.5827558340613446e9	5211.254118045598	-22.020046387582433
1.5853208340613446e9	5209.857497137078	-22.026577029751408
1.5878858340613446e9	5208.46125052424	-22.03310767192038
1.5904508340613446e9	5207.065378106782	-22.039638314089352
1.5930158340613446e9	5205.669879784418	-22.046168956258324
1.5955808340613446e9	5204.274755456892	-22.052699598427296
1.5981458340613446e9	5202.880005023972	-22.05923024059627
1.6007108340613446e9	5201.485628385454	-22.065760882765243
1.6032758340613446e9	5200.0916254411695	-22.072291524934215
1.6058408340613446e9	5198.697996090942	-22.078822167103183
1.6084058340613446e9	5197.304740234674	-22.08535280927216
1.6109708340613446e9	5195.962957613705	-22.091916896838956
1.6135358340613446e9	5194.621695827747	-22.09848109859995
1.6161008340613446e9	5193.2807802688885	-22.105045300360942
1.6186658340613446e9	5191.940210847745	-22.11160950212194
1.6212308340613446e9	5190.599987474986	-22.118173703882935
1.6237958340613446e9	5189.260110061264	-22.124737905643926
1.6263608340613446e9	5187.920578517294	-22.131302107404927
1.6289258340613446e9	5186.581392753787	-22.13786630916592
1.6314908340613446e9	5185.242552681474	-22.144430510926913
1.6340558340613446e9	5183.90405821113	-22.15099471268791
1.6366208340613446e9	5182.565909253551	-22.157558914448902
1.6391858340613446e9	5181.2281057195305	-22.1641231162099
1.6417508340613446e9	5179.89064751992	-22.17068731797089
1.6443158340613446e9	5178.553534565559	-22.17725151973189
1.6468808340613446e9	5177.216766767346	-22.183815721492884
1.6494458340613446e9	5175.8803440361735	-22.19037992325388
1.6520108340613446e9	5174.544266282959	-22.196944125014873
1.6545758340613446e9	5173.20853341867	-22.203508326775868
1.6571408340613446e9	5171.873145354261	-22.210072528536863
1.6597058340613446e9	5170.5381020007435	-22.216636730297857
1.6622708340613446e9	5169.203403269128	-22.22320093205885
1.6648358340613446e9	5167.869049070445	-22.229765133819846
1.6674008340613446e9	5166.535039315776	-22.23632933558084
1.6699658340613446e9	5165.201373916192	-22.242893537341835
1.6725308340613446e9	5163.868052782818	-22.24945773910283
1.6750958340613446e9	5162.535075826781	-22.25602194086383
1.6776608340613446e9	5161.202442959216	-22.26258614262482
1.6802258340613446e9	5159.870154091347	-22.269150344385814
1.6827908340613446e9	5158.538209134332	-22.27571454614681
1.6853558340613446e9	5157.206607999421	-22.282278747907803
1.6879208340613446e9	5155.875350597844	-22.2888429496688
1.6904858340613446e9	5154.544436840879	-22.295407151429792
1.6930508340613446e9	5153.2138666398305	-22.30197135319079
1.6956158340613446e9	5151.883639906004	-22.30853555495178
1.6981808340613446e9	5150.553756550738	-22.31509975671278
1.7007458340613446e9	5149.224216485387	-22.321663958473774
1.7033108340613446e9	5147.895019621344	-22.328228160234765
1.7058758340613446e9	5146.566165870025	-22.334792361995767
1.7084408340613446e9	5145.2376551428515	-22.341356563756758
1.7110058340613446e9	5143.909487351269	-22.347920765517753
1.7135708340613446e9	5142.596745032967	-22.35452865768776
1.7161358340613446e9	5141.301637106547	-22.36118667424262
1.7187008340613446e9	5140.006855339199	-22.36784469079748
1.7212658340613446e9	5138.712399648767	-22.374502707352335
1.7238308340613446e9	5137.418269953131	-22.381160723907193
1.7263958340613446e9	5136.12446617022	-22.387818740462052
1.7289608340613446e9	5134.83098821793	-22.39447675701691
1.7315258340613446e9	5133.537836014212	-22.40113477357177
1.7340908340613446e9	5132.24500947703	-22.407792790126624
1.7366558340613446e9	5130.952508524379	-22.414450806681486
1.7392208340613446e9	5129.660333074243	-22.42110882323634
1.7417858340613446e9	5128.368483044658	-22.4277668397912
1.7443508340613446e9	5127.076958353672	-22.434424856346055
1.7469158340613446e9	5125.78575891935	-22.441082872900914
1.7494808340613446e9	5124.49488465978	-22.447740889455773
1.7520458340613446e9	5123.204335493079	-22.45439890601063
1.7546108340613446e9	5121.91411133735	-22.46105692256549
1.7571758340613446e9	5120.624212110777	-22.46771493912035
1.7597408340613446e9	5119.334637731505	-22.474372955675207
1.7623058340613446e9	5118.045388117731	-22.481030972230066
1.7648708340613446e9	5116.756463187678	-22.487688988784925
1.7674358340613446e9	5115.467862859548	-22.49434700533978
1.7700008340613446e9	5114.179587051633	-22.50100502189464
1.7725658340613446e9	5112.891635682176	-22.507663038449493
1.7751308340613446e9	5111.60400866948	-22.514321055004352
1.7776958340613446e9	5110.316705931861	-22.52097907155921
1.7802608340613446e9	5109.029727387662	-22.52763708811407
1.7828258340613446e9	5107.743072955211	-22.534295104668928
1.7853908340613446e9	5106.456742552911	-22.540953121223787
1.7879558340613446e9	5105.170736099159	-22.54761113777864
1.7905208340613446e9	5103.885053512353	-22.554269154333504
1.7930858340613446e9	5102.599694710941	-22.56092717088836
1.7956508340613446e9	5101.314659613379	-22.567585187443218
1.7982158340613446e9	5100.029948138147	-22.574243203998076
1.8007808340613446e9	5098.745560203745	-22.58090122055293
1.8033458340613446e9	5097.4614957287	-22.58755923710779
1.8059108340613446e9	5096.177754631536	-22.59421725366265
1.8084758340613446e9	5094.894336830822	-22.600875270217507
1.8110408340613446e9	5093.611242245138	-22.607533286772366
1.8136058340613446e9	5092.328470793087	-22.614191303327225
1.8161708340613446e9	5091.0460223933005	-22.62084931988208
1.8187358340613446e9	5089.763896964403	-22.627507336436942
1.8213008340613446e9	5088.519125811092	-22.634165202073863
1.8238658340613446e9	5087.303735728986	-22.64082294918343
1.8264308340613446e9	5086.088635942146	-22.647480696293
1.8289958340613446e9	5084.87382638125	-22.65413844340257
1.8315608340613446e9	5083.6593069769715	-22.66079619051214
1.8341258340613446e9	5082.445077659996	-22.667453937621712
1.8366908340613446e9	5081.231138361065	-22.674111684731283
1.8392558340613446e9	5080.017489010869	-22.680769431840847
1.8418208340613446e9	5078.8041295401845	-22.687427178950422
1.8443858340613446e9	5077.591059879762	-22.69408492605999
1.8469508340613446e9	5076.378279960382	-22.700742673169557
1.8495158340613446e9	5075.16578971284	-22.70740042027913
1.8520808340613446e9	5073.953589067938	-22.714058167388696
1.8546458340613446e9	5072.741677956524	-22.720715914498268
1.8572108340613446e9	5071.530056309432	-22.727373661607835
1.8597758340613446e9	5070.318724057525	-22.734031408717406
1.8623408340613446e9	5069.107681131682	-22.740689155826974
1.8649058340613446e9	5067.896927462796	-22.747346902936542
1.8674708340613446e9	5066.686462981779	-22.754004650046113
1.8700358340613446e9	5065.476287619558	-22.760662397155684
1.8726008340613446e9	5064.266401307078	-22.767320144265252
1.8751658340613446e9	5063.05680397529	-22.773977891374823
1.8777308340613446e9	5061.847495555189	-22.78063563848439
1.8802958340613446e9	5060.63847597776	-22.787293385593962
1.8828608340613446e9	5059.429745174013	-22.793951132703533
1.8854258340613446e9	5058.2213030749745	-22.800608879813105
1.8879908340613446e9	5057.013149611678	-22.80726662692267
1.8905558340613446e9	5055.805284715202	-22.81392437403224
1.8931208340613446e9	5054.597708316613	-22.82058212114181
1.8956858340613446e9	5053.390420347003	-22.82723986825138
1.8982508340613446e9	5052.183420737481	-22.83389761536095
1.9008158340613446e9	5050.976709419165	-22.840555362470514
1.9033808340613446e9	5049.7702863232125	-22.84721310958009
1.9059458340613446e9	5048.564151380774	-22.853870856689657
1.9085108340613446e9	5047.358304523023	-22.860528603799228
1.9110758340613446e9	5046.152745681153	-22.867186350908796
1.9136408340613446e9	5044.9474747863605	-22.873844098018367
1.9162058340613446e9	5043.742491769897	-22.880501845127935
1.9187708340613446e9	5042.537796562976	-22.887159592237506
1.9213358340613446e9	5041.333389096863	-22.893817339347073
1.9239008340613446e9	5040.129269302823	-22.900475086456645
1.9264658340613446e9	5038.925437112163	-22.907132833566212
1.9290308340613446e9	5037.72189245618	-22.913790580675784
1.9315958340613446e9	5036.518635266198	-22.920448327785355
1.9341608340613446e9	5035.321610780066	-22.92710968984217
1.9367258340613446e9	5034.203703398501	-22.933818995780065
1.9392908340613446e9	5033.086044207014	-22.94052830171796
1.9418558340613446e9	5031.968633150532	-22.947237607655858
1.9444208340613446e9	5030.851470173939	-22.95394691359376
1.9469858340613446e9	5029.734555222165	-22.960656219531657
1.9495508340613446e9	5028.617888240147	-22.967365525469553
1.9521158340613446e9	5027.501469172833	-22.97407483140745
1.9546808340613446e9	5026.385297965181	-22.98078413734535
1.9572458340613446e9	5025.269374562173	-22.987493443283245
1.9598108340613446e9	5024.1536989087745	-22.99420274922114
1.9623758340613446e9	5023.038270949991	-23.00091205515904
1.9649408340613446e9	5021.923090630831	-23.007621361096938
1.9675058340613446e9	5020.8081578963165	-23.014330667034837
1.9700708340613446e9	5019.693472691488	-23.021039972972734
1.9726358340613446e9	5018.579034961373	-23.02774927891063
1.9752008340613446e9	5017.464844651037	-23.03445858484853
1.9777658340613446e9	5016.350901705551	-23.041167890786426
1.9803308340613446e9	5015.237206069996	-23.047877196724322
1.9828958340613446e9	5014.123757689467	-23.054586502662218
1.9854608340613446e9	5013.010556509069	-23.061295808600118
1.9880258340613446e9	5011.89760247392	-23.068005114538014
1.9905908340613446e9	5010.784895529153	-23.074714420475914
1.9931558340613446e9	5009.6724356199165	-23.08142372641381
1.9957208340613446e9	5008.56022269134	-23.088133032351706
1.9982858340613446e9	5007.448256688626	-23.094842338289602
2.0008508340613446e9	5006.336537556927	-23.101551644227506
2.0034158340613446e9	5005.225065241444	-23.108260950165402
2.0059808340613446e9	5004.11383968738	-23.114970256103298
2.0085458340613446e9	5003.002860839951	-23.121679562041194
2.0111108340613446e9	5001.892128644393	-23.128388867979094
2.0136758340613446e9	5000.781643045929	-23.13509817391699
2.0162408340613446e9	4999.67140398982	-23.141807479854887
2.0188058340613446e9	4998.56141142133	-23.148516785792786
2.0213708340613446e9	4997.4516652857355	-23.155226091730682
2.0239358340613446e9	4996.342165528326	-23.16193539766858
2.0265008340613446e9	4995.232912094402	-23.168644703606475
2.0290658340613446e9	4994.123904929276	-23.175354009544375
2.0316308340613446e9	4993.015143978282	-23.182063315482274
2.0341958340613446e9	4991.90662918674	-23.18877262142017
2.0367608340613446e9	4990.798360500007	-23.195481927358067
2.0393258340613446e9	4989.690337863447	-23.202191233295963
2.0418908340613446e9	4988.582561222432	-23.208900539233863
2.0444558340613446e9	4987.475030522346	-23.215609845171763
2.0470208340613446e9	4986.3677457085905	-23.222319151109655
2.0495858340613446e9	4985.260706726573	-23.229028457047555
2.0521508340613446e9	4984.153913521725	-23.235737762985455
2.0547158340613446e9	4983.047366039464	-23.24244706892335
2.0572808340613446e9	4981.990848588979	-23.249195956636925
2.0598458340613446e9	4981.004758178565	-23.256000671449147
2.0624108340613446e9	4980.018862946016	-23.262805386261363
2.0649758340613446e9	4979.033162852702	-23.26961010107358
2.0675408340613446e9	4978.04765785998	-23.2764148158858
2.0701058340613446e9	4977.062347929243	-23.28321953069802
2.0726708340613446e9	4976.077233021881	-23.29002424551024
2.0752358340613446e9	4975.092313099294	-23.296828960322458
2.0778008340613446e9	4974.107588122888	-23.303633675134677
2.0803658340613446e9	4973.123058054078	-23.310438389946896
2.0829308340613446e9	4972.138722854284	-23.317243104759115
2.0854958340613446e9	4971.154582484938	-23.324047819571334
2.0880608340613446e9	4970.170636907475	-23.330852534383553
2.0906258340613446e9	4969.186886083348	-23.33765724919577
2.0931908340613446e9	4968.203329973984	-23.34446196400799
2.0957558340613446e9	4967.21996854087	-23.35126667882021
2.0983208340613446e9	4966.236801745463	-23.35807139363243
2.1008858340613446e9	4965.253829549248	-23.364876108444648
2.1034508340613446e9	4964.27105191369	-23.371680823256867
2.1060158340613446e9	4963.288468800288	-23.378485538069086
2.1085808340613446e9	4962.306080170541	-23.385290252881305
2.1111458340613446e9	4961.323885985953	-23.392094967693524
2.1137108340613446e9	4960.341886208038	-23.398899682505743
2.1162758340613446e9	4959.3600807983175	-23.40570439731796
2.1188408340613446e9	4958.378469718319	-23.41250911213018
2.1214058340613446e9	4957.39705292958	-23.4193138269424
2.1239708340613446e9	4956.415830393644	-23.42611854175462
2.1265358340613446e9	4955.43480207206	-23.432923256566838
2.1291008340613446e9	4954.45396792639	-23.439727971379057
2.1316658340613446e9	4953.473327918199	-23.446532686191276
2.1342308340613446e9	4952.492882009062	-23.453337401003495
2.1367958340613446e9	4951.512630160559	-23.460142115815714
2.1393608340613446e9	4950.53257233429	-23.466946830627933
2.1419258340613446e9	4949.552708491825	-23.47375154544015
2.1444908340613446e9	4948.5730385948045	-23.48055626025237
2.1470558340613446e9	4947.593562604813	-23.48736097506459
2.1496208340613446e9	4946.61428048348	-23.494165689876812
2.1521858340613446e9	4945.6351921924315	-23.500970404689028
2.1547508340613446e9	4944.656297693305	-23.507775119501247
2.1573158340613446e9	4943.677596947741	-23.514579834313466
2.1598808340613446e9	4942.69908991739	-23.521384549125685
2.1624458340613446e9	4941.7207765639105	-23.528189263937907
2.1650108340613446e9	4940.742656848967	-23.534993978750123
2.1675758340613446e9	4939.764730734233	-23.541798693562342
2.1701408340613446e9	4938.786998181398	-23.54860340837456
2.1727058340613446e9	4937.809459152123	-23.555408123186783
2.1752708340613446e9	4936.83211360813	-23.562212837999
2.1778358340613446e9	4935.854961511124	-23.569017552811218
2.1804008340613446e9	4934.8780028227875	-23.575822267623437
2.1829658340613446e9	4933.901237504874	-23.582626982435656
2.1855308340613446e9	4932.924665519085	-23.58943169724788
2.1880958340613446e9	4931.948286827161	-23.596236412060094
2.1906608340613446e9	4931.149735939678	-23.60314092304314
2.1932258340613446e9	4930.411891299443	-23.610079471214924
2.1957908340613446e9	4929.674157062425	-23.617018019386705
2.1983558340613446e9	4928.9365332120715	-23.623956567558487
2.2009208340613446e9	4928.19901973189	-23.630895115730272
2.2034858340613446e9	4927.461616605358	-23.63783366390205
2.2060508340613446e9	4926.724323815954	-23.644772212073836
2.2086158340613446e9	4925.9871413471865	-23.651710760245617
2.2111808340613446e9	4925.25006918254	-23.658649308417402
2.2137458340613446e9	4924.513107305508	-23.665587856589184
2.2163108340613446e9	4923.776255699581	-23.672526404760962
2.2188758340613446e9	4923.039514348276	-23.679464952932747
2.2214408340613446e9	4922.302883235087	-23.68640350110453
2.2240058340613446e9	4921.566362343519	-23.693342049276314
2.2265708340613446e9	4920.8299516570805	-23.700280597448096
2.2291358340613446e9	4920.093651159273	-23.707219145619874
2.2317008340613446e9	4919.357460833625	-23.71415769379166
2.2342658340613446e9	4918.621380663634	-23.72109624196344
2.2368308340613446e9	4917.885410632836	-23.728034790135226
2.2393958340613446e9	4917.149550724743	-23.734973338307007
2.2419608340613446e9	4916.413800922875	-23.74191188647879
2.2445258340613446e9	4915.67816121076	-23.74885043465057
2.2470908340613446e9	4914.942631571914	-23.755788982822352
2.2496558340613446e9	4914.207211989885	-23.762727530994134
2.2522208340613446e9	4913.471902448187	-23.76966607916592
2.2547858340613446e9	4912.736702930375	-23.776604627337704
2.2573508340613446e9	4912.001613419975	-23.783543175509486
2.2599158340613446e9	4911.266633900527	-23.790481723681268
2.2624808340613446e9	4910.531764355574	-23.79742027185305
2.2650458340613446e9	4909.79700476865	-23.80435882002483
2.2676108340613446e9	4909.062355123322	-23.811297368196612
2.2701758340613446e9	4908.327815403129	-23.818235916368394
2.2727408340613446e9	4907.593385591615	-23.82517446454018
2.2753058340613446e9	4906.859065672352	-23.832113012711957
2.2778708340613446e9	4906.124855628887	-23.839051560883743
2.2804358340613446e9	4905.390755444781	-23.845990109055528
2.2830008340613446e9	4904.656765103586	-23.85292865722731
2.2855658340613446e9	4903.922884588884	-23.85986720539909
2.2881308340613446e9	4903.189113884233	-23.866805753570873
2.2906958340613446e9	4902.455452973194	-23.873744301742654
2.2932608340613446e9	4901.721901839355	-23.880682849914436
2.2958258340613446e9	4900.988460466283	-23.887621398086225
2.2983908340613446e9	4900.2551288375535	-23.894559946258003
2.3009558340613446e9	4899.521906936736	-23.90149849442978
2.3035208340613446e9	4898.78879474744	-23.90843704260157
2.3060858340613446e9	4898.0557922532125	-23.91537559077335
2.3086508340613446e9	4897.322899437669	-23.922314138945133
2.3112158340613446e9	4896.590116284386	-23.929252687116918
2.3137808340613446e9	4895.857442776948	-23.936191235288696
2.3163458340613446e9	4895.124878898967	-23.943129783460478
2.3189108340613446e9	4894.392424634029	-23.950068331632263
2.3214758340613446e9	4893.6600799657335	-23.957006879804045
2.3240408340613446e9	4892.927844877673	-23.96394542797583
2.3266058340613446e9	4892.195719353468	-23.97088397614761
2.3291708340613446e9	4891.463703376707	-23.97782252431939
2.3317358340613446e9	4890.731796931025	-23.984761072491175
2.3343008340613446e9	4889.999999999998	-23.991699620662956
