-9.726498833480239e6	11087.238269270534	-15.76036442743819	4.573280814237169
-9.597498833480239e6	11067.112012689777	-15.761840128712013	4.547267922771342
-9.468498833480239e6	11047.02229056367	-15.763315829985835	4.520560247216655
-9.339498833480239e6	11026.969036572576	-15.764791531259657	4.493119652398697
-9.210498833480239e6	11006.952184517251	-15.76626723253348	4.464904774596784
-9.081498833480239e6	10986.971668318558	-15.767742933807302	4.43587064649354
-8.952498833480239e6	10967.027422017369	-15.769218635081124	4.405968266030775
-8.823498833480239e6	10947.11937977429	-15.770694336354946	4.375144098792947
-8.694498833480239e6	10927.247475869384	-15.772170037628769	4.343339501227671
-8.565498833480239e6	10907.411644702093	-15.77364573890259	4.310490049092927
-8.436498833480239e6	10887.611820790862	-15.775121440176413	4.276524751806983
-8.307498833480239e6	10867.847938773079	-15.776597141450235	4.241365128618028
-8.178498833480239e6	10848.119933404705	-15.778072842724056	4.204924116363116
-8.049498833480239e6	10828.427739560195	-15.779548543997878	4.167104770577092
-7.920498833480239e6	10808.771292232224	-15.7810242452717	4.127798711182745
-7.791498833480239e6	10785.459606705292	-15.782242864019981	4.094891996721177
-7.662498833480239e6	10761.716577667885	-15.78342785757551	4.061944195287455
-7.533498833480239e6	10738.025816354639	-15.78461285113104	4.027873742321503
-7.404498833480239e6	10714.38720770382	-15.785797844686572	3.992601425179529
-7.275498833480239e6	10690.800636906913	-15.786982838242103	3.9560393399714218
-7.146498833480239e6	10667.265989408219	-15.788167831797633	3.918089571658278
-7.017498833480239e6	10643.783150904166	-15.789352825353163	3.878642613667954
-6.888498833480239e6	10620.352007342804	-15.790537818908694	3.837575462797638
-6.759498833480239e6	10596.972444923298	-15.791722812464224	3.7947493058994057
-6.630498833480239e6	10573.644350095334	-15.792907806019755	3.7500066886653207
-6.501498833480239e6	10550.367609558523	-15.794092799575287	3.7031680208277256
-6.372498833480239e6	10526.206735811913	-15.795204293574852	3.6559537032198928
-6.243498833480239e6	10497.69900379596	-15.795968991783987	3.615896392149659
-6.114498833480239e6	10469.268478204438	-15.796733689993118	3.5741672927079593
-5.985498833480239e6	10440.914949942075	-15.797498388202252	3.5306207605051707
-5.856498833480239e6	10412.638210479847	-15.798263086411385	3.4850912483370817
-5.727498833480239e6	10384.438051853554	-15.79902778462052	3.4373895060098207
-5.598498833480239e6	10356.314266662148	-15.799792482829655	3.3872978275108143
-5.469498833480239e6	10328.266648066328	-15.800557181038787	3.3345640437477377
-5.340498833480239e6	10300.294989786953	-15.80132187924792	3.2788938413019104
-5.211498833480239e6	10272.399086103538	-15.802086577457054	3.219940814218472
-5.082498833480239e6	10239.948926422445	-15.802445890591484	3.1668847286635993
-4.953498833480239e6	10205.361953871836	-15.80260844163794	3.11574333221256
-4.824498833480239e6	10170.891804039642	-15.802770992684394	3.0618448593708045
-4.695498833480239e6	10136.538082339526	-15.802933543730852	3.0048750130235238
-4.566498833480239e6	10102.300395517903	-15.803096094777306	2.9444624871424585
-4.437498833480239e6	10068.178351649463	-15.80325864582376	2.8801642870293755
-4.308498833480239e6	10034.171560132701	-15.803421196870218	2.8114459974410257
-4.179498833480239e6	9999.912227495153	-15.803549209398687	2.7383804005331536
-4.050498833480239e6	9957.41698947936	-15.802888959185614	2.6773068524218044
-3.921498833480239e6	9915.102337574	-15.802228708972542	2.612259304397636
-3.792498833480239e6	9872.967504367383	-15.80156845875947	2.5426843704448827
-3.663498833480239e6	9831.011725708959	-15.800908208546396	2.467904366493334
-3.534498833480239e6	9789.234240695487	-15.800247958333326	2.387077050489747
-3.405498833480239e6	9747.634291657225	-15.799587708120251	2.2991376147318707
-3.276498833480239e6	9697.102578671067	-15.798106392243781	2.2178801845152774
-3.147498833480239e6	9645.38078517871	-15.796493432603423	2.132064556074562
-3.018498833480239e6	9592.032430622407	-15.794680120844983	2.041478560336164
-2.889498833480239e6	9533.381117534416	-15.792273748365547	1.952549528766448
-2.760498833480239e6	9475.08843298023	-15.789867375886114	1.8549332987243454
-2.631498833480239e6	9409.346324184466	-15.78668959793236	1.76042554490486
-2.502498833480239e6	9342.716048988543	-15.78337797645871	1.6586579677146687
-2.373498833480239e6	9269.646746948976	-15.779347589993105	1.5567286405014373
-2.244498833480239e6	9192.970260099892	-15.77487891250195	1.450918198877552
-2.115498833480239e6	9109.758095645257	-15.769653721798623	1.3436838702310752
-1.986498833480239e6	9020.74866709865	-15.763730536454858	1.2349845376179018
-1.857498833480239e6	8924.653169798852	-15.757002873989906	1.1257185716586413
-1.728498833480239e6	8821.727825043445	-15.749471806325312	1.0171865161039753
-1.599498833480239e6	8710.73253027153	-15.74099398486698	0.9097952766389307
-1.470498833480239e6	8590.935241318955	-15.731458630021095	0.8072833122613674
-1.341498833480239e6	8466.815363347361	-15.721372925189396	0.7053016083533039
-1.212498833480239e6	8333.133489165111	-15.710224007576862	0.6177393842802205
-1.083498833480239e6	8201.562307459073	-15.699075089964326	0.5217677871946191
-954498.8334802389	8072.621038848915	-15.68874786494036	0.4512407261817506
-825498.8334802389	7945.79778274346	-15.678557904616696	0.38165015263241975
-696498.8334802389	7820.966957375418	-15.668367944293033	0.3068520800427924
-567498.8334802389	7723.058712215802	-15.6622017431449	0.24356407232554775
-438498.8334802389	7645.64864322344	-15.65917258315293	0.19041378625907743
-309498.8334802389	7569.014473910802	-15.656143423160959	0.13427918837575045
-180498.8334802389	7493.148427249411	-15.653114263168991	0.07480510797299757
-51498.833480238914	7427.483522355951	-15.651646529880047	0.021009313824426563
77501.16651976109	7374.4487682237195	-15.652187262390964	-0.02313386852178666
206501.1665197611	7321.7927002423885	-15.652727994901884	-0.06931602456010333
335501.1665197611	7269.5126144642445	-15.653268727412804	-0.11773467496802473
464501.1665197611	7217.605826248714	-15.653809459923725	-0.16861750939867515
593501.1665197611	7172.073794554198	-15.655414361118993	-0.2126582970891717
722501.1665197611	7131.514517973531	-15.65785436949539	-0.2509317668326144
851501.1665197611	7091.184610884014	-15.66029437787179	-0.29072859252525834
980501.1665197611	7051.08277616282	-15.662734386248188	-0.3321750837373912
1.109501166519761e6	7011.207724022557	-15.665174394624588	-0.37541394154033436
1.238501166519761e6	6971.558171969836	-15.667614403000986	-0.42060722346562024
1.367501166519761e6	6939.672500644142	-15.671480688260036	-0.45450981140161684
1.496501166519761e6	6908.495948280548	-15.675453957062453	-0.48856638874280883
1.625501166519761e6	6877.45945690934	-15.67942722586487	-0.5238238341549691
1.754501166519761e6	6846.5623973050115	-15.68340049466729	-0.5603699402720018
1.883501166519761e6	6815.804143068907	-15.68737376346971	-0.5983024936674418
2.012501166519761e6	6785.1840706163875	-15.691347032272127	-0.6377308517776531
2.141501166519761e6	6758.049894759255	-15.695975384541697	-0.671997928753468
2.270501166519761e6	6733.6299894100985	-15.70111536051732	-0.702028070807214
2.399501166519761e6	6709.29832427615	-15.706255336492944	-0.7329880164625975
2.528501166519761e6	6685.054580505461	-15.71139531246857	-0.7649371882777225
2.657501166519761e6	6660.898440398143	-15.716535288444195	-0.7979408938084691
2.786501166519761e6	6636.829587402398	-15.721675264419819	-0.8320711293217224
2.915501166519761e6	6612.847706110179	-15.726815240395442	-0.8674075255771794
3.044501166519761e6	6590.9954707839615	-15.732381521456556	-0.899343268629025
3.173501166519761e6	6571.702777904693	-15.738468369038582	-0.926438279228877
3.302501166519761e6	6552.466557223024	-15.744555216620608	-0.9542879236919042
3.431501166519761e6	6533.286643437546	-15.750642064202633	-0.9829354444682061
3.560501166519761e6	6514.162871730697	-15.756728911784657	-1.0124279107734415
3.689501166519761e6	6495.095077767426	-15.762815759366683	-1.0428166838848805
3.818501166519761e6	6476.083097693642	-15.768902606948707	-1.0741579553796268
3.947501166519761e6	6457.1267681349	-15.774989454530733	-1.1065133724821292
4.076501166519761e6	6440.367707447416	-15.781554160721171	-1.1342983597290757
4.205501166519761e6	6425.002828680907	-15.788420924047138	-1.1592180413220912
4.334501166519761e6	6409.674606128811	-15.795287687373104	-1.1847746184806316
4.463501166519761e6	6394.382952339842	-15.802154450699073	-1.2110015024625405
4.592501166519761e6	6379.127780071382	-15.80902121402504	-1.2379348046169385
4.721501166519761e6	6363.909002288939	-15.815887977351007	-1.2656136353971612
4.850501166519761e6	6348.726532165669	-15.822754740676974	-1.2940804459466766
4.979501166519761e6	6333.580283081828	-15.829621504002938	-1.323381419745484
5.108501166519761e6	6318.709743265288	-15.836543265092345	-1.3529097390041205
5.237501166519761e6	6306.569094547654	-15.8440850081047	-1.3757308624220823
5.366501166519761e6	6294.451772641559	-15.851626751117053	-1.3990849766343836
5.495501166519761e6	6282.357732727289	-15.859168494129406	-1.422997574375496
5.624501166519761e6	6270.286930071291	-15.866710237141762	-1.447496022245263
5.753501166519761e6	6258.239320025916	-15.874251980154115	-1.4726097489851353
5.882501166519761e6	6246.214858029345	-15.88179372316647	-1.4983704580112795
6.011501166519761e6	6234.213499605347	-15.889335466178824	-1.5248123680541916
6.140501166519761e6	6222.235200363146	-15.896877209191176	-1.5519724864866065
6.269501166519761e6	6210.27991599729	-15.904418952203532	-1.5798909208172953
6.398501166519761e6	6200.088281952673	-15.912397676151329	-1.601876762077993
6.527501166519761e6	6190.103919996185	-15.920424306185076	-1.6236046044242398
6.656501166519761e6	6180.135636437144	-15.928450936218825	-1.6458150512655703
6.785501166519761e6	6170.183405383597	-15.936477566252574	-1.6685300291263827
6.914501166519761e6	6160.247200985251	-15.944504196286324	-1.6917729936407488
7.043501166519761e6	6150.3269974334435	-15.952530826320071	-1.715569075125634
7.172501166519761e6	6140.4227689611025	-15.960557456353818	-1.7399452419008004
7.301501166519761e6	6130.534489842611	-15.968584086387569	-1.7649304840165856
7.430501166519761e6	6120.662134393819	-15.976610716421316	-1.790556020528289
7.559501166519761e6	6111.01119232786	-15.98468807672508	-1.816183549436486
7.688501166519761e6	6103.203113850195	-15.993217218072045	-1.8363621284741212
7.817501166519761e6	6095.405011804843	-16.00174635941901	-1.8569562826710273
7.946501166519761e6	6087.616873444859	-16.010275500765978	-1.877983490045962
8.075501166519761e6	6079.838686039559	-16.01880464211294	-1.8994623549662755
8.204501166519761e6	6072.070436874554	-16.027333783459905	-1.9214127070579679
8.333501166519761e6	6064.312113251701	-16.03586292480687	-1.9438557112171257
8.462501166519761e6	6056.563702489059	-16.044392066153836	-1.9668139902523205
8.591501166519761e6	6048.825191920882	-16.052921207500802	-1.990311761939224
8.720501166519761e6	6041.096568897671	-16.061450348847767	-2.01437499256882
8.849501166519761e6	6033.377820786024	-16.069979490194733	-2.0390315694299534
8.978501166519761e6	6026.444857884475	-16.078735087239412	-2.0596529411217825
9.107501166519761e6	6019.7871812789	-16.087568785399988	-2.079072825950689
9.236501166519761e6	6013.136859699197	-16.096402483560567	-2.0988773241809797
9.365501166519761e6	6006.493885019927	-16.105236181721143	-2.1190819788009847
9.494501166519761e6	5999.85824912466	-16.114069879881722	-2.139703294447842
9.623501166519761e6	5993.229943905931	-16.122903578042298	-2.1607588184109483
9.752501166519761e6	5986.6089612651995	-16.131737276202877	-2.1822672303482697
9.881501166519761e6	5979.995293112906	-16.140570974363452	-2.204248441864885
1.0010501166519761e7	5973.388931368427	-16.14940467252403	-2.2267237072840014
1.0139501166519761e7	5966.789867960032	-16.158238370684607	-2.2497157471548617
1.0268501166519761e7	5960.198094824953	-16.167072068845187	-2.2732488862964257
1.0397501166519761e7	5955.073604239198	-16.176288943358646	-2.292467634121554
1.0526501166519761e7	5950.214040301392	-16.185574240345428	-2.3111766158678644
1.0655501166519761e7	5945.358441950451	-16.194859537332206	-2.3302423079014254
1.0784501166519761e7	5940.506805950319	-16.20414483431899	-2.349678577305119
1.0913501166519761e7	5935.659129067535	-16.213430131305767	-2.3695001158405056
1.1042501166519761e7	5930.815408071332	-16.222715428292545	-2.389722506664383
1.1171501166519761e7	5925.97563973357	-16.232000725279327	-2.410362297931574
1.1300501166519761e7	5921.139820828728	-16.24128602226611	-2.4314370841548856
1.1429501166519761e7	5916.307948133902	-16.250571319252888	-2.4529655963244408
1.1558501166519761e7	5911.480018428835	-16.259856616239666	-2.4749678019430226
1.1687501166519761e7	5906.6560284959205	-16.26914191322645	-2.497465016316213
1.1816501166519761e7	5901.805121744326	-16.27844464259435	-2.5173306909336595
1.1945501166519761e7	5896.935276785248	-16.287760333801263	-2.535215990285941
1.2074501166519761e7	5892.069450154355	-16.297076025008174	-2.553427007981876
1.2203501166519761e7	5887.207638535954	-16.30639171621508	-2.5719758280775897
1.2332501166519761e7	5882.349838617078	-16.315707407421993	-2.590875219832105
1.2461501166519761e7	5877.496047087503	-16.325023098628904	-2.610138690511121
1.2590501166519761e7	5872.646260639707	-16.334338789835815	-2.629780543377395
1.2719501166519761e7	5867.800475968926	-16.343654481042726	-2.6498159414913522
1.2848501166519761e7	5862.958689773124	-16.352970172249638	-2.670260978034785
1.2977501166519761e7	5858.120898752959	-16.36228586345655	-2.691132753974715
1.3106501166519761e7	5853.287099611854	-16.37160155466346	-2.71244946400642
1.3235501166519761e7	5848.457289055907	-16.38091724587037	-2.7342304918578337
1.3364501166519761e7	5845.036572966864	-16.390615910446108	-2.7523670309665764
1.3493501166519761e7	5841.965264401569	-16.400409304633893	-2.7698007901494397
1.3622501166519761e7	5838.8955696732555	-16.410202698821674	-2.7875438861692476
1.3751501166519761e7	5835.827487933956	-16.41999609300946	-2.8056074950970715
1.3880501166519761e7	5832.761018336104	-16.42978948719724	-2.824003409836472
1.4009501166519761e7	5829.69616003259	-16.439582881385025	-2.8427440863681097
1.4138501166519761e7	5826.632912176752	-16.44937627557281	-2.861842694411022
1.4267501166519761e7	5823.57127392237	-16.45916966976059	-2.8813131730166357
1.4396501166519761e7	5820.511244423679	-16.468963063948372	-2.9011702916833206
1.4525501166519761e7	5817.452822835319	-16.478756458136157	-2.921429717662671
1.4654501166519761e7	5814.396008312436	-16.48854985232394	-2.9421080902258754
1.4783501166519761e7	5811.340800010575	-16.498343246511723	-2.963223102772136
1.4912501166519761e7	5808.17182699377	-16.50807570881126	-2.9810879148549727
1.5041501166519761e7	5804.967658883046	-16.51778865951178	-2.998072241820008
1.5170501166519761e7	5801.765258401369	-16.5275016102123	-3.0153500275228744
1.5299501166519761e7	5798.564624573617	-16.537214560912822	-3.032931591408668
1.5428501166519761e7	5795.365756425169	-16.54692751161334	-3.0508278070023644
1.5557501166519761e7	5792.16865298197	-16.55664046231386	-3.0690501422996146
1.5686501166519761e7	5788.973313270503	-16.566353413014383	-3.0876107039064253
1.5815501166519761e7	5785.779736317758	-16.5760663637149	-3.1065222853531913
1.5944501166519761e7	5782.587921151303	-16.585779314415426	-3.125798420065942
1.6073501166519761e7	5779.3978667992	-16.595492265115944	-3.145453439544137
1.6202501166519761e7	5776.209572290078	-16.605205215816465	-3.1655025373714465
1.6331501166519761e7	5773.023036653093	-16.614918166516986	-3.1859618397756866
1.6460501166519761e7	5770.045188519743	-16.624713110029287	-3.205415205341198
1.6589501166519761e7	5767.546837969712	-16.634697525265906	-3.2218841983374387
1.6718501166519761e7	5765.049569171257	-16.644681940502526	-3.2386289671514596
1.684750116651976e7	5762.553381655983	-16.654666355739145	-3.2556589051161455
1.697650116651976e7	5760.058274955729	-16.66465077097576	-3.272983893817955
1.710550116651976e7	5757.564248602508	-16.67463518621238	-3.2906143375328467
1.723450116651976e7	5755.071302128545	-16.684619601448997	-3.308561200752685
1.736350116651976e7	5752.579435066265	-16.694604016685616	-3.3268360491410425
1.749250116651976e7	5750.088646948299	-16.704588431922236	-3.345451094301499
1.762150116651976e7	5747.598937307469	-16.714572847158852	-3.3644192427923985
1.775050116651976e7	5745.110305676828	-16.72455726239547	-3.3837541498807826
1.787950116651976e7	5742.6227515895935	-16.734541677632087	-3.403470278596234
1.800850116651976e7	5740.136274579223	-16.744526092868707	-3.4235829647243228
1.813750116651976e7	5737.903154700913	-16.754593138030764	-3.441256164203482
1.826650116651976e7	5735.823292210085	-16.764710112996543	-3.4574965382313243
1.839550116651976e7	5733.74418362324	-16.77482708796232	-3.474005022203539
1.852450116651976e7	5731.665828667084	-16.784944062928098	-3.4907906173023853
1.865350116651976e7	5729.5882270684615	-16.795061037893877	-3.50786278575171
1.878250116651976e7	5727.511378554289	-16.805178012859656	-3.525231482850803
1.891150116651976e7	5725.435282851578	-16.815294987825432	-3.542907191839706
1.904050116651976e7	5723.359939687473	-16.825411962791215	-3.560900961901718
1.916950116651976e7	5721.285348789185	-16.83552893775699	-3.579224449648053
1.929850116651976e7	5719.211509884024	-16.84564591272277	-3.5978899644746916
1.942750116651976e7	5717.138422699429	-16.85576288768855	-3.6169105182334147
1.955650116651976e7	5715.066086962897	-16.865879862654328	-3.636299879718992
1.968550116651976e7	5712.994502402067	-16.875996837620104	-3.6560726345440155
1.981450116651976e7	5711.1607024285295	-16.88617565165382	-3.6730736450779613
1.994350116651976e7	5709.422896789513	-16.896379363088307	-3.6890727864219564
2.007250116651976e7	5707.685619934155	-16.906583074522796	-3.7053320679484596
2.020150116651976e7	5705.948871701562	-16.916786785957285	-3.721860089244497
2.033050116651976e7	5704.212651930867	-16.92699049739177	-3.7386658834953903
2.045950116651976e7	5702.476960461276	-16.937194208826263	-3.7557589471336166
2.058850116651976e7	5700.7417971320465	-16.947397920260748	-3.7731492720659996
2.071750116651976e7	5699.007161782455	-16.957601631695237	-3.7908473807530516
2.084650116651976e7	5697.2730542518575	-16.967805343129726	-3.8088643644488434
2.097550116651976e7	5695.539474379657	-16.978009054564215	-3.8272119249493812
2.110450116651976e7	5693.8064220052765	-16.988212765998703	-3.8459024202430125
2.123350116651976e7	5692.073896968218	-16.99841647743319	-3.8649489145088505
2.136250116651976e7	5690.341899108031	-17.00862018886768	-3.8843652329698526
2.149150116651976e7	5688.768217970409	-17.018916273613534	-3.9017001891834253
2.162050116651976e7	5687.313221880165	-17.02928160169728	-3.917463742777131
2.174950116651976e7	5685.858597929126	-17.03964692978103	-3.933479771205102
2.187850116651976e7	5684.4043460221	-17.05001225786478	-3.9497564937472776
2.200750116651976e7	5682.950466063921	-17.060377585948522	-3.9663025377003325
2.213650116651976e7	5681.496957959479	-17.070742914032273	-3.983126965838758
2.226550116651976e7	5680.043821613644	-17.081108242116017	-4.000239306225828
2.239450116651976e7	5678.591056931353	-17.091473570199767	-4.017649584619974
2.252350116651976e7	5677.138663817537	-17.101838898283514	-4.035368359752508
2.265250116651976e7	5675.686642177153	-17.11220422636726	-4.053406761787534
2.278150116651976e7	5674.2349919151975	-17.122569554451008	-4.071776534314829
2.291050116651976e7	5672.783712936696	-17.132934882534755	-4.09049008027244
2.303950116651976e7	5671.332805146667	-17.143300210618502	-4.109560512248735
2.316850116651976e7	5669.966672759807	-17.153663124411043	-4.127506366110974
2.329750116651976e7	5668.752889129629	-17.164021688893126	-4.143042453886793
2.342650116651976e7	5667.53936533708	-17.174380253375208	-4.158823725899259
2.355550116651976e7	5666.326101326536	-17.18473881785729	-4.174858045202074
2.368450116651976e7	5665.113097042387	-17.195097382339373	-4.191153659273527
2.381350116651976e7	5663.900352429031	-17.205455946821456	-4.207719225491573
2.394250116651976e7	5662.687867430869	-17.21581451130354	-4.224563838754745
2.407150116651976e7	5661.475641992356	-17.226173075785624	-4.241697061469515
2.420050116651976e7	5660.263676057886	-17.236531640267707	-4.259128956151664
2.432950116651976e7	5659.051969571939	-17.24689020474979	-4.27687012091993
2.445850116651976e7	5657.84052247896	-17.25724876923187	-4.294931728195435
2.458750116651976e7	5656.629334723434	-17.267607333713954	-4.313325566960746
2.471650116651976e7	5655.4184062498125	-17.277965898196037	-4.332064088978849
2.484550116651976e7	5654.20773700263	-17.288324462678123	-4.351160459425822
2.497450116651976e7	5653.1758308879935	-17.2987597523371	-4.366851445420037
2.510350116651976e7	5652.161549134273	-17.30920253765003	-4.382418406490953
2.523250116651976e7	5651.147449361012	-17.319645322962955	-4.398231534966966
2.536150116651976e7	5650.133531535549	-17.33008810827588	-4.414298741625583
2.549050116651976e7	5649.11979562524	-17.340530893588806	-4.430628324808433
2.561950116651976e7	5648.106241597436	-17.350973678901735	-4.447228996158836
2.574850116651976e7	5647.092869419513	-17.36141646421466	-4.464109908531983
2.587750116651976e7	5646.079679058856	-17.37185924952759	-4.481280686301594
2.600650116651976e7	5645.066670482831	-17.38230203484051	-4.498751458314313
2.613550116651976e7	5644.053843658814	-17.39274482015344	-4.516532893774326
2.626450116651976e7	5643.041198554226	-17.403187605466364	-4.534636241376589
2.639350116651976e7	5642.028735136422	-17.41363039077929	-4.553073372048033
2.652250116651976e7	5641.016453372836	-17.424073176092218	-4.571856825703489
2.665150116651976e7	5640.061247637301	-17.43455369332651	-4.589420472897706
2.678050116651976e7	5639.194828449964	-17.445092995025316	-4.604798233311717
2.690950116651976e7	5638.328542360854	-17.455632296724126	-4.6204161673807995
2.703850116651976e7	5637.4623893495445	-17.46617159842293	-4.636281896477568
2.716750116651976e7	5636.596369395582	-17.476710900121738	-4.652403410602045
2.729650116651976e7	5635.730482478527	-17.487250201820547	-4.6687890925445785
2.742550116651976e7	5634.864728577942	-17.49778950351935	-4.685447744061602
2.755450116651976e7	5633.999107673403	-17.508328805218163	-4.702388614268835
2.768350116651976e7	5633.133619744451	-17.51886810691697	-4.719621430481257
2.781250116651976e7	5632.268264770686	-17.529407408615775	-4.737156431757299
2.794150116651976e7	5631.403042731675	-17.53994671031458	-4.75500440543689
2.807050116651976e7	5630.537953606987	-17.550486012013387	-4.77317672699985
2.819950116651976e7	5629.672997376232	-17.561025313712197	-4.791685403613407
2.832850116651976e7	5628.808174018958	-17.571564615411003	-4.810543121786325
2.845750116651976e7	5628.055693902002	-17.582106024924613	-4.8262531124531645
2.858650116651976e7	5627.3193561077005	-17.592647735810758	-4.841704918411147
2.871550116651976e7	5626.583114651003	-17.603189446696895	-4.85739923480142
2.884450116651976e7	5625.846969519286	-17.61373115758304	-4.873343795388591
2.897350116651976e7	5625.110920699957	-17.624272868469177	-4.889546709889751
2.910250116651976e7	5624.374968180416	-17.634814579355318	-4.906016488744044
2.923150116651976e7	5623.639111948061	-17.64535629024146	-4.922762069956369
2.936050116651976e7	5622.903351990297	-17.6558980011276	-4.939792848227194
2.948950116651976e7	5622.167688294528	-17.66643971201374	-4.95711870660616
2.961850116651976e7	5621.432120848157	-17.676981422899882	-4.974750050936512
2.974750116651976e7	5620.696649638594	-17.687523133786023	-4.992697847390934
2.987650116651976e7	5619.9612746532475	-17.69806484467216	-5.010973663437816
3.000550116651976e7	5619.225995879528	-17.7086065555583	-5.029589712621204
3.013450116651976e7	5618.5186994461055	-17.719174911170903	-5.04744240997088
3.026350116651976e7	5617.881598399788	-17.729810260047433	-5.062766585701136
3.039250116651976e7	5617.244569596311	-17.740445608923967	-5.078329251191833
3.052150116651976e7	5616.6076130274705	-17.751080957800497	-5.094137947174029
3.065050116651976e7	5615.970728685096	-17.76171630667703	-5.11020057777343
3.077950116651976e7	5615.333916560979	-17.772351655553564	-5.126525434241871
3.090850116651976e7	5614.697176646939	-17.782987004430097	-5.14312122065824
3.103750116651976e7	5614.060508934798	-17.793622353306628	-5.159997081798257
3.116650116651976e7	5613.42391341636	-17.804257702183165	-5.177162633396549
3.129550116651976e7	5612.787390083427	-17.814893051059695	-5.194627995051722
3.142450116651976e7	5612.150938927835	-17.825528399936225	-5.212403826056381
3.155350116651976e7	5611.51455994138	-17.83616374881276	-5.2305013644697445
3.168250116651976e7	5610.878253115887	-17.84679909768929	-5.248932469791497
3.181150116651976e7	5610.242018443184	-17.857434446565822	-5.26770966964268
3.194050116651976e7	5609.6740610501265	-17.86806956985026	-5.283806712676755
3.206950116651976e7	5609.125760565956	-17.878704628302557	-5.299280936805372
3.219850116651976e7	5608.577513673753	-17.88933968675485	-5.3149983811195485
3.232750116651976e7	5608.029320368261	-17.899974745207146	-5.330966813631936
3.245650116651976e7	5607.481180644252	-17.910609803659437	-5.347194380547143
3.258550116651976e7	5606.933094496499	-17.92124486211173	-5.363689631217388
3.271450116651976e7	5606.385061919755	-17.931879920564025	-5.380461545191162
3.284350116651976e7	5605.8370829087735	-17.94251497901632	-5.397519561569147
3.297250116651976e7	5605.289157458329	-17.953150037468614	-5.414873610907644
3.310150116651976e7	5604.741285563187	-17.963785095920905	-5.432534149939518
3.323050116651976e7	5604.193467218123	-17.974420154373203	-5.450512199416617
3.335950116651976e7	5603.6457024178835	-17.985055212825493	-5.468819385416586
3.348850116651976e7	5603.097991157252	-17.995690271277788	-5.487467984501778
3.361750116651976e7	5602.557380392742	-18.006329927878596	-5.505417968313522
3.374650116651976e7	5602.035558285927	-18.016981811211288	-5.520849959753294
3.387550116651976e7	5601.513784781616	-18.027633694543972	-5.536523835179976
3.400450116651976e7	5600.992059875281	-18.038285577876664	-5.552447298172962
3.413350116651976e7	5600.470383562405	-18.048937461209352	-5.5686284262931744
3.426250116651976e7	5599.948755838443	-18.05958934454204	-5.585075695689099
3.439150116651976e7	5599.427176698879	-18.070241227874725	-5.60179800776039
3.452050116651976e7	5598.905646139187	-18.080893111207416	-5.618804718089046
3.464950116651976e7	5598.384164154844	-18.091544994540104	-5.636105667873553
3.477850116651976e7	5597.862730741325	-18.102196877872792	-5.653711218130455
3.490750116651976e7	5597.341345894106	-18.11284876120548	-5.67163228696096
3.503650116651976e7	5596.820009608663	-18.12350064453817	-5.6898803902182005
3.516550116651976e7	5596.298721880474	-18.13415252787086	-5.708467685954505
3.529450116651976e7	5595.777482705025	-18.144804411203545	-5.727407023078256
3.542350116651976e7	5595.314564559526	-18.15550207039099	-5.7434230297023525
3.555250116651976e7	5594.86185931571	-18.166207722836376	-5.7591171236786485
3.568150116651976e7	5594.409190699322	-18.17691337528176	-5.7750614547024615
3.581050116651976e7	5593.956558707418	-18.187619027727145	-5.791264132140534
3.593950116651976e7	5593.503963337015	-18.19832468017253	-5.807733666058387
3.606850116651976e7	5593.051404585171	-18.209030332617914	-5.824478994062059
3.619750116651976e7	5592.598882448914	-18.219735985063295	-5.841509510425757
3.632650116651976e7	5592.146396925269	-18.23044163750868	-5.858835097743059
3.645550116651976e7	5591.693948011295	-18.24114728995406	-5.876466161368702
3.658450116651976e7	5591.24153570402	-18.251852942399445	-5.894413666951471
3.671350116651976e7	5590.789160000473	-18.26255859484483	-5.912689181397208
3.684250116651976e7	5590.336820897701	-18.273264247290214	-5.93130491764513
3.697150116651976e7	5589.884518392753	-18.283969899735595	-5.950273783691526
3.710050116651976e7	5589.4078563920775	-18.29464868135169	-5.967338379505295
3.722950116651976e7	5588.914424629903	-18.305308945665733	-5.983109864556918
3.735850116651976e7	5588.421036427771	-18.31596920997977	-5.999134080615136
3.748750116651976e7	5587.927691781856	-18.326629474293814	-6.015419259574482
3.761650116651976e7	5587.434390688305	-18.337289738607854	-6.031974042188288
3.774550116651976e7	5586.941133143271	-18.347950002921895	-6.048807505601207
3.787450116651976e7	5586.447919142901	-18.35861026723594	-6.065929193239047
3.800350116651976e7	5585.95474868338	-18.36927053154998	-6.083349147302299
3.813250116651976e7	5585.4616217608245	-18.37993079586402	-6.101077944140395
3.826150116651976e7	5584.96853837142	-18.39059106017806	-6.119126732818677
3.839050116651976e7	5584.475498511317	-18.4012513244921	-6.1375072772302515
3.851950116651976e7	5583.982502176668	-18.411911588806145	-6.15623200215106
3.864850116651976e7	5583.489549363624	-18.422571853120182	-6.1753140436896965
3.877750116651976e7	5582.999015482427	-18.433258197693725	-6.193188494460781
3.890650116651976e7	5582.511906430787	-18.443981674406075	-6.209103544698345
3.903550116651976e7	5582.024839878739	-18.45470515111843	-6.225275985667032
3.916450116651976e7	5581.537815822593	-18.46542862783078	-6.24171427986793
3.929350116651976e7	5581.050834258622	-18.476152104543132	-6.258427314133011
3.942250116651976e7	5580.563895183138	-18.486875581255482	-6.2754244284774074
3.955150116651976e7	5580.076998592424	-18.497599057967832	-6.292715447446396
3.968050116651976e7	5579.590144482764	-18.508322534680186	-6.310310714220521
3.980950116651976e7	5579.103332850462	-18.519046011392536	-6.328221127775287
3.993850116651976e7	5578.61656369182	-18.52976948810489	-6.346458183429713
4.006750116651976e7	5578.129837003114	-18.54049296481724	-6.365034017161518
4.019650116651976e7	5577.643152780658	-18.551216441529593	-6.383961454116758
4.032550116651976e7	5577.156511020737	-18.561939918241944	-6.403254061799546
4.045450116651976e7	5576.646693353027	-18.57267789263708	-6.421116464964781
4.058350116651976e7	5576.111041194369	-18.58343202888614	-6.43725319725548
4.071250116651976e7	5575.575440486555	-18.594186165135195	-6.453654600435842
4.084150116651976e7	5575.039891224662	-18.604940301384254	-6.470329501626833
4.097050116651976e7	5574.50439340374	-18.61569443763331	-6.487287177043005
4.109950116651976e7	5573.968947018848	-18.626448573882367	-6.504537382983272
4.122850116651976e7	5573.433552065044	-18.637202710131426	-6.522090389541923
4.135750116651976e7	5572.898208537389	-18.64795684638048	-6.539957017331525
4.148650116651976e7	5572.362916430944	-18.65871098262954	-6.558148677546522
4.161550116651976e7	5571.827675740758	-18.669465118878595	-6.576677415738967
4.174450116651976e7	5571.292486461914	-18.680219255127653	-6.595555959726952
4.187350116651976e7	5570.757348589464	-18.690973391376712	-6.614797772112936
4.200250116651976e7	5570.222262118467	-18.701727527625767	-6.634417107954724
4.213150116651976e7	5569.699843962395	-18.71243803383723	-6.651469848940969
4.226050116651976e7	5569.181211371818	-18.723135617582347	-6.667928341693478
4.238950116651976e7	5568.662627074655	-18.733833201327464	-6.684662255770726
4.251850116651976e7	5568.144091066389	-18.74453078507258	-6.701680966245591
4.264750116651976e7	5567.6256033425425	-18.755228368817697	-6.7189943351685155
4.277650116651976e7	5567.107163898611	-18.765925952562817	-6.73661274588999
4.290550116651976e7	5566.588772730099	-18.77662353630793	-6.7545471404611925
4.303450116651976e7	5566.070429832499	-18.787321120053047	-6.772809060450123
4.316350116651976e7	5565.552135201338	-18.798018703798167	-6.7914106915544785
4.329250116651976e7	5565.033888832112	-18.808716287543284	-6.810364912443151
4.342150116651976e7	5564.515690720315	-18.8194138712884	-6.829685348316608
4.355050116651976e7	5563.9975408614855	-18.830111455033517	-6.849386429744062
4.367950116651976e7	5563.411494177301	-18.840674306764573	-6.8681503831234405
4.380850116651976e7	5562.60150487219	-18.850792909537173	-6.882805764576438
4.393750116651976e7	5561.7916334951915	-18.860911512309773	-6.897679124755798
4.406650116651976e7	5560.981880029156	-18.871030115082377	-6.912777045957325
4.419550116651976e7	5560.172244456908	-18.881148717854977	-6.928106413201375
4.432450116651976e7	5559.362726761271	-18.89126732062758	-6.943674433085598
4.445350116651976e7	5558.553326925095	-18.90138592340018	-6.959488654128557
4.458250116651976e7	5557.74404493123	-18.911504526172784	-6.975556988747939
4.471150116651976e7	5556.934880762498	-18.921623128945384	-6.991887737033569
4.484050116651976e7	5556.125834401766	-18.931741731717985	-7.008489612494021
4.496950116651976e7	5555.316905831872	-18.941860334490585	-7.02537176997676
4.509850116651976e7	5554.508095035655	-18.95197893726319	-7.0425438359858115
4.522750116651976e7	5553.69940199599	-18.962097540035792	-7.060015941648299
4.535650116651976e7	5552.890826695711	-18.972216142808392	-7.0777987586125555
4.548550116651976e7	5552.082369117688	-18.982334745580992	-7.095903538196284
4.561450116651976e7	5551.27402924479	-18.992453348353596	-7.114342154144395
4.574350116651976e7	5550.46580705987	-19.002571951126196	-7.133127149403431
4.587250116651976e7	5549.657702545785	-19.012690553898796	-7.152271787374038
4.600150116651976e7	5548.84971568542	-19.0228091566714	-7.171790108165992
4.613050116651976e7	5548.04184646163	-19.032927759444	-7.191696990453418
4.625950116651976e7	5547.234094857294	-19.0430463622166	-7.212008219612797
4.638850116651976e7	5546.426460855299	-19.053164964989204	-7.232740562925476
4.651750116651976e7	5545.618944438514	-19.063283567761808	-7.253911852742237
4.664650116651976e7	5544.811545589809	-19.073402170534408	-7.275541078643453
4.677550116651976e7	5544.004264292075	-19.083520773307008	-7.2976484897882905
4.690450116651976e7	5543.19710052821	-19.09363937607961	-7.3202557088353855
4.703350116651976e7	5542.187796080698	-19.1037514000476	-7.338303953655671
4.716250116651976e7	5541.060870774129	-19.113859591403678	-7.3536806156383125
4.729150116651976e7	5539.934174611833	-19.123967782759756	-7.369297416697502
4.742050116651976e7	5538.807707547237	-19.134075974115838	-7.38516197654695
4.754950116651976e7	5537.681469533737	-19.144184165471913	-7.4012822834199365
4.767850116651976e7	5536.555460524778	-19.15429235682799	-7.417666718223319
4.780750116651976e7	5535.429680473785	-19.16440054818407	-7.434324080703488
4.793650116651976e7	5534.304129334193	-19.17450873954015	-7.451263617828761
4.806550116651976e7	5533.178807059477	-19.184616930896226	-7.46849505461741
4.819450116651976e7	5532.05371360308	-19.194725122252308	-7.4860286276686585
4.832350116651976e7	5530.928848918494	-19.204833313608383	-7.503875121686091
4.845250116651976e7	5529.804212959182	-19.214941504964465	-7.522045909319805
4.858150116651976e7	5528.679805678657	-19.22504969632054	-7.540552994695863
4.871050116651976e7	5527.55562703041	-19.23515788767662	-7.559409061050306
4.883950116651976e7	5526.431676967941	-19.2452660790327	-7.578627522941072
4.896850116651976e7	5525.307955444781	-19.255374270388778	-7.5982225835761925
4.909750116651976e7	5524.18446241447	-19.265482461744856	-7.618209297871882
4.922650116651976e7	5523.061197830536	-19.275590653100934	-7.638603641941829
4.935550116651976e7	5521.93816164652	-19.285698844457016	-7.659422589821185
4.948450116651976e7	5520.815353815997	-19.29580703581309	-7.680684198348373
4.961350116651976e7	5519.692774292527	-19.305915227169173	-7.702407701268257
4.974250116651976e7	5518.570423029677	-19.316023418525248	-7.724613613785553
4.987150116651976e7	5517.448299981042	-19.326131609881326	-7.7473238489927985
5.000050116651976e7	5516.326405100228	-19.336239801237404	-7.770561847828929
5.012950116651976e7	5515.204738340822	-19.346347992593486	-7.794352724500408
5.025850116651976e7	5513.676245848916	-19.356411149475047	-7.81021340195608
5.038750116651976e7	5512.146450488657	-19.36647411528746	-7.826293164255106
5.051650116651976e7	5510.617079577314	-19.376537081099865	-7.84263571666696
5.064550116651976e7	5509.08813299711	-19.386600046912278	-7.859249791612877
5.077450116651976e7	5507.559610630303	-19.396663012724684	-7.876144564141459
5.090350116651976e7	5506.031512359213	-19.406725978537093	-7.893329682357966
5.103250116651976e7	5504.503838066162	-19.416788944349502	-7.910815300514295
5.116150116651976e7	5502.976587633506	-19.42685191016191	-7.928612115043816
5.129050116651976e7	5501.449760943653	-19.436914875974317	-7.946731403861261
5.141950116651976e7	5499.923357879043	-19.44697784178673	-7.965185069289229
5.154850116651976e7	5498.39737832213	-19.457040807599135	-7.983985685020489
5.167750116651976e7	5496.871822155399	-19.467103773411544	-8.003146547580107
5.180650116651976e7	5495.346689261398	-19.477166739223954	-8.022681732814958
5.193550116651976e7	5493.82197952267	-19.487229705036363	-8.042606158011717
5.206450116651976e7	5492.297692821826	-19.497292670848772	-8.062935650330001
5.219350116651976e7	5490.7738290414745	-19.50735563666118	-8.083687022337136
5.232250116651976e7	5489.250388064283	-19.51741860247359	-8.10487815554766
5.245150116651976e7	5487.727369772952	-19.527481568286	-8.126528093007598
5.258050116651976e7	5486.204774050198	-19.537544534098405	-8.14865714212475
5.270950116651976e7	5484.682600778764	-19.547607499910814	-8.171286989136417
5.283850116651976e7	5483.160849841461	-19.55767046572322	-8.194440826831785
5.296750116651976e7	5481.63952112109	-19.567733431535633	-8.218143497414394
5.309650116651976e7	5480.118614500525	-19.577796397348042	-8.242421652710785
5.322550116651976e7	5478.549843246153	-19.587855595648353	-8.266121983354255
5.335450116651976e7	5476.666257695213	-19.597890187997024	-8.28252431955383
5.348350116651976e7	5474.783319741653	-19.607924780345687	-8.299200185141828
5.361250116651976e7	5472.901029162824	-19.617959372694354	-8.316158857942748
5.374150116651976e7	5471.019385736148	-19.62799396504302	-8.3334100959775
5.387050116651976e7	5469.13838923913	-19.63802855739169	-8.350964171184348
5.399950116651976e7	5467.258039449338	-19.648063149740356	-8.368831906152801
5.412850116651976e7	5465.378336144446	-19.658097742089023	-8.387024714199423
5.425750116651976e7	5463.499279102175	-19.66813233443769	-8.40555464315714
5.438650116651976e7	5461.620868100334	-19.678166926786357	-8.424434423298798
5.451550116651976e7	5459.7431029168065	-19.688201519135024	-8.44367751987238
5.464450116651976e7	5457.865983329554	-19.69823611148369	-8.463298190790887
5.477350116651976e7	5455.989509116613	-19.708270703832355	-8.483311550095967
5.490250116651976e7	5454.113680056095	-19.71830529618103	-8.50373363790291
5.503150116651976e7	5452.238495926193	-19.728339888529693	-8.524581497637902
5.516050116651976e7	5450.363956505169	-19.73837448087836	-8.545873261499322
5.528950116651976e7	5448.490061571368	-19.74840907322703	-8.567628245216811
5.541850116651976e7	5446.616810903207	-19.758443665575694	-8.589867053349028
5.554750116651976e7	5444.74420427918	-19.76847825792436	-8.612611696558607
5.567650116651976e7	5442.872241477858	-19.778512850273028	-8.635885722537317
5.580550116651976e7	5441.000922277888	-19.7885474426217	-8.659714362533498
5.593450116651976e7	5439.130246457992	-19.798582034970362	-8.684124695767567
5.606350116651976e7	5437.26021379697	-19.80861662731903	-8.70914583442182
5.619250116651976e7	5435.3908240736955	-19.818651219667696	-8.734809132373556
5.632150116651976e7	5433.2787486696625	-19.82868215022307	-8.75356599517407
5.645050116651976e7	5431.103185741996	-19.838712112615013	-8.770647757352524
5.657950116651976e7	5428.9284939410145	-19.848742075006953	-8.788026384449816
5.670850116651976e7	5426.754672917887	-19.858772037398893	-8.805712377701177
5.683750116651976e7	5424.58172232396	-19.868801999790836	-8.823716805592408
5.696650116651976e7	5422.409641810683	-19.87883196218278	-8.842051345465464
5.709550116651976e7	5420.238431029673	-19.88886192457472	-8.860728329009882
5.722450116651976e7	5418.068089632685	-19.898891886966663	-8.879760792083921
5.735350116651976e7	5415.898617271588	-19.908921849358602	-8.899162529369478
5.748250116651976e7	5413.730013598424	-19.918951811750546	-8.918948154434775
5.761150116651976e7	5411.562278265341	-19.928981774142486	-8.939133165859813
5.774050116651976e7	5409.3954109246515	-19.93901173653443	-8.959734020174196
5.786950116651976e7	5407.229411228799	-19.94904169892637	-8.980768212467206
5.799850116651976e7	5405.064278830377	-19.95907166131831	-9.002254365659462
5.812750116651976e7	5402.9000133820955	-19.96910162371025	-9.024212329577532
5.825650116651976e7	5400.736614536807	-19.97913158610219	-9.046663291152347
5.838550116651976e7	5398.5740819475195	-19.989161548494135	-9.069629897274636
5.851450116651976e7	5396.412415267382	-19.999191510886078	-9.093136392092969
5.864350116651976e7	5394.251614149644	-20.009221473278018	-9.117208770840978
5.877250116651976e7	5392.09167824776	-20.01925143566996	-9.141874952640716
5.890150116651976e7	5389.932607215264	-20.0292813980619	-9.167164975162434
5.903050116651976e7	5387.774400705844	-20.03931136045384	-9.193111214544384
5.915950116651976e7	5385.617058373337	-20.049341322845784	-9.219748634611129
5.928850116651976e7	5383.289266408952	-20.059343967110205	-9.239828750172514
5.941750116651976e7	5380.893856546994	-20.069335663418403	-9.257355082175273
5.954650116651976e7	5378.4995125739615	-20.0793273597266	-9.275194074424823
5.967550116651976e7	5376.106234015563	-20.0893190560348	-9.293357085232012
5.980450116651976e7	5373.71402039773	-20.099310752343	-9.311856103312508
5.993350116651976e7	5371.322871246573	-20.1093024486512	-9.33070379531886
6.006250116651976e7	5368.932786088448	-20.119294144959397	-9.349913557938649
6.019150116651976e7	5366.543764449905	-20.129285841267595	-9.369499575095386
6.032050116651976e7	5364.15580585771	-20.139277537575794	-9.389476880863882
6.044950116651976e7	5361.768909838847	-20.14926923388399	-9.4098614287992
6.057850116651976e7	5359.383075920483	-20.15926093019219	-9.430670168480052
6.070750116651976e7	5356.998303630013	-20.169252626500388	-9.451921130186761
6.083650116651976e7	5354.614592495071	-20.179244322808586	-9.473633518773697
6.096550116651976e7	5352.231942043444	-20.189236019116784	-9.49582781796091
6.109450116651976e7	5349.8503518031785	-20.199227715424982	-9.518525906464228
6.122350116651976e7	5347.469821302491	-20.20921941173318	-9.541751187613977
6.135250116651976e7	5345.090350069839	-20.219211108041378	-9.565528734387156
6.148150116651976e7	5342.711937633876	-20.229202804349576	-9.589885452106232
6.161050116651976e7	5340.334583523469	-20.239194500657774	-9.614850261451563
6.173950116651976e7	5337.958287267693	-20.249186196965972	-9.640454304909067
6.186850116651976e7	5335.583048395833	-20.25917789327417	-9.66673118034912
6.199750116651976e7	5333.208866437394	-20.26916958958237	-9.693717206131156
6.212650116651976e7	5330.835740922059	-20.279161285890567	-9.721451722981895
6.225550116651976e7	5328.369270965362	-20.28917559777973	-9.744706531498036
6.238450116651976e7	5325.801355337855	-20.29921449831329	-9.76267869400285
6.251350116651976e7	5323.234677272983	-20.309253398846852	-9.780979775534206
6.264250116651976e7	5320.669236174306	-20.319292299380415	-9.799622040374395
6.277150116651976e7	5318.105031445701	-20.329331199913973	-9.818618451798523
6.290050116651976e7	5315.542062491317	-20.339370100447535	-9.837982726222926
6.302950116651976e7	5312.9803287155955	-20.349409000981098	-9.857729392700655
6.315850116651976e7	5310.419829523274	-20.359447901514656	-9.877873858410448
6.328750116651976e7	5307.860564319347	-20.36948680204822	-9.898432480878622
6.341650116651976e7	5305.302532509123	-20.37952570258178	-9.919422647782028
6.354550116651976e7	5302.7457334982	-20.38956460311534	-9.940862865307526
6.367450116651976e7	5300.190166692423	-20.399603503648898	-9.962772856193022
6.380350116651976e7	5297.635831497991	-20.409642404182463	-9.985173668751685
6.393250116651976e7	5295.08272732132	-20.419681304716022	-10.00808779838968
6.406150116651976e7	5292.530853569161	-20.429720205249584	-10.031539323375839
6.419050116651976e7	5289.9802096485155	-20.439759105783143	-10.055554056917353
6.431950116651976e7	5287.4307949666945	-20.449798006316705	-10.080159717949483
6.444850116651976e7	5284.882608931289	-20.459836906850267	-10.105386123472627
6.457750116651976e7	5282.335650950173	-20.469875807383826	-10.131265405783576
6.470650116651976e7	5279.789920431516	-20.479914707917388	-10.157832258570396
6.483550116651976e7	5277.245416783748	-20.48995360845095	-10.185124216598991
6.496450116651976e7	5274.702139415605	-20.499992508984512	-10.213181974648464
6.509350116651976e7	5272.160087736105	-20.51003140951807	-10.242049752495976
6.522250116651976e7	5269.619261154548	-20.520070310051633	-10.271775714167594
6.535150116651976e7	5267.0853708354725	-20.530091709157503	-10.292667828669678
6.548050116651976e7	5264.554165891958	-20.540108611189943	-10.311463482126973
6.560950116651976e7	5262.024177370433	-20.55012551322238	-10.330619190442265
6.573850116651976e7	5259.4954046863295	-20.560142415254813	-10.350149018102861
6.586750116651976e7	5256.967847255335	-20.57015931728725	-10.370067870121591
6.599650116651976e7	5254.441504493445	-20.58017621931969	-10.39039156037607
6.612550116651976e7	5251.9163758169225	-20.590193121352122	-10.411136887037788
6.625450116651976e7	5249.392460642317	-20.600210023384562	-10.432321715992353
6.638350116651976e7	5246.869758386454	-20.610226925417	-10.453965073288863
6.651250116651976e7	5244.348268466442	-20.620243827449436	-10.476087247817139
6.664150116651976e7	5241.827990299667	-20.630260729481872	-10.498709905601444
6.677050116651976e7	5239.308923303797	-20.64027763151431	-10.52185621732435
6.689950116651976e7	5236.791066896788	-20.65029453354675	-10.545551000962165
6.702850116651976e7	5234.27442049684	-20.66031143557918	-10.569820881733042
6.715750116651976e7	5231.758983522496	-20.670328337611622	-10.594694471942285
6.728650116651976e7	5229.244755392505	-20.680345239644055	-10.620202573771008
6.741550116651976e7	5226.731735525959	-20.690362141676495	-10.646378408612632
6.754450116651976e7	5224.219923342195	-20.70037904370893	-10.673257877240186
6.767350116651976e7	5221.709318260845	-20.710395945741368	-10.700879855915867
6.780250116651976e7	5219.199919701793	-20.720412847773805	-10.729286534571077
6.793150116651976e7	5216.691727085229	-20.73042974980624	-10.75852380443999
6.806050116651976e7	5214.184739831622	-20.740446651838678	-10.78864170408691
6.818950116651976e7	5211.678957361683	-20.750463553871114	-10.819694934712091
6.831850116651976e7	5209.174379096466	-20.76048045590355	-10.851743458063789
6.844750116651976e7	5206.671004457228	-20.77049735793599	-10.884853193375069
6.857650116651976e7	5204.307183865303	-20.780576033637818	-10.907516377878462
6.870550116651976e7	5201.976496714458	-20.790669030505647	-10.927976976422915
6.883450116651976e7	5199.646853334169	-20.800762027373473	-10.948864971061484
6.896350116651976e7	5197.318253256993	-20.810855024241306	-10.970198598953175
6.909250116651976e7	5194.9906960157	-20.820948021109132	-10.991997290031385
6.922150116651976e7	5192.664181143269	-20.83104101797696	-11.014281773342022
6.935050116651976e7	5190.338708172888	-20.84113401484479	-11.037074195502605
6.947950116651976e7	5188.014276637961	-20.851227011712616	-11.060398252979029
6.960850116651976e7	5185.690886072067	-20.861320008580442	-11.08427934016039
6.973750116651976e7	5183.368536009057	-20.87141300544827	-11.10874471555157
6.986650116651976e7	5181.047225982927	-20.8815060023161	-11.133823688810583
6.999550116651976e7	5178.726955527917	-20.891598999183927	-11.15954783184899
7.012450116651976e7	5176.407724178468	-20.901691996051756	-11.185951217808617
7.025350116651976e7	5174.08953146923	-20.911784992919586	-11.213070692452114
7.038250116651976e7	5171.772376935058	-20.92187798978741	-11.240946183390545
7.051150116651976e7	5169.456260111019	-20.931970986655237	-11.269621053660273
7.064050116651976e7	5167.141180532387	-20.942063983523067	-11.299142507507826
7.076950116651976e7	5164.827137734644	-20.952156980390896	-11.32956205791554
7.089850116651976e7	5162.51413125348	-20.962249977258722	-11.36093606749553
7.102750116651976e7	5160.202160624792	-20.97234297412655	-11.393326377017221
7.115650116651976e7	5157.891225384695	-20.982435970994377	-11.426801039178331
7.128550116651976e7	5155.581325069476	-20.992528967862206	-11.461435179501137
7.141450116651976e7	5153.272459215693	-21.002621964730036	-11.497312011734804
7.154350116651976e7	5150.9646273600365	-21.01271496159786	-11.534524042281916
7.167250116651976e7	5148.657829039481	-21.02280795846569	-11.57317450751334
7.180150116651976e7	5146.352063791142	-21.032900955333517	-11.613379100190478
7.193050116651976e7	5144.04733115237	-21.04299395220135	-11.655268057713137
7.205950116651976e7	5142.1369326349695	-21.05320078315477	-11.682048977998228
7.218850116651976e7	5140.274522119683	-21.063421302510434	-11.707492873198605
7.231750116651976e7	5138.412786143586	-21.073641821866097	-11.733601100164574
7.244650116651976e7	5136.55172446238	-21.083862341221764	-11.760409282052068
7.257550116651976e7	5134.691336831853	-21.09408286057743	-11.787955986448232
7.270450116651976e7	5132.831623007854	-21.104303379933093	-11.816283059083284
7.283350116651976e7	5130.972582746351	-21.114523899288756	-11.845436006201684
7.296250116651976e7	5129.114215803396	-21.124744418644422	-11.875464434363119
7.309150116651976e7	5127.256521935106	-21.13496493800009	-11.906422558345506
7.322050116651976e7	5125.39950089772	-21.14518545735575	-11.93836979020996
7.334950116651976e7	5123.543152447521	-21.155405976711414	-11.971371425606545
7.347850116651976e7	5121.687476340942	-21.165626496067077	-12.005499447242933
7.360750116651976e7	5119.832472334446	-21.175847015422747	-12.040833470368876
7.373650116651976e7	5117.978140184612	-21.18606753477841	-12.077461861505938
7.386550116651976e7	5116.124479648116	-21.196288054134072	-12.115483069969773
7.399450116651976e7	5114.2714904816885	-21.20650857348974	-12.155007222682313
7.412350116651976e7	5112.419172442179	-21.216729092845405	-12.196158047329776
7.425250116651976e7	5110.567525286522	-21.226949612201068	-12.239075208484442
7.438150116651976e7	5108.716548771717	-21.23717013155673	-12.283917167895787
7.451050116651976e7	5106.866242654874	-21.247390650912397	-12.330864716742152
7.463950116651976e7	5105.016606693194	-21.25761117026806	-12.380125378656796
7.476850116651976e7	5103.167640643939	-21.267831689623726	-12.431938954545158
7.489750116651976e7	5101.319344264484	-21.27805220897939	-12.486584584028671
7.502650116651976e7	5099.471717312293	-21.288272728335055	-12.544389850264702
7.515550116651976e7	5097.624759544882	-21.298493247690715	-12.605742681517768
7.528450116651976e7	5095.778470719917	-21.30871376704638	-12.67110714825274
7.541350116651976e7	5093.932850595091	-21.318934286402047	-12.74104479365164
7.554250116651976e7	5092.0878989282255	-21.329154805757714	-12.816243999851729
7.567150116651976e7	5090.243615477199	-21.339375325113373	-12.897561320768382
7.580050116651976e7	5088.4	-21.34959584446904	-12.986081156437374
