-2.79074541751813e7	11280.064057581812	-16.811908439253628
-2.75679541751813e7	11261.173386448016	-16.811685510910845
-2.72284541751813e7	11242.314351433843	-16.81146258256806
-2.68889541751813e7	11223.48689955841	-16.811239654225272
-2.65494541751813e7	11204.69097792962	-16.811016725882485
-2.62099541751813e7	11185.926533743896	-16.8107937975397
-2.58704541751813e7	11167.19351428611	-16.810570869196916
-2.55309541751813e7	11148.491866929411	-16.81034794085413
-2.51914541751813e7	11129.821539135093	-16.810125012511342
-2.48519541751813e7	11111.182478452425	-16.809902084168556
-2.45124541751813e7	11092.574632518501	-16.80967915582577
-2.41729541751813e7	11073.997949058166	-16.809456227482983
-2.38334541751813e7	11055.45237588377	-16.8092332991402
-2.34939541751813e7	11036.937860895	-16.809010370797413
-2.31544541751813e7	11018.454352078894	-16.808787442454623
-2.28149541751813e7	11000.001797509602	-16.80856451411184
-2.24754541751813e7	10981.580145348125	-16.808341585769057
-2.21359541751813e7	10960.81571722899	-16.807874819242805
-2.17964541751813e7	10938.355187717336	-16.807229410856916
-2.14569541751813e7	10915.940683556255	-16.806584002471027
-2.11174541751813e7	10893.57211043219	-16.805938594085134
-2.07779541751813e7	10871.249374224784	-16.80529318569925
-2.04384541751813e7	10848.972381006613	-16.804647777313356
-2.00989541751813e7	10826.741037042728	-16.80400236892747
-1.97594541751813e7	10804.55524879019	-16.803356960541578
-1.94199541751813e7	10782.414922897813	-16.80271155215569
-1.90804541751813e7	10760.319966205698	-16.8020661437698
-1.87409541751813e7	10738.270285744791	-16.80142073538391
-1.84014541751813e7	10716.26578873662	-16.80077532699802
-1.80619541751813e7	10694.30638259278	-16.80012991861213
-1.77224541751813e7	10669.238727885793	-16.79914425318471
-1.73829541751813e7	10642.078659338611	-16.797925858121374
-1.70434541751813e7	10614.987730618768	-16.796707463058034
-1.67039541751813e7	10587.965765720977	-16.7954890679947
-1.63644541751813e7	10561.01258908801	-16.794270672931365
-1.60249541751813e7	10534.128025609496	-16.79305227786803
-1.56854541751813e7	10507.311900620882	-16.791833882804692
-1.53459541751813e7	10480.564039902236	-16.790615487741356
-1.50064541751813e7	10453.884269677123	-16.78939709267802
-1.46669541751813e7	10427.272416611482	-16.788178697614683
-1.43274541751813e7	10397.67317390266	-16.786621748880528
-1.39879541751813e7	10364.161726232074	-16.784620548105515
-1.36484541751813e7	10330.758285142017	-16.7826193473305
-1.33089541751813e7	10297.46250252989	-16.780618146555486
-1.29694541751813e7	10264.274031415094	-16.77861694578047
-1.26299541751813e7	10231.192525935208	-16.77661574500546
-1.22904541751813e7	10198.217641342651	-16.774614544230445
-1.19509541751813e7	10165.34903400086	-16.77261334345543
-1.16114541751813e7	10128.768938488778	-16.770174247661526
-1.12719541751813e7	10086.775448990826	-16.767096491082548
-1.09324541751813e7	10044.956062897812	-16.764018734503573
-1.05929541751813e7	10003.3100583837	-16.760940977924598
-1.02534541751813e7	9961.836716615062	-16.757863221345623
-9.9139541751813e6	9920.53532173873	-16.754785464766645
-9.5744541751813e6	9879.05988740034	-16.751668658821576
-9.2349541751813e6	9827.207833615865	-16.74735300506813
-8.8954541751813e6	9775.627934825114	-16.74303735131469
-8.5559541751813e6	9721.004016873176	-16.738332575805984
-8.216454175181299e6	9661.657903500887	-16.733034053758914
-7.876954175181299e6	9602.674094389158	-16.727735531711843
-7.537454175181299e6	9533.930153845431	-16.721271664806373
-7.197954175181299e6	9465.63131007618	-16.71480234047938
-6.858454175181299e6	9387.953324600874	-16.707209192089504
-6.518954175181299e6	9308.137187846374	-16.699297125392494
-6.179454175181299e6	9217.7970855083	-16.69013096707183
-5.839954175181299e6	9123.403084330044	-16.680406933892513
-5.500454175181299e6	9016.33664787199	-16.669201804861324
-5.160954175181299e6	8903.90623386712	-16.65726839013448
-4.821454175181299e6	8778.319927304348	-16.643895999597177
-4.481954175181299e6	8645.292869322642	-16.629598751369738
-4.1424541751812994e6	8509.733587797355	-16.615122720933915
-3.8029541751812994e6	8366.279077684392	-16.600246160573672
-3.4634541751812994e6	8225.242880231799	-16.58536960021343
-3.1239541751812994e6	8096.887864445043	-16.572315541899783
-2.7844541751812994e6	8004.821252612605	-16.56540488297079
-2.4449541751812994e6	7913.801494973571	-16.558494224041794
-2.1054541751812994e6	7823.816688149691	-16.551583565112796
-1.7659541751812994e6	7739.362164688919	-16.545431941342873
-1.4264541751812994e6	7681.4380018316315	-16.54363326401465
-1.0869541751812994e6	7623.947364188881	-16.541834586686434
-747454.1751812994	7566.887007102411	-16.540035909358213
-407954.17518129945	7510.253710198207	-16.538237232029992
-68454.17518129945	7455.896778103096	-16.536768200104248
271045.82481870055	7412.435098345284	-16.537179985335193
610545.8248187006	7369.226764048586	-16.53759177056614
950045.8248187006	7326.270298419598	-16.538003555797086
1.2895458248187006e6	7283.564233273388	-16.538415341028035
1.6290458248187006e6	7241.107108983288	-16.53882712625898
1.9685458248187006e6	7200.832362039125	-16.539590471500254
2.3080458248187006e6	7168.5058353538325	-16.541764169642875
2.6475458248187006e6	7136.324431381443	-16.543937867785495
2.9870458248187006e6	7104.287498625988	-16.546111565928115
3.3265458248187006e6	7072.394388516244	-16.548285264070735
3.6660458248187006e6	7040.644455392606	-16.55045896221336
4.0055458248187006e6	7009.037056494008	-16.552632660355975
4.345045824818701e6	6979.5516187205185	-16.55518416376451
4.684545824818701e6	6954.790565593874	-16.558616724574794
5.024045824818701e6	6930.1173561834785	-16.56204928538508
5.363545824818701e6	6905.53167884997	-16.565481846195365
5.703045824818701e6	6881.033223059615	-16.568914407005654
6.042545824818701e6	6856.621679380294	-16.572346967815935
6.382045824818701e6	6832.2967394777115	-16.575779528626224
6.721545824818701e6	6808.0580961113355	-16.579212089436506
7.061045824818701e6	6786.143845500166	-16.5830938318038
7.400545824818701e6	6766.879155241518	-16.587494594604514
7.740045824818701e6	6747.669154111083	-16.59189535740523
8.079545824818701e6	6728.513686855849	-16.59629612020595
8.4190458248187e6	6709.412598663587	-16.600696883006666
8.7585458248187e6	6690.365735161507	-16.60509764580738
9.0980458248187e6	6671.372942415101	-16.609498408608097
9.4375458248187e6	6652.434066926799	-16.61389917140881
9.7770458248187e6	6633.548955634864	-16.618299934209528
1.01165458248187e7	6617.246420870385	-16.62324880529375
1.04560458248187e7	6601.983651640456	-16.628414819588812
1.07955458248187e7	6586.756086196172	-16.633580833883876
1.11350458248187e7	6571.563643339522	-16.638746848178943
1.14745458248187e7	6556.406242059789	-16.64391286247401
1.18140458248187e7	6541.283801533086	-16.649078876769074
1.21535458248187e7	6526.196241121947	-16.654244891064142
1.24930458248187e7	6511.14348037491	-16.659410905359206
1.28325458248187e7	6496.125439026107	-16.664576919654273
1.31720458248187e7	6481.451090867637	-16.669807863549213
1.35115458248187e7	6469.464627320568	-16.675597679730636
1.38510458248187e7	6457.500330925013	-16.681387495912055
1.41905458248187e7	6445.558160686168	-16.687177312093475
1.45300458248187e7	6433.638075685074	-16.69296712827489
1.48695458248187e7	6421.740035078413	-16.69875694445631
1.52090458248187e7	6409.863998098399	-16.704546760637726
1.55485458248187e7	6398.009924052677	-16.710336576819145
1.58880458248187e7	6386.177772324108	-16.716126393000565
1.62275458248187e7	6374.367502370673	-16.721916209181984
1.65670458248187e7	6362.57907372537	-16.727706025363403
1.69065458248187e7	6352.087191985463	-16.733817577942748
1.72460458248187e7	6342.339358331922	-16.74011283005871
1.75855458248187e7	6332.606483582146	-16.74640808217467
1.79250458248187e7	6322.888544780377	-16.752703334290633
1.82645458248187e7	6313.185519006083	-16.758998586406594
1.86040458248187e7	6303.497383373941	-16.765293838522556
1.89435458248187e7	6293.824115033705	-16.771589090638518
1.92830458248187e7	6284.165691170234	-16.777884342754483
1.96225458248187e7	6274.522089003359	-16.78417959487044
1.99620458248187e7	6264.893285787899	-16.790474846986402
2.03015458248187e7	6255.27925881358	-16.796770099102368
2.06410458248187e7	6246.462598081814	-16.80325129727588
2.09805458248187e7	6238.697057323888	-16.809979597609434
2.13200458248187e7	6230.94117060971	-16.816707897942987
2.16595458248187e7	6223.19492593748	-16.823436198276543
2.19990458248187e7	6215.458311320305	-16.830164498610095
2.23385458248187e7	6207.731314786197	-16.836892798943648
2.26780458248187e7	6200.013924378049	-16.8436210992772
2.30175458248187e7	6192.306128153619	-16.850349399610753
2.33570458248187e7	6184.607914185514	-16.85707769994431
2.36965458248187e7	6176.919270561178	-16.86380600027786
2.40360458248187e7	6169.24018538282	-16.870534300611418
2.43755458248187e7	6161.570646767518	-16.87726260094497
2.47150458248187e7	6154.560704759201	-16.88416844010791
2.50545458248187e7	6148.1558748019315	-16.89123753292263
2.53940458248187e7	6141.757710120817	-16.898306625737348
2.57335458248187e7	6135.366203779578	-16.905375718552065
2.60730458248187e7	6128.981348849077	-16.912444811366782
2.64125458248187e7	6122.60313840746	-16.919513904181503
2.67520458248187e7	6116.231565540028	-16.926582996996217
2.70915458248187e7	6109.866623339315	-16.933652089810938
2.74310458248187e7	6103.508304905015	-16.94072118262566
2.77705458248187e7	6097.156603344014	-16.947790275440376
2.81100458248187e7	6090.811511770356	-16.954859368255097
2.84495458248187e7	6084.47302330529	-16.961928461069814
2.87890458248187e7	6078.1411310771855	-16.96899755388453
2.91285458248187e7	6073.022458981718	-16.976374204233373
2.94680458248187e7	6067.915985201641	-16.983752866556063
2.98075458248187e7	6062.8138051771975	-16.991131528878746
3.01470458248187e7	6057.715915298014	-16.998510191201433
3.04865458248187e7	6052.622311956752	-17.00588885352412
3.08260458248187e7	6047.532991549074	-17.013267515846806
3.11655458248187e7	6042.447950473715	-17.020646178169493
3.15050458248187e7	6037.367185132396	-17.02802484049218
3.18445458248187e7	6032.2906919299085	-17.035403502814866
3.21840458248187e7	6027.2184672740195	-17.042782165137552
3.25235458248187e7	6022.150507575553	-17.05016082746024
3.28630458248187e7	6017.08680924835	-17.057539489782926
3.32025458248187e7	6012.027368709243	-17.064918152105612
3.35420458248187e7	6007.681420520784	-17.072510124157525
3.38815458248187e7	6003.4040398364405	-17.08012178660753
3.42210458248187e7	5999.129704584143	-17.087733449057538
3.45605458248187e7	5994.858412595589	-17.09534511150754
3.49000458248187e7	5990.590161704017	-17.102956773957548
3.52395458248187e7	5986.324949744215	-17.110568436407554
3.55790458248187e7	5982.062774552505	-17.11818009885756
3.59185458248187e7	5977.803633966754	-17.125791761307568
3.62580458248187e7	5973.547525826368	-17.13340342375757
3.65975458248187e7	5969.294447972289	-17.141015086207577
3.69370458248187e7	5965.04439824701	-17.148626748657584
3.72765458248187e7	5960.797374494514	-17.15623841110759
3.76160458248187e7	5956.553374560387	-17.163850073557597
3.79555458248187e7	5952.511541649254	-17.1715275500936
3.82950458248187e7	5948.77346280101	-17.17930456906178
3.86345458248187e7	5945.037731404489	-17.187081588029958
3.89740458248187e7	5941.304345985531	-17.19485860699814
3.93135458248187e7	5937.5733050709105	-17.202635625966316
3.96530458248187e7	5933.844607188297	-17.210412644934493
3.99925458248187e7	5930.118250866315	-17.21818966390267
4.03320458248187e7	5926.394234634503	-17.22596668287085
4.06715458248187e7	5922.672557023324	-17.233743701839032
4.10110458248187e7	5918.953216564173	-17.24152072080721
4.13505458248187e7	5915.236211789336	-17.249297739775386
4.16900458248187e7	5911.521541232052	-17.257074758743563
4.20295458248187e7	5907.809203426473	-17.26485177771174
4.23690458248187e7	5904.099196907666	-17.27262879667992
4.27085458248187e7	5900.770049561345	-17.28050439372224
4.30480458248187e7	5897.936393878663	-17.288508602764182
4.33875458248187e7	5895.104098968286	-17.296512811806124
4.37270458248187e7	5892.27316417677	-17.304517020848063
4.40665458248187e7	5889.443588850948	-17.312521229890006
4.44060458248187e7	5886.615372337982	-17.320525438931945
4.47455458248187e7	5883.788513985345	-17.328529647973888
4.50850458248187e7	5880.963013140826	-17.33653385701583
4.54245458248187e7	5878.138869152512	-17.34453806605777
4.57640458248187e7	5875.316081368837	-17.35254227509971
4.61035458248187e7	5872.49464913851	-17.36054648414165
4.64430458248187e7	5869.674571810588	-17.368550693183593
4.67825458248187e7	5866.855848734412	-17.376554902225532
4.71220458248187e7	5864.038479259646	-17.384559111267475
4.74615458248187e7	5861.242553669736	-17.392572328289027
4.78010458248187e7	5858.577635326611	-17.400643713069336
4.81405458248187e7	5855.913928636097	-17.408715097849644
4.84800458248187e7	5853.251433047282	-17.416786482629952
4.88195458248187e7	5850.590148009508	-17.424857867410264
4.91590458248187e7	5847.930072972407	-17.432929252190572
4.94985458248187e7	5845.271207385789	-17.44100063697088
4.98380458248187e7	5842.613550699788	-17.449072021751192
5.01775458248187e7	5839.957102364744	-17.4571434065315
5.05170458248187e7	5837.301861831259	-17.465214791311812
5.08565458248187e7	5834.647828550185	-17.47328617609212
5.11960458248187e7	5831.995001972623	-17.48135756087243
5.15355458248187e7	5829.343381549913	-17.48942894565274
5.18750458248187e7	5826.692966733677	-17.49750033043305
5.22145458248187e7	5824.043756975753	-17.505571715213357
5.25540458248187e7	5821.652528413709	-17.51373028009357
5.28935458248187e7	5819.489575747635	-17.521966043719058
5.32330458248187e7	5817.327426696046	-17.53020180734455
5.35725458248187e7	5815.16608096036	-17.53843757097004
5.39120458248187e7	5813.005538242116	-17.546673334595532
5.42515458248187e7	5810.845798242954	-17.554909098221025
5.45910458248187e7	5808.686860664654	-17.563144861846514
5.49305458248187e7	5806.52872520908	-17.571380625472003
5.52700458248187e7	5804.371391578205	-17.579616389097495
5.56095458248187e7	5802.214859474149	-17.587852152722988
5.59490458248187e7	5800.0591285990795	-17.596087916348477
5.62885458248187e7	5797.904198655329	-17.604323679973966
5.66280458248187e7	5795.750069345335	-17.61255944359946
5.69675458248187e7	5793.596740371621	-17.62079520722495
5.73070458248187e7	5791.444211436835	-17.62903097085044
5.76465458248187e7	5789.484656928433	-17.637336528738523
5.79860458248187e7	5787.607846849854	-17.645671906447152
5.83255458248187e7	5785.731645187442	-17.654007284155785
5.86650458248187e7	5783.8560517439655	-17.662342661864415
5.90045458248187e7	5781.981066322254	-17.670678039573048
5.93440458248187e7	5780.106688725211	-17.679013417281677
5.96835458248187e7	5778.232918755765	-17.687348794990307
6.00230458248187e7	5776.359756216978	-17.69568417269894
6.03625458248187e7	5774.487200911894	-17.704019550407573
6.07020458248187e7	5772.615252643706	-17.712354928116202
6.10415458248187e7	5770.743911215595	-17.72069030582483
6.13810458248187e7	5768.8731764308495	-17.729025683533465
6.17205458248187e7	5767.003048092799	-17.737361061242094
6.20600458248187e7	5765.133526004879	-17.745696438950727
6.23995458248187e7	5763.264609970518	-17.754031816659356
6.27390458248187e7	5761.571078663688	-17.762411814698353
6.30785458248187e7	5759.953705835948	-17.77081113389685
6.34180458248187e7	5758.336787032795	-17.77921045309534
6.37575458248187e7	5756.720322126764	-17.787609772293838
6.40970458248187e7	5755.1043109904285	-17.796009091492333
6.44365458248187e7	5753.488753496419	-17.80440841069083
6.47760458248187e7	5751.8736495174	-17.81280772988932
6.51155458248187e7	5750.258998926041	-17.821207049087818
6.54550458248187e7	5748.644801595089	-17.829606368286314
6.57945458248187e7	5747.031057397286	-17.838005687484806
6.61340458248187e7	5745.417766205438	-17.8464050066833
6.64735458248187e7	5743.804927892391	-17.854804325881798
6.68130458248187e7	5742.192542330992	-17.86320364508029
6.71525458248187e7	5740.5806093941665	-17.871602964278786
6.74920458248187e7	5738.9691289548355	-17.880002283477282
6.78315458248187e7	5737.450603355422	-17.88844993724802
6.81710458248187e7	5736.016953591497	-17.89694174155906
6.85105458248187e7	5734.583662061891	-17.9054335458701
6.88500458248187e7	5733.150728677068	-17.91392535018114
6.91895458248187e7	5731.718153347558	-17.92241715449218
6.95290458248187e7	5730.285935983869	-17.930908958803222
6.98685458248187e7	5728.854076496577	-17.939400763114264
7.02080458248187e7	5727.422574796236	-17.947892567425303
7.05475458248187e7	5725.991430793464	-17.956384371736345
7.08870458248187e7	5724.560644398871	-17.964876176047383
7.12265458248187e7	5723.130215523089	-17.973367980358425
7.15660458248187e7	5721.700144076803	-17.981859784669467
7.19055458248187e7	5720.270429970689	-17.990351588980506
7.22450458248187e7	5718.841073115449	-17.998843393291548
7.25845458248187e7	5717.412073421832	-18.007335197602586
7.29240458248187e7	5716.03307460498	-18.015842601345856
7.32635458248187e7	5714.774977864784	-18.024387899869016
7.36030458248187e7	5713.517158031208	-18.032933198392172
7.39425458248187e7	5712.259615043307	-18.04147849691533
7.42820458248187e7	5711.0023488401475	-18.05002379543849
7.46215458248187e7	5709.745359360798	-18.05856909396165
7.49610458248187e7	5708.488646544373	-18.06711439248481
7.53005458248187e7	5707.232210329968	-18.07565969100797
7.56400458248187e7	5705.976050656704	-18.08420498953113
7.59795458248187e7	5704.720167463714	-18.09275028805429
7.63190458248187e7	5703.464560690144	-18.10129558657745
7.66585458248187e7	5702.209230275155	-18.109840885100606
7.69980458248187e7	5700.95417615791	-18.118386183623766
7.73375458248187e7	5699.699398277618	-18.126931482146926
7.76770458248187e7	5698.444896573466	-18.135476780670086
7.80165458248187e7	5697.191255561881	-18.144022607029434
7.83560458248187e7	5696.015873176404	-18.152638861951978
7.86955458248187e7	5694.840733282996	-18.161255116874525
7.90350458248187e7	5693.665835831648	-18.16987137179707
7.93745458248187e7	5692.491180772333	-18.178487626719612
7.97140458248187e7	5691.316768055043	-18.187103881642155
8.00535458248187e7	5690.142597629771	-18.1957201365647
8.03930458248187e7	5688.96866944655	-18.204336391487242
8.07325458248187e7	5687.794983455392	-18.21295264640979
8.10720458248187e7	5686.621539606332	-18.221568901332333
8.14115458248187e7	5685.448337849412	-18.230185156254876
8.17510458248187e7	5684.275378134689	-18.23880141117742
8.20905458248187e7	5683.102660412225	-18.247417666099967
8.24300458248187e7	5681.930184632087	-18.25603392102251
8.27695458248187e7	5680.757950744378	-18.264650175945054
8.31090458248187e7	5679.585958699175	-18.273266430867597
8.34485458248187e7	5678.505541683612	-18.28190476510001
8.37880458248187e7	5677.4548068231725	-18.290550226426127
8.41275458248187e7	5676.404266387787	-18.29919568775225
8.44670458248187e7	5675.35392034148	-18.307841149078367
8.48065458248187e7	5674.303768648292	-18.31648661040449
8.51460458248187e7	5673.25381127224	-18.325132071730607
8.54855458248187e7	5672.204048177378	-18.333777533056725
8.58250458248187e7	5671.154479327759	-18.34242299438285
8.61645458248187e7	5670.105104687437	-18.351068455708965
8.65040458248187e7	5669.055924220489	-18.359713917035087
8.68435458248187e7	5668.006937890964	-18.368359378361205
8.71830458248187e7	5666.958145662949	-18.377004839687327
8.75225458248187e7	5665.90954750053	-18.385650301013445
8.78620458248187e7	5664.861143367805	-18.394295762339564
8.82015458248187e7	5663.812933228854	-18.40294122366569
8.85410458248187e7	5662.784801530881	-18.411603838448997
8.88805458248187e7	5661.775912674292	-18.420282895101888
8.92200458248187e7	5660.76720356262	-18.428961951754772
8.95595458248187e7	5659.758674163821	-18.43764100840766
8.98990458248187e7	5658.750324445886	-18.446320065060547
9.02385458248187e7	5657.742154376814	-18.45499912171344
9.05780458248187e7	5656.734163924589	-18.463678178366326
9.09175458248187e7	5655.7263530572	-18.472357235019214
9.12570458248187e7	5654.718721742671	-18.481036291672105
9.15965458248187e7	5653.7112699489935	-18.48971534832499
9.19360458248187e7	5652.703997644204	-18.49839440497788
9.22755458248187e7	5651.696904796304	-18.507073461630767
9.26150458248187e7	5650.6899913733305	-18.515752518283655
9.29545458248187e7	5649.6832573433285	-18.524431574936543
9.32940458248187e7	5648.676702674316	-18.533110631589427
9.36335458248187e7	5647.677655429274	-18.54180381975496
9.39730458248187e7	5646.693822925014	-18.550526012389135
9.43125458248187e7	5645.710161805606	-18.55924820502331
9.46520458248187e7	5644.7266720411935	-18.567970397657483
9.49915458248187e7	5643.743353601937	-18.576692590291657
9.53310458248187e7	5642.760206457972	-18.585414782925827
9.56705458248187e7	5641.777230579468	-18.59413697556
9.60100458248187e7	5640.7944259365895	-18.602859168194176
9.63495458248187e7	5639.811792499508	-18.611581360828353
9.66890458248187e7	5638.829330238399	-18.620303553462524
9.70285458248187e7	5637.847039123443	-18.629025746096698
9.73680458248187e7	5636.864919124827	-18.63774793873087
9.77075458248187e7	5635.882970212742	-18.646470131365046
9.80470458248187e7	5634.901192357384	-18.655192323999216
9.83865458248187e7	5633.919585528956	-18.66391451663339
9.87260458248187e7	5632.941961457173	-18.672649265832277
9.90655458248187e7	5631.974979329993	-18.68141851846746
9.94050458248187e7	5631.00816320034	-18.690187771102636
9.97445458248187e7	5630.041513039718	-18.69895702373782
1.000840458248187e8	5629.075028819624	-18.707726276372995
1.004235458248187e8	5628.108710511595	-18.716495529008174
1.007630458248187e8	5627.142558087127	-18.725264781643354
1.011025458248187e8	5626.176571517765	-18.734034034278533
1.014420458248187e8	5625.210750775026	-18.742803286913713
1.017815458248187e8	5624.245095830445	-18.75157253954889
1.021210458248187e8	5623.279606655539	-18.760341792184068
1.024605458248187e8	5622.314283221901	-18.769111044819248
1.028000458248187e8	5621.349125501029	-18.777880297454427
1.031395458248187e8	5620.384133464508	-18.786649550089606
1.034790458248187e8	5619.419307083882	-18.795418802724786
1.038185458248187e8	5618.444113102842	-18.80416744929955
1.041580458248187e8	5617.450204545255	-18.81287914713186
1.044975458248187e8	5616.456471811107	-18.82159084496417
1.048370458248187e8	5615.462914869314	-18.83030254279648
1.051765458248187e8	5614.469533688769	-18.839014240628796
1.055160458248187e8	5613.476328238379	-18.847725938461103
1.058555458248187e8	5612.483298487048	-18.856437636293418
1.061950458248187e8	5611.490444403714	-18.86514933412573
1.065345458248187e8	5610.4977659573005	-18.873861031958043
1.068740458248187e8	5609.505263116709	-18.88257272979035
1.072135458248187e8	5608.512935850903	-18.891284427622665
1.075530458248187e8	5607.520784128813	-18.899996125454976
1.078925458248187e8	5606.528807919377	-18.908707823287287
1.082320458248187e8	5605.537007191564	-18.917419521119598
1.085715458248187e8	5604.545381914324	-18.926131218951912
1.089110458248187e8	5603.534328803681	-18.93489404141526
1.092505458248187e8	5602.4994968395085	-18.943719365529372
1.095900458248187e8	5601.464855982802	-18.952544689643485
1.099295458248187e8	5600.43040619825	-18.9613700137576
1.102690458248187e8	5599.396147450566	-18.970195337871708
1.106085458248187e8	5598.362079704499	-18.97902066198582
1.109480458248187e8	5597.3282029247475	-18.987845986099934
1.112875458248187e8	5596.294517076044	-18.996671310214047
1.116270458248187e8	5595.261022123168	-19.00549663432816
1.119665458248187e8	5594.227718030807	-19.014321958442274
1.123060458248187e8	5593.194604763753	-19.023147282556383
1.126455458248187e8	5592.161682286755	-19.031972606670497
1.129850458248187e8	5591.128950564591	-19.04079793078461
1.133245458248187e8	5590.096409562	-19.04962325489872
1.136640458248187e8	5589.064059243804	-19.058448579012833
1.140035458248187e8	5588.006438212502	-19.067213860178665
1.143430458248187e8	5586.944206829893	-19.07596779508686
1.146825458248187e8	5585.882177368223	-19.084721729995056
1.150220458248187e8	5584.8203497891	-19.093475664903252
1.153615458248187e8	5583.758724054166	-19.102229599811448
1.157010458248187e8	5582.6973001250435	-19.110983534719644
1.160405458248187e8	5581.6360779633615	-19.119737469627836
1.163800458248187e8	5580.575057530774	-19.12849140453603
1.167195458248187e8	5579.5142387889555	-19.13724533944423
1.170590458248187e8	5578.453621699526	-19.145999274352423
1.173985458248187e8	5577.393206224192	-19.15475320926062
1.177380458248187e8	5576.33299232459	-19.163507144168815
1.180775458248187e8	5575.272979962431	-19.17226107907701
1.184170458248187e8	5574.2131690993865	-19.181015013985203
1.187565458248187e8	5573.136312596622	-19.1897936889496
1.190960458248187e8	5572.002771347594	-19.1986539899174
1.194355458248187e8	5570.869460653783	-19.207514290885197
1.197750458248187e8	5569.7363804683255	-19.216374591852993
1.201145458248187e8	5568.603530744327	-19.225234892820794
1.204540458248187e8	5567.470911434914	-19.234095193788594
1.207935458248187e8	5566.338522493221	-19.24295549475639
1.211330458248187e8	5565.206363872383	-19.25181579572419
1.214725458248187e8	5564.074435525574	-19.260676096691988
1.218120458248187e8	5562.942737405938	-19.269536397659785
1.221515458248187e8	5561.811269466677	-19.27839669862759
1.224910458248187e8	5560.680031660936	-19.287256999595385
1.228305458248187e8	5559.549023941935	-19.296117300563182
1.231700458248187e8	5558.418246262867	-19.304977601530986
1.235095458248187e8	5557.287698576943	-19.313837902498783
1.238490458248187e8	5556.10910428421	-19.322631111652843
1.241885458248187e8	5554.92670052147	-19.33141867803876
1.245280458248187e8	5553.744548387816	-19.340206244424675
1.248675458248187e8	5552.562647829699	-19.34899381081059
1.252070458248187e8	5551.380998793581	-19.357781377196506
1.255465458248187e8	5550.199601225935	-19.366568943582422
1.258860458248187e8	5549.018455073246	-19.375356509968338
1.262255458248187e8	5547.837560281999	-19.384144076354254
1.265650458248187e8	5546.656916798732	-19.39293164274017
1.269045458248187e8	5545.476524569924	-19.401719209126085
1.272440458248187e8	5544.296383542135	-19.410506775512005
1.275835458248187e8	5543.116493661896	-19.41929434189792
1.279230458248187e8	5541.936854875761	-19.428081908283836
1.282625458248187e8	5540.757467130294	-19.436869474669752
1.286020458248187e8	5539.538794669307	-19.445725304314337
1.289415458248187e8	5538.2953368528915	-19.454624401505203
1.292810458248187e8	5537.0521581549	-19.463523498696073
1.296205458248187e8	5535.809258512679	-19.47242259588694
1.299600458248187e8	5534.56663786359	-19.481321693077806
1.302995458248187e8	5533.324296145007	-19.490220790268673
1.306390458248187e8	5532.082233294318	-19.499119887459543
1.309785458248187e8	5530.840449248927	-19.508018984650406
1.313180458248187e8	5529.598943946249	-19.516918081841276
1.316575458248187e8	5528.357717323716	-19.525817179032142
1.319970458248187e8	5527.116769318783	-19.53471627622301
1.323365458248187e8	5525.876099868888	-19.54361537341388
1.326760458248187e8	5524.6357089115045	-19.55251447060474
1.330155458248187e8	5523.395596384139	-19.56141356779561
1.333550458248187e8	5522.108989070334	-19.569952715795775
1.336945458248187e8	5520.791545651743	-19.578252196446805
1.340340458248187e8	5519.4744165437105	-19.586551677097837
1.343735458248187e8	5518.15760167125	-19.594851157748867
1.347130458248187e8	5516.841100959391	-19.603150638399896
1.350525458248187e8	5515.524914333174	-19.61145011905093
1.353920458248187e8	5514.209041717685	-19.61974959970196
1.357315458248187e8	5512.8934830379985	-19.62804908035299
1.360710458248187e8	5511.5782382192265	-19.63634856100402
1.364105458248187e8	5510.26330718646	-19.644648041655053
1.367500458248187e8	5508.9486898648765	-19.652947522306086
1.370895458248187e8	5507.634386179593	-19.661247002957115
1.374290458248187e8	5506.320396055812	-19.669546483608144
1.377685458248187e8	5505.006719418716	-19.677845964259177
1.381080458248187e8	5503.693356193515	-19.68614544491021
1.384475458248187e8	5502.380306305436	-19.69444492556124
1.387870458248187e8	5501.067569679723	-19.70274440621227
1.391265458248187e8	5499.755146241641	-19.7110438868633
1.394660458248187e8	5498.44303591647	-19.719343367514334
1.398055458248187e8	5497.1312386295085	-19.727642848165363
1.401450458248187e8	5495.819754306064	-19.735942328816392
1.404845458248187e8	5494.5085828715	-19.74424180946742
1.408240458248187e8	5493.197724251128	-19.752541290118454
1.411635458248187e8	5491.887178370351	-19.760840770769484
1.415030458248187e8	5490.576945154543	-19.769140251420517
1.418425458248187e8	5489.267024529121	-19.77743973207155
1.421820458248187e8	5487.95741641948	-19.78573921272258
1.425215458248187e8	5486.6481207511	-19.794038693373608
1.428610458248187e8	5485.339137449399	-19.80233817402464
1.432005458248187e8	5484.0304664398745	-19.81063765467567
1.435400458248187e8	5482.594810110941	-19.818945125522433
1.438795458248187e8	5481.145435366459	-19.82725348127861
1.442190458248187e8	5479.696443777631	-19.835561837034792
1.445585458248187e8	5478.247835243148	-19.843870192790966
1.448980458248187e8	5476.799609661765	-19.852178548547148
1.452375458248187e8	5475.3517669322255	-19.860486904303325
1.455770458248187e8	5473.904306953337	-19.868795260059503
1.459165458248187e8	5472.4572296238985	-19.87710361581568
1.462560458248187e8	5471.010534842762	-19.88541197157186
1.465955458248187e8	5469.564222508807	-19.89372032732804
1.469350458248187e8	5468.11829252091	-19.902028683084215
1.472745458248187e8	5466.672744778014	-19.910337038840396
1.476140458248187e8	5465.227579179051	-19.918645394596574
1.479535458248187e8	5463.782795623005	-19.92695375035275
1.482930458248187e8	5462.338394008891	-19.93526210610893
1.486325458248187e8	5460.894374235719	-19.943570461865107
1.489720458248187e8	5459.450736202564	-19.95187881762129
1.493115458248187e8	5458.007479808493	-19.960187173377463
1.496510458248187e8	5456.564604952624	-19.96849552913364
1.499905458248187e8	5455.122111534103	-19.976803884889822
1.503300458248187e8	5453.679999452075	-19.985112240646
1.506695458248187e8	5452.23826860575	-19.993420596402178
1.510090458248187e8	5450.796918894325	-20.001728952158356
1.513485458248187e8	5449.355950217053	-20.010037307914533
1.516880458248187e8	5447.9153624732035	-20.01834566367071
1.520275458248187e8	5446.475155562083	-20.02665401942689
1.523670458248187e8	5445.035329382997	-20.034962375183067
1.527065458248187e8	5443.5958838353135	-20.04327073093925
1.530460458248187e8	5442.15681881839	-20.051579086695426
1.533855458248187e8	5440.652742678269	-20.05992156773148
1.537250458248187e8	5439.076533178058	-20.06830192020968
1.540645458248187e8	5437.500780320921	-20.076682272687886
1.544040458248187e8	5435.925483974563	-20.085062625166096
1.547435458248187e8	5434.3506440067285	-20.093442977644298
1.550830458248187e8	5432.776260285201	-20.101823330122507
1.554225458248187e8	5431.202332677801	-20.110203682600712
1.557620458248187e8	5429.628861052387	-20.118584035078918
1.561015458248187e8	5428.055845276858	-20.126964387557123
1.564410458248187e8	5426.48328521915	-20.13534474003533
1.567805458248187e8	5424.911180747236	-20.143725092513534
1.571200458248187e8	5423.339531729129	-20.15210544499174
1.574595458248187e8	5421.76833803288	-20.160485797469946
1.577990458248187e8	5420.197599526577	-20.16886614994815
1.581385458248187e8	5418.627316078338	-20.177246502426357
1.584780458248187e8	5417.057487556357	-20.185626854904562
1.588175458248187e8	5415.488113828799	-20.194007207382768
1.591570458248187e8	5413.919194763945	-20.202387559860973
1.594965458248187e8	5412.350730230044	-20.21076791233918
1.598360458248187e8	5410.782720095426	-20.219148264817385
1.601755458248187e8	5409.215164228445	-20.22752861729559
1.605150458248187e8	5407.648062497497	-20.235908969773796
1.608545458248187e8	5406.081414771013	-20.244289322252
1.611940458248187e8	5404.515220917466	-20.252669674730207
1.615335458248187e8	5402.949480805351	-20.26105002720841
1.618730458248187e8	5401.384194303238	-20.269430379686618
1.622125458248187e8	5399.8193612796995	-20.277810732164824
1.625520458248187e8	5398.25498160336	-20.286191084643026
1.628915458248187e8	5396.691055142888	-20.294571437121235
1.632310458248187e8	5395.110768637138	-20.302943929245306
1.635705458248187e8	5393.492131963459	-20.31129827042427
1.639100458248187e8	5391.873980911807	-20.31965261160324
1.642495458248187e8	5390.256315336505	-20.328006952782204
1.645890458248187e8	5388.639135091884	-20.33636129396117
1.649285458248187e8	5387.022440032342	-20.344715635140137
1.652680458248187e8	5385.406230012326	-20.353069976319105
1.656075458248187e8	5383.790504886285	-20.36142431749807
1.659470458248187e8	5382.17526450878	-20.36977865867704
1.662865458248187e8	5380.560508734347	-20.378132999856003
1.666260458248187e8	5378.946237417618	-20.38648734103497
1.669655458248187e8	5377.332450413226	-20.394841682213936
1.673050458248187e8	5375.719147575876	-20.4031960233929
1.676445458248187e8	5374.106328760311	-20.411550364571873
1.679840458248187e8	5372.493993821323	-20.419904705750838
1.683235458248187e8	5370.882142613722	-20.428259046929803
1.686630458248187e8	5369.270774992397	-20.43661338810877
1.690025458248187e8	5367.659890812244	-20.44496772928774
1.693420458248187e8	5366.049489928231	-20.453322070466704
1.696815458248187e8	5364.4395721953615	-20.46167641164567
1.700210458248187e8	5362.830137468679	-20.470030752824634
1.703605458248187e8	5361.221185603283	-20.478385094003606
1.707000458248187e8	5359.612716454285	-20.48673943518257
1.710395458248187e8	5358.004729876872	-20.495093776361536
1.713790458248187e8	5356.397225726273	-20.5034481175405
1.717185458248187e8	5354.790203857731	-20.51180245871947
1.720580458248187e8	5353.183664126563	-20.520156799898437
1.723975458248187e8	5351.577606388116	-20.528511141077402
1.727370458248187e8	5349.972030497803	-20.53686548225637
1.730765458248187e8	5348.366936311013	-20.545219823435335
1.734160458248187e8	5346.7426714524745	-20.553682771538142
1.737555458248187e8	5345.113076194696	-20.562177913716994
1.740950458248187e8	5343.4839776095405	-20.570673055895845
1.744345458248187e8	5341.855375545639	-20.5791681980747
1.747740458248187e8	5340.227269851643	-20.587663340253552
1.751135458248187e8	5338.599660376275	-20.596158482432404
1.754530458248187e8	5336.972546968297	-20.604653624611256
1.757925458248187e8	5335.345929476517	-20.613148766790108
1.761320458248187e8	5333.719807749787	-20.621643908968963
1.764715458248187e8	5332.094181637017	-20.630139051147815
1.768110458248187e8	5330.4690509871325	-20.638634193326666
1.771505458248187e8	5328.844415649134	-20.647129335505518
1.774900458248187e8	5327.220275472061	-20.65562447768437
1.778295458248187e8	5325.5966303049945	-20.66411961986322
1.781690458248187e8	5323.973479997076	-20.672614762042077
1.785085458248187e8	5322.350824397458	-20.68110990422093
1.788480458248187e8	5320.728663355376	-20.689605046399784
1.791875458248187e8	5319.106996720095	-20.698100188578632
1.795270458248187e8	5317.485824340928	-20.706595330757487
1.798665458248187e8	5315.865146067235	-20.71509047293634
1.802060458248187e8	5314.244961748422	-20.72358561511519
1.805455458248187e8	5312.625271233947	-20.732080757294042
1.808850458248187e8	5311.00607437329	-20.740575899472898
1.812245458248187e8	5309.387371016003	-20.749071041651746
1.815640458248187e8	5307.769161011674	-20.7575661838306
1.819035458248187e8	5306.151444209939	-20.76606132600945
1.822430458248187e8	5304.534220460476	-20.774556468188305
1.825825458248187e8	5302.917489613023	-20.783051610367156
1.829220458248187e8	5301.3012515173305	-20.79154675254601
1.832615458248187e8	5299.6904670960275	-20.80004835681266
1.836010458248187e8	5298.1006897459165	-20.808576694564305
1.839405458248187e8	5296.511389290067	-20.817105032315943
1.842800458248187e8	5294.922565585423	-20.825633370067585
1.846195458248187e8	5293.334218488989	-20.834161707819224
1.849590458248187e8	5291.746347857786	-20.842690045570865
1.852985458248187e8	5290.158953548885	-20.85121838332251
1.856380458248187e8	5288.5720354194	-20.85974672107415
1.859775458248187e8	5286.985593326491	-20.868275058825787
1.863170458248187e8	5285.399627127357	-20.87680339657743
1.866565458248187e8	5283.814136679243	-20.88533173432907
1.869960458248187e8	5282.229121839435	-20.893860072080713
1.873355458248187e8	5280.644582465261	-20.902388409832355
1.876750458248187e8	5279.060518414094	-20.910916747583993
1.880145458248187e8	5277.476929543349	-20.919445085335635
1.883540458248187e8	5275.893815710482	-20.927973423087277
1.886935458248187e8	5274.311176772994	-20.936501760838915
1.890330458248187e8	5272.729012588429	-20.945030098590557
1.893725458248187e8	5271.147323014372	-20.9535584363422
1.897120458248187e8	5269.566107908451	-20.96208677409384
1.900515458248187e8	5267.985367128338	-20.97061511184548
1.903910458248187e8	5266.405100531747	-20.97914344959712
1.907305458248187e8	5264.825307976433	-20.987671787348763
1.910700458248187e8	5263.245989320206	-20.996200125100405
1.914095458248187e8	5261.66714442088	-21.004728462852047
1.917490458248187e8	5260.088773136366	-21.013256800603685
1.920885458248187e8	5258.510875324584	-21.021785138355327
1.924280458248187e8	5256.933450843502	-21.03031347610697
1.927675458248187e8	5255.356499551142	-21.03884181385861
1.931070458248187e8	5253.780021305542	-21.04737015161025
1.934465458248187e8	5252.204015964798	-21.05589848936189
1.937860458248187e8	5250.666444448679	-21.064456655921603
1.941255458248187e8	5249.132005200212	-21.0730169306511
1.944650458248187e8	5247.598014371747	-21.081577205380597
1.948045458248187e8	5246.064471832219	-21.090137480110094
1.951440458248187e8	5244.531377450642	-21.09869775483959
1.954835458248187e8	5242.998731096038	-21.10725802956909
1.958230458248187e8	5241.466532637467	-21.11581830429859
1.961625458248187e8	5239.934781944055	-21.124378579028086
1.965020458248187e8	5238.403478884931	-21.132938853757583
1.968415458248187e8	5236.872623329299	-21.14149912848708
1.971810458248187e8	5235.342215146371	-21.15005940321658
1.975205458248187e8	5233.812254205399	-21.158619677946078
1.978600458248187e8	5232.282740375702	-21.167179952675575
1.981995458248187e8	5230.753673526608	-21.175740227405072
1.985390458248187e8	5229.225053527482	-21.18430050213457
1.988785458248187e8	5227.696880247758	-21.192860776864066
1.992180458248187e8	5226.169153556868	-21.201421051593563
1.995575458248187e8	5224.641873324323	-21.209981326323064
1.998970458248187e8	5223.11503941963	-21.218541601052564
2.002365458248187e8	5221.588651712377	-21.22710187578206
2.005760458248187e8	5220.062710072158	-21.23566215051156
2.009155458248187e8	5218.537214368614	-21.244222425241055
2.012550458248187e8	5217.012164471419	-21.252782699970552
2.015945458248187e8	5215.487560250309	-21.26134297470005
2.019340458248187e8	5213.963401575033	-21.269903249429547
2.022735458248187e8	5212.439688315374	-21.278463524159044
2.026130458248187e8	5210.9164203411865	-21.28702379888854
2.029525458248187e8	5209.393597522322	-21.29558407361804
2.032920458248187e8	5207.871219728709	-21.304144348347542
2.036315458248187e8	5206.349286830283	-21.31270462307704
2.039710458248187e8	5204.8277986970215	-21.321264897806532
2.043105458248187e8	5203.347863422646	-21.32987155333831
2.046500458248187e8	5201.890184111544	-21.338502851485696
2.049895458248187e8	5200.4329131585	-21.34713414963308
2.053290458248187e8	5198.976050449104	-21.355765447780463
2.056685458248187e8	5197.519595868992	-21.36439674592785
2.060080458248187e8	5196.063549303827	-21.373028044075237
2.063475458248187e8	5194.607910639308	-21.381659342222623
2.066870458248187e8	5193.152679761156	-21.390290640370004
2.070265458248187e8	5191.69785655515	-21.39892193851739
2.073660458248187e8	5190.243440907075	-21.407553236664775
2.077055458248187e8	5188.789432702755	-21.41618453481216
2.080450458248187e8	5187.335831828051	-21.424815832959546
2.083845458248187e8	5185.8826381688505	-21.43344713110693
2.087240458248187e8	5184.429851611075	-21.442078429254316
2.090635458248187e8	5182.977472040679	-21.450709727401698
2.094030458248187e8	5181.5254993436465	-21.459341025549083
2.097425458248187e8	5180.073933405987	-21.46797232369647
2.100820458248187e8	5178.622774113768	-21.47660362184385
2.104215458248187e8	5177.1720213530625	-21.485234919991235
2.107610458248187e8	5175.721675009991	-21.493866218138624
2.111005458248187e8	5174.271734970672	-21.502497516286006
2.114400458248187e8	5172.822201121301	-21.51112881443339
2.117795458248187e8	5171.373073348106	-21.519760112580776
2.121190458248187e8	5169.924351537298	-21.52839141072816
2.124585458248187e8	5168.476035575152	-21.537022708875543
2.127980458248187e8	5167.02812534799	-21.545654007022932
2.131375458248187e8	5165.580620742139	-21.554285305170318
2.134770458248187e8	5164.1335216439675	-21.5629166033177
2.138165458248187e8	5162.686827939875	-21.571547901465085
2.141560458248187e8	5161.240539516293	-21.58017919961247
2.144955458248187e8	5159.794656259687	-21.588810497759855
2.148350458248187e8	5158.349178056542	-21.597441795907237
2.151745458248187e8	5156.904104793412	-21.606073094054626
2.155140458248187e8	5155.590430779013	-21.61470454442174
2.158535458248187e8	5154.27746452862	-21.623335995222543
2.161930458248187e8	5152.964832649293	-21.63196744602334
2.165325458248187e8	5151.65253505591	-21.640598896824137
2.168720458248187e8	5150.340571663327	-21.64923034762494
2.172115458248187e8	5149.028942386434	-21.65786179842574
2.175510458248187e8	5147.7176471401435	-21.666493249226534
2.178905458248187e8	5146.406685839387	-21.675124700027332
2.182300458248187e8	5145.096058399111	-21.683756150828135
2.185695458248187e8	5143.78576473431	-21.692387601628933
2.189090458248187e8	5142.475804759972	-21.701019052429732
2.192485458248187e8	5141.166178391117	-21.70965050323053
2.195880458248187e8	5139.856885542786	-21.71828195403133
2.199275458248187e8	5138.547926130042	-21.72691340483213
2.202670458248187e8	5137.239300067969	-21.735544855632927
2.206065458248187e8	5135.931007271665	-21.744176306433726
2.209460458248187e8	5134.623047656276	-21.752807757234525
2.212855458248187e8	5133.315421136941	-21.761439208035323
2.216250458248187e8	5132.008127628831	-21.770070658836122
2.219645458248187e8	5130.70116704714	-21.77870210963692
2.223040458248187e8	5129.394539307082	-21.787333560437723
2.226435458248187e8	5128.088244323891	-21.79596501123852
2.229830458248187e8	5126.782282012816	-21.804596462039317
2.233225458248187e8	5125.476652289155	-21.813227912840116
2.236620458248187e8	5124.171355068198	-21.821859363640915
2.240015458248187e8	5122.866390265269	-21.830490814441717
2.243410458248187e8	5121.561757795709	-21.839122265242512
2.246805458248187e8	5120.257457574877	-21.84775371604331
2.250200458248187e8	5118.953489518184	-21.85638516684411
2.253595458248187e8	5117.649853541004	-21.865016617644912
2.256990458248187e8	5116.346549558793	-21.873648068445707
2.260385458248187e8	5115.043577486995	-21.882279519246506
2.263780458248187e8	5113.740937241071	-21.890910970047305
2.267175458248187e8	5112.438628736545	-21.899542420848107
2.270570458248187e8	5111.136651888896	-21.908173871648902
2.273965458248187e8	5110.123893836465	-21.916907727140398
2.277360458248187e8	5109.11970419017	-21.925644549325188
2.280755458248187e8	5108.115711877025	-21.934381371509975
2.284150458248187e8	5107.111916858262	-21.943118193694765
2.287545458248187e8	5106.108319095092	-21.951855015879552
2.290940458248187e8	5105.104918548761	-21.96059183806434
2.294335458248187e8	5104.101715180523	-21.96932866024913
2.297730458248187e8	5103.098708951613	-21.978065482433916
2.301125458248187e8	5102.095899823309	-21.986802304618706
2.304520458248187e8	5101.093287756861	-21.995539126803497
2.307915458248187e8	5100.090872713553	-22.004275948988283
2.311310458248187e8	5099.088654654677	-22.013012771173074
2.314705458248187e8	5098.086633541507	-22.02174959335786
2.318100458248187e8	5097.084809335357	-22.03048641554265
2.321495458248187e8	5096.083181997516	-22.03922323772744
2.324890458248187e8	5095.081751489315	-22.047960059912228
2.328285458248187e8	5094.080517772058	-22.056696882097015
2.331680458248187e8	5093.079480807081	-22.065433704281805
2.335075458248187e8	5092.078640555732	-22.074170526466595
2.338470458248187e8	5091.077996979343	-22.082907348651382
2.341865458248187e8	5090.077550039257	-22.09164417083617
2.345260458248187e8	5089.0772996968435	-22.10038099302096
2.348655458248187e8	5088.077245913469	-22.10911781520575
2.352050458248187e8	5087.077388650505	-22.117854637390536
2.355445458248187e8	5086.077727869354	-22.126591459575327
2.358840458248187e8	5085.078263531369	-22.135328281760113
2.362235458248187e8	5084.0789955979635	-22.144065103944904
2.365630458248187e8	5083.079924030553	-22.152801926129694
2.369025458248187e8	5082.08104879054	-22.161538748314484
2.372420458248187e8	5081.082369839334	-22.17027557049927
2.375815458248187e8	5080.083887138373	-22.179012392684058
2.379210458248187e8	5079.085600649091	-22.187749214868848
2.382605458248187e8	5078.087510332941	-22.196486037053635
2.386000458248187e8	5077.089616151352	-22.20522285923842
2.389395458248187e8	5076.091918065802	-22.213959681423212
2.392790458248187e8	5075.094416037738	-22.222696503608002
2.396185458248187e8	5074.09711002865	-22.231433325792793
2.399580458248187e8	5073.1	-22.24017014797758
