-8.447097178517103e7	11614.984736041712	-17.906376081590995	4.5896279361436205
-8.357097178517103e7	11595.14905863878	-17.904327929305538	4.571973666865666
-8.267097178517103e7	11575.347255933662	-17.90227977702008	4.55400211457555
-8.177097178517103e7	11555.579270076336	-17.90023162473462	4.535701665799307
-8.087097178517103e7	11535.845043315454	-17.898183472449162	4.517060057527061
-7.997097178517103e7	11516.144517998417	-17.8961353201637	4.49806432785373
-7.907097178517103e7	11496.477636571057	-17.894087167878244	4.478700761840148
-7.817097178517103e7	11476.844341577464	-17.892039015592786	4.458954832028269
-7.727097178517103e7	11457.24457565984	-17.889990863307325	4.438811132964187
-7.637097178517103e7	11437.678281558408	-17.887942711021864	4.41825330898972
-7.547097178517103e7	11418.145402111115	-17.885894558736407	4.397263974454652
-7.457097178517103e7	11398.645880253522	-17.88384640645095	4.375824625374447
-7.367097178517103e7	11379.179659018693	-17.88179825416549	4.353915541408652
-7.277097178517103e7	11359.74668153697	-17.87975010188003	4.3315156768587935
-7.187097178517103e7	11340.346891035779	-17.877701949594574	4.3086025391758165
-7.097097178517103e7	11320.980230839496	-17.875653797309113	4.285152053219177
-7.007097178517103e7	11301.646644369333	-17.873605645023652	4.261138409214096
-6.917097178517103e7	11282.34607514312	-17.871557492738194	4.236533891999743
-6.827097178517103e7	11263.078466775103	-17.869509340452733	4.21130868873584
-6.737097178517103e7	11243.843762975848	-17.867461188167276	4.185430671721971
-6.647097178517103e7	11224.64190755205	-17.86541303588182	4.158865152361428
-6.557097178517103e7	11205.389899681115	-17.86335172116332	4.131655048814024
-6.467097178517103e7	11182.541571878768	-17.860713384056403	4.107303823074415
-6.377097178517103e7	11159.739832913385	-17.85807504694949	4.0823447833399955
-6.287097178517103e7	11136.984587788109	-17.855436709842575	4.056746808723075
-6.197097178517103e7	11114.27574169977	-17.852798372735663	4.030476325251439
-6.107097178517103e7	11091.613200038504	-17.850160035628747	4.003497041078276
-6.017097178517103e7	11068.996868387363	-17.847521698521835	3.9757696449715305
-5.927097178517103e7	11046.426652521955	-17.84488336141492	3.947251461797143
-5.837097178517103e7	11023.902458409886	-17.842245024308006	3.9178960574184334
-5.747097178517103e7	11001.424192210688	-17.839606687201094	3.887652783828899
-5.657097178517103e7	10978.991760275083	-17.83696835009418	3.8564662533300376
-5.567097178517103e7	10956.605069144827	-17.834330012987266	3.824275728043331
-5.477097178517103e7	10934.264025552224	-17.83169167588035	3.7910144078514145
-5.387097178517103e7	10911.968536419752	-17.829053338773438	3.7566085957895656
-5.297097178517103e7	10889.718508859702	-17.826415001666525	3.720976714672631
-5.207097178517103e7	10867.513850173706	-17.823776664559606	3.6840281419575724
-5.117097178517103e7	10841.51136394875	-17.820551234768853	3.649999160931929
-5.027097178517103e7	10814.271894609958	-17.817126809339587	3.6162896992261953
-4.937097178517103e7	10787.10086487014	-17.813702383910325	3.5814041491591477
-4.847097178517103e7	10759.998102773705	-17.81027795848106	3.5452574697840267
-4.757097178517103e7	10732.963436797094	-17.806853533051793	3.5077550492979954
-4.667097178517103e7	10705.996695847745	-17.803429107622527	3.468791212684108
-4.577097178517103e7	10679.097709262987	-17.800004682193265	3.4282474266388463
-4.487097178517103e7	10652.266306808828	-17.796580256764	3.385990124973949
-4.397097178517103e7	10625.502318679104	-17.793155831334737	3.34186805393471
-4.307097178517103e7	10598.805575494274	-17.78973140590547	3.295709004351077
-4.217097178517103e7	10572.175908300313	-17.786306980476205	3.247315752403504
-4.127097178517103e7	10542.892403499198	-17.782478479689647	3.199796415929127
-4.037097178517103e7	10509.403980690866	-17.77801145253805	3.1554217334130867
-3.947097178517103e7	10476.021930443218	-17.773544425386447	3.1089861319741043
-3.857097178517103e7	10442.74591487468	-17.76907739823485	3.060288815190666
-3.767097178517103e7	10409.575597176925	-17.76461037108325	3.009098131569608
-3.677097178517103e7	10376.510641611387	-17.760143343931652	2.9551449099146705
-3.587097178517103e7	10343.550713506067	-17.755676316780054	2.898113892032157
-3.497097178517103e7	10310.695479251894	-17.751209289628452	2.8376325712709143
-3.407097178517103e7	10277.944606299556	-17.746742262476854	2.773256433175001
-3.3170971785171032e7	10237.908355326275	-17.741193108910178	2.7143801353780392
-3.2270971785171032e7	10195.782132961438	-17.735313613558507	2.655025616618702
-3.1370971785171032e7	10153.829248601702	-17.729434118206832	2.5919245981721395
-3.0470971785171032e7	10112.048989008103	-17.723554622855158	2.5245720605775452
-2.9570971785171032e7	10070.440643876405	-17.717675127503487	2.45235344394404
-2.8670971785171032e7	10029.00350582516	-17.711795632151816	2.37451048216801
-2.7770971785171032e7	9986.364384149472	-17.705719598279195	2.2917359558116366
-2.6870971785171032e7	9934.375066426963	-17.69827208763737	2.2139489466005076
-2.5970971785171032e7	9882.656406678996	-17.690824576995542	2.129596851649807
-2.5070971785171032e7	9827.59686629263	-17.68286053950393	2.0420213599319044
-2.4170971785171032e7	9767.567289919234	-17.67413693973457	1.9533597266796776
-2.3270971785171032e7	9707.904390169697	-17.665413339965205	1.8560656378067504
-2.2370971785171032e7	9638.047063036427	-17.655265851341436	1.7623988098122054
-2.1470971785171032e7	9568.270115258365	-17.64506096791351	1.6596698406260548
-2.0570971785171032e7	9489.001548576978	-17.633535055805233	1.5581385230404337
-1.9670971785171032e7	9406.667112093923	-17.621512754323188	1.4505291380898626
-1.8770971785171032e7	9313.326821379016	-17.60802412660177	1.344069963748416
-1.7870971785171032e7	9214.21645070818	-17.593688488767647	1.2340084578736707
-1.6970971785171032e7	9101.8396494356	-17.577703532143957	1.1280341215387804
-1.6070971785171032e7	8981.858452098037	-17.56067085281345	1.0219641139484459
-1.5170971785171032e7	8848.774765267377	-17.54226702324855	0.9231686848370688
-1.4270971785171032e7	8704.043411943869	-17.52257023792041	0.8340273115760328
-1.3370971785171032e7	8561.84037825678	-17.50296523899722	0.7372027363720604
-1.2470971785171032e7	8428.346100626211	-17.48705780066261	0.6758728006698971
-1.1570971785171032e7	8296.93323556263	-17.471150362327997	0.6105343219497649
-1.0670971785171032e7	8167.5693301523615	-17.45524292399338	0.5406264289480384
-9.770971785171032e6	8063.981969218716	-17.44379913158947	0.47881051952669784
-8.870971785171032e6	7993.352200568773	-17.438355761420556	0.43178077167562967
-7.970971785171032e6	7923.341054857049	-17.43291239125164	0.38242960180503294
-7.070971785171032e6	7853.943113768449	-17.427469021082725	0.33051588209979776
-6.170971785171032e6	7785.153006445189	-17.42202565091381	0.2757588476060988
-5.270971785171032e6	7729.876449596959	-17.419070816800755	0.23500737538258085
-4.370971785171032e6	7678.220374764125	-17.416741957932267	0.19698460753596725
-3.470971785171032e6	7626.909499506555	-17.41441309906378	0.15745876970293196
-2.570971785171032e6	7575.941516975579	-17.41208424019529	0.11630611835045528
-1.670971785171032e6	7525.3141357383965	-17.409755381326804	0.07338697027977027
-770971.785171032	7475.33762758078	-17.407484538183834	0.028913785337592444
129028.21482896805	7438.639492978768	-17.407630752929823	-0.001571722313846377
1.029028214828968e6	7402.121517875948	-17.407776967675808	-0.03301589820735745
1.929028214828968e6	7365.782817828313	-17.407923182421793	-0.0654809992954135
2.829028214828968e6	7329.622512733795	-17.40806939716778	-0.09903555119714631
3.729028214828968e6	7293.639726810936	-17.408215611913764	-0.1337552191047311
4.629028214828968e6	7257.833588577737	-17.40836182665975	-0.16972383539261907
5.529028214828968e6	7222.753808598929	-17.408611998313184	-0.20620198188360447
6.429028214828968e6	7195.426598847933	-17.410300092042373	-0.2321758755762674
7.329028214828968e6	7168.202781295072	-17.411988185771563	-0.2588424438581122
8.229028214828968e6	7141.081964757101	-17.413676279500752	-0.28623964598228346
9.129028214828968e6	7114.063759530772	-17.41536437322994	-0.31440864962765436
1.0029028214828968e7	7087.147777387364	-17.417052466959127	-0.3433942029880343
1.0929028214828968e7	7060.333631566928	-17.41874056068832	-0.37324506241624084
1.1829028214828968e7	7033.620936772865	-17.42042865441751	-0.4040144858837771
1.2729028214828968e7	7007.009309166332	-17.4221167481467	-0.4357608047982286
1.3629028214828968e7	6985.914118807157	-17.42486579260253	-0.45917581266938645
1.4529028214828968e7	6965.372589697054	-17.427711107579796	-0.4822856242732383
1.5429028214828968e7	6944.891461332079	-17.430556422557057	-0.5059421588411728
1.6329028214828968e7	6924.47055610861	-17.433401737534318	-0.53017191280084
1.7229028214828968e7	6904.10969694525	-17.436247052511582	-0.555003356703545
1.8129028214828968e7	6883.8087072813005	-17.439092367488843	-0.5804671363397341
1.9029028214828968e7	6863.5674110752225	-17.441937682466104	-0.6065963001363177
1.9929028214828968e7	6843.385632803114	-17.44478299744337	-0.6334265570681131
2.0829028214828968e7	6823.263197457189	-17.447628312420633	-0.6609965701328105
2.1729028214828968e7	6805.678560557339	-17.45098018577632	-0.6841744952185844
2.2629028214828968e7	6789.697766524309	-17.454651303439796	-0.7045776307804542
2.3529028214828968e7	6773.754497886517	-17.458322421103276	-0.7254057401302594
2.4429028214828968e7	6757.848666528498	-17.46199353876675	-0.7466769039635213
2.5329028214828968e7	6741.980184541695	-17.46566465643023	-0.7684103819784066
2.6229028214828968e7	6726.148964223951	-17.469335774093707	-0.7906267176645414
2.7129028214828968e7	6710.354918079048	-17.473006891757187	-0.8133478549988282
2.8029028214828968e7	6694.597958816257	-17.476678009420663	-0.8365972687096699
2.8929028214828968e7	6678.877999349776	-17.48034912708414	-0.8604001100479062
2.9829028214828968e7	6663.194952798338	-17.48402024474762	-0.884783370333708
3.0729028214828968e7	6648.122181959369	-17.487814807061238	-0.9084762649508973
3.1629028214828968e7	6635.64860823538	-17.492162671624996	-0.9267967005197185
3.2529028214828968e7	6623.198438118808	-17.496510536188758	-0.9454590481677332
3.3429028214828968e7	6610.771627698477	-17.50085840075252	-0.9644763131223397
3.432902821482897e7	6598.368133145647	-17.505206265316282	-0.9838622570351896
3.522902821482897e7	6585.987910713803	-17.509554129880044	-1.0036314578052288
3.612902821482897e7	6573.630916738506	-17.513901994443806	-1.0237993754352328
3.702902821482897e7	6561.297107637243	-17.518249859007568	-1.0443824246671118
3.792902821482897e7	6548.986439909288	-17.52259772357133	-1.0653980552509228
3.882902821482897e7	6536.698870135493	-17.526945588135092	-1.0868648408310224
3.972902821482897e7	6524.434354978216	-17.531293452698854	-1.1088025775838648
4.062902821482897e7	6512.192851181123	-17.535641317262613	-1.1312323939201088
4.152902821482897e7	6501.565631850922	-17.54034897018357	-1.1498000583303325
4.242902821482897e7	6491.643374451899	-17.545212317104717	-1.166794897382348
4.332902821482897e7	6481.736259742714	-17.550075664025865	-1.1840835616959562
4.422902821482897e7	6471.844264613609	-17.554939010947013	-1.2016763902256846
4.512902821482897e7	6461.967365990088	-17.55980235786816	-1.219584277415557
4.602902821482897e7	6452.105540832879	-17.564665704789306	-1.2378187137195387
4.692902821482897e7	6442.258766137823	-17.569529051710454	-1.2563918298854533
4.782902821482897e7	6432.427018935952	-17.574392398631602	-1.2753164454297696
4.872902821482897e7	6422.6102762932705	-17.57925574555275	-1.2946061217883897
4.962902821482897e7	6412.808515310829	-17.584119092473898	-1.3142752206953736
5.052902821482897e7	6403.021713124612	-17.588982439395046	-1.3343389684190705
5.142902821482897e7	6393.249846905499	-17.593845786316194	-1.354813526575367
5.232902821482897e7	6383.912738693167	-17.598809511020324	-1.3744105292978566
5.322902821482897e7	6375.942157163824	-17.604097116895737	-1.3901137271797563
5.412902821482897e7	6367.981527238214	-17.60938472277115	-1.406067454834224
5.502902821482897e7	6360.030836491367	-17.614672328646563	-1.4222798359770177
5.592902821482897e7	6352.0900725137935	-17.619959934521972	-1.4387593959760814
5.682902821482897e7	6344.159222911506	-17.625247540397385	-1.4555150887738075
5.772902821482897e7	6336.238275305982	-17.6305351462728	-1.4725563261035046
5.862902821482897e7	6328.327217334188	-17.63582275214821	-1.4898930092387512
5.952902821482897e7	6320.426036648494	-17.64111035802362	-1.5075355635437937
6.042902821482897e7	6312.534720916682	-17.646397963899034	-1.5254949761268637
6.132902821482897e7	6304.653257821969	-17.651685569774447	-1.543782836936943
6.222902821482897e7	6296.7816350629155	-17.65697317564986	-1.5624113836889197
6.312902821482897e7	6288.91984035344	-17.66226078152527	-1.5813935510532333
6.402902821482897e7	6281.067861422835	-17.667548387400682	-1.6007430246051906
6.492902821482897e7	6274.499145550324	-17.673145580202885	-1.616009544635524
6.582902821482897e7	6268.095517950186	-17.678781272961416	-1.6309502565299692
6.672902821482897e7	6261.698425763551	-17.684416965719944	-1.646117583364253
6.762902821482897e7	6255.307862320507	-17.690052658478475	-1.6615185055662143
6.852902821482897e7	6248.923820957952	-17.695688351237003	-1.6771603311430285
6.942902821482897e7	6242.546295019579	-17.701324043995534	-1.6930507165043394
7.032902821482897e7	6236.1752778558775	-17.706959736754065	-1.7091976889667198
7.122902821482897e7	6229.810762824124	-17.71259542951259	-1.7256096711050448
7.212902821482897e7	6223.452743288374	-17.71823112227112	-1.742295507135703
7.302902821482897e7	6217.101212619465	-17.723866815029652	-1.7592644915385443
7.392902821482897e7	6210.756164194957	-17.72950250778818	-1.7765264001494714
7.482902821482897e7	6204.417591399246	-17.735138200546707	-1.794091523984084
7.572902821482897e7	6198.085487623402	-17.74077389330524	-1.811970706085407
7.662902821482897e7	6191.759846265285	-17.746409586063766	-1.8301753817260582
7.752902821482897e7	6186.1568057372515	-17.752241702917583	-1.8453292842142621
7.842902821482897e7	6180.813614542912	-17.758143758313018	-1.8594940310822867
7.932902821482897e7	6175.475038442096	-17.764045813708446	-1.8738623043559868
8.022902821482897e7	6170.141073448558	-17.769947869103877	-1.8884400381485702
8.112902821482897e7	6164.811715579576	-17.77584992449931	-1.9032334299442266
8.202902821482897e7	6159.4869608557765	-17.78175197989474	-1.9182489564178886
8.292902821482897e7	6154.166805301313	-17.78765403529017	-1.933493390460923
8.382902821482897e7	6148.851244943684	-17.793556090685602	-1.9489738195247701
8.472902821482897e7	6143.540275813909	-17.799458146081033	-1.9646976654068922
8.562902821482897e7	6138.233893946346	-17.805360201476464	-1.9806727056172826
8.652902821482897e7	6132.932095378856	-17.811262256871892	-1.9969070964795248
8.742902821482897e7	6127.634876152676	-17.817164312267323	-2.0134093981381556
8.832902821482897e7	6122.342232312489	-17.823066367662754	-2.030188601664284
8.922902821482897e7	6117.054159906345	-17.828968423058186	-2.0472541584743382
9.012902821482897e7	6111.770654985779	-17.834870478453617	-2.0646160123029365
9.102902821482897e7	6107.436531809831	-17.841030540053495	-2.0785983303558107
9.192902821482897e7	6103.242839123921	-17.847228133697428	-2.092236174569401
9.282902821482897e7	6099.052026051782	-17.853425727341364	-2.106062584166105
9.372902821482897e7	6094.864090616117	-17.859623320985296	-2.1200828467879744
9.462902821482897e7	6090.679030840988	-17.865820914629232	-2.134302475653072
9.552902821482897e7	6086.496844751811	-17.872018508273165	-2.1487272225718494
9.642902821482897e7	6082.3175303753615	-17.878216101917097	-2.16336309191614
9.732902821482897e7	6078.141085739766	-17.884413695561033	-2.178216355625664
9.822902821482897e7	6073.967508874507	-17.89061128920497	-2.1932935693459226
9.912902821482897e7	6069.796797810422	-17.8968088828489	-2.2086015898013986
1.0002902821482897e8	6065.628950579696	-17.903006476492834	-2.2241475935193087
1.0092902821482897e8	6061.4639652158685	-17.909204070136767	-2.2399390970318844
1.0182902821482897e8	6057.301839753819	-17.915401663780703	-2.2559839786995344
1.0272902821482897e8	6053.142572229817	-17.921599257424635	-2.2722905023134903
1.0362902821482897e8	6048.9861606814175	-17.92779685106857	-2.2888673426549615
1.0452902821482897e8	6045.017575296658	-17.93405225223157	-2.3038509155521254
1.0542902821482897e8	6041.256934893827	-17.94037186673775	-2.316954513013493
1.0632902821482897e8	6037.498634007155	-17.946691481243924	-2.330232097114737
1.0722902821482897e8	6033.742671181195	-17.953011095750103	-2.3436883504109693
1.0812902821482897e8	6029.989044961448	-17.95933071025628	-2.357328147073278
1.0902902821482897e8	6026.237753894275	-17.965650324762457	-2.371156563488359
1.0992902821482897e8	6022.488796526975	-17.971969939268632	-2.3851788896013724
1.1082902821482897e8	6018.742171407741	-17.978289553774808	-2.3994006410654305
1.1172902821482897e8	6014.997877085677	-17.984609168280983	-2.4138275722675657
1.1262902821482897e8	6011.2559121107715	-17.990928782787165	-2.4284656903081534
1.1352902821482897e8	6007.516275033912	-17.997248397293337	-2.443321270018791
1.1442902821482897e8	6003.778964406912	-18.003568011799516	-2.4584008701125954
1.1532902821482897e8	6000.043978782472	-18.00988762630569	-2.473711350570965
1.1622902821482897e8	5996.3113167141955	-18.01620724081187	-2.489259891382158
1.1712902821482897e8	5992.580976756584	-18.022526855318045	-2.5050540127598215
1.1802902821482897e8	5988.85295746505	-18.02884646982422	-2.521101596983977
1.1892902821482897e8	5985.508748085965	-18.035270498151384	-2.535426404126993
1.1982902821482897e8	5982.505120269038	-18.041787278591745	-2.548174095318086
1.2072902821482897e8	5979.502999722495	-18.048304059032105	-2.561086390721378
1.2162902821482897e8	5976.502385689971	-18.054820839472466	-2.5741675969006046
1.2252902821482897e8	5973.503277415452	-18.06133761991283	-2.587422191672102
1.2342902821482897e8	5970.505674143335	-18.06785440035319	-2.6008548333068395
1.2432902821482897e8	5967.509575118395	-18.074371180793552	-2.6144703703589554
1.2522902821482897e8	5964.514979585755	-18.080887961233913	-2.6282738521726836
1.2612902821482897e8	5961.521886790957	-18.087404741674277	-2.6422705401246467
1.2702902821482897e8	5958.530295979882	-18.093921522114634	-2.6564659196641593
1.2792902821482897e8	5955.54020639882	-18.100438302555	-2.6708657132204903
1.2882902821482897e8	5952.551617294441	-18.10695508299536	-2.6854758940530954
1.2972902821482897e8	5949.564527913768	-18.11347186343572	-2.7003027011287095
1.3062902821482897e8	5946.578937504194	-18.11998864387608	-2.7153526551180427
1.3152902821482897e8	5943.594845313553	-18.126505424316445	-2.730632575614726
1.3242902821482897e8	5940.612250589983	-18.133022204756806	-2.7461495996903236
1.3332902821482897e8	5937.68599559684	-18.139551977587143	-2.7613537666153283
1.3422902821482897e8	5935.054840494889	-18.146151350776105	-2.7737654581405695
1.3512902821482897e8	5932.424851331506	-18.15275072396507	-2.786333137857293
1.3602902821482897e8	5929.796027590041	-18.159350097154032	-2.799060776593398
1.3692902821482897e8	5927.168368754075	-18.165949470342998	-2.8119524987554323
1.3782902821482897e8	5924.541874307384	-18.172548843531963	-2.8250125903520433
1.3872902821482897e8	5921.916543734015	-18.17914821672093	-2.8382455075483284
1.3962902821482897e8	5919.292376518202	-18.185747589909894	-2.8516558857938135
1.4052902821482897e8	5916.66937214445	-18.192346963098856	-2.865248549570846
1.4142902821482897e8	5914.04753009746	-18.198946336287822	-2.8790285228147017
1.4232902821482897e8	5911.426849862164	-18.205545709476787	-2.8930010400617245
1.4322902821482897e8	5908.807330923739	-18.21214508266575	-2.9071715583874016
1.4412902821482897e8	5906.1889727675925	-18.21874445585472	-2.9215457702025143
1.4502902821482897e8	5903.5717748793295	-18.22534382904368	-2.936129616982454
1.4592902821482897e8	5900.955736744812	-18.231943202232646	-2.9509293040125706
1.4682902821482897e8	5898.340857850132	-18.238542575421608	-2.9659513162411524
1.4772902821482897e8	5895.727137681587	-18.245141948610573	-2.9812024353413866
1.4862902821482897e8	5893.221531946389	-18.251788370672834	-2.9955229222402195
1.4952902821482897e8	5890.925494083213	-18.258526547476652	-3.0077466073835057
1.5042902821482897e8	5888.630350771477	-18.26526472428047	-3.020121561982302
1.5132902821482897e8	5886.336101662669	-18.272002901084292	-3.0326515769510607
1.5222902821482897e8	5884.0427464084105	-18.278741077888114	-3.04534058751876
1.5312902821482897e8	5881.75028466044	-18.285479254691932	-3.0581926806482755
1.5402902821482897e8	5879.458716070631	-18.292217431495754	-3.071212102938763
1.5492902821482897e8	5877.168040291026	-18.298955608299572	-3.0844032690492855
1.5582902821482897e8	5874.878256973758	-18.305693785103394	-3.097770770685498
1.5672902821482897e8	5872.589365771128	-18.312431961907215	-3.1113193861951585
1.5762902821482897e8	5870.301366335572	-18.319170138711037	-3.1250540908226467
1.5852902821482897e8	5868.014258319632	-18.325908315514855	-3.1389800676775645
1.5942902821482897e8	5865.728041376026	-18.332646492318677	-3.1531027194779186
1.6032902821482897e8	5863.442715157576	-18.3393846691225	-3.167427681134483
1.6122902821482897e8	5861.158279317238	-18.346122845926317	-3.181960833249686
1.6212902821482897e8	5858.874733508127	-18.35286102273014	-3.196708316611956
1.6302902821482897e8	5856.59207738349	-18.359599199533957	-3.211676547774945
1.6392902821482897e8	5854.421754014544	-18.36637423362257	-3.225871139757075
1.6482902821482897e8	5852.509353301716	-18.373234332404074	-3.2379300491562026
1.6572902821482897e8	5850.59757729217	-18.380094431185576	-3.2501361526570363
1.6662902821482897e8	5848.686425781852	-18.386954529967078	-3.262493088086493
1.6752902821482897e8	5846.775898566753	-18.393814628748583	-3.2750046298211726
1.6842902821482897e8	5844.865995442942	-18.400674727530085	-3.2876746957080925
1.6932902821482897e8	5842.956716206542	-18.407534826311586	-3.300507354429505
1.7022902821482897e8	5841.048060653776	-18.41439492509309	-3.3135068333464446
1.7112902821482897e8	5839.14002858089	-18.421255023874593	-3.326677526858834
1.7202902821482897e8	5837.232619784241	-18.428115122656095	-3.34002400532352
1.7292902821482897e8	5835.32583406022	-18.4349752214376	-3.3535510245755273
1.7382902821482897e8	5833.419671205283	-18.441835320219102	-3.36726353610216
1.7472902821482897e8	5831.514131015984	-18.448695419000607	-3.381166697924421
1.7562902821482897e8	5829.609213288915	-18.45555551778211	-3.3952658862455887
1.7652902821482897e8	5827.704917820732	-18.462415616563614	-3.4095667079327825
1.7742902821482897e8	5825.801244408189	-18.469275715345116	-3.424075013904032
1.7832902821482897e8	5823.898192848065	-18.476135814126618	-3.438796913500855
1.7922902821482897e8	5822.00566031611	-18.48300042388562	-3.4535633061916426
1.8012902821482897e8	5820.284401678142	-18.48994283977477	-3.4654835161383386
1.8102902821482897e8	5818.563651925175	-18.49688525566392	-3.4775475334272654
1.8192902821482897e8	5816.843410906738	-18.503827671553072	-3.489758870303946
1.8282902821482897e8	5815.123678472448	-18.51077008744222	-3.5021211692770486
1.8372902821482897e8	5813.40445447192	-18.51771250333137	-3.514638209640753
1.8462902821482897e8	5811.685738754849	-18.524654919220524	-3.5273139144105206
1.8552902821482897e8	5809.967531170962	-18.531597335109673	-3.540152357704119
1.8642902821482897e8	5808.24983157004	-18.538539750998822	-3.5531577726026433
1.8732902821482897e8	5806.532639801892	-18.54548216688797	-3.566334559529489
1.8822902821482897e8	5804.815955716367	-18.552424582777125	-3.579687295188777
1.8912902821482897e8	5803.09977916338	-18.559366998666274	-3.5932207421086595
1.9002902821482897e8	5801.38410999289	-18.566309414555423	-3.6069398588393056
1.9092902821482897e8	5799.668948054873	-18.573251830444573	-3.62084981086021
1.9182902821482897e8	5797.954293199376	-18.580194246333726	-3.634955982256859
1.9272902821482897e8	5796.240145276491	-18.587136662222875	-3.6492639882328253
1.9362902821482897e8	5794.5265041363255	-18.594079078112024	-3.6637796885300338
1.9452902821482897e8	5792.81336962906	-18.601021494001174	-3.6785092018374956
1.9542902821482897e8	5791.210746134463	-18.608009070844346	-3.6912401184701293
1.9632902821482897e8	5789.655636590492	-18.615015976995462	-3.703174737877942
1.9722902821482897e8	5788.100944638927	-18.62202288314657	-3.715253514620838
1.9812902821482897e8	5786.546670167664	-18.629029789297686	-3.727479973852625
1.9902902821482897e8	5784.992813064557	-18.636036695448794	-3.739857771632926
1.9992902821482897e8	5783.43937321756	-18.643043601599906	-3.7523907014900493
2.0082902821482897e8	5781.886350514628	-18.65005050775102	-3.7650827014003565
2.0172902821482897e8	5780.333744843714	-18.65705741390213	-3.7779378612162757
2.0262902821482897e8	5778.781556092876	-18.664064320053242	-3.7909604305779983
2.0352902821482897e8	5777.229784150126	-18.671071226204354	-3.804154827347165
2.0442902821482897e8	5775.678428903549	-18.678078132355466	-3.8175256466044214
2.0532902821482897e8	5774.127490241251	-18.68508503850658	-3.8310776702566884
2.0622902821482897e8	5772.576968051376	-18.692091944657694	-3.8448158773044225
2.0712902821482897e8	5771.026862222059	-18.699098850808802	-3.8587454548240188
2.0802902821482897e8	5769.477172641526	-18.706105756959914	-3.8728718097259844
2.0892902821482897e8	5767.927899198001	-18.713112663111026	-3.887200581355585
2.0982902821482897e8	5766.379041779709	-18.72011956926214	-3.9017376550094447
2.1072902821482897e8	5764.863856813534	-18.727135277352986	-3.9157504594241557
2.1162902821482897e8	5763.455176598215	-18.734179075505907	-3.927574904066726
2.1252902821482897e8	5762.046840602648	-18.741222873658828	-3.939540840935706
2.1342902821482897e8	5760.638848742711	-18.74826667181175	-3.9516516972974443
2.1432902821482897e8	5759.231200934322	-18.75531046996467	-3.9639110264708712
2.1522902821482897e8	5757.82389709339	-18.762354268117587	-3.9763225140858123
2.1612902821482897e8	5756.416937135874	-18.769398066270508	-3.9888899847345782
2.1702902821482897e8	5755.0103209777435	-18.776441864423425	-4.001617409046876
2.1792902821482897e8	5753.604048534991	-18.783485662576346	-4.014508911220776
2.1882902821482897e8	5752.1981197236255	-18.790529460729267	-4.027568777045487
2.1972902821482897e8	5750.79253445968	-18.79757325888219	-4.040801462454973
2.2062902821482897e8	5749.387292659206	-18.80461705703511	-4.054211602655147
2.2152902821482897e8	5747.9823942382845	-18.81166085518803	-4.067804021871407
2.2242902821482897e8	5746.577839112982	-18.818704653340948	-4.081583743767816
2.2332902821482897e8	5745.173627199449	-18.82574845149387	-4.095556002594246
2.2422902821482897e8	5743.76975841378	-18.832792249646786	-4.109726255123354
2.2512902821482897e8	5742.3662326721715	-18.839836047799707	-4.124100193445557
2.2602902821482897e8	5740.963049890766	-18.84687984595263	-4.138683758697054
2.2692902821482897e8	5739.642224072489	-18.853992515648265	-4.151427399129001
2.2782902821482897e8	5738.362098014723	-18.86113911533173	-4.163311178166739
2.2872902821482897e8	5737.082257466528	-18.868285715015194	-4.175337881592796
2.2962902821482897e8	5735.802702364214	-18.87543231469866	-4.187510989159476
2.3052902821482897e8	5734.523432644119	-18.882578914382126	-4.19983410926807
2.3142902821482897e8	5733.244448242592	-18.88972551406559	-4.2123109853897285
2.3232902821482897e8	5731.965749095998	-18.896872113749055	-4.224945502891976
2.3322902821482897e8	5730.687335140717	-18.904018713432517	-4.237741696302035
2.3412902821482897e8	5729.40920631314	-18.911165313115983	-4.250703757040917
2.3502902821482897e8	5728.131362549677	-18.918311912799446	-4.263836041665367
2.3592902821482897e8	5726.853803786737	-18.925458512482912	-4.277143080658244
2.3682902821482897e8	5725.576529960788	-18.932605112166378	-4.290629587811695
2.3772902821482897e8	5724.299541008248	-18.939751711849844	-4.304300470251752
2.3862902821482897e8	5723.022836865591	-18.946898311533307	-4.3181608391577155
2.3952902821482897e8	5721.746417469307	-18.954044911216773	-4.332216021234908
2.4042902821482897e8	5720.470282755856	-18.961191510900235	-4.346471571005245
2.4132902821482897e8	5719.194432661776	-18.9683381105837	-4.360933283986594
2.4222902821482897e8	5717.930875236585	-18.97548016797705	-4.374941801350342
2.4312902821482897e8	5716.710058555747	-18.982606160020964	-4.386765863801697
2.4402902821482897e8	5715.489502527479	-18.989732152064878	-4.39873140927812
2.4492902821482897e8	5714.2692070961375	-18.99685814410879	-4.410841864709622
2.4582902821482897e8	5713.049172206053	-19.003984136152702	-4.423100783062205
2.4672902821482897e8	5711.829397801631	-19.011110128196613	-4.435511849595134
2.4762902821482897e8	5710.609883827254	-19.018236120240523	-4.448078888511414
2.4852902821482897e8	5709.390630227298	-19.025362112284437	-4.4608058700315025
2.4942902821482897e8	5708.171636946183	-19.03248810432835	-4.473696917922979
2.5032902821482897e8	5706.952903928327	-19.03961409637226	-4.486756317521923
2.5122902821482897e8	5705.734431118164	-19.046740088416175	-4.499988524285032
2.5212902821482897e8	5704.516218460137	-19.053866080460086	-4.513398172915176
2.5302902821482897e8	5703.298265898702	-19.060992072504	-4.526990087107173
2.5392902821482897e8	5702.080573378337	-19.06811806454791	-4.540769289965061
2.5482902821482897e8	5700.8631408435	-19.075244056591824	-4.554741015147167
2.5572902821482897e8	5699.645968238685	-19.082370048635738	-4.568910718800836
2.5662902821482897e8	5698.429055508423	-19.08949604067965	-4.5832840923549645
2.5752902821482897e8	5697.212402597199	-19.09662203272356	-4.597867076245354
2.5842902821482897e8	5696.040777402065	-19.10378622286631	-4.610670936141618
2.5932902821482897e8	5694.892349592057	-19.110970004425152	-4.62260589175831
2.6022902821482897e8	5693.744153326454	-19.118153785983992	-4.6346850128814365
2.6112902821482897e8	5692.596188558593	-19.12533756754283	-4.646911824966369
2.6202902821482897e8	5691.448455241781	-19.132521349101673	-4.65928998438932
2.6292902821482897e8	5690.300953329362	-19.13970513066051	-4.671823285011154
2.6382902821482897e8	5689.1536827746895	-19.14688891221935	-4.684515665157787
2.6472902821482897e8	5688.00664353111	-19.15407269377819	-4.697371215049285
2.6562902821482897e8	5686.859835551975	-19.161256475337026	-4.710394184712756
2.6652902821482897e8	5685.713258790678	-19.16844025689587	-4.723588992417316
2.6742902821482897e8	5684.566913200591	-19.175624038454707	-4.736960233673021
2.6832902821482897e8	5683.420798735096	-19.182807820013547	-4.750512690839644
2.6922902821482897e8	5682.274915347603	-19.189991601572384	-4.764251343395546
2.7012902821482897e8	5681.129262991523	-19.197175383131224	-4.778181378921844
2.7102902821482897e8	5679.9838416202865	-19.204359164690064	-4.79230820486249
2.7192902821482897e8	5678.838651187311	-19.2115429462489	-4.8066374611269875
2.7282902821482897e8	5677.693691646027	-19.21872672780774	-4.821175033609251
2.7372902821482897e8	5676.551492858943	-19.225918921734152	-4.835271292708532
2.7462902821482897e8	5675.418527614563	-19.23314106066144	-4.847204732355654
2.7552902821482897e8	5674.285788495201	-19.240363199588725	-4.859282300666351
2.7642902821482897e8	5673.153275455714	-19.24758533851601	-4.871507521736378
2.7732902821482897e8	5672.020988450969	-19.254807477443297	-4.883884050514594
2.7822902821482897e8	5670.8889274358735	-19.262029616370583	-4.896415679362513
2.7912902821482897e8	5669.757092365313	-19.269251755297866	-4.909106345030092
2.8002902821482897e8	5668.625483194191	-19.276473894225155	-4.921960136079887
2.8092902821482897e8	5667.494099877411	-19.283696033152438	-4.934981300794594
2.8182902821482897e8	5666.362942369916	-19.290918172079728	-4.94817425560624
2.8272902821482897e8	5665.232010626627	-19.29814031100701	-4.961543594088888
2.8362902821482897e8	5664.1013046024755	-19.305362449934293	-4.9750940965606585
2.8452902821482897e8	5662.970824252429	-19.312584588861583	-4.988830740345296
2.8542902821482897e8	5661.840569531428	-19.319806727788865	-5.002758710748417
2.8632902821482897e8	5660.710540394458	-19.327028866716155	-5.016883412808983
2.8722902821482897e8	5659.580736796487	-19.334251005643434	-5.031210483892685
2.8812902821482897e8	5658.451158692499	-19.341473144570724	-5.045745807200626
2.8902902821482897e8	5657.321806037479	-19.348695283498007	-5.060495526274357
2.8992902821482897e8	5656.1914398697445	-19.355982813549463	-5.072773977047531
2.9082902821482897e8	5655.061149789974	-19.363278249955638	-5.0848759938153245
2.9172902821482897e8	5653.931085578736	-19.370573686361812	-5.097126265406919
2.9262902821482897e8	5652.801247190897	-19.37786912276799	-5.109528469287969
2.9352902821482897e8	5651.671634581327	-19.385164559174164	-5.122086421473776
2.9442902821482897e8	5650.5422477049015	-19.39245999558034	-5.13480408357776
2.9532902821482897e8	5649.413086516529	-19.399755431986513	-5.147685570313945
2.9622902821482897e8	5648.284150971101	-19.407050868392687	-5.160735157488998
2.9712902821482897e8	5647.155441023526	-19.414346304798865	-5.1739572905226625
2.9802902821482897e8	5646.026956628723	-19.421641741205043	-5.187356593539074
2.9892902821482897e8	5644.898697741619	-19.428937177611218	-5.200937879075477
2.9982902821482897e8	5643.7706643171505	-19.436232614017392	-5.2147061584593555
3.0072902821482897e8	5642.642856310252	-19.443528050423566	-5.228666652909975
3.0162902821482897e8	5641.515273675899	-19.45082348682974	-5.2428248054258635
3.0252902821482897e8	5640.3879163690435	-19.45811892323592	-5.257186293525981
3.0342902821482897e8	5639.2607843446585	-19.465414359642093	-5.2717570429192095
3.0432902821482897e8	5638.133877557725	-19.47270979604827	-5.2865432421845195
3.0522902821482897e8	5637.004075051323	-19.479980582432187	-5.299162435881194
3.0612902821482897e8	5635.8736816379505	-19.4872449121798	-5.311310083278325
3.0702902821482897e8	5634.743514903371	-19.494509241927418	-5.323607112510136
3.0792902821482897e8	5633.613574802125	-19.50177357167503	-5.336057243317729
3.0882902821482897e8	5632.483861288778	-19.509037901422648	-5.348664336133023
3.0972902821482897e8	5631.354374317871	-19.51630223117026	-5.361432399264527
3.1062902821482897e8	5630.225113843984	-19.523566560917875	-5.374365596547828
3.1152902821482897e8	5629.0960798217	-19.53083089066549	-5.387468255497308
3.1242902821482897e8	5627.9672722056075	-19.538095220413105	-5.4007448759990515
3.1332902821482897e8	5626.838690950314	-19.545359550160722	-5.414200139588607
3.1422902821482897e8	5625.710336010398	-19.552623879908335	-5.427838919361493
3.1512902821482897e8	5624.582207340516	-19.55988820965595	-5.441666290568936
3.1602902821482897e8	5623.454304895265	-19.567152539403565	-5.455687541956486
3.1692902821482897e8	5622.326628629288	-19.57441686915118	-5.469908187908923
3.1782902821482897e8	5621.199178497241	-19.581681198898792	-5.4843339814712255
3.1872902821482897e8	5620.071954453755	-19.58894552864641	-5.498970928322559
3.1962902821482897e8	5618.944956453505	-19.596209858394023	-5.513825301788233
3.2052902821482897e8	5617.806134114739	-19.603482092361148	-5.526807515919998
3.2142902821482897e8	5616.662227298206	-19.6107578135167	-5.5390248847571
3.2232902821482897e8	5615.518553405838	-19.618033534672247	-5.551393365791828
3.2322902821482897e8	5614.3751123902175	-19.625309255827794	-5.563916743991698
3.2412902821482897e8	5613.231904203905	-19.632584976983345	-5.576598948335069
3.2502902821482897e8	5612.088928799501	-19.639860698138893	-5.5894440592108765
3.2592902821482897e8	5610.946186129619	-19.64713641929444	-5.602456316299839
3.2682902821482897e8	5609.803676146845	-19.654412140449992	-5.615640126975219
3.2772902821482897e8	5608.661398803811	-19.661687861605543	-5.629000075264792
3.2862902821482897e8	5607.519354053146	-19.66896358276109	-5.642540931419629
3.2952902821482897e8	5606.377541847501	-19.67623930391664	-5.656267662139664
3.3042902821482897e8	5605.235962139502	-19.68351502507219	-5.670185441510903
3.3132902821482897e8	5604.094614881818	-19.690790746227737	-5.68429966271455
3.3222902821482897e8	5602.95350002712	-19.69806646738329	-5.698615950574352
3.3312902821482897e8	5601.812617528092	-19.70534218853884	-5.713140175015225
3.3402902821482897e8	5600.671967337403	-19.712617909694387	-5.727878465513754
3.3492902821482897e8	5599.53154940777	-19.71989363084994	-5.742837226629595
3.3582902821482897e8	5598.356448520086	-19.727205400856597	-5.75586751447183
3.3672902821482897e8	5597.167283171554	-19.734531949767224	-5.768175709073059
3.3762902821482897e8	5595.978370417565	-19.741858498677846	-5.780637285137982
3.3852902821482897e8	5594.789710204463	-19.74918504758847	-5.793256113756237
3.3942902821482897e8	5593.601302478585	-19.756511596499095	-5.806036214442113
3.4032902821482897e8	5592.413147186301	-19.76383814540972	-5.81898176282073
3.4122902821482897e8	5591.225244274018	-19.771164694320348	-5.83209709881827
3.4212902821482897e8	5590.037593688089	-19.778491243230974	-5.845386735396485
3.4302902821482897e8	5588.8501953749565	-19.7858177921416	-5.858855367875447
3.4392902821482897e8	5587.663049280994	-19.793144341052226	-5.872507883892754
3.4482902821482897e8	5586.476155352657	-19.80047088996285	-5.886349374052024
3.4572902821482897e8	5585.2895135363815	-19.807797438873475	-5.90038514331876
3.4662902821482897e8	5584.103123778596	-19.8151239877841	-5.914620723227408
3.4752902821482897e8	5582.91698602576	-19.822450536694724	-5.92906188496991
3.4842902821482897e8	5581.731100224364	-19.82977708560535	-5.943714653443255
3.4932902821482897e8	5580.545466320881	-19.837103634515977	-5.958585322341614
3.5022902821482897e8	5579.360084261813	-19.844430183426603	-5.973680470387651
3.5112902821482897e8	5578.140437752915	-19.851764558782964	-5.986094115799166
3.5202902821482897e8	5576.919215087076	-19.859099352074473	-5.998506524874205
3.5292902821482897e8	5575.698259783587	-19.866434145365986	-6.0110749402909445
3.5382902821482897e8	5574.477571783937	-19.8737689386575	-6.02380333357476
3.5472902821482897e8	5573.257151029592	-19.881103731949008	-6.036695829865879
3.5562902821482897e8	5572.036997462047	-19.888438525240517	-6.049756715945209
3.5652902821482897e8	5570.817111022796	-19.89577331853203	-6.062990448791255
3.5742902821482897e8	5569.597491653376	-19.903108111823542	-6.07640166471088
3.5832902821482897e8	5568.378139295307	-19.910442905115055	-6.089995189090701
3.5922902821482897e8	5567.159053890124	-19.91777769840656	-6.103776046820457
3.6012902821482897e8	5565.94023537941	-19.925112491698073	-6.117749473444669
3.6102902821482897e8	5564.721683704696	-19.932447284989586	-6.131920927104563
3.6192902821482897e8	5563.503398807594	-19.939782078281095	-6.146296101338376
3.6282902821482897e8	5562.285380629687	-19.947116871572604	-6.160880938815211
3.6372902821482897e8	5561.067629112583	-19.954451664864116	-6.175681646085325
3.6462902821482897e8	5559.8501441978915	-19.961786458155625	-6.190704709438493
3.6552902821482897e8	5558.6180954190995	-19.969122806170578	-6.205034785225786
3.6642902821482897e8	5557.351983939527	-19.976462754532598	-6.217409856540064
3.6732902821482897e8	5556.086160847869	-19.983802702894614	-6.229939991167613
3.6822902821482897e8	5554.820626078447	-19.99114265125663	-6.242629124450168
3.6912902821482897e8	5553.555379565581	-19.998482599618647	-6.255481343469198
3.7002902821482897e8	5552.290421243601	-20.005822547980664	-6.268500894948665
3.7092902821482897e8	5551.025751046875	-20.01316249634268	-6.281692193679071
3.7182902821482897e8	5549.761368909775	-20.020502444704697	-6.295059831504582
3.7272902821482897e8	5548.497274766701	-20.027842393066713	-6.308608586919025
3.7362902821482897e8	5547.233468552042	-20.035182341428733	-6.322343435320931
3.7452902821482897e8	5545.969950200198	-20.04252228979075	-6.3362695599827
3.7542902821482897e8	5544.706719645638	-20.049862238152766	-6.350392363794397
3.7632902821482897e8	5543.443776822783	-20.05720218651478	-6.364717481848784
3.7722902821482897e8	5542.181121666102	-20.0645421348768	-6.379250794940935
3.7812902821482897e8	5540.918754110083	-20.07188208323882	-6.393998444063374
3.7902902821482897e8	5539.656674089198	-20.079222031600835	-6.408966845986158
3.7992902821482897e8	5538.394881537974	-20.086561979962852	-6.4241627100208305
3.8082902821482897e8	5537.07875157669	-20.093951507282824	-6.437217837412885
3.8172902821482897e8	5535.7462763072745	-20.101356157608418	-6.44971264086041
3.8262902821482897e8	5534.414121692572	-20.108760807934015	-6.462365541902356
3.8352902821482897e8	5533.082287655399	-20.116165458259605	-6.475180592704952
3.8442902821482897e8	5531.750774118629	-20.1235701085852	-6.4881620032494105
3.8532902821482897e8	5530.419581005115	-20.130974758910792	-6.501314149634812
3.8622902821482897e8	5529.088708237769	-20.138379409236386	-6.514641582934307
3.8712902821482897e8	5527.758155739491	-20.145784059561983	-6.5281490386495005
3.8802902821482897e8	5526.427923433199	-20.153188709887576	-6.541841446812133
3.8892902821482897e8	5525.098011241859	-20.16059336021317	-6.555723942787007
3.8982902821482897e8	5523.768419088429	-20.167998010538764	-6.569801878835393
3.9072902821482897e8	5522.439146895883	-20.17540266086436	-6.58408083650406
3.9162902821482897e8	5521.110194587242	-20.182807311189954	-6.598566639911714
3.9252902821482897e8	5519.781562085508	-20.190211961515544	-6.613265370011982
3.9342902821482897e8	5518.453249313741	-20.19761661184114	-6.62818337992038
3.9432902821482897e8	5517.12525619499	-20.205021262166735	-6.643327311401923
3.9522902821482897e8	5515.784046401969	-20.212411386803677	-6.6572984570307225
3.9612902821482897e8	5514.426872196921	-20.21978402592487	-6.669754014271094
3.9702902821482897e8	5513.070031928409	-20.22715666504606	-6.68236667123893
3.9792902821482897e8	5511.7135255142675	-20.234529304167253	-6.695140441553004
3.9882902821482897e8	5510.357352872342	-20.241901943288447	-6.708079494635721
3.9972902821482897e8	5509.001513920526	-20.24927458240964	-6.72118816388309
4.0062902821482897e8	5507.646008576703	-20.256647221530834	-6.734470955377326
4.0152902821482897e8	5506.29083675879	-20.264019860652027	-6.747932557185927
4.0242902821482897e8	5504.935998384721	-20.27139249977322	-6.761577849295241
4.0332902821482897e8	5503.5814933724505	-20.278765138894414	-6.7754119142311895
4.0422902821482897e8	5502.227321639944	-20.286137778015604	-6.789440048424997
4.0512902821482897e8	5500.873483105219	-20.293510417136797	-6.803667774387531
4.0602902821482897e8	5499.519977686279	-20.30088305625799	-6.818100853762276
4.0692902821482897e8	5498.166805301171	-20.308255695379184	-6.832745301334164
4.0782902821482897e8	5496.81396586792	-20.315628334500378	-6.84760740007949
4.0872902821482897e8	5495.461459304634	-20.32300097362157	-6.862693717351183
4.0962902821482897e8	5494.105828179893	-20.33031675611133	-6.87735814914985
4.1052902821482897e8	5492.729483889017	-20.33728632187966	-6.888214501395965
4.1142902821482897e8	5491.353484390107	-20.344255887647993	-6.899190008799679
4.1232902821482897e8	5489.977829596808	-20.351225453416326	-6.910287316017166
4.1322902821482897e8	5488.602519422748	-20.35819501918466	-6.921509156741073
4.1412902821482897e8	5487.227553781615	-20.365164584952993	-6.932858357742661
4.1502902821482897e8	5485.852932587088	-20.372134150721322	-6.944337843145963
4.1592902821482897e8	5484.4786557528705	-20.37910371648966	-6.955950638950136
4.1682902821482897e8	5483.104723192704	-20.38607328225799	-6.967699877817495
4.1772902821482897e8	5481.731134820355	-20.393042848026322	-6.979588804146184
4.1862902821482897e8	5480.357890549589	-20.400012413794656	-6.991620779448044
4.1952902821482897e8	5478.984990294195	-20.406981979562985	-7.003799288053963
4.2042902821482897e8	5477.612433968002	-20.41395154533132	-7.01612794317095
4.2132902821482897e8	5476.240221484861	-20.420921111099652	-7.028610493317272
4.2222902821482897e8	5474.8683527586245	-20.427890676867985	-7.041250829164321
4.2312902821482897e8	5473.496827703169	-20.43486024263632	-7.054052990816474
4.2402902821482897e8	5472.125646232419	-20.441829808404652	-7.067021175563008
4.2492902821482897e8	5470.7548082602925	-20.448799374172985	-7.080159746139303
4.2582902821482897e8	5469.384313700729	-20.455768939941315	-7.0934732395380085
4.2672902821482897e8	5468.014162467708	-20.462738505709652	-7.106966376414699
4.2762902821482897e8	5466.644354475233	-20.46970807147798	-7.120644071136831
4.2852902821482897e8	5465.274889637298	-20.476677637246315	-7.134511442529496
4.2942902821482897e8	5463.9057678679565	-20.483647203014648	-7.148573825376812
4.3032902821482897e8	5462.536989081248	-20.490616768782978	-7.162836782743575
4.3122902821482897e8	5461.168553191259	-20.49758633455131	-7.17730611918844
4.3212902821482897e8	5459.80046011211	-20.504555900319644	-7.19198789494713
4.3302902821482897e8	5458.432709757883	-20.511525466087978	-7.206888441172443
4.3392902821482897e8	5457.065302042741	-20.51849503185631	-7.222014376326946
4.3482902821482897e8	5455.698236880857	-20.52546459762464	-7.237372623834617
4.3572902821482897e8	5454.331514186408	-20.532434163392978	-7.252970431109244
4.3662902821482897e8	5452.965133873592	-20.539403729161307	-7.268815390090496
4.3752902821482897e8	5451.599095856657	-20.54637329492964	-7.284915459433338
4.3842902821482897e8	5450.233400049845	-20.553342860697974	-7.301278988513108
4.3932902821482897e8	5448.868046367406	-20.560312426466304	-7.317914743427536
4.4022902821482897e8	5447.503034723675	-20.56728199223464	-7.334831935198414
4.4112902821482897e8	5446.067473691638	-20.5742657181939	-7.347110378789877
4.4202902821482897e8	5444.61206366983	-20.581253485553614	-7.358121359510381
4.4292902821482897e8	5443.157042592566	-20.58824125291333	-7.369254933046842
4.4382902821482897e8	5441.702410355941	-20.595229020273045	-7.380513859983731
4.4472902821482897e8	5440.248166856014	-20.602216787632763	-7.3919009952139545
4.4562902821482897e8	5438.794311988907	-20.609204554992477	-7.403419292284132
4.4652902821482897e8	5437.340845650762	-20.61619232235219	-7.415071807993053
4.4742902821482897e8	5435.8877677377595	-20.623180089711905	-7.426861707261228
4.4832902821482897e8	5434.435078146075	-20.63016785707162	-7.438792268290936
4.4922902821482897e8	5432.982776771944	-20.637155624431337	-7.4508668880378215
4.5012902821482897e8	5431.53086351162	-20.64414339179105	-7.463089088016882
4.5102902821482897e8	5430.079338261391	-20.651131159150765	-7.4754625204676834
4.5192902821482897e8	5428.628200917547	-20.658118926510483	-7.487990974905798
4.5282902821482897e8	5427.177451376441	-20.6651066938702	-7.500678385089874
4.5372902821482897e8	5425.72708953442	-20.67209446122991	-7.513528836436388
4.5462902821482897e8	5424.277115287883	-20.67908222858963	-7.526546573917041
4.5552902821482897e8	5422.827528533249	-20.686069995949342	-7.539736010477006
4.5642902821482897e8	5421.378329166964	-20.693057763309056	-7.5531017360158
4.5732902821482897e8	5419.929517085513	-20.700045530668774	-7.566648526976498
4.5822902821482897e8	5418.481092185378	-20.707033298028488	-7.580381356593442
4.5912902821482897e8	5417.033054363098	-20.714021065388202	-7.594305405853453
4.6002902821482897e8	5415.585403515239	-20.72100883274792	-7.608426075231001
4.6092902821482897e8	5414.138139538358	-20.727996600107634	-7.622748997263846
4.6182902821482897e8	5412.6912623291055	-20.73498436746735	-7.637280050042462
4.6272902821482897e8	5411.244771784092	-20.741972134827066	-7.652025371694055
4.6362902821482897e8	5409.798667799996	-20.74895990218678	-7.666991375950531
4.6452902821482897e8	5408.352950273521	-20.755947669546494	-7.6821847688992175
4.6542902821482897e8	5406.907619101362	-20.76293543690621	-7.697612567025847
4.6632902821482897e8	5405.462674180308	-20.76992320426593	-7.7132821166713015
4.6722902821482897e8	5404.018115407107	-20.77691097162564	-7.729201115037172
4.6812902821482897e8	5402.573942678585	-20.783898738985357	-7.7453776328904835
4.6902902821482897e8	5401.130155891556	-20.79088650634507	-7.761820139135224
4.6992902821482897e8	5399.68675494289	-20.797874273704785	-7.778537527437978
4.7082902821482897e8	5398.243739729485	-20.804862041064503	-7.795539145117189
4.7172902821482897e8	5396.765745925608	-20.811864980235747	-7.809706205766082
4.7262902821482897e8	5395.250538717936	-20.8188840626821	-7.820710677788558
4.7352902821482897e8	5393.735756923001	-20.82590314512845	-7.8318375969308525
4.7442902821482897e8	5392.221400421351	-20.8329222275748	-7.8430897188299875
4.7532902821482897e8	5390.707469093602	-20.839941310021153	-7.854469893204852
4.7622902821482897e8	5389.193962820371	-20.846960392467505	-7.8659810681883595
4.7712902821482897e8	5387.680881482307	-20.853979474913857	-7.877626294911867
4.7802902821482897e8	5386.168224960126	-20.860998557360208	-7.889408732359678
4.7892902821482897e8	5384.6559931345455	-20.86801763980656	-7.901331652512977
4.7982902821482897e8	5383.144185886326	-20.875036722252915	-7.913398445804115
4.8072902821482897e8	5381.632803096254	-20.882055804699263	-7.925612626904036
4.8162902821482897e8	5380.121844645177	-20.889074887145615	-7.937977840867518
4.8252902821482897e8	5378.611310413945	-20.896093969591966	-7.950497869663148
4.8342902821482897e8	5377.101200283455	-20.90311305203832	-7.963176639117275
4.8432902821482897e8	5375.591514134635	-20.91013213448467	-7.976018226303854
4.8522902821482897e8	5374.082251848437	-20.917151216931025	-7.989026867414971
4.8612902821482897e8	5372.573413305877	-20.924170299377373	-8.002206966150098
4.8702902821482897e8	5371.064998387964	-20.931189381823724	-8.015563102665599
4.8792902821482897e8	5369.557006975788	-20.938208464270076	-8.02910004313005
4.8882902821482897e8	5368.049438950407	-20.94522754671643	-8.042822749935228
4.8972902821482897e8	5366.54229419298	-20.95224662916278	-8.05673639261749
4.9062902821482897e8	5365.035572584658	-20.959265711609135	-8.070846359549755
4.9152902821482897e8	5363.529274006629	-20.966284794055483	-8.085158270470203
4.9242902821482897e8	5362.0233983401395	-20.973303876501834	-8.099677989920613
4.9332902821482897e8	5360.517945466443	-20.980322958948186	-8.114411641674783
4.9422902821482897e8	5359.012915266835	-20.98734204139454	-8.12936562424585
4.9512902821482897e8	5357.5083076226365	-20.99436112384089	-8.144546627570785
4.9602902821482897e8	5356.004122415228	-21.001380206287244	-8.159961650981007
4.9692902821482897e8	5354.500359525996	-21.008399288733596	-8.175618022579867
4.9782902821482897e8	5352.997018836359	-21.015418371179944	-8.191523420161346
4.9872902821482897e8	5351.4941002278	-21.022437453626296	-8.207685893819413
4.9962902821482897e8	5349.991603581804	-21.02945653607265	-8.224113890414698
5.0052902821482897e8	5348.489528779901	-21.036475618519002	-8.240816280084683
5.0142902821482897e8	5346.987875703642	-21.043494700965354	-8.257802385005641
5.0232902821482897e8	5345.48639338177	-21.050514254134917	-8.275023686969075
5.0322902821482897e8	5343.957398707106	-21.057586240039434	-8.285957340613395
5.0412902821482897e8	5342.428841378008	-21.06465822594395	-8.297011861780756
5.0502902821482897e8	5340.900721269369	-21.071730211848468	-8.30818995266282
5.0592902821482897e8	5339.37303825612	-21.078802197752985	-8.319494407094517
5.0682902821482897e8	5337.845792213245	-21.085874183657502	-8.330928114745515
5.0772902821482897e8	5336.318983015765	-21.09294616956202	-8.342494065554092
5.0862902821482897e8	5334.79261053871	-21.100018155466532	-8.354195354420433
5.0952902821482897e8	5333.2666746571695	-21.107090141371053	-8.366035186177779
5.1042902821482897e8	5331.741175246273	-21.11416212727557	-8.378016880861404
5.1132902821482897e8	5330.216112181155	-21.121234113180087	-8.390143879297112
5.1222902821482897e8	5328.691485337026	-21.1283060990846	-8.402419749032754
5.1312902821482897e8	5327.167294589091	-21.13537808498912	-8.414848190638372
5.1402902821482897e8	5325.643539812631	-21.142450070893638	-8.427433044402804
5.1492902821482897e8	5324.120220882925	-21.14952205679815	-8.440178297457063
5.1582902821482897e8	5322.597337675314	-21.156594042702668	-8.453088091357554
5.1672902821482897e8	5321.074890065175	-21.163666028607185	-8.466166730165213
5.1762902821482897e8	5319.552877927905	-21.1707380145117	-8.479418689060015
5.1852902821482897e8	5318.031301138932	-21.17781000041622	-8.492848623533972
5.1942902821482897e8	5316.5101595737415	-21.184881986320736	-8.506461379209897
5.2032902821482897e8	5314.989453107844	-21.191953972225253	-8.520262002337747
5.2122902821482897e8	5313.469181616796	-21.199025958129766	-8.534255751025423
5.2212902821482897e8	5311.949344976161	-21.206097944034287	-8.54844810726662
5.2302902821482897e8	5310.429943061575	-21.2131699299388	-8.562844789834518
5.2392902821482897e8	5308.910975748672	-21.220241915843317	-8.577451768117283
5.2482902821482897e8	5307.39244291316	-21.227313901747834	-8.59227527697908
5.2572902821482897e8	5305.874344430746	-21.23438588765235	-8.607321832739231
5.2662902821482897e8	5304.356680177207	-21.241457873556868	-8.622598250372013
5.2752902821482897e8	5302.83945002831	-21.248529859461385	-8.638111662040721
5.2842902821482897e8	5301.322653859925	-21.2556018453659	-8.653869537092161
5.2932902821482897e8	5299.8062915478895	-21.262673831270416	-8.669879703651873
5.3022902821482897e8	5298.290362968124	-21.269745817174936	-8.6861503719764
5.3112902821482897e8	5296.774867996558	-21.276817803079453	-8.702690159736958
5.3202902821482897e8	5295.259806509153	-21.283889788983966	-8.719508119429461
5.3292902821482897e8	5293.74517838193	-21.290961774888483	-8.736613768129123
5.3382902821482897e8	5292.23362820638	-21.29803985367849	-8.753269844396408
5.3472902821482897e8	5290.74354957309	-21.305166417942555	-8.764180322802266
5.3562902821482897e8	5289.253890485597	-21.312292982206614	-8.775211154061424
5.3652902821482897e8	5287.764650825767	-21.319419546470677	-8.786365023028546
5.37429028214829e8	5286.275830475495	-21.32654611073474	-8.797644705414049
5.38329028214829e8	5284.787429316741	-21.3336726749988	-8.809053071930338
5.39229028214829e8	5283.299447231457	-21.340799239262864	-8.82059309267729
5.40129028214829e8	5281.8118841016685	-21.347925803526927	-8.832267841783764
5.41029028214829e8	5280.324739809396	-21.355052367790986	-8.844080502323251
5.41929028214829e8	5278.8380142367305	-21.36217893205505	-8.856034371523359
5.42829028214829e8	5277.351707265758	-21.369305496319107	-8.868132866290441
5.43729028214829e8	5275.865818778637	-21.37643206058317	-8.880379529072552
5.44629028214829e8	5274.380348657521	-21.383558624847232	-8.892778034085865
5.45529028214829e8	5272.895296784632	-21.390685189111295	-8.905332193931958
5.46429028214829e8	5271.41066304219	-21.397811753375358	-8.9180459666358
5.47329028214829e8	5269.926447312478	-21.40493831763942	-8.930923463136894
5.48229028214829e8	5268.442649477806	-21.412064881903483	-8.9439689552691
5.49129028214829e8	5266.959269420507	-21.419191446167545	-8.957186884267879
5.50029028214829e8	5265.476307022938	-21.4263180104316	-8.970581869847344
5.50929028214829e8	5263.993762167515	-21.433444574695667	-8.98415871989355
5.51829028214829e8	5262.511634736685	-21.44057113895973	-8.997922440824908
5.52729028214829e8	5261.029924612906	-21.447697703223792	-9.011878248675597
5.53629028214829e8	5259.548631678674	-21.454824267487854	-9.02603158096338
5.54529028214829e8	5258.0677558165335	-21.461950831751913	-9.04038810940939
5.55429028214829e8	5256.587296909064	-21.469077396015976	-9.054953753584346
5.56329028214829e8	5255.107254838849	-21.47620396028004	-9.06973469556339
5.57229028214829e8	5253.627629488544	-21.4833305245441	-9.084737395680326
5.58129028214829e8	5252.148420740805	-21.490457088808164	-9.099968609481751
5.59029028214829e8	5250.6696284783275	-21.497583653072226	-9.115435405992445
5.59929028214829e8	5249.1912525838625	-21.504710217336285	-9.131145187415616
5.60829028214829e8	5247.713292940161	-21.511836781600344	-9.147105710405459
5.61729028214829e8	5246.235749430041	-21.51896334586441	-9.163325109065015
5.62629028214829e8	5244.758621936308	-21.52608991012847	-9.179811919840047
5.63529028214829e8	5243.281910341867	-21.533216474392532	-9.196575108499657
5.64429028214829e8	5241.805614529598	-21.540343038656594	-9.213624099417123
5.65329028214829e8	5240.329734382424	-21.547469602920657	-9.230968807390385
5.66229028214829e8	5238.877446599434	-21.55462011502628	-9.24560990080817
5.67129028214829e8	5237.455330173697	-21.561801394702428	-9.25655734165187
5.68029028214829e8	5236.033599787765	-21.568982674378574	-9.267625956727917
5.68929028214829e8	5234.612255336817	-21.57616395405472	-9.27881845857765
5.69829028214829e8	5233.191296716109	-21.583345233730867	-9.290137651856632
5.70729028214829e8	5231.770723820895	-21.59052651340701	-9.301586437553217
5.71629028214829e8	5230.350536546459	-21.59770779308316	-9.313167817451403
5.72529028214829e8	5228.930734788133	-21.604889072759306	-9.324884898855169
5.73429028214829e8	5227.511318441276	-21.61207035243545	-9.33674089959289
5.74329028214829e8	5226.092287401247	-21.6192516321116	-9.348739153321967
5.75229028214829e8	5224.673641563471	-21.626432911787745	-9.360883115155604
5.76129028214829e8	5223.255380823367	-21.63361419146389	-9.373176367635438
5.77029028214829e8	5221.837505076414	-21.640795471140038	-9.38562262707589
5.77929028214829e8	5220.420014218087	-21.647976750816184	-9.398225750308331
5.78829028214829e8	5219.002908143915	-21.65515803049233	-9.410989741855687
5.79729028214829e8	5217.586186749457	-21.662339310168477	-9.423918761570878
5.80629028214829e8	5216.16984993027	-21.669520589844623	-9.437017132775551
5.81529028214829e8	5214.75389758197	-21.67670186952077	-9.450289350938943
5.82429028214829e8	5213.338329600198	-21.683883149196916	-9.463740092940471
5.83329028214829e8	5211.923145880609	-21.691064428873062	-9.477374226963814
5.84229028214829e8	5210.508346318892	-21.69824570854921	-9.491196823074839
5.85129028214829e8	5209.093930810747	-21.70542698822535	-9.50521316454093
5.86029028214829e8	5207.679899251959	-21.7126082679015	-9.51942875995491
5.86929028214829e8	5206.266251538274	-21.719789547577648	-9.533849356233228
5.87829028214829e8	5204.852987565517	-21.72697082725379	-9.548480952565136
5.88729028214829e8	5203.440107229498	-21.73415210692994	-9.563329815397612
5.89629028214829e8	5202.027610426096	-21.741333386606087	-9.578402494549687
5.90529028214829e8	5200.6154970511825	-21.748514666282233	-9.593705840559926
5.91429028214829e8	5199.203767000692	-21.75569594595838	-9.609247023382013
5.92329028214829e8	5197.792420170551	-21.762877225634526	-9.625033552556193
5.93229028214829e8	5196.38145645675	-21.770058505310672	-9.6410732989986
5.94129028214829e8	5194.9708757552735	-21.777239784986815	-9.657374518566735
5.95029028214829e8	5193.56067796216	-21.78442106466296	-9.673945877577708
5.95929028214829e8	5192.150862973476	-21.79160234433911	-9.690796480476724
5.96829028214829e8	5190.74143068529	-21.798783624015257	-9.707935899876954
5.97729028214829e8	5189.332380993733	-21.805964903691404	-9.725374209218929
5.98629028214829e8	5187.92371379493	-21.81314618336755	-9.74312201832848
5.99529028214829e8	5186.558666148197	-21.820369317046097	-9.756695911468308
6.00429028214829e8	5185.2195663683815	-21.827617227190082	-9.767768711292614
6.01329028214829e8	5183.880812326132	-21.834865137334063	-9.778965492110515
6.02229028214829e8	5182.542403932195	-21.842113047478044	-9.790289061795853
6.03129028214829e8	5181.204341097336	-21.849360957622025	-9.801742324703522
6.04029028214829e8	5179.866623732327	-21.856608867766006	-9.813328286140953
6.04929028214829e8	5178.529251747964	-21.863856777909987	-9.825050057101706
6.05829028214829e8	5177.192225055083	-21.87110468805397	-9.836910859279778
6.06729028214829e8	5175.855543564545	-21.87835259819795	-9.84891403038488
6.07629028214829e8	5174.519207187203	-21.88560050834193	-9.861063029780608
6.08529028214829e8	5173.183215833964	-21.89284841848591	-9.873361444469332
6.09429028214829e8	5171.847569415756	-21.900096328629893	-9.885812995449715
6.10329028214829e8	5170.512267843503	-21.907344238773874	-9.898421544475069
6.11229028214829e8	5169.177311028179	-21.914592148917855	-9.911191101243208
6.12129028214829e8	5167.842698880782	-21.921840059061836	-9.924125831051375
6.13029028214829e8	5166.508431312307	-21.929087969205817	-9.937230062952722
6.13929028214829e8	5165.174508233795	-21.9363358793498	-9.95050829845437
6.14829028214829e8	5163.840929556312	-21.943583789493783	-9.963965220800745
6.15729028214829e8	5162.507695190932	-21.950831699637764	-9.977605704890118
6.16629028214829e8	5161.174805048738	-21.95807960978174	-9.991434827876875
6.17529028214829e8	5159.842259040893	-21.965327519925726	-10.005457880517223
6.18429028214829e8	5158.510057078528	-21.972575430069707	-10.019680379321793
6.19329028214829e8	5157.178199072806	-21.979823340213688	-10.034108079584984
6.20229028214829e8	5155.846684934931	-21.987071250357666	-10.048746989368055
6.21129028214829e8	5154.51551457613	-21.99431916050165	-10.063603384521015
6.22029028214829e8	5153.184687907626	-22.00156707064563	-10.078683824837288
6.22929028214829e8	5151.854204840692	-22.008814980789612	-10.093995171445252
6.23829028214829e8	5150.524065286622	-22.016062890933597	-10.109544605552037
6.24729028214829e8	5149.194269156701	-22.02331080107757	-10.12533964866778
6.25629028214829e8	5147.864816362306	-22.03055871122156	-10.141388184452891
6.26529028214829e8	5146.535706814745	-22.03780662136554	-10.157698482347175
6.27429028214829e8	5145.206940425417	-22.04505453150952	-10.174279223158122
6.28329028214829e8	5143.8785171057225	-22.052302441653502	-10.191139526806563
6.29229028214829e8	5142.550436767095	-22.059550351797483	-10.208288982451725
6.30129028214829e8	5141.2226993209615	-22.066798261941464	-10.22573768124481
6.31029028214829e8	5139.895304678811	-22.074046172085446	-10.243496251991235
6.31929028214829e8	5138.568252752128	-22.081294082229427	-10.261575900037071
6.32829028214829e8	5137.241543452407	-22.088541992373408	-10.279988449735972
6.33729028214829e8	5135.943603937491	-22.095796180738184	-10.296541268775563
6.34629028214829e8	5134.715519131527	-22.10306572798168	-10.30790758641546
6.35529028214829e8	5133.487727979943	-22.11033527522518	-10.319404584004946
6.36429028214829e8	5132.260230412505	-22.117604822468678	-10.33103530141451
6.37329028214829e8	5131.033026359019	-22.124874369712174	-10.34280288583407
6.38229028214829e8	5129.806115749303	-22.132143916955673	-10.354710596884923
6.39129028214829e8	5128.57949851319	-22.13941346419917	-10.366761812039737
6.40029028214829e8	5127.353174580529	-22.14668301144267	-10.378960032373138
6.40929028214829e8	5126.127143881187	-22.153952558686168	-10.391308888667375
6.41829028214829e8	5124.901406345057	-22.161222105929664	-10.40381214789973
6.42729028214829e8	5123.6759619020195	-22.168491653173163	-10.416473720140642
6.43629028214829e8	5122.4508104820015	-22.17576120041666	-10.429297665894175
6.44529028214829e8	5121.2259520149455	-22.183030747660155	-10.442288203915298
6.45429028214829e8	5120.001386430783	-22.190300294903654	-10.455449719541637
6.46329028214829e8	5118.777113659491	-22.197569842147153	-10.468786773580874
6.47229028214829e8	5117.553133631053	-22.20483938939065	-10.482304111798857
6.48129028214829e8	5116.329446275469	-22.212108936634145	-10.49600667505782
6.49029028214829e8	5115.106051522758	-22.219378483877644	-10.509899610158904
6.49929028214829e8	5113.882949302962	-22.226648031121144	-10.52398828144851
6.50829028214829e8	5112.660139546113	-22.23391757836464	-10.538278283254023
6.51729028214829e8	5111.437622182289	-22.24118712560814	-10.552775453220995
6.52629028214829e8	5110.215397141582	-22.248456672851635	-10.567485886631404
6.53529028214829e8	5108.9934643540755	-22.255726220095134	-10.582415951790882
6.54429028214829e8	5107.771823749897	-22.26299576733863	-10.597572306582093
6.55329028214829e8	5106.550475259179	-22.270265314582126	-10.612961916292011
6.56229028214829e8	5105.3294188120735	-22.27753486182563	-10.628592072832538
6.57129028214829e8	5104.108654338758	-22.284804409069125	-10.64447041548722
6.58029028214829e8	5102.888181769398	-22.292073956312624	-10.660604953331852
6.58929028214829e8	5101.668001034204	-22.29934350355612	-10.677004089493655
6.59829028214829e8	5100.448112063395	-22.306613050799612	-10.693676647433
6.60729028214829e8	5099.228514787212	-22.313882598043115	-10.710631899453443
6.61629028214829e8	5098.009209135881	-22.32115214528661	-10.72787959767072
6.62529028214829e8	5096.790195039706	-22.32842169253011	-10.74543000769966
6.63429028214829e8	5095.571472428945	-22.33569123977361	-10.76329394535039
6.64329028214829e8	5094.353041233906	-22.342960787017102	-10.781482816662283
6.65229028214829e8	5093.1349013849085	-22.350230334260605	-10.800008661646721
6.66129028214829e8	5091.917052812288	-22.357499881504097	-10.818884202158788
6.67029028214829e8	5090.699495446403	-22.3647694287476	-10.838122894374571
6.67929028214829e8	5089.482229217604	-22.372038975991096	-10.857738986416242
6.68829028214829e8	5088.265254056285	-22.37930852323459	-10.877747581743034
6.69729028214829e8	5087.048569892856	-22.386578070478095	-10.898164709014573
6.70629028214829e8	5085.900353382937	-22.393884623970692	-10.914258893879074
6.71529028214829e8	5084.808379773086	-22.401221571858922	-10.926669125550388
6.72429028214829e8	5083.716640616601	-22.408558519747157	-10.939235308489899
6.73329028214829e8	5082.625135863124	-22.415895467635387	-10.951961412106739
6.74229028214829e8	5081.533865462329	-22.423232415523618	-10.964851559315063
6.75129028214829e8	5080.442829363899	-22.430569363411852	-10.977910034552657
6.76029028214829e8	5079.352027517519	-22.437906311300086	-10.99114129233006
6.76929028214829e8	5078.261459872911	-22.445243259188317	-11.004549966352894
6.77829028214829e8	5077.171126379781	-22.45258020707655	-11.018140879264145
6.78729028214829e8	5076.081026987847	-22.45991715496478	-11.031919053057646
6.79629028214829e8	5074.991161646854	-22.467254102853012	-11.045889720219035
6.80529028214829e8	5073.901530306561	-22.474591050741246	-11.060058335656041
6.81429028214829e8	5072.812132916716	-22.481927998629477	-11.074430589486152
6.82329028214829e8	5071.72296942708	-22.48926494651771	-11.089012420756713
6.83229028214829e8	5070.634039787451	-22.49660189440594	-11.103810032180238
6.84129028214829e8	5069.5453439476105	-22.503938842294176	-11.118829905976419
6.85029028214829e8	5068.456881857352	-22.51127579018241	-11.134078820922136
6.85929028214829e8	5067.368653466506	-22.51861273807064	-11.149563870721668
6.86829028214829e8	5066.280658724886	-22.52594968595887	-11.165292483821762
6.87729028214829e8	5065.192897582318	-22.533286633847105	-11.181272444810066
6.88629028214829e8	5064.105369988665	-22.54062358173534	-11.197511917551248
6.89529028214829e8	5063.018075893773	-22.547960529623566	-11.214019470232916
6.90429028214829e8	5061.9310152475	-22.5552974775118	-11.230804102513725
6.91329028214829e8	5060.844187999741	-22.562634425400034	-11.247875274988978
6.92229028214829e8	5059.757594100373	-22.56997137328827	-11.265242941215297
6.93129028214829e8	5058.671233499289	-22.5773083211765	-11.28291758256575
6.94029028214829e8	5057.585106146424	-22.58464526906473	-11.300910246221074
6.94929028214829e8	5056.4992119916615	-22.591982216952964	-11.319232586641798
6.95829028214829e8	5055.413550984959	-22.599319164841198	-11.337896910911144
6.96729028214829e8	5054.328123076243	-22.60665611272943	-11.35691622839049
6.97629028214829e8	5053.242928215481	-22.61399306061766	-11.376304305189182
6.98529028214829e8	5052.157966352629	-22.621330008505893	-11.39607572401988
6.99429028214829e8	5051.073237437651	-22.628666956394124	-11.41624595009138
7.00329028214829e8	5049.98874142055	-22.636003904282354	-11.436831403784694
7.01229028214829e8	5048.904478251303	-22.64334085217059	-11.457849540968065
7.02129028214829e8	5047.820447879935	-22.650677800058823	-11.479318941935103
7.03029028214829e8	5046.736650256453	-22.658014747947053	-11.501259410101472
7.03929028214829e8	5045.653085330877	-22.665351695835287	-11.523692081773925
7.04829028214829e8	5044.569753053262	-22.672688643723514	-11.54663954851651
7.05729028214829e8	5043.486653373639	-22.680025591611752	-11.570125993889619
7.06629028214829e8	5042.4037862420855	-22.687362539499983	-11.594177346636526
7.07529028214829e8	5041.321151608665	-22.694699487388213	-11.618821452750101
7.08429028214829e8	5040.238749423457	-22.702036435276447	-11.6440882692828
7.09329028214829e8	5039.156579636546	-22.709373383164678	-11.670010083282715
7.10229028214829e8	5038.245730141167	-22.716800358961564	-11.688018025674728
7.11129028214829e8	5037.388217391645	-22.724255318801408	-11.703647707628145
7.12029028214829e8	5036.530850591369	-22.731710278641252	-11.719525560504351
7.12929028214829e8	5035.673629715488	-22.7391652384811	-11.735659592637871
7.13829028214829e8	5034.816554739165	-22.746620198320944	-11.752058206365634
7.14729028214829e8	5033.959625637571	-22.75407515816079	-11.768730224304566
7.15629028214829e8	5033.102842385874	-22.761530118000636	-11.785684917857097
7.16529028214829e8	5032.246204959253	-22.768985077840483	-11.802932038175122
7.17429028214829e8	5031.389713332887	-22.77644003768033	-11.820481849841377
7.18329028214829e8	5030.533367481953	-22.783894997520175	-11.838345167559481
7.19229028214829e8	5029.677167381657	-22.79134995736002	-11.85653339618106
7.20129028214829e8	5028.821113007183	-22.798804917199863	-11.875058574440912
7.21029028214829e8	5027.965204333728	-22.806259877039707	-11.893933422820245
7.21929028214829e8	5027.109441336495	-22.813714836879555	-11.913171396014516
7.22829028214829e8	5026.253823990681	-22.821169796719403	-11.932786740547947
7.23729028214829e8	5025.3983522715125	-22.828624756559247	-11.952794558152643
7.24629028214829e8	5024.543026154195	-22.83607971639909	-11.973210875618614
7.25529028214829e8	5023.6878456139475	-22.84353467623894	-11.994052721924042
7.26429028214829e8	5022.832810625992	-22.850989636078786	-12.015338213575808
7.27329028214829e8	5021.977921165557	-22.85844459591863	-12.037086649231828
7.28229028214829e8	5021.123177207873	-22.865899555758475	-12.059318614843644
7.29129028214829e8	5020.268578728173	-22.873354515598322	-12.082056100754798
7.30029028214829e8	5019.4141257017	-22.88080947543817	-12.105322632424464
7.30929028214829e8	5018.559818103687	-22.888264435278014	-12.12914341672421
7.31829028214829e8	5017.705655909399	-22.895719395117858	-12.153545506088618
7.32729028214829e8	5016.851639094081	-22.903174354957702	-12.178557983199962
7.33629028214829e8	5015.99776763299	-22.91062931479755	-12.2042121693686
7.34529028214829e8	5015.144041501384	-22.918084274637398	-12.230541860353668
7.35429028214829e8	5014.29046067453	-22.92553923447724	-12.257583594077788
7.36329028214829e8	5013.437025127687	-22.932994194317086	-12.28537695555628
7.37229028214829e8	5012.5837348361465	-22.94044915415693	-12.313964925426614
7.38129028214829e8	5011.730589775177	-22.947904113996778	-12.343394279779872
7.39029028214829e8	5010.877589920059	-22.95535907383662	-12.373716050631511
7.39929028214829e8	5010.024735246081	-22.96281403367647	-12.404986058413616
7.40829028214829e8	5009.1720257285315	-22.970268993516314	-12.437265530444058
7.41729028214829e8	5008.319461342704	-22.97772395335616	-12.470621822588402
7.42629028214829e8	5007.4670420638895	-22.985178913196005	-12.505129265491432
7.43529028214829e8	5006.614767867416	-22.992633873035853	-12.540870162106875
7.44429028214829e8	5005.762638728556	-23.000088832875697	-12.577935970193817
7.45329028214829e8	5004.910654622648	-23.007543792715545	-12.616428712526984
7.46229028214829e8	5004.058815524996	-23.014998752555385	-12.656462669557248
7.47129028214829e8	5003.207121410922	-23.022453712395237	-12.698166425251548
7.48029028214829e8	5002.355572255748	-23.029908672235077	-12.741685358408281
7.48929028214829e8	5001.504168034793	-23.03736363207493	-12.787184701170233
7.49829028214829e8	5000.652908723417	-23.044818591914773	-12.83485332711893
7.50729028214829e8	4999.801794296919	-23.052273551754617	-12.884908488301
7.51629028214829e8	4998.950824730668	-23.059728511594464	-12.93760180155439
7.52529028214829e8	4998.0999999999985	-23.06718347143431	-12.993226901632124
