-1.0526840505121648e7	11525.406952184238	-16.142998235840807
-1.0397840505121648e7	11506.279757891336	-16.14382405213346
-1.0268840505121648e7	11487.184306474242	-16.14464986842611
-1.0139840505121648e7	11468.120545253501	-16.145475684718765
-1.0010840505121648e7	11449.088421637085	-16.14630150101142
-9.881840505121648e6	11430.087883120263	-16.14712731730407
-9.752840505121648e6	11411.118877285378	-16.147953133596722
-9.623840505121648e6	11392.181351801832	-16.148778949889376
-9.494840505121648e6	11373.275254425844	-16.14960476618203
-9.365840505121648e6	11354.40053300034	-16.150430582474684
-9.236840505121648e6	11335.557135454801	-16.151256398767337
-9.107840505121648e6	11316.745009805125	-16.152082215059988
-8.978840505121648e6	11297.964104153481	-16.152908031352638
-8.849840505121648e6	11279.214366688188	-16.15373384764529
-8.720840505121648e6	11260.495745683462	-16.154559663937945
-8.591840505121648e6	11241.80818949951	-16.1553854802306
-8.462840505121648e6	11223.151646582077	-16.15621129652325
-8.333840505121648e6	11201.080171322072	-16.156755513922665
-8.204840505121648e6	11178.43099951734	-16.15724886551093
-8.075840505121648e6	11155.827625526374	-16.157742217099194
-7.946840505121648e6	11133.269956743552	-16.15823556868746
-7.817840505121648e6	11110.757900750565	-16.158728920275728
-7.688840505121648e6	11088.291365315978	-16.159222271863992
-7.559840505121648e6	11065.870258394814	-16.159715623452257
-7.430840505121648e6	11043.494488128195	-16.160208975040522
-7.301840505121648e6	11021.163962843128	-16.16070232662879
-7.172840505121648e6	10998.878591051765	-16.161195678217055
-7.043840505121648e6	10976.638281451493	-16.16168902980532
-6.914840505121648e6	10954.442942924077	-16.162182381393585
-6.785840505121648e6	10932.292484535748	-16.162675732981853
-6.656840505121648e6	10906.979341324806	-16.162881509296316
-6.527840505121648e6	10879.768821027767	-16.162911467234927
-6.398840505121648e6	10852.62618500848	-16.162941425173535
-6.269840505121648e6	10825.551263910547	-16.162971383112144
-6.140840505121648e6	10798.543888800079	-16.163001341050755
-6.011840505121648e6	10771.603891164677	-16.163031298989363
-5.882840505121648e6	10744.731102912345	-16.163061256927975
-5.753840505121648e6	10717.925356370395	-16.163091214866583
-5.624840505121648e6	10691.186484284455	-16.16312117280519
-5.495840505121648e6	10664.514319817468	-16.1631511307438
-5.366840505121648e6	10636.926897835127	-16.163085530624894
-5.237840505121648e6	10603.703643787076	-16.16246283525207
-5.108840505121648e6	10570.584158865233	-16.161840139879253
-4.979840505121648e6	10537.568118958297	-16.16121744450643
-4.850840505121648e6	10504.655200967289	-16.16059474913361
-4.721840505121648e6	10471.84508280245	-16.15997205376079
-4.592840505121648e6	10439.13744337998	-16.15934935838797
-4.463840505121648e6	10406.53196261894	-16.15872666301515
-4.334840505121648e6	10374.028321438194	-16.15810396764233
-4.205840505121648e6	10334.351616018603	-16.15673765656858
-4.0768405051216483e6	10293.036727275768	-16.155187593745033
-3.9478405051216483e6	10251.887008066085	-16.153637530921486
-3.8188405051216483e6	10210.901798071312	-16.15208746809794
-3.6898405051216483e6	10170.080439613059	-16.150537405274395
-3.5608405051216483e6	10129.422277642163	-16.148987342450845
-3.4318405051216483e6	10088.332826110905	-16.147377643116002
-3.3028405051216483e6	10037.491362698805	-16.14476726605394
-3.1738405051216483e6	9986.906121444134	-16.142156888991877
-3.0448405051216483e6	9934.574897652772	-16.139334586012833
-2.9158405051216483e6	9877.116621143146	-16.135936981442565
-2.7868405051216483e6	9819.990664191575	-16.1325393768723
-2.6578405051216483e6	9756.117696773414	-16.128386921960434
-2.5288405051216483e6	9690.455827121492	-16.12399770649534
-2.3998405051216483e6	9620.120115307942	-16.11905736254407
-2.2708405051216483e6	9544.194043428957	-16.113454570308775
-2.1418405051216483e6	9464.595520271501	-16.107399900950476
-2.0128405051216483e6	9375.782484176412	-16.100290676471953
-1.8838405051216483e6	9283.436682434365	-16.092734024842166
-1.7548405051216483e6	9179.105820985258	-16.08384158873121
-1.6258405051216483e6	9071.138530279395	-16.07445365099297
-1.4968405051216483e6	8948.130656465215	-16.06336311278536
-1.3678405051216483e6	8824.450000876175	-16.05206443687271
-1.2388405051216483e6	8682.733327608834	-16.038983184007044
-1.1098405051216483e6	8543.2925599764	-16.025901931141377
-980840.5051216483	8406.40685327333	-16.013713783871694
-851840.5051216483	8271.891615849974	-16.002035084122
-722840.5051216483	8139.528825888998	-15.990356384372307
-593840.5051216483	8023.441158222292	-15.980989500951196
-464840.5051216483	7947.077065479812	-15.977908258682938
-335840.5051216483	7871.4397774269	-15.974827016414675
-206840.5051216483	7796.522376610148	-15.971745774146415
-77840.50512164831	7723.251698808511	-15.968821411022276
51159.49487835169	7668.840752565018	-15.968975307366705
180159.4948783517	7614.813135932752	-15.969129203711134
309159.4948783517	7561.1661483229345	-15.969283100055561
438159.4948783517	7507.897108172659	-15.96943699639999
567159.4948783517	7455.1152109337	-15.969610641565435
696159.4948783517	7414.390561403112	-15.971860463793183
825159.4948783517	7373.888376184941	-15.974110286020931
954159.4948783517	7333.607440035573	-15.976360108248675
1.0831594948783517e6	7293.546544349824	-15.978609930476424
1.2121594948783517e6	7253.704487124745	-15.98085975270417
1.3411594948783517e6	7215.306069750792	-15.983334820374896
1.4701594948783517e6	7184.179006256165	-15.987114625076076
1.5991594948783517e6	7153.1862259190975	-15.990894429777258
1.7281594948783517e6	7122.327149437721	-15.99467423447844
1.8571594948783517e6	7091.601200009245	-15.998454039179622
1.9861594948783517e6	7061.007803319312	-16.002233843880802
2.1151594948783517e6	7030.546387531089	-16.006013648581984
2.2441594948783517e6	7003.16732918682	-16.010368476226997
2.3731594948783517e6	6979.105392093127	-16.015351072489178
2.5021594948783517e6	6955.126128565478	-16.02033366875136
2.6311594948783517e6	6931.229254548664	-16.02531626501354
2.7601594948783517e6	6907.414486963444	-16.030298861275725
2.8891594948783517e6	6883.681543703229	-16.035281457537906
3.0181594948783517e6	6860.030143630681	-16.040264053800087
3.1471594948783517e6	6836.486708416158	-16.045252061163737
3.2761594948783517e6	6817.4715172579245	-16.051144145490085
3.4051594948783517e6	6798.509215472594	-16.057036229816436
3.5341594948783517e6	6779.599655952195	-16.062928314142784
3.6631594948783517e6	6760.74269199797	-16.068820398469136
3.7921594948783517e6	6741.938177319162	-16.074712482795483
3.9211594948783517e6	6723.185966031921	-16.080604567121835
4.0501594948783517e6	6704.485912658152	-16.086496651448186
4.1791594948783517e6	6685.837872124431	-16.092388735774534
4.308159494878352e6	6669.956762436218	-16.098874082644972
4.437159494878352e6	6654.961426843589	-16.10554512692641
4.566159494878352e6	6639.999803626849	-16.112216171207844
4.695159494878352e6	6625.071816994143	-16.11888721548928
4.824159494878352e6	6610.177391324011	-16.12555825977072
4.953159494878352e6	6595.316451165007	-16.132229304052153
5.082159494878352e6	6580.488921235298	-16.13890034833359
5.211159494878352e6	6565.694726422339	-16.145571392615025
5.340159494878352e6	6550.933791782412	-16.15224243689646
5.469159494878352e6	6538.266356868985	-16.159385877037387
5.598159494878352e6	6526.178719162224	-16.166656859944517
5.727159494878352e6	6514.113428508555	-16.17392784285165
5.856159494878352e6	6502.070443593792	-16.181198825758777
5.985159494878352e6	6490.049723180126	-16.188469808665907
6.114159494878352e6	6478.051226106037	-16.19574079157304
6.243159494878352e6	6466.074911286018	-16.20301177448017
6.372159494878352e6	6454.120737710588	-16.2102827573873
6.501159494878352e6	6442.188664446076	-16.21755374029443
6.630159494878352e6	6430.559746516555	-16.224890579740567
6.759159494878352e6	6421.020850129203	-16.232712949539255
6.888159494878352e6	6411.496103450098	-16.24053531933794
7.017159494878352e6	6401.985485489997	-16.24835768913663
7.146159494878352e6	6392.4889752907875	-16.256180058935314
7.275159494878352e6	6383.006551925446	-16.264002428734003
7.404159494878352e6	6373.538194497994	-16.27182479853269
7.533159494878352e6	6364.083882143456	-16.27964716833138
7.662159494878352e6	6354.643594027781	-16.287469538130065
7.791159494878352e6	6345.217309347847	-16.295291907928753
7.920159494878352e6	6335.805007331376	-16.303114277727442
8.049159494878352e6	6327.553635091719	-16.311242161137567
8.178159494878352e6	6319.548765740707	-16.31943291723765
8.307159494878352e6	6311.554023199689	-16.327623673337733
8.436159494878352e6	6303.569394657407	-16.335814429437818
8.565159494878352e6	6295.594867318854	-16.344005185537902
8.694159494878352e6	6287.630428405174	-16.352195941637987
8.823159494878352e6	6279.676065153679	-16.36038669773807
8.952159494878352e6	6271.73176481785	-16.368577453838157
9.081159494878352e6	6263.797514667292	-16.37676820993824
9.210159494878352e6	6255.873301987681	-16.384958966038322
9.339159494878352e6	6247.959114080824	-16.393149722138407
9.468159494878352e6	6241.744995059562	-16.401755583230553
9.597159494878352e6	6235.641122538687	-16.410387026376522
9.726159494878352e6	6229.543219063305	-16.41901846952249
9.855159494878352e6	6223.451278796205	-16.427649912668457
9.984159494878352e6	6217.3652959059	-16.43628135581443
1.0113159494878352e7	6211.285264566605	-16.444912798960395
1.0242159494878352e7	6205.211178958231	-16.453544242106364
1.0371159494878352e7	6199.143033266392	-16.462175685252333
1.0500159494878352e7	6193.080821682343	-16.470807128398302
1.0629159494878352e7	6187.0245384030995	-16.47943857154427
1.0758159494878352e7	6180.974177631271	-16.48807001469024
1.0887159494878352e7	6175.356206228964	-16.496825734309073
1.1016159494878352e7	6170.081278843002	-16.505680014333976
1.1145159494878352e7	6164.810857247151	-16.514534294358874
1.1274159494878352e7	6159.544937592622	-16.523388574383777
1.1403159494878352e7	6154.283516033879	-16.53224285440868
1.1532159494878352e7	6149.026588728716	-16.54109713443358
1.1661159494878352e7	6143.774151838165	-16.549951414458484
1.1790159494878352e7	6138.52620152658	-16.558805694483382
1.1919159494878352e7	6133.282733961549	-16.567659974508285
1.2048159494878352e7	6128.043745313976	-16.576514254533187
1.2177159494878352e7	6122.809231757993	-16.58536853455809
1.2306159494878352e7	6117.579189471033	-16.59422281458299
1.2435159494878352e7	6113.031292098289	-16.60327828141695
1.2564159494878352e7	6108.75405137515	-16.612413149128486
1.2693159494878352e7	6104.47980340427	-16.621548016840016
1.2822159494878352e7	6100.208546091642	-16.630682884551547
1.2951159494878352e7	6095.940277344716	-16.63981775226308
1.3080159494878352e7	6091.674995072437	-16.64895261997461
1.3209159494878352e7	6087.412697185179	-16.658087487686142
1.3338159494878352e7	6083.153381594794	-16.667222355397676
1.3467159494878352e7	6078.897046214579	-16.676357223109207
1.3596159494878352e7	6074.643688959326	-16.685492090820738
1.3725159494878352e7	6070.393307745243	-16.69462695853227
1.3854159494878352e7	6066.145900490038	-16.703761826243802
1.3983159494878352e7	6062.115973277644	-16.71294400116274
1.4112159494878352e7	6058.307858472895	-16.72217453412365
1.4241159494878352e7	6054.502135858997	-16.73140506708455
1.4370159494878352e7	6050.698803933205	-16.740635600045458
1.4499159494878352e7	6046.897861193744	-16.749866133006364
1.4628159494878352e7	6043.0993061397785	-16.75909666596727
1.4757159494878352e7	6039.303137271385	-16.768327198928176
1.4886159494878352e7	6035.509353089626	-16.777557731889083
1.5015159494878352e7	6031.71795209646	-16.78678826484999
1.5144159494878352e7	6027.928932794834	-16.796018797810895
1.5273159494878352e7	6024.1422936885865	-16.8052493307718
1.5402159494878352e7	6020.358033282544	-16.814479863732707
1.5531159494878352e7	6016.5761500824265	-16.823710396693613
1.5660159494878352e7	6013.615215965589	-16.83321200674067
1.5789159494878352e7	6010.867128443262	-16.842783648549634
1.5918159494878352e7	6008.120296735399	-16.8523552903586
1.6047159494878352e7	6005.374720268142	-16.861926932167563
1.6176159494878352e7	6002.630398467862	-16.87149857397653
1.6305159494878352e7	5999.887330761207	-16.881070215785495
1.6434159494878352e7	5997.14551657507	-16.89064185759446
1.6563159494878352e7	5994.404955336646	-16.900213499403428
1.6692159494878352e7	5991.665646473351	-16.909785141212392
1.682115949487835e7	5988.9275894128705	-16.919356783021357
1.695015949487835e7	5986.190783583177	-16.928928424830325
1.707915949487835e7	5983.4552284124775	-16.93850006663929
1.720815949487835e7	5980.720923329248	-16.948071708448254
1.733715949487835e7	5978.199226791044	-16.957679606645577
1.746615949487835e7	5975.7066961448	-16.967292327489798
1.759515949487835e7	5973.215204726054	-16.976905048334014
1.772415949487835e7	5970.724752101514	-16.986517769178235
1.785315949487835e7	5968.2353378380685	-16.996130490022452
1.798215949487835e7	5965.746961502775	-17.00574321086667
1.811115949487835e7	5963.259622662916	-17.01535593171089
1.824015949487835e7	5960.773320885888	-17.02496865255511
1.836915949487835e7	5958.288055739304	-17.034581373399327
1.849815949487835e7	5955.803826790974	-17.044194094243544
1.862715949487835e7	5953.32063360886	-17.05380681508776
1.875615949487835e7	5950.838475761112	-17.06341953593198
1.888515949487835e7	5948.3573528160605	-17.073032256776198
1.901415949487835e7	5946.154986885236	-17.082729855054378
1.914315949487835e7	5944.1000880584825	-17.092472287951825
1.927215949487835e7	5942.0458993728535	-17.10221472084927
1.940115949487835e7	5939.992420582946	-17.111957153746715
1.953015949487835e7	5937.939651443419	-17.121699586644162
1.965915949487835e7	5935.887591709021	-17.13144201954161
1.978815949487835e7	5933.8362411346	-17.141184452439052
1.991715949487835e7	5931.785599475082	-17.150926885336496
2.004615949487835e7	5929.735666485478	-17.160669318233943
2.017515949487835e7	5927.686441920892	-17.17041175113139
2.030415949487835e7	5925.6379255364845	-17.180154184028837
2.043315949487835e7	5923.590117087528	-17.18989661692628
2.056215949487835e7	5921.543016329381	-17.199639049823727
2.069115949487835e7	5919.55456813011	-17.209406188623877
2.082015949487835e7	5917.802692811292	-17.21927394096567
2.094915949487835e7	5916.051335954985	-17.229141693307465
2.107815949487835e7	5914.300497407764	-17.23900944564926
2.120715949487835e7	5912.550177016215	-17.248877197991053
2.133615949487835e7	5910.800374627012	-17.258744950332847
2.146515949487835e7	5909.051090086834	-17.26861270267464
2.159415949487835e7	5907.302323242434	-17.278480455016435
2.172315949487835e7	5905.5540739406015	-17.28834820735823
2.185215949487835e7	5903.806342028183	-17.298215959700023
2.198115949487835e7	5902.059127352037	-17.308083712041817
2.211015949487835e7	5900.312429759099	-17.31795146438361
2.223915949487835e7	5898.5662490963505	-17.327819216725405
2.236815949487835e7	5896.820585210787	-17.337686969067196
2.249715949487835e7	5895.241076546401	-17.347602564189827
2.262615949487835e7	5893.778440671291	-17.357551802661416
2.275515949487835e7	5892.316167682731	-17.367501041133007
2.288415949487835e7	5890.85425749069	-17.377450279604595
2.301315949487835e7	5889.392710005143	-17.387399518076187
2.314215949487835e7	5887.931525136135	-17.39734875654778
2.327115949487835e7	5886.4707027936565	-17.407297995019366
2.340015949487835e7	5885.0102428878035	-17.417247233490954
2.352915949487835e7	5883.550145328613	-17.427196471962546
2.365815949487835e7	5882.090410026229	-17.437145710434137
2.378715949487835e7	5880.631036890728	-17.44709494890573
2.391615949487835e7	5879.172025832299	-17.457044187377317
2.404515949487835e7	5877.7133767610685	-17.466993425848905
2.417415949487835e7	5876.255089587255	-17.476942664320497
2.430315949487835e7	5874.972956059928	-17.486972384099555
2.443215949487835e7	5873.728370987083	-17.49701916971333
2.456115949487835e7	5872.484049573664	-17.507065955327107
2.469015949487835e7	5871.239991763818	-17.51711274094088
2.481915949487835e7	5869.9961975017	-17.527159526554655
2.494815949487835e7	5868.7526667314805	-17.53720631216843
2.507715949487835e7	5867.50939939735	-17.547253097782203
2.520615949487835e7	5866.266395443467	-17.557299883395977
2.533515949487835e7	5865.023654814071	-17.567346669009755
2.546415949487835e7	5863.781177453375	-17.577393454623532
2.559315949487835e7	5862.5389633055765	-17.587440240237306
2.572215949487835e7	5861.297012314957	-17.59748702585108
2.585115949487835e7	5860.055324425736	-17.607533811464858
2.598015949487835e7	5858.813899582177	-17.617580597078632
2.610915949487835e7	5857.745582811213	-17.627628061631345
2.623815949487835e7	5856.679417894252	-17.637675533872688
2.636715949487835e7	5855.613447029356	-17.647723006114035
2.649615949487835e7	5854.547670181208	-17.65777047835538
2.662515949487835e7	5853.482087314491	-17.667817950596724
2.675415949487835e7	5852.416698393902	-17.677865422838067
2.688315949487835e7	5851.35150338415	-17.687912895079414
2.701215949487835e7	5850.286502249912	-17.69796036732076
2.714115949487835e7	5849.22169495594	-17.708007839562107
2.727015949487835e7	5848.157081466912	-17.71805531180345
2.739915949487835e7	5847.092661747597	-17.728102784044797
2.752815949487835e7	5846.028435762683	-17.73815025628614
2.765715949487835e7	5844.964403476953	-17.748197728527487
2.778615949487835e7	5843.900564855108	-17.758245200768833
2.791515949487835e7	5842.998546005252	-17.768376310184436
2.804415949487835e7	5842.096752242242	-17.77850746403562
2.817315949487835e7	5841.195097659821	-17.788638617886807
2.830215949487835e7	5840.293582236512	-17.798769771737994
2.843115949487835e7	5839.392205950835	-17.808900925589178
2.856015949487835e7	5838.490968781327	-17.819032079440365
2.868915949487835e7	5837.589870706486	-17.829163233291553
2.881815949487835e7	5836.688911704876	-17.839294387142736
2.894715949487835e7	5835.788091755022	-17.849425540993924
2.907615949487835e7	5834.887410835463	-17.85955669484511
2.920515949487835e7	5833.986868924751	-17.869687848696294
2.933415949487835e7	5833.086466001413	-17.879819002547485
2.946315949487835e7	5832.186202043997	-17.88995015639867
2.959215949487835e7	5831.287414154633	-17.9000827239369
2.972115949487835e7	5830.473854124644	-17.91030526622661
2.985015949487835e7	5829.660407599595	-17.92052780851632
2.997915949487835e7	5828.847074563649	-17.93075035080603
3.010815949487835e7	5828.033855000983	-17.940972893095736
3.023715949487835e7	5827.220748895745	-17.951195435385443
3.036615949487835e7	5826.407756232116	-17.961417977675154
3.049515949487835e7	5825.59487699428	-17.97164051996486
3.062415949487835e7	5824.78211116638	-17.98186306225457
3.075315949487835e7	5823.969458732636	-17.99208560454428
3.088215949487835e7	5823.156919677185	-18.002308146833986
3.101115949487835e7	5822.344493984252	-18.012530689123697
3.114015949487835e7	5821.532181637988	-18.022753231413404
3.126915949487835e7	5820.7199826225915	-18.03297577370311
3.139815949487835e7	5819.915536467706	-18.043194201218615
3.152715949487835e7	5819.170908810701	-18.05338046521337
3.165615949487835e7	5818.426376424897	-18.063566729208123
3.178515949487835e7	5817.681939298106	-18.073752993202877
3.191415949487835e7	5816.937597418139	-18.08393925719763
3.204315949487835e7	5816.193350772821	-18.09412552119239
3.217215949487835e7	5815.449199349945	-18.104311785187143
3.230115949487835e7	5814.70514313735	-18.114498049181897
3.243015949487835e7	5813.961182122834	-18.12468431317665
3.255915949487835e7	5813.217316294225	-18.134870577171405
3.268815949487835e7	5812.473545639346	-18.14505684116616
3.281715949487835e7	5811.729870146031	-18.155243105160917
3.294615949487835e7	5810.986289802084	-18.16542936915567
3.307515949487835e7	5810.242804595339	-18.175615633150425
3.320415949487835e7	5809.511783320949	-18.18581561746041
3.333315949487835e7	5808.859884108423	-18.196103277614807
3.346215949487835e7	5808.2080580470665	-18.206390937769196
3.359115949487835e7	5807.556305128672	-18.21667859792359
3.372015949487835e7	5806.904625345031	-18.226966258077987
3.384915949487835e7	5806.253018687937	-18.23725391823238
3.397815949487835e7	5805.601485149185	-18.247541578386773
3.410715949487835e7	5804.950024720569	-18.257829238541166
3.423615949487835e7	5804.298637393886	-18.26811689869556
3.436515949487835e7	5803.647323160933	-18.278404558849957
3.449415949487835e7	5802.996082013508	-18.288692219004346
3.462315949487835e7	5802.344913943411	-18.298979879158743
3.475215949487835e7	5801.693818942439	-18.30926753931314
3.488115949487835e7	5801.042797002405	-18.319555199467533
3.501015949487835e7	5800.394959577585	-18.32984471966738
3.513915949487835e7	5799.753812342599	-18.340138196479682
3.526815949487835e7	5799.112735976898	-18.350431673291986
3.539715949487835e7	5798.471730472626	-18.360725150104287
3.552615949487835e7	5797.830795821971	-18.371018626916587
3.565515949487835e7	5797.189932017082	-18.38131210372889
3.578415949487835e7	5796.5491390501475	-18.391605580541196
3.591315949487835e7	5795.9084169133275	-18.401899057353496
3.604215949487835e7	5795.267765598783	-18.412192534165797
3.617115949487835e7	5794.627185098695	-18.4224860109781
3.630015949487835e7	5793.986675405246	-18.432779487790402
3.642915949487835e7	5793.346236510591	-18.443072964602706
3.655815949487835e7	5792.7058684069225	-18.453366441415007
3.668715949487835e7	5792.065571086406	-18.46365991822731
3.681615949487835e7	5791.431120266809	-18.47394520273085
3.694515949487835e7	5790.800832342576	-18.484224680512394
3.707415949487835e7	5790.170613013271	-18.49450415829394
3.720315949487835e7	5789.540462271441	-18.504783636075484
3.733215949487835e7	5788.910380109631	-18.51506311385703
3.746115949487835e7	5788.280366520356	-18.525342591638573
3.759015949487835e7	5787.650421496166	-18.53562206942012
3.771915949487835e7	5787.020545029596	-18.545901547201666
3.784815949487835e7	5786.390737113187	-18.55618102498321
3.797715949487835e7	5785.760997739488	-18.566460502764755
3.810615949487835e7	5785.131326901008	-18.5767399805463
3.823515949487835e7	5784.50172459033	-18.587019458327845
3.836415949487835e7	5783.872190799966	-18.59729893610939
3.849315949487835e7	5783.2427255224675	-18.607578413890934
3.862215949487835e7	5782.626203415737	-18.6178825290672
3.875115949487835e7	5782.010684507011	-18.628188438414018
3.888015949487835e7	5781.39523111585	-18.638494347760833
3.900915949487835e7	5780.779843235269	-18.648800257107652
3.913815949487835e7	5780.164520858307	-18.659106166454468
3.926715949487835e7	5779.549263977969	-18.669412075801283
3.939615949487835e7	5778.934072587294	-18.679717985148102
3.952515949487835e7	5778.318946679312	-18.69002389449492
3.965415949487835e7	5777.703886247052	-18.70032980384174
3.978315949487835e7	5777.088891283555	-18.710635713188555
3.991215949487835e7	5776.473961781822	-18.72094162253537
4.004115949487835e7	5775.859097734916	-18.731247531882193
4.017015949487835e7	5775.244299135869	-18.74155344122901
4.029915949487835e7	5774.611019341471	-18.751883127196916
4.042815949487835e7	5773.954200541101	-18.762243082412486
4.055715949487835e7	5773.297456448967	-18.77260303762806
4.068615949487835e7	5772.640787056549	-18.78296299284363
4.081515949487835e7	5771.984192355371	-18.7933229480592
4.094415949487835e7	5771.327672336919	-18.80368290327477
4.107315949487835e7	5770.671226992707	-18.81404285849034
4.120215949487835e7	5770.014856314251	-18.82440281370591
4.133115949487835e7	5769.35856029304	-18.83476276892148
4.146015949487835e7	5768.702338920601	-18.84512272413705
4.158915949487835e7	5768.0461921884225	-18.85548267935262
4.171815949487835e7	5767.390120088026	-18.86584263456819
4.184715949487835e7	5766.734122610934	-18.87620258978376
4.197615949487835e7	5766.066595847098	-18.886558318155675
4.210515949487835e7	5765.348269588051	-18.896895511882995
4.223415949487835e7	5764.6300328168045	-18.907232705610316
4.236315949487835e7	5763.91188552221	-18.917569899337636
4.249215949487835e7	5763.193827693109	-18.927907093064956
4.262115949487835e7	5762.475859318379	-18.938244286792276
4.275015949487835e7	5761.757980386863	-18.948581480519596
4.287915949487835e7	5761.040190887421	-18.958918674246917
4.300815949487835e7	5760.32249080891	-18.96925586797424
4.313715949487835e7	5759.60488014017	-18.979593061701557
4.326615949487835e7	5758.887358870104	-18.989930255428877
4.339515949487835e7	5758.1699269875535	-19.0002674491562
4.352415949487835e7	5757.452584481383	-19.010604642883518
4.365315949487835e7	5756.738224610052	-19.020944283009314
4.378215949487835e7	5756.053144580675	-19.031308608697557
4.391115949487835e7	5755.368146079153	-19.0416729343858
4.404015949487835e7	5754.683229095816	-19.05203726007404
4.416915949487835e7	5753.998393620954	-19.062401585762284
4.429815949487835e7	5753.313639644855	-19.072765911450524
4.442715949487835e7	5752.6289671578415	-19.083130237138768
4.455615949487835e7	5751.944376150206	-19.09349456282701
4.468515949487835e7	5751.259866612241	-19.10385888851525
4.481415949487835e7	5750.5754385342825	-19.114223214203495
4.494315949487835e7	5749.891091906596	-19.12458753989174
4.507215949487835e7	5749.206826719517	-19.13495186557998
4.520115949487835e7	5748.522642963336	-19.145316191268222
4.533015949487835e7	5747.783999075973	-19.15553373179039
4.545915949487835e7	5746.8689361772995	-19.165276157932723
4.558815949487835e7	5745.954018959138	-19.175018584075058
4.571715949487835e7	5745.039247398294	-19.184761010217393
4.584615949487835e7	5744.124621471568	-19.194503436359728
4.597515949487835e7	5743.210141155796	-19.204245862502063
4.610415949487835e7	5742.295806427786	-19.213988288644398
4.623315949487835e7	5741.381617264351	-19.223730714786733
4.636215949487835e7	5740.467573642335	-19.233473140929068
4.649115949487835e7	5739.553675538557	-19.243215567071402
4.662015949487835e7	5738.639922929843	-19.25295799321374
4.674915949487835e7	5737.726315793047	-19.262700419356076
4.687815949487835e7	5736.812854105001	-19.27244284549841
4.700715949487835e7	5735.899537842538	-19.282185271640746
4.713615949487835e7	5734.986366982527	-19.29192769778308
4.726515949487835e7	5734.0733415018085	-19.30167012392542
4.739415949487835e7	5733.160461377239	-19.31141255006775
4.752315949487835e7	5732.247726585666	-19.321154976210085
4.765215949487835e7	5731.335137103973	-19.33089740235242
4.778115949487835e7	5730.4226929090055	-19.34063982849476
4.791015949487835e7	5729.5103939776545	-19.350382254637093
4.803915949487835e7	5728.598240286782	-19.36012468077943
4.816815949487835e7	5727.686231813268	-19.369867106921763
4.829715949487835e7	5726.774368533981	-19.379609533064098
4.842615949487835e7	5725.862650425826	-19.389351959206433
4.855515949487835e7	5724.951077465674	-19.399094385348768
4.868415949487835e7	5724.039649630433	-19.408836811491103
4.881315949487835e7	5722.922888645675	-19.418597575889223
4.894215949487835e7	5721.733049479231	-19.42836488315481
4.907115949487835e7	5720.543457689415	-19.4381321904204
4.920015949487835e7	5719.354113224753	-19.447899497685988
4.932915949487835e7	5718.165016033854	-19.457666804951575
4.945815949487835e7	5716.97616606529	-19.467434112217163
4.958715949487835e7	5715.7875632676805	-19.47720141948275
4.971615949487835e7	5714.5992075896265	-19.486968726748337
4.984515949487835e7	5713.41109897975	-19.496736034013928
4.997415949487835e7	5712.223237386685	-19.506503341279515
5.010315949487835e7	5711.035622759072	-19.516270648545103
5.023215949487835e7	5709.848255045557	-19.526037955810693
5.036115949487835e7	5708.6611341948155	-19.535805263076277
5.049015949487835e7	5707.474260155541	-19.545572570341868
5.061915949487835e7	5706.2876328763905	-19.55533987760746
5.074815949487835e7	5705.101252306071	-19.565107184873042
5.087715949487835e7	5703.915118393278	-19.574874492138633
5.100615949487835e7	5702.7292310867515	-19.584641799404217
5.113515949487835e7	5701.54359033521	-19.594409106669808
5.126415949487835e7	5700.358196087392	-19.604176413935395
5.139315949487835e7	5699.1730482920375	-19.613943721200982
5.152215949487835e7	5697.988146897928	-19.623711028466573
5.165115949487835e7	5696.803491853824	-19.63347833573216
5.178015949487835e7	5695.619083108509	-19.643245642997748
5.190915949487835e7	5694.434920610763	-19.653012950263335
5.203815949487835e7	5693.13432966347	-19.66277086159169
5.216715949487835e7	5691.555011381958	-19.672506296865706
5.229615949487835e7	5689.976131215204	-19.682241732139726
5.242515949487835e7	5688.397689041693	-19.691977167413743
5.255415949487835e7	5686.819684739914	-19.701712602687763
5.268315949487835e7	5685.242118188386	-19.71144803796178
5.281215949487835e7	5683.664989265693	-19.7211834732358
5.294115949487835e7	5682.088297850416	-19.73091890850982
5.307015949487835e7	5680.512043821206	-19.740654343783838
5.319915949487835e7	5678.936227056718	-19.750389779057855
5.332815949487835e7	5677.360847435643	-19.760125214331875
5.345715949487835e7	5675.785904836734	-19.769860649605896
5.358615949487835e7	5674.211399138736	-19.779596084879913
5.371515949487835e7	5672.637330220471	-19.78933152015393
5.384415949487835e7	5671.063697960763	-19.799066955427953
5.397315949487835e7	5669.490502238469	-19.808802390701967
5.410215949487835e7	5667.917742932511	-19.818537825975987
5.423115949487835e7	5666.345419921813	-19.828273261250008
5.436015949487835e7	5664.773533085333	-19.838008696524025
5.448915949487835e7	5663.202082302085	-19.847744131798045
5.461815949487835e7	5661.631067451101	-19.857479567072062
5.474715949487835e7	5660.060488411465	-19.86721500234608
5.487615949487835e7	5658.490345062256	-19.8769504376201
5.500515949487835e7	5656.920637282631	-19.88668587289412
5.513415949487835e7	5655.35136495176	-19.896421308168136
5.526315949487835e7	5653.481065907092	-19.90614039063806
5.539215949487835e7	5651.489681732379	-19.91585286886336
5.552115949487835e7	5649.498999003543	-19.925565347088664
5.565015949487835e7	5647.509017473498	-19.935277825313968
5.577915949487835e7	5645.519736895252	-19.944990303539267
5.590815949487835e7	5643.531157021892	-19.954702781764567
5.603715949487835e7	5641.543277606622	-19.964415259989867
5.616615949487835e7	5639.5560984026915	-19.97412773821517
5.629515949487835e7	5637.569619163488	-19.98384021644047
5.642415949487835e7	5635.583839642416	-19.993552694665773
5.655315949487835e7	5633.598759593037	-20.003265172891073
5.668215949487835e7	5631.614378768958	-20.012977651116373
5.681115949487835e7	5629.630696923874	-20.022690129341676
5.694015949487835e7	5627.647713811586	-20.032402607566976
5.706915949487835e7	5625.665429185992	-20.042115085792275
5.719815949487835e7	5623.683842801018	-20.05182756401758
5.732715949487835e7	5621.7029544107445	-20.061540042242882
5.745615949487835e7	5619.7227637692995	-20.07125252046818
5.758515949487835e7	5617.743270630898	-20.08096499869348
5.771415949487835e7	5615.764474749872	-20.09067747691878
5.784315949487835e7	5613.786375880607	-20.100389955144085
5.797215949487835e7	5611.80897377759	-20.110102433369388
5.810115949487835e7	5609.8322681953805	-20.119814911594688
5.823015949487835e7	5607.856258888656	-20.12952738981999
5.835915949487835e7	5605.657302976162	-20.139216424128474
5.848815949487835e7	5603.37159529357	-20.148896270212543
5.861715949487835e7	5601.086819608659	-20.158576116296608
5.874615949487835e7	5598.802975541399	-20.168255962380677
5.887515949487835e7	5596.52006271194	-20.177935808464746
5.900415949487835e7	5594.238080740561	-20.18761565454881
5.913315949487835e7	5591.957029247714	-20.197295500632876
5.926215949487835e7	5589.676907853976	-20.206975346716945
5.939115949487835e7	5587.39771618011	-20.216655192801014
5.952015949487835e7	5585.119453847023	-20.226335038885082
5.964915949487835e7	5582.842120475764	-20.236014884969148
5.977815949487835e7	5580.5657156875695	-20.245694731053213
5.990715949487835e7	5578.290239103801	-20.25537457713728
6.003615949487835e7	5576.015690345991	-20.26505442322135
6.016515949487835e7	5573.742069035799	-20.274734269305416
6.029415949487835e7	5571.469374795069	-20.284414115389485
6.042315949487835e7	5569.197607245777	-20.29409396147355
6.055215949487835e7	5566.926766010086	-20.30377380755762
6.068115949487835e7	5564.656850710289	-20.313453653641687
6.081015949487835e7	5562.387860968818	-20.323133499725756
6.093915949487835e7	5560.119796408285	-20.332813345809818
6.106815949487835e7	5557.852656651447	-20.342493191893887
6.119715949487835e7	5555.5864413212075	-20.352173037977956
6.132615949487835e7	5553.321150040659	-20.361852884062024
6.145515949487835e7	5550.8635011175475	-20.37154524309863
6.158415949487835e7	5548.386033734879	-20.38123895621314
6.171315949487835e7	5545.909672098124	-20.390932669327647
6.184215949487835e7	5543.434415713765	-20.400626382442155
6.197115949487835e7	5540.960264088503	-20.410320095556663
6.210015949487835e7	5538.487216729263	-20.42001380867117
6.222915949487835e7	5536.015273143187	-20.42970752178568
6.235815949487835e7	5533.544432837637	-20.43940123490019
6.248715949487835e7	5531.074695320197	-20.449094948014693
6.261615949487835e7	5528.6060600986675	-20.4587886611292
6.274515949487835e7	5526.138526681073	-20.46848237424371
6.287415949487835e7	5523.672094575652	-20.478176087358218
6.300315949487835e7	5521.206763290869	-20.487869800472723
6.313215949487835e7	5518.742532335413	-20.497563513587234
6.326115949487835e7	5516.279401218164	-20.507257226701743
6.339015949487835e7	5513.817369448241	-20.516950939816248
6.351915949487835e7	5511.356436535011	-20.526644652930756
6.364815949487835e7	5508.896601988004	-20.536338366045268
6.377715949487835e7	5506.437865317002	-20.546032079159772
6.390615949487835e7	5503.980226032004	-20.55572579227428
6.403515949487835e7	5501.5236836432205	-20.56541950538879
6.416415949487835e7	5499.068237661084	-20.575113218503297
6.429315949487835e7	5496.613887596246	-20.584806931617806
6.442215949487835e7	5494.157929672031	-20.594500851326632
6.455115949487835e7	5491.5374239114735	-20.6042074360505
6.468015949487835e7	5488.918168033149	-20.613914020774367
6.480915949487835e7	5486.300161440933	-20.623620605498232
6.493815949487835e7	5483.683403538952	-20.6333271902221
6.506715949487835e7	5481.067893731617	-20.643033774945966
6.519615949487835e7	5478.453631423656	-20.652740359669835
6.532515949487835e7	5475.840616020047	-20.6624469443937
6.545415949487835e7	5473.228846926055	-20.672153529117566
6.558315949487835e7	5470.618323547246	-20.681860113841434
6.571215949487835e7	5468.009045289473	-20.6915666985653
6.584115949487835e7	5465.401011558849	-20.70127328328917
6.597015949487835e7	5462.794221761771	-20.710979868013034
6.609915949487835e7	5460.188675304941	-20.7206864527369
6.622815949487835e7	5457.584371595352	-20.730393037460768
6.635715949487835e7	5454.981310040222	-20.740099622184633
6.648615949487835e7	5452.379490047117	-20.749806206908502
6.661515949487835e7	5449.778911023851	-20.759512791632368
6.674415949487835e7	5447.179572378519	-20.769219376356233
6.687315949487835e7	5444.581473519525	-20.778925961080102
6.700215949487835e7	5441.984613855521	-20.788632545803967
6.713115949487835e7	5439.388992795475	-20.798339130527832
6.726015949487835e7	5436.794609748602	-20.8080457152517
6.738915949487835e7	5434.201464124434	-20.817752299975567
6.751815949487835e7	5431.60955533275	-20.827458884699432
6.764715949487835e7	5428.9757144758105	-20.83717886618405
6.777615949487835e7	5426.315607618278	-20.846907399561818
6.790515949487835e7	5423.656804168378	-20.85663593293959
6.803415949487835e7	5420.999303487492	-20.866364466317357
6.816315949487835e7	5418.343104937277	-20.87609299969513
6.829215949487835e7	5415.68820787971	-20.8858215330729
6.842115949487835e7	5413.034611677081	-20.895550066450667
6.855015949487835e7	5410.382315691984	-20.90527859982844
6.867915949487835e7	5407.7313192873535	-20.915007133206206
6.880815949487835e7	5405.081621826406	-20.924735666583977
6.893715949487835e7	5402.433222672684	-20.934464199961745
6.906615949487835e7	5399.786121190035	-20.944192733339513
6.919515949487835e7	5397.140316742624	-20.953921266717284
6.932415949487835e7	5394.495808694926	-20.963649800095055
6.945315949487835e7	5391.852596411716	-20.973378333472823
6.958215949487835e7	5389.210679258122	-20.98310686685059
6.971115949487835e7	5386.57005659952	-20.992835400228365
6.984015949487835e7	5383.930727801633	-21.002563933606133
6.996915949487835e7	5381.292692230508	-21.0122924669839
7.009815949487835e7	5378.655949252476	-21.022021000361672
7.022715949487835e7	5376.020498234188	-21.03174953373944
7.035615949487835e7	5373.3863385425975	-21.041478067117207
7.048515949487835e7	5370.753469545003	-21.05120660049498
7.061415949487835e7	5368.12189060895	-21.060935133872746
7.074315949487835e7	5365.491601102366	-21.070663667250518
7.087215949487835e7	5362.868597030668	-21.080392032331716
7.100115949487835e7	5360.35553949757	-21.09011734627486
7.113015949487835e7	5357.843659591353	-21.099842660218
7.125915949487835e7	5355.332956760167	-21.109567974161138
7.138815949487835e7	5352.82343045242	-21.119293288104277
7.151715949487835e7	5350.315080116811	-21.129018602047417
7.164615949487835e7	5347.807905202266	-21.138743915990556
7.177515949487835e7	5345.301905157976	-21.148469229933696
7.190415949487835e7	5342.797079433386	-21.158194543876835
7.203315949487835e7	5340.293427478225	-21.167919857819975
7.216215949487835e7	5337.7909487424495	-21.177645171763118
7.229115949487835e7	5335.289642676277	-21.187370485706253
7.242015949487835e7	5332.7895087302095	-21.197095799649396
7.254915949487835e7	5330.290546354979	-21.206821113592532
7.267815949487835e7	5327.792755001582	-21.216546427535675
7.280715949487835e7	5325.296134121275	-21.22627174147882
7.293615949487835e7	5322.800683165561	-21.235997055421954
7.306515949487835e7	5320.306401586228	-21.245722369365097
7.319415949487835e7	5317.813288835285	-21.255447683308233
7.332315949487835e7	5315.321344365041	-21.265172997251376
7.345215949487835e7	5312.830567628	-21.274898311194512
7.358115949487835e7	5310.340958076987	-21.28462362513765
7.371015949487835e7	5307.852515165034	-21.294348939080795
7.383915949487835e7	5305.365238345471	-21.30407425302393
7.396815949487835e7	5302.879127071854	-21.313799566967074
7.409715949487835e7	5300.394180798003	-21.323524880910213
7.422615949487835e7	5297.910398977996	-21.333250194853353
7.435515949487835e7	5295.427781066157	-21.342975508796492
7.448415949487835e7	5293.05312383864	-21.35272439383639
7.461315949487835e7	5290.977962343441	-21.36253917218502
7.474215949487835e7	5288.903614423163	-21.37235395053365
7.487115949487835e7	5286.830079758823	-21.38216872888228
7.500015949487835e7	5284.75735803159	-21.39198350723091
7.512915949487835e7	5282.685448922758	-21.40179828557954
7.525815949487835e7	5280.614352113719	-21.411613063928172
7.538715949487835e7	5278.544067286027	-21.421427842276806
7.551615949487835e7	5276.4745941213205	-21.431242620625433
7.564515949487835e7	5274.405932301395	-21.441057398974067
7.577415949487835e7	5272.33808150817	-21.450872177322697
7.590315949487835e7	5270.271041423659	-21.460686955671328
7.603215949487835e7	5268.20481173004	-21.47050173401996
7.616115949487835e7	5266.139392109577	-21.48031651236859
7.629015949487835e7	5264.074782244688	-21.490131290717223
7.641915949487835e7	5262.010981817904	-21.49994606906585
7.654815949487835e7	5259.947990511893	-21.509760847414483
7.667715949487835e7	5257.885808009425	-21.51957562576311
7.680615949487835e7	5255.824433993397	-21.529390404111744
7.693515949487835e7	5253.763868146848	-21.539205182460375
7.706415949487835e7	5251.704110152931	-21.549019960809005
7.719315949487835e7	5249.6451596949355	-21.558834739157636
7.732215949487835e7	5247.587016456255	-21.568649517506266
7.745115949487835e7	5245.529680120404	-21.578464295854896
7.758015949487835e7	5243.4731503710445	-21.588279074203527
7.770915949487835e7	5241.4174268919605	-21.59809385255216
7.783815949487835e7	5239.362509367032	-21.607908630900788
7.796715949487835e7	5237.30839748029	-21.617723409249418
7.809615949487835e7	5235.255090915892	-21.627538187598052
7.822515949487835e7	5233.2025893580885	-21.637352965946683
7.835415949487835e7	5231.150892491292	-21.647167744295313
7.848315949487835e7	5229.100000000002	-21.656982522643943
