-3.035411503895703e7	11712.053630280885	-17.12810103353234	4.581325630040778
-3.001861503895703e7	11693.462216579674	-17.12727581552483	4.5626480173637685
-2.968311503895703e7	11674.900314411992	-17.126450597517323	4.543614900979488
-2.934761503895703e7	11656.367876931987	-17.125625379509817	4.524212484785006
-2.901211503895703e7	11637.864857368171	-17.12480016150231	4.504426153677488
-2.867661503895703e7	11619.391209023295	-17.123974943494805	4.484240407417147
-2.834111503895703e7	11600.946885274243	-17.123149725487295	4.463638787676403
-2.800561503895703e7	11582.531839571899	-17.12232450747979	4.442603797415116
-2.767011503895703e7	11564.146025441025	-17.121499289472283	4.42111681159233
-2.733461503895703e7	11545.789396480233	-17.120674071464776	4.399157978072838
-2.699911503895703e7	11527.461906361652	-17.11984885345727	4.376706107407399
-2.666361503895703e7	11509.163508831112	-17.119023635449764	4.353738549952943
-2.632811503895703e7	11490.894157707722	-17.118198417442258	4.330231058546697
-2.599261503895703e7	11472.653806883962	-17.117373199434752	4.306157634647059
-2.565711503895703e7	11454.442410325539	-17.116547981427246	4.281490355493564
-2.532161503895703e7	11436.259922071175	-17.115722763419736	4.256199179404783
-2.498611503895703e7	11418.106296232569	-17.11489754541223	4.230251725809529
-2.465061503895703e7	11399.98148699426	-17.114072327404724	4.203613025971615
-2.431511503895703e7	11381.885448613519	-17.113247109397218	4.1762452395942065
-2.397961503895703e7	11363.818135420222	-17.11242189138971	4.148107331541222
-2.364411503895703e7	11343.65319549118	-17.111339202009244	4.121748804439554
-2.330861503895703e7	11321.788802706598	-17.110045986116692	4.096850789944645
-2.297311503895703e7	11299.96655257781	-17.10875277022414	4.07131700112435
-2.263761503895703e7	11278.186363876677	-17.107459554331584	4.045114116066348
-2.230211503895703e7	11256.44815553163	-17.10616633843903	4.018206122518673
-2.196661503895703e7	11234.75184662742	-17.10487312254648	3.9905540202445193
-2.163111503895703e7	11213.097356404674	-17.103579906653927	3.9621154810409314
-2.129561503895703e7	11191.484604259762	-17.102286690761375	3.9328444589831246
-2.096011503895703e7	11169.913509744356	-17.100993474868822	3.9026907418854577
-2.062461503895703e7	11148.383992565186	-17.099700258976267	3.871599433008343
-2.028911503895703e7	11126.895972583805	-17.098407043083714	3.8395103495748106
-1.995361503895703e7	11105.449369816166	-17.097113827191162	3.806357321540483
-1.961811503895703e7	11084.044104432394	-17.09582061129861	3.7720673700843217
-1.928261503895703e7	11062.680096756556	-17.094527395406057	3.7365597401807715
-1.894711503895703e7	11041.357267266158	-17.0932341795135	3.699744755001928
-1.861161503895703e7	11018.30819524387	-17.09172395070427	3.663807341194021
-1.827611503895703e7	10991.95050118393	-17.0898005876471	3.6310298633362894
-1.794061503895703e7	10965.655859275359	-17.08787722458993	3.5971415078342583
-1.760511503895703e7	10939.424118686533	-17.08595386153276	3.5620643265872323
-1.726961503895703e7	10913.255128946645	-17.084030498475595	3.5257118680590014
-1.693411503895703e7	10887.148739944836	-17.082107135418426	3.4879878935872655
-1.659861503895703e7	10861.104801929345	-17.08018377236126	3.448784841925604
-1.626311503895703e7	10835.123165506633	-17.07826040930409	3.4079819803359412
-1.592761503895703e7	10809.203681640547	-17.07633704624692	3.3654431621656395
-1.559211503895703e7	10783.346201651446	-17.074413683189753	3.32101408591811
-1.525661503895703e7	10757.550577215361	-17.072490320132587	3.274518916618227
-1.492111503895703e7	10731.816660363138	-17.070566957075417	3.2257560827042973
-1.458561503895703e7	10700.861124518882	-17.067980975937253	3.1819824161847303
-1.425011503895703e7	10668.621031089697	-17.06522213411888	3.1382401614664253
-1.391461503895703e7	10636.478072238002	-17.06246329230051	3.092496648697088
-1.357911503895703e7	10604.43195531187	-17.05970445048214	3.0445599418410785
-1.324361503895703e7	10572.48238854105	-17.056945608663767	2.9942090957184893
-1.290811503895703e7	10540.629081034425	-17.054186766845397	2.941187998514105
-1.257261503895703e7	10508.871742777183	-17.051427925027028	2.8851974885446454
-1.223711503895703e7	10477.210084628367	-17.048669083208658	2.8258851302369146
-1.190161503895703e7	10445.643818318093	-17.04591024139029	2.7628317622962792
-1.156611503895703e7	10406.139188131821	-17.042136969593756	2.7072758686591407
-1.123061503895703e7	10365.672651329307	-17.038222771934045	2.650169522132666
-1.089511503895703e7	10325.363477461402	-17.03430857427434	2.589603472803574
-1.055961503895703e7	10285.211054588126	-17.03039437661463	2.52513132967121
-1.022411503895703e7	10245.214773149108	-17.026480178954923	2.45621431336688
-9.88861503895703e6	10205.374025954383	-17.022565981295212	2.3821938592745213
-9.55311503895703e6	10165.688208175228	-17.018651783635505	2.3022532463262055
-9.21761503895703e6	10116.922354509596	-17.013568954972335	2.2275150216693262
-8.88211503895703e6	10067.096903213162	-17.00832155194118	2.14857896834464
-8.54661503895703e6	10017.362781990842	-17.00305526932573	2.0630837516623215
-8.21111503895703e6	9960.318595702704	-16.996858083639047	1.9808871533668533
-7.87561503895703e6	9903.599249321062	-16.990660897952363	1.8913242736209062
-7.54011503895703e6	9842.663315225504	-16.983903334703573	1.799033207447115
-7.20461503895703e6	9776.88173903246	-16.97649701736072	1.7051010323333482
-6.86911503895703e6	9709.874448809256	-16.968890054236585	1.6035205154690326
-6.53361503895703e6	9632.824849315826	-16.96000830325818	1.5052444702722623
-6.19811503895703e6	9556.386652247154	-16.951126552279778	1.3962470215228664
-5.86261503895703e6	9465.657842073439	-16.940483472479876	1.2943266852872717
-5.52711503895703e6	9375.516878774975	-16.929807715570448	1.1812474357860385
-5.19161503895703e6	9267.841479483606	-16.917052011685705	1.0778762439933358
-4.85611503895703e6	9160.119782333577	-16.904149387671726	0.964463541737771
-4.52061503895703e6	9031.104829817597	-16.888888801769614	0.8663964710763639
-4.1851150389570296e6	8901.614427955828	-16.87338468343163	0.7610392247340696
-3.8496150389570296e6	8755.052086125805	-16.856397700531698	0.6747817730171122
-3.5141150389570296e6	8604.567893744766	-16.838905399127263	0.5919295573296628
-3.1786150389570296e6	8457.30233770903	-16.82155183944715	0.5024549649016787
-2.8431150389570296e6	8340.191132157091	-16.8103591521326	0.4457760668216358
-2.5076150389570296e6	8224.70160618075	-16.799166464818057	0.3856906255331746
-2.1721150389570296e6	8110.811303819179	-16.78797377750351	0.3217628244239337
-1.8366150389570296e6	8008.3756210812235	-16.77847714892315	0.2589057772977598
-1.5011150389570296e6	7945.368195664756	-16.77559228438351	0.2141888094307197
-1.1656150389570296e6	7882.856493207033	-16.77270741984387	0.1673782501290785
-830115.0389570296	7820.836613512954	-16.76982255530423	0.11826839039595285
-494615.0389570296	7759.3046870729495	-16.766937690764586	0.0666216293302522
-159115.03895702958	7703.856074701291	-16.76509171806034	0.020966633177428626
176384.96104297042	7655.2403501220815	-16.764447672645545	-0.01628988007266195
511884.9610429704	7606.931418485697	-16.76380362723075	-0.054988336095598785
847384.9610429704	7558.927343753761	-16.763159581815962	-0.09524485968203575
1.1828849610429704e6	7511.226202105351	-16.762515536401168	-0.1371901942384085
1.5183849610429704e6	7463.82608185999	-16.761871490986373	-0.18097226339720648
1.8538849610429704e6	7425.295650709563	-16.76277529476869	-0.2157900049147162
2.1893849610429704e6	7390.285277207139	-16.764281529495634	-0.24747160009907782
2.5248849610429704e6	7355.439978108529	-16.76578776422258	-0.280189851212607
2.8603849610429704e6	7320.758975085622	-16.767293998949523	-0.3140149008630459
3.1958849610429704e6	7286.241493480069	-16.768800233676465	-0.34902426071272885
3.5313849610429704e6	7251.886762286138	-16.77030646840341	-0.38530388129535337
3.8668849610429704e6	7217.694014133308	-16.771812703130355	-0.42294942330899127
4.20238496104297e6	7190.560561167794	-16.77461886964607	-0.4503673705909679
4.53788496104297e6	7163.888443005343	-16.77749297295518	-0.47793319782054494
4.87338496104297e6	7137.315260368313	-16.78036707626429	-0.5062804925651312
5.20888496104297e6	7110.840646272817	-16.783241179573402	-0.535454858662087
5.54438496104297e6	7084.464235096186	-16.786115282882513	-0.565506012168602
5.87988496104297e6	7058.1856625720075	-16.788989386191627	-0.5964882911369592
6.21538496104297e6	7032.004565785007	-16.791863489500738	-0.6284612469166346
6.55088496104297e6	7006.7768421782675	-16.794904923551492	-0.6599251013554366
6.88638496104297e6	6986.235003169657	-16.798847271562558	-0.6837500844786776
7.22188496104297e6	6965.75338687963	-16.802789619573627	-0.7081565801263721
7.55738496104297e6	6945.331816752617	-16.806731967584692	-0.7331736867458428
7.89288496104297e6	6924.970116750657	-16.81067431559576	-0.7588327430513406
8.22838496104297e6	6904.668111351922	-16.814616663606827	-0.7851675640633811
8.56388496104297e6	6884.425625549108	-16.818559011617893	-0.812214709078044
8.89938496104297e6	6864.242484848037	-16.822501359628962	-0.8400137868938525
9.23488496104297e6	6844.1185152660555	-16.826443707640028	-0.868607804690678
9.57038496104297e6	6825.4569864831465	-16.830675197423986	-0.895087885031952
9.90588496104297e6	6809.486448990219	-16.83545193585666	-0.9165856619184753
1.024138496104297e7	6793.553280140639	-16.840228674289328	-0.9385557657860106
1.057688496104297e7	6777.657392497443	-16.845005412722	-0.9610194187400803
1.091238496104297e7	6761.798698828219	-16.84978215115467	-0.9839993061157162
1.124788496104297e7	6745.977112104716	-16.854558889587345	-1.0075197141644698
1.158338496104297e7	6730.1925455022665	-16.859335628020013	-1.031606684327481
1.191888496104297e7	6714.444912399407	-16.86411236645268	-1.056288186551503
1.225438496104297e7	6698.734126377321	-16.868889104885355	-1.0815943145401627
1.258988496104297e7	6683.060101219397	-16.873665843318026	-1.1075575063585612
1.292538496104297e7	6669.10677117951	-16.87880407952585	-1.1300377342914238
1.326088496104297e7	6656.4947758065355	-16.88422452356039	-1.1497123087836278
1.359638496104297e7	6643.90663106796	-16.889644967594933	-1.16978175406493
1.393188496104297e7	6631.342291859679	-16.895065411629474	-1.1902622455281293
1.426738496104297e7	6618.801713162848	-16.90048585566402	-1.211170973293148
1.460288496104297e7	6606.284850043842	-16.905906299698557	-1.2325262288985763
1.493838496104297e7	6593.791657653927	-16.911326743733103	-1.2543475014535779
1.527388496104297e7	6581.32209122922	-16.916747187767644	-1.2766555845167034
1.560938496104297e7	6568.8761060905235	-16.922167631802186	-1.2994726951705136
1.594488496104297e7	6556.453657643064	-16.927588075836727	-1.3228226070010616
1.628038496104297e7	6544.05470137645	-16.933008519871265	-1.3467307989774122
1.661588496104297e7	6533.571355639984	-16.938876869857065	-1.365708101231726
1.695138496104297e7	6523.480608091747	-16.94483430613594	-1.3839375807206198
1.728688496104297e7	6513.405445157286	-16.95079174241482	-1.4025055542498692
1.762238496104297e7	6503.345842766984	-16.956749178693695	-1.4214248306871953
1.795788496104297e7	6493.301776888436	-16.96270661497257	-1.440708959990254
1.829338496104297e7	6483.27322352635	-16.96866405125145	-1.4603722915029869
1.862888496104297e7	6473.260158722462	-16.974621487530325	-1.480430038099366
1.896438496104297e7	6463.2625585555525	-16.9805789238092	-1.5008983468927874
1.929988496104297e7	6453.280399141305	-16.986536360088078	-1.5217943773344604
1.963538496104297e7	6443.313656632334	-16.992493796366954	-1.5431363876471655
1.997088496104297e7	6433.362307218052	-16.99845123264583	-1.5649438306852652
2.030638496104297e7	6423.896473087346	-17.00451489414711	-1.585844824920107
2.064188496104297e7	6415.939278656891	-17.010916718147687	-1.6026763355285658
2.097738496104297e7	6407.991940696499	-17.01731854214826	-1.619796002919592
2.131288496104297e7	6400.054446997071	-17.023720366148837	-1.637213865738488
2.164838496104297e7	6392.126785364674	-17.03012219014941	-1.654940496525145
2.198388496104297e7	6384.208943620438	-17.036524014149986	-1.6729870402578546
2.231938496104297e7	6376.30090960062	-17.04292583815056	-1.6913652564394264
2.265488496104297e7	6368.402671156501	-17.049327662151132	-1.7100875651235987
2.299038496104297e7	6360.514216154455	-17.05572948615171	-1.7291670973328903
2.332588496104297e7	6352.635532475842	-17.06213131015228	-1.748617750380484
2.366138496104297e7	6344.766608017077	-17.068533134152858	-1.7684542486799206
2.399688496104297e7	6336.907430689533	-17.074934958153435	-1.7886922107091083
2.433238496104297e7	6329.0579884195695	-17.081336782154008	-1.8093482228915343
2.466788496104297e7	6322.2215862511675	-17.088007177149194	-1.8260661936039964
2.500338496104297e7	6315.6214220461325	-17.09473889262801	-1.842055405876674
2.533888496104297e7	6309.028148167047	-17.101470608106823	-1.8583044329170397
2.567438496104297e7	6302.441757420692	-17.10820232358564	-1.874821858047907
2.600988496104297e7	6295.862242621319	-17.114934039064455	-1.891616697088176
2.634538496104297e7	6289.289596590697	-17.12166575454327	-1.908698427906717
2.668088496104297e7	6282.723812158076	-17.128397470022087	-1.926077022544587
2.701638496104297e7	6276.164882160212	-17.1351291855009	-1.943762982178157
2.735188496104297e7	6269.612799441344	-17.14186090097972	-1.9617673752300993
2.768738496104297e7	6263.067556853153	-17.148592616458533	-1.9801018789745586
2.802288496104297e7	6256.529147254789	-17.155324331937347	-1.9987788250281542
2.835838496104297e7	6249.997563512885	-17.162056047416165	-2.017811249170618
2.869388496104297e7	6243.47279850149	-17.168787762894976	-2.037212945999173
2.902938496104297e7	6237.849253306109	-17.17573768709196	-2.053888949789992
2.936488496104297e7	6232.742086083917	-17.182812454631147	-2.0690427001032017
2.970038496104297e7	6227.639100296069	-17.189887222170334	-2.0844296245584015
3.003588496104297e7	6222.540292519044	-17.196961989709525	-2.1000570112504158
3.037138496104297e7	6217.445659332151	-17.204036757248716	-2.115932495401373
3.070688496104297e7	6212.355197317496	-17.211111524787903	-2.132064081761428
3.104238496104297e7	6207.268903059979	-17.21818629232709	-2.148460168846103
3.137788496104297e7	6202.186773147295	-17.225261059866277	-2.1651295751939656
3.171338496104297e7	6197.108804169947	-17.232335827405468	-2.1820815678501546
3.204888496104297e7	6192.034992721195	-17.23941059494466	-2.1993258933060953
3.238438496104297e7	6186.965335397132	-17.246485362483845	-2.2168728111540257
3.271988496104297e7	6181.899828796594	-17.253560130023033	-2.2347331307473097
3.305538496104297e7	6176.838469521237	-17.260634897562223	-2.2529182511945427
3.339088496104297e7	6171.781254175484	-17.26770966510141	-2.271440205058006
3.372638496104297e7	6167.311217093053	-17.274947138771203	-2.286740987349747
3.406188496104297e7	6163.002968322324	-17.282228888018476	-2.301294891074937
3.439738496104297e7	6158.697729130143	-17.289510637265746	-2.3160637431007634
3.473288496104297e7	6154.395497414111	-17.296792386513015	-2.3310539879185783
3.506838496104297e7	6150.096271073342	-17.30407413576029	-2.3462723642603533
3.540388496104297e7	6145.800048008373	-17.311355885007558	-2.361725923288333
3.573938496104297e7	6141.506826121241	-17.31863763425483	-2.3774220482123627
3.607488496104297e7	6137.216603315437	-17.3259193835021	-2.3933684754715077
3.641038496104297e7	6132.929377495918	-17.33320113274937	-2.4095733176320757
3.674588496104297e7	6128.645146569113	-17.340482881996643	-2.426045088171695
3.708138496104297e7	6124.363908442884	-17.347764631243912	-2.442792728339002
3.741688496104297e7	6120.085661026584	-17.355046380491185	-2.4598256363010784
3.775238496104297e7	6115.810402231017	-17.362328129738454	-2.4771536988165406
3.808788496104297e7	6111.538129968458	-17.369609878985727	-2.494787325701521
3.842338496104297e7	6107.540209822808	-17.37696856450348	-2.511316276249611
3.875888496104297e7	6104.082550048518	-17.384479769083498	-2.525263985381506
3.909438496104297e7	6100.626847758045	-17.391990973663518	-2.539408988141209
3.942988496104297e7	6097.1731018431865	-17.399502178243537	-2.5537569462403
3.976538496104297e7	6093.721311196403	-17.407013382823557	-2.568313768652676
4.010088496104297e7	6090.2714747107475	-17.414524587403577	-2.5830856262256763
4.043638496104297e7	6086.823591279902	-17.422035791983596	-2.5980789673866442
4.077188496104297e7	6083.377659798193	-17.429546996563616	-2.613300535044998
4.110738496104297e7	6079.933679160587	-17.437058201143635	-2.628757384800686
4.144288496104297e7	6076.49164826261	-17.44456940572365	-2.644456904582109
4.177838496104297e7	6073.0515660004785	-17.452080610303675	-2.6604068358503077
4.211388496104297e7	6069.613431271033	-17.45959181488369	-2.676615296521775
4.244938496104297e7	6066.177242971674	-17.46710301946371	-2.693090805779794
4.278488496104297e7	6062.7430000004915	-17.47461422404373	-2.709842310964143
4.312038496104297e7	6059.310701256178	-17.48212542862375	-2.72687921675165
4.345588496104297e7	6055.9472112659305	-17.48967346617742	-2.7426343703926768
4.379138496104297e7	6052.692447456535	-17.49728039899656	-2.7560846600747877
4.412688496104297e7	6049.439432917251	-17.5048873318157	-2.769718329360493
4.446238496104297e7	6046.188166707946	-17.51249426463484	-2.78354044779714
4.479788496104297e7	6042.93864788896	-17.52010119745398	-2.7975562981043125
4.513338496104297e7	6039.690875521181	-17.52770813027312	-2.8117713882956665
4.546888496104297e7	6036.444848665958	-17.53531506309226	-2.826191464674832
4.580438496104297e7	6033.200566385188	-17.5429219959114	-2.840822525782115
4.613988496104297e7	6029.958027741231	-17.550528928730536	-2.8556708373767123
4.647538496104297e7	6026.717231796991	-17.558135861549676	-2.8707429485481004
4.681088496104297e7	6023.478177615834	-17.56574279436882	-2.886045709060281
4.714638496104297e7	6020.240864261674	-17.573349727187956	-2.901586288043853
4.748188496104297e7	6017.005290798882	-17.580956660007097	-2.9173721941635935
4.781738496104297e7	6013.771456292376	-17.588563592826237	-2.9334112974035422
4.815288496104297e7	6010.539359807545	-17.596170525645377	-2.949711852627831
4.848838496104297e7	6007.3090004102705	-17.603777458464517	-2.9662825250938143
4.882388496104297e7	6005.095745927427	-17.61162081413321	-2.9797732186956156
4.915938496104297e7	6003.030511608234	-17.61949845490339	-2.9929555076819656
4.949488496104297e7	6000.965987551287	-17.627376095673565	-3.0063138933527283
4.983038496104297e7	5998.902173512318	-17.635253736443744	-3.019853144285093
5.016588496104297e7	5996.83906924713	-17.64313137721392	-3.033578225412577
5.050138496104297e7	5994.776674511655	-17.651009017984098	-3.0474943089557507
5.083688496104297e7	5992.714989061845	-17.658886658754277	-3.061606786124324
5.117238496104297e7	5990.654012653765	-17.666764299524452	-3.075921279656847
5.150788496104297e7	5988.593745043588	-17.674641940294627	-3.0904436572710217
5.184338496104297e7	5986.534185987539	-17.682519581064806	-3.105180046105139
5.217888496104297e7	5984.475335241935	-17.690397221834985	-3.120136848239608
5.251438496104297e7	5982.41719256318	-17.69827486260516	-3.135320757396974
5.284988496104297e7	5980.359757707759	-17.706152503375336	-3.1507387769294715
5.318538496104297e7	5978.303030432242	-17.714030144145514	-3.1663982392150842
5.352088496104297e7	5976.247010493284	-17.721907784915693	-3.182306826596586
5.385638496104297e7	5974.19169764762	-17.729785425685872	-3.198472594013233
5.419188496104297e7	5972.076363963045	-17.73769281478672	-3.2113918996593607
5.452738496104297e7	5969.958943874332	-17.745601593347676	-3.224314404950285
5.486288496104297e7	5967.84227452415	-17.753510371908632	-3.2374060899955697
5.519838496104297e7	5965.72635564632	-17.761419150469585	-3.2506714433827466
5.553388496104297e7	5963.611186974751	-17.769327929030542	-3.26411513473687
5.586938496104297e7	5961.496768243475	-17.7772367075915	-3.2777420245890214
5.620488496104297e7	5959.383099186588	-17.78514548615245	-3.2915571749265404
5.654038496104297e7	5957.270179538279	-17.79305426471341	-3.305565860482285
5.687588496104297e7	5955.158009032864	-17.800963043274365	-3.319773580825938
5.721138496104297e7	5953.046587404723	-17.80887182183532	-3.3341860733267046
5.754688496104297e7	5950.935914388337	-17.816780600396278	-3.3488093270638823
5.788238496104297e7	5948.8259897182825	-17.82468937895723	-3.3636495977697036
5.821788496104297e7	5946.716813129223	-17.832598157518184	-3.3787134238977585
5.855338496104297e7	5944.608384355942	-17.84050693607914	-3.394007643920307
5.888888496104297e7	5942.500703133301	-17.848415714640097	-3.409539414969006
5.922438496104297e7	5940.393769196221	-17.856324493201054	-3.4253162329462405
5.955988496104297e7	5938.615469301422	-17.864323645265255	-3.4387709453045634
5.989538496104297e7	5936.96637249318	-17.872358271317957	-3.4513863615946554
6.023088496104297e7	5935.317733623363	-17.880392897370662	-3.464162962184951
6.056638496104297e7	5933.669552564828	-17.888427523423367	-3.477104919270297
6.090188496104297e7	5932.021829190425	-17.896462149476065	-3.4902165691654874
6.123738496104297e7	5930.374563373079	-17.90449677552877	-3.503502421027656
6.157288496104297e7	5928.727754985709	-17.912531401581475	-3.51696716616593
6.190838496104297e7	5927.081403901304	-17.920566027634177	-3.530615687986452
6.224388496104297e7	5925.435509992885	-17.92860065368688	-3.5444530726255143
6.257938496104297e7	5923.790073133488	-17.93663527973958	-3.5584846203287546
6.291488496104297e7	5922.145093196183	-17.944669905792285	-3.5727158576401115
6.325038496104297e7	5920.5005700541	-17.952704531844986	-3.5871525504707
6.358588496104297e7	5918.8565035803995	-17.96073915789769	-3.601800718124938
6.392138496104297e7	5917.2128936482495	-17.968773783950393	-3.6166666483693297
6.425688496104297e7	5915.5697401308935	-17.976808410003095	-3.6317569136383043
6.459238496104297e7	5913.927042901568	-17.9848430360558	-3.6470783884816624
6.492788496104297e7	5912.319243619566	-17.992888899627882	-3.662188854253567
6.526338496104297e7	5910.940186423882	-18.001009272178162	-3.67451054646416
6.559888496104297e7	5909.561450895315	-18.009129644728446	-3.6869859588353076
6.593438496104297e7	5908.183036958857	-18.017250017278727	-3.699618975367059
6.626988496104297e7	5906.804944539475	-18.02537038982901	-3.7124136291487226
6.660538496104297e7	5905.427173562196	-18.033490762379294	-3.7253741100883557
6.694088496104297e7	5904.049723952032	-18.041611134929575	-3.738504773149762
6.727638496104297e7	5902.672595634024	-18.049731507479855	-3.7518101471375074
6.761188496104297e7	5901.29578853322	-18.057851880030135	-3.7652949440742978
6.794738496104297e7	5899.919302574715	-18.065972252580416	-3.7789640692193096
6.828288496104297e7	5898.543137683583	-18.074092625130703	-3.792822631780773
6.861838496104297e7	5897.167293784955	-18.082212997680983	-3.8068759563813495
6.895388496104297e7	5895.791770803949	-18.090333370231264	-3.821129595340692
6.928938496104297e7	5894.416568665709	-18.098453742781544	-3.835589341846095
6.962488496104297e7	5893.041687295388	-18.106574115331828	-3.850261244089421
6.996038496104297e7	5891.667126618189	-18.11469448788211	-3.8651516204566354
7.029588496104297e7	5890.292886559298	-18.122814860432392	-3.8802670758654365
7.063138496104297e7	5888.979178457263	-18.13095580927143	-3.8946866553170087
7.096688496104297e7	5887.82261041358	-18.139150369057777	-3.9068681902556968
7.130238496104297e7	5886.666269514457	-18.147344928844127	-3.9191999467980674
7.163788496104297e7	5885.510155715304	-18.155539488630474	-3.9316856762924153
7.197338496104297e7	5884.354268971508	-18.163734048416824	-3.9443292723841785
7.230888496104297e7	5883.198609238477	-18.17192860820317	-3.957134778305075
7.264438496104297e7	5882.043176471618	-18.18012316798952	-3.970106394635027
7.297988496104297e7	5880.887970626375	-18.188317727775868	-3.9832484875741585
7.331538496104297e7	5879.732991658162	-18.196512287562218	-3.9965655977656342
7.365088496104297e7	5878.578239522451	-18.204706847348564	-4.010062449713938
7.398638496104297e7	5877.423714174654	-18.212901407134915	-4.023743961847481
7.432188496104297e7	5876.269415570261	-18.22109596692126	-4.037615257279181
7.465738496104297e7	5875.11534366474	-18.22929052670761	-4.051681675323898
7.499288496104297e7	5873.961498413528	-18.237485086493958	-4.065948783837556
7.532838496104297e7	5872.807879772172	-18.24567964628031	-4.0804223924492895
7.566388496104297e7	5871.654487696126	-18.253874206066655	-4.095108566765318
7.599938496104297e7	5870.501322140904	-18.262068765853005	-4.110013643631473
7.633488496104297e7	5869.394185776482	-18.27027964541893	-4.124433326433228
7.667038496104297e7	5868.45128492404	-18.27854897865763	-4.136484347147918
7.700588496104297e7	5867.508535545847	-18.286818311896322	-4.148682368268536
7.734138496104297e7	5866.565937617548	-18.29508764513502	-4.161031020399427
7.767688496104297e7	5865.623491114825	-18.303356978373714	-4.173534070331016
7.801238496104297e7	5864.681196013351	-18.311626311612414	-4.186195427937356
7.834788496104297e7	5863.739052288814	-18.31989564485111	-4.1990191535159935
7.868338496104297e7	5862.797059916875	-18.328164978089806	-4.212009465604572
7.901888496104297e7	5861.855218873241	-18.336434311328503	-4.225170749311881
7.935438496104297e7	5860.91352913357	-18.344703644567197	-4.238507565204474
7.968988496104297e7	5859.971990673596	-18.352972977805898	-4.252024658793943
8.002538496104297e7	5859.0306034689875	-18.36124231104459	-4.26572697067424
8.036088496104297e7	5858.089367495455	-18.369511644283286	-4.279619647363199
8.069638496104297e7	5857.148282728703	-18.377780977521986	-4.293708052907853
8.103188496104297e7	5856.207349144452	-18.38605031076068	-4.307997781318969
8.136738496104297e7	5855.266566718394	-18.394319643999378	-4.322494669906994
8.170288496104297e7	5854.3259354262655	-18.402588977238075	-4.337204813598938
8.203838496104297e7	5853.387682823229	-18.410858877037615	-4.352085408989711
8.237388496104297e7	5852.59135841453	-18.41916484183606	-4.3640182115446535
8.270938496104297e7	5851.795142341824	-18.427470806634503	-4.376095127281237
8.304488496104297e7	5850.9990345903725	-18.435776771432945	-4.388319679723937
8.338038496104297e7	5850.203035145448	-18.444082736231387	-4.400695523221876
8.371588496104297e7	5849.4071439922955	-18.452388701029832	-4.41322644950658
8.405138496104297e7	5848.611361116194	-18.460694665828278	-4.425916394665838
8.438688496104297e7	5847.815686502412	-18.469000630626716	-4.43876944656577
8.472238496104297e7	5847.020120136221	-18.477306595425162	-4.451789852756128
8.505788496104297e7	5846.224662002905	-18.485612560223604	-4.4649820288970625
8.539338496104297e7	5845.429312087707	-18.493918525022046	-4.478350567749204
8.572888496104297e7	5844.634070375949	-18.50222448982049	-4.491900248772852
8.606438496104297e7	5843.838936852877	-18.510530454618934	-4.505636048386475
8.639988496104297e7	5843.0439115037825	-18.518836419417376	-4.519563150939624
8.673538496104297e7	5842.248994313951	-18.52714238421582	-4.5336869604608
8.707088496104297e7	5841.454185268666	-18.535448349014263	-4.548013113246906
8.740638496104297e7	5840.659484353217	-18.543754313812705	-4.56254749136767
8.774188496104297e7	5839.864891552901	-18.55206027861115	-4.577296237166022
8.807738496104297e7	5839.159088962401	-18.560401112202648	-4.590165289982268
8.841288496104297e7	5838.497720761351	-18.568759385257792	-4.60213946848204
8.874838496104297e7	5837.8364274697105	-18.577117658312936	-4.61425876738513
8.908388496104297e7	5837.175209078984	-18.58547593136808	-4.626526747447673
8.941938496104297e7	5836.514065580688	-18.593834204423228	-4.638947102108358
8.975488496104297e7	5835.8529969663305	-18.60219247747837	-4.651523664163534
9.009038496104297e7	5835.192003227449	-18.610550750533516	-4.664260412867434
9.042588496104297e7	5834.5310843555535	-18.618909023588657	-4.677161481490433
9.076138496104297e7	5833.870240342164	-18.627267296643804	-4.690231165371266
9.109688496104297e7	5833.209471178801	-18.63562556969895	-4.70347393050244
9.143238496104297e7	5832.548776856978	-18.643983842754093	-4.716894422691803
9.176788496104297e7	5831.888157368237	-18.652342115809233	-4.730497477347274
9.210338496104297e7	5831.227612704093	-18.66070038886438	-4.744288129936325
9.243888496104297e7	5830.56714285606	-18.669058661919525	-4.758271627176807
9.277438496104297e7	5829.906747815685	-18.67741693497467	-4.772453439021386
9.310988496104297e7	5829.246427574485	-18.685775208029813	-4.78683927150407
9.344538496104297e7	5828.586182123987	-18.694133481084958	-4.801435080524345
9.378088496104297e7	5827.957471459053	-18.70250411609045	-4.815435045275643
9.411638496104297e7	5827.416724810981	-18.710909292559116	-4.827335938608387
9.445188496104297e7	5826.87602833605	-18.719314469027786	-4.839380170775563
9.478738496104297e7	5826.335382029596	-18.72771964549645	-4.851571236768569
9.512288496104297e7	5825.794785886984	-18.73612482196512	-4.863912760984179
9.545838496104297e7	5825.254239903549	-18.744529998433787	-4.8764085036929234
9.579388496104297e7	5824.713744074637	-18.752935174902454	-4.889062367916773
9.612938496104297e7	5824.173298395585	-18.76134035137112	-4.901878406747542
9.646488496104297e7	5823.63290286176	-18.76974552783979	-4.914860831140411
9.680038496104297e7	5823.092557468499	-18.77815070430846	-4.928014018220002
9.713588496104297e7	5822.552262211138	-18.786555880777122	-4.941342520140052
9.747138496104297e7	5822.012017085038	-18.794961057245793	-4.954851073541531
9.780688496104297e7	5821.471822085567	-18.80336623371446	-4.9685446096583785
9.814238496104297e7	5820.931677208031	-18.811771410183127	-4.982428265124828
9.847788496104297e7	5820.391582447803	-18.820176586651794	-4.996507393543568
9.881338496104297e7	5819.851537800241	-18.82858176312046	-5.010787577879956
9.914888496104297e7	5819.311543260676	-18.83698693958913	-5.025274643754086
9.948438496104297e7	5818.771598824479	-18.8453921160578	-5.039974673709906
9.981988496104297e7	5818.288590674069	-18.853842357793308	-5.052236767166415
1.0015538496104297e8	5817.8143190066885	-18.862299489345922	-5.064240388366333
1.0049088496104297e8	5817.3400859990625	-18.87075662089854	-5.0763898488601935
1.0082638496104297e8	5816.865891648042	-18.879213752451157	-5.088688736058851
1.0116188496104297e8	5816.391735950473	-18.887670884003775	-5.101140771389928
1.0149738496104297e8	5815.917618903208	-18.896128015556393	-5.113749817057459
1.0183288496104297e8	5815.443540503094	-18.90458514710901	-5.126519883233164
1.0216838496104297e8	5814.969500746981	-18.913042278661628	-5.139455135712861
1.0250388496104297e8	5814.49549963172	-18.921499410214246	-5.152559904074587
1.0283938496104297e8	5814.021537154151	-18.92995654176686	-5.16583869037841
1.0317488496104297e8	5813.547613311154	-18.93841367331948	-5.179296178451676
1.0351038496104297e8	5813.07372809955	-18.946870804872095	-5.192937243807591
1.0384588496104297e8	5812.5998815162	-18.955327936424712	-5.206766964249732
1.0418138496104297e8	5812.126073557955	-18.96378506797733	-5.220790631220171
1.0451688496104297e8	5811.652304221668	-18.972242199529948	-5.235013761954703
1.0485238496104297e8	5811.178573504178	-18.980699331082565	-5.249442112515041
1.0518788496104297e8	5810.704881402369	-18.989156462635183	-5.264081691775022
1.0552338496104297e8	5810.250278793268	-18.99754858554029	-5.277221102775058
1.0585888496104297e8	5809.810232297803	-19.005891155234103	-5.289210620346105
1.0619438496104297e8	5809.3702191298025	-19.01423372492792	-5.301345632624108
1.0652988496104297e8	5808.930239286745	-19.022576294621736	-5.313629714235054
1.0686538496104297e8	5808.490292766105	-19.030918864315552	-5.326066573181316
1.0720088496104297e8	5808.050379565359	-19.03926143400937	-5.338660057560697
1.0753638496104297e8	5807.610499681984	-19.047604003703185	-5.351414162713971
1.0787188496104297e8	5807.170653113456	-19.055946573397	-5.364333038834152
1.0820738496104297e8	5806.730839857252	-19.06428914309082	-5.377420999073733
1.0854288496104297e8	5806.29105991085	-19.072631712784634	-5.3906825281895525
1.0887838496104297e8	5805.851313271726	-19.080974282478454	-5.4041222917686165
1.0921388496104297e8	5805.411599937359	-19.089316852172267	-5.41774514608238
1.0954938496104297e8	5804.971919905224	-19.097659421866087	-5.431556148621566
1.0988488496104297e8	5804.532273172801	-19.106001991559904	-5.4455605693687215
1.1022038496104297e8	5804.092659737567	-19.114344561253716	-5.459763902871363
1.1055588496104297e8	5803.653079597012	-19.122687130947536	-5.4741718811849545
1.1089138496104297e8	5803.213532748581	-19.131029700641353	-5.488790487762
1.1122688496104297e8	5802.77654751055	-19.139387448361372	-5.503449026769765
1.1156238496104297e8	5802.379833682845	-19.14798677335148	-5.515471448198883
1.1189788496104297e8	5801.983146976961	-19.156586098341585	-5.527640168900113
1.1223338496104297e8	5801.586487391031	-19.165185423331693	-5.539958793374554
1.1256888496104297e8	5801.189854923225	-19.1737847483218	-5.552431060997328
1.1290438496104297e8	5800.793249571675	-19.182384073311905	-5.565060852831661
1.1323988496104297e8	5800.39667133453	-19.190983398302013	-5.577852198878782
1.1357538496104297e8	5800.000120209935	-19.199582723292117	-5.5908092857975635
1.1391088496104297e8	5799.603596196036	-19.208182048282225	-5.603936465130863
1.1424638496104297e8	5799.20709929097	-19.216781373272333	-5.61723826207904
1.1458188496104297e8	5798.810629492915	-19.22538069826244	-5.6307193848648955
1.1491738496104297e8	5798.414186799986	-19.233980023252546	-5.6443847347385425
1.1525288496104297e8	5798.0177712103305	-19.24257934824265	-5.658239416675388
1.1558838496104297e8	5797.621382722115	-19.251178673232758	-5.672288750825686
1.1592388496104297e8	5797.225021333478	-19.259777998222866	-5.6865382847799
1.1625938496104297e8	5796.828687042566	-19.268377323212974	-5.700993806720659
1.1659488496104297e8	5796.432379847527	-19.276976648203078	-5.715661359539323
1.1693038496104297e8	5796.040884153372	-19.285541260340413	-5.730069114128677
1.1726588496104297e8	5795.6742987263115	-19.293925318290984	-5.742167658289023
1.1760138496104297e8	5795.307736484873	-19.30230937624156	-5.754414371681642
1.1793688496104297e8	5794.941197427612	-19.310693434192135	-5.766812928568266
1.1827238496104297e8	5794.574681553039	-19.31907749214271	-5.779367141598337
1.1860788496104297e8	5794.208188859701	-19.327461550093286	-5.792080968847131
1.1894338496104297e8	5793.841719346141	-19.33584560804386	-5.804958521307067
1.1927888496104297e8	5793.475273010872	-19.344229665994437	-5.818004070867705
1.1961438496104297e8	5793.108849852438	-19.352613723945012	-5.831222058823168
1.1994988496104297e8	5792.7424498693845	-19.360997781895584	-5.8446171049493945
1.2028538496104297e8	5792.376073060224	-19.369381839846163	-5.858194017197645
1.2062088496104297e8	5792.009719423502	-19.377765897796735	-5.871957802055152
1.2095638496104297e8	5791.643388957763	-19.38614995574731	-5.885913675628786
1.2129188496104297e8	5791.277081661521	-19.394534013697886	-5.900067075513144
1.2162738496104297e8	5790.91079753333	-19.40291807164846	-5.914423673510636
1.2196288496104297e8	5790.544536571706	-19.411302129599036	-5.928989389278032
1.2229838496104297e8	5790.178298775193	-19.419686187549612	-5.943770404981647
1.2263388496104297e8	5789.812084142325	-19.428070245500187	-5.958773181051973
1.2296938496104297e8	5789.397555883864	-19.436652512756663	-5.971096647676024
1.2330488496104297e8	5788.981407957155	-19.4452415438204	-5.983473555842943
1.2364038496104297e8	5788.565289943593	-19.453830574884137	-5.99600557364826
1.2397588496104297e8	5788.149201841026	-19.462419605947872	-6.008696638208559
1.2431138496104297e8	5787.733143647306	-19.47100863701161	-6.021550838471996
1.2464688496104297e8	5787.3171153602825	-19.479597668075346	-6.03457242312708
1.2498238496104297e8	5786.901116977806	-19.488186699139085	-6.047765809033209
1.2531788496104297e8	5786.485148497736	-19.49677573020282	-6.061135590214828
1.2565338496104297e8	5786.069209917904	-19.505364761266556	-6.074686547465015
1.2598888496104297e8	5785.65330123617	-19.51395379233029	-6.088423658608754
1.2632438496104297e8	5785.237422450386	-19.52254282339403	-6.102352109481014
1.2665988496104297e8	5784.821573558401	-19.53113185445777	-6.116477305680238
1.2699538496104297e8	5784.405754558068	-19.539720885521504	-6.1308048851638866
1.2733088496104297e8	5783.989965447238	-19.54830991658524	-6.145340731759495
1.2766638496104297e8	5783.574206223762	-19.556898947648975	-6.160090989672276
1.2800188496104297e8	5783.158476885504	-19.565487978712717	-6.175062079078799
1.2833738496104297e8	5782.753933576831	-19.57403521111676	-6.189138656470061
1.2867288496104297e8	5782.3677575878155	-19.58251372820159	-6.201547870944825
1.2900838496104297e8	5781.98160738789	-19.590992245286422	-6.214113010963003
1.2934388496104297e8	5781.59548297532	-19.599470762371254	-6.226838044945366
1.2967938496104297e8	5781.2093843483735	-19.607949279456086	-6.239727094766421
1.3001488496104297e8	5780.82331150535	-19.616427796540915	-6.252784443769639
1.3035038496104297e8	5780.437264444517	-19.624906313625743	-6.266014545312953
1.3068588496104297e8	5780.051243164152	-19.633384830710575	-6.279422031887143
1.3102138496104297e8	5779.665247662523	-19.641863347795407	-6.293011724853862
1.3135688496104297e8	5779.279277937931	-19.650341864880236	-6.306788644854507
1.3169238496104297e8	5778.893333988632	-19.658820381965068	-6.320758022946177
1.3202788496104297e8	5778.5074158129255	-19.667298899049896	-6.334925312526523
1.3236338496104297e8	5778.1215234090805	-19.67577741613473	-6.349296202115523
1.3269888496104297e8	5777.735656775366	-19.684255933219557	-6.363876629069158
1.3303438496104297e8	5777.349815910081	-19.692734450304393	-6.37867279430772
1.3336988496104297e8	5776.964000811494	-19.70121296738922	-6.393691178150202
1.3370538496104297e8	5776.578211477876	-19.70969148447405	-6.40893855735596
1.3404088496104297e8	5776.132435873269	-19.718180274343233	-6.422038544141426
1.3437638496104297e8	5775.671435203929	-19.726671676527005	-6.434699135377117
1.3471188496104297e8	5775.210471327653	-19.735163078710773	-6.4475220748036906
1.3504738496104297e8	5774.749544241507	-19.743654480894545	-6.46051158018289
1.3538288496104297e8	5774.288653942553	-19.752145883078313	-6.473672035806481
1.3571838496104297e8	5773.8278004278545	-19.760637285262085	-6.48700800138012
1.3605388496104297e8	5773.366983694477	-19.769128687445857	-6.500524221507643
1.3638938496104297e8	5772.906203739485	-19.77762008962963	-6.514225635825143
1.3672488496104297e8	5772.445460559943	-19.786111491813397	-6.528117389839007
1.3706038496104297e8	5771.984754152904	-19.794602893997165	-6.5422048465274125
1.3739588496104297e8	5771.524084515467	-19.80309429618094	-6.556493598770744
1.3773138496104297e8	5771.0634516446635	-19.81158569836471	-6.570989482683043
1.3806688496104297e8	5770.602855537571	-19.82007710054848	-6.585698591923997
1.3840238496104297e8	5770.142296191244	-19.82856850273225	-6.600627293079337
1.3873788496104297e8	5769.681773602771	-19.837059904916018	-6.615782242206775
1.3907338496104297e8	5769.221287769216	-19.845551307099793	-6.631170402655125
1.3940888496104297e8	5768.78840969183	-19.85403942865338	-6.645258498269264
1.3974438496104297e8	5768.381071785269	-19.862524514873375	-6.658104173621981
1.4007988496104297e8	5767.973762641094	-19.871009601093377	-6.671117009974413
1.4041538496104297e8	5767.5664822572835	-19.879494687313375	-6.684301415288539
1.4075088496104297e8	5767.159230631805	-19.887979773533374	-6.697661974212522
1.4108638496104297e8	5766.7520077626405	-19.896464859753372	-6.711203457651654
1.4142188496104297e8	5766.344813647736	-19.90494994597337	-6.724930832996255
1.4175738496104297e8	5765.937648285085	-19.91343503219337	-6.738849275061426
1.4209288496104297e8	5765.530511672635	-19.921920118413368	-6.752964177798921
1.4242838496104297e8	5765.123403808366	-19.93040520463337	-6.767281166847478
1.4276388496104297e8	5764.716324690248	-19.93889029085337	-6.781806112994702
1.4309938496104297e8	5764.3092743162515	-19.947375377073367	-6.796545146631102
1.4343488496104297e8	5763.902252684347	-19.955860463293362	-6.811504673285356
1.4377038496104297e8	5763.495259792517	-19.964345549513364	-6.826691390339328
1.4410588496104297e8	5763.088295638708	-19.972830635733363	-6.84211230503202
1.4444138496104297e8	5762.681360220904	-19.98131572195336	-6.857774753873583
1.4477688496104297e8	5762.112309382982	-19.989565155146312	-6.871200114730867
1.4511238496104297e8	5761.4129566241945	-19.997625108195855	-6.88278619197354
1.4544788496104297e8	5760.71368874648	-20.005685061245405	-6.8945080814704065
1.4578338496104297e8	5760.014505739528	-20.01374501429495	-6.906369005013215
1.4611888496104297e8	5759.315407593047	-20.021804967344497	-6.918372300414149
1.4645438496104297e8	5758.616394296748	-20.029864920394047	-6.930521427144286
1.4678988496104297e8	5757.917465840312	-20.037924873443593	-6.942819972318796
1.4712538496104297e8	5757.2186222134615	-20.04598482649314	-6.955271657054801
1.4746088496104297e8	5756.519863405882	-20.054044779542686	-6.967880343230074
1.4779638496104297e8	5755.8211894072865	-20.062104732592232	-6.980650040673301
1.4813188496104297e8	5755.1226002073845	-20.070164685641778	-6.993584914819402
1.4846738496104297e8	5754.424095795882	-20.078224638691328	-7.006689294866475
1.4880288496104297e8	5753.725676162499	-20.086284591740874	-7.019967682474333
1.4913838496104297e8	5753.027341296926	-20.09434454479042	-7.033424761048376
1.4947388496104297e8	5752.329091188894	-20.102404497839967	-7.047065405656686
1.4980938496104297e8	5751.630925828097	-20.110464450889516	-7.0608946936329176
1.5014488496104297e8	5750.932845204258	-20.118524403939062	-7.074917915922677
1.5048038496104297e8	5750.234849307103	-20.12658435698861	-7.089140589236847
1.5081588496104297e8	5749.536938126328	-20.134644310038155	-7.103568469081715
1.5115138496104297e8	5748.839111651671	-20.1427042630877	-7.118207563742929
1.5148688496104297e8	5748.141369872833	-20.150764216137247	-7.1330641493083204
1.5182238496104297e8	5747.443712779542	-20.158824169186794	-7.148144785823592
1.5215788496104297e8	5746.74614036152	-20.166884122236343	-7.163456334684967
1.5249338496104297e8	5746.048652608501	-20.174944075285893	-7.179005977384215
1.5282888496104297e8	5745.351249510199	-20.18300402833544	-7.1948012357342375
1.5316438496104297e8	5744.653931056328	-20.191063981384985	-7.210849993717798
1.5349988496104297e8	5743.956697236626	-20.19912393443453	-7.227160521118264
1.5383538496104297e8	5743.25954804082	-20.207183887484078	-7.243741499109658
1.5417088496104297e8	5742.562483458651	-20.215243840533624	-7.2606020480042766
1.5450638496104297e8	5741.865503479826	-20.22330379358317	-7.2777517573798995
1.5484188496104297e8	5741.168608094089	-20.231363746632717	-7.295200718835749
1.5517738496104297e8	5740.471797291183	-20.239423699682266	-7.312959561657368
1.5551288496104297e8	5739.744428854374	-20.247475835989952	-7.329932088810948
1.5584838496104297e8	5738.876932175242	-20.255492197395508	-7.342057232642006
1.5618388496104297e8	5738.009566608304	-20.26350855880106	-7.354331201962164
1.5651938496104297e8	5737.142332133746	-20.27152492020662	-7.36675769562287
1.5685488496104297e8	5736.275228731753	-20.279541281612172	-7.379340552107317
1.5719038496104297e8	5735.408256382514	-20.287557643017728	-7.3920837566482325
1.5752588496104297e8	5734.541415066224	-20.295574004423283	-7.404991448805086
1.5786138496104297e8	5733.674704763078	-20.30359036582884	-7.418067930536734
1.5819688496104297e8	5732.808125453274	-20.31160672723439	-7.431317674808906
1.5853238496104297e8	5731.941677117015	-20.319623088639947	-7.4447453347796335
1.5886788496104297e8	5731.0753597345065	-20.327639450045503	-7.458355753609805
1.5920338496104297e8	5730.209173285955	-20.33565581145106	-7.472153974950611
1.5953888496104297e8	5729.343117751571	-20.343672172856614	-7.48614525416472
1.5987438496104297e8	5728.47719311157	-20.351688534262166	-7.500335070343643
1.6020988496104297e8	5727.611399346168	-20.359704895667722	-7.514729139190063
1.6054538496104297e8	5726.745736435583	-20.367721257073278	-7.529333426840942
1.6088088496104297e8	5725.880204360051	-20.375737618478833	-7.544154164715045
1.6121638496104297e8	5725.014803099775	-20.38375397988439	-7.559197865477385
1.6155188496104297e8	5724.149532634986	-20.39177034128994	-7.574471340222936
1.6188738496104297e8	5723.284392945934	-20.399786702695497	-7.589981716993114
1.6222288496104297e8	5722.4193840128455	-20.40780306410105	-7.605736460751
1.6255838496104297e8	5721.554505815956	-20.415819425506605	-7.621743394955451
1.6289388496104297e8	5720.6897583355185	-20.42383578691216	-7.638010724890147
1.6322938496104297e8	5719.825141551745	-20.431852148317716	-7.654547062921745
1.6356488496104297e8	5718.960655444923	-20.439868509723272	-7.671361455881765
1.6390038496104297e8	5718.096299995273	-20.447884871128824	-7.688463414790175
1.6423588496104297e8	5717.232075183045	-20.45590123253438	-7.705862947165158
1.6457138496104297e8	5716.367980988527	-20.463917593939936	-7.723570592193896
1.6490688496104297e8	5715.504017391947	-20.47193395534549	-7.741597459073845
1.6524238496104297e8	5714.640184373567	-20.479950316751047	-7.759955268873798
1.6557788496104297e8	5713.77648191368	-20.4879666781566	-7.778656400309724
1.6591338496104297e8	5712.868560777516	-20.495990168785713	-7.797055716174022
1.6624888496104297e8	5711.56548064446	-20.50407721773757	-7.809840467100307
1.6658438496104297e8	5710.262697738218	-20.512164266689428	-7.822790786924329
1.6691988496104297e8	5708.960211991033	-20.520251315641282	-7.835911020373516
1.6725538496104297e8	5707.658023335095	-20.52833836459314	-7.849205685467843
1.6759088496104297e8	5706.356131702659	-20.536425413544993	-7.862679482860017
1.6792638496104297e8	5705.054537025955	-20.54451246249685	-7.876337305813531
1.6826188496104297e8	5703.753239237268	-20.552599511448705	-7.890184250871619
1.6859738496104297e8	5702.45223826887	-20.560686560400562	-7.904225629275281
1.6893288496104297e8	5701.151534053048	-20.56877360935242	-7.918466979194432
1.6926838496104297e8	5699.851126522122	-20.576860658304273	-7.932914078842638
1.6960388496104297e8	5698.551015608432	-20.58494770725613	-7.94757296055318
1.6993938496104297e8	5697.251201244309	-20.593034756207985	-7.962449925902243
1.7027488496104297e8	5695.951683362092	-20.601121805159842	-7.977551561974146
1.7061038496104297e8	5694.652461894196	-20.6092088541117	-7.992884758873676
1.7094588496104297e8	5693.353536772988	-20.617295903063553	-8.008456728602052
1.7128138496104297e8	5692.054907930864	-20.625382952015407	-8.024275025425977
1.7161688496104297e8	5690.756575300265	-20.633470000967264	-8.04034756788377
1.7195238496104297e8	5689.458538813603	-20.641557049919122	-8.056682662589038
1.7228788496104297e8	5688.160798403353	-20.64964409887098	-8.07328903001104
1.7262338496104297e8	5686.863354001958	-20.65773114782283	-8.090175832432031
1.7295888496104297e8	5685.566205541912	-20.665818196774687	-8.10735270430599
1.7329438496104297e8	5684.269352955721	-20.673905245726544	-8.124829785270563
1.7362988496104297e8	5682.972796175877	-20.6819922946784	-8.142617756095483
1.7396538496104297e8	5681.6765351349295	-20.690079343630252	-8.16072787788652
1.7430088496104297e8	5680.38056976541	-20.698166392582113	-8.179172034905385
1.7463638496104297e8	5679.084899999868	-20.70625344153397	-8.197962781413235
1.7497188496104297e8	5677.789525770898	-20.714340490485824	-8.217113393000275
1.7530738496104297e8	5676.494447011058	-20.72242753943768	-8.236637922927025
1.7564288496104297e8	5675.199663652994	-20.730514588389536	-8.256551264076178
1.7597838496104297e8	5673.463422205037	-20.738454183933786	-8.270831173586819
1.7631388496104297e8	5671.647186686183	-20.746366891395382	-8.284204840220184
1.7664938496104297e8	5669.831532595511	-20.75427959885698	-8.297759788957732
1.7698488496104297e8	5668.0164597468665	-20.762192306318575	-8.311501002025127
1.7732038496104297e8	5666.201967954201	-20.770105013780174	-8.325433669904958
1.7765588496104297e8	5664.38805703149	-20.778017721241767	-8.339563203107778
1.7799138496104297e8	5662.57472679277	-20.785930428703363	-8.353895244786747
1.7832688496104297e8	5660.76197705216	-20.79384313616496	-8.36843568426945
1.7866238496104297e8	5658.949807623834	-20.80175584362656	-8.383190671588116
1.7899788496104297e8	5657.138218322009	-20.80966855108815	-8.398166633097956
1.7933338496104297e8	5655.32720896096	-20.817581258549748	-8.413370288282891
1.7966888496104297e8	5653.516779355052	-20.825493966011344	-8.428808667858663
1.8000438496104297e8	5651.706929318668	-20.83340667347294	-8.44448913329541
1.8033988496104297e8	5649.897658666292	-20.841319380934536	-8.46041939789541
1.8067538496104297e8	5648.088967212427	-20.849232088396136	-8.476607549577041
1.8101088496104297e8	5646.280854771674	-20.857144795857728	-8.49306207553343
1.8134638496104297e8	5644.473321158657	-20.865057503319328	-8.509791888954028
1.8168188496104297e8	5642.666366188095	-20.872970210780924	-8.526806358019691
1.8201738496104297e8	5640.859989674729	-20.88088291824252	-8.54411533740745
1.8235288496104297e8	5639.054191433388	-20.888795625704113	-8.561729202570213
1.8268838496104297e8	5637.248971278962	-20.896708333165712	-8.57965888708999
1.8302388496104297e8	5635.444329026367	-20.904621040627305	-8.597915923441358
1.8335938496104297e8	5633.640264490623	-20.9125337480889	-8.616512487545746
1.8369488496104297e8	5631.836777486764	-20.9204464555505	-8.635461447547609
1.8403038496104297e8	5630.033867829918	-20.928359163012097	-8.65477641730183
1.8436588496104297e8	5628.231535335268	-20.936271870473693	-8.674471815129232
1.8470138496104297e8	5626.42977981804	-20.94418457793529	-8.694562928475326
1.8503688496104297e8	5624.6286010935155	-20.952097285396885	-8.715065985198656
1.8537238496104297e8	5622.790832154594	-20.959997646603902	-8.735265831538909
1.8570788496104297e8	5620.6019310575	-20.967781125337734	-8.748831546829658
1.8604338496104297e8	5618.413882079614	-20.975564604071565	-8.762583824504329
1.8637888496104297e8	5616.226684889193	-20.983348082805392	-8.776527867595924
1.8671438496104297e8	5614.040339154665	-20.991131561539223	-8.79066909988007
1.8704988496104297e8	5611.854844544556	-20.998915040273054	-8.80501317854126
1.8738538496104297e8	5609.670200727519	-21.006698519006882	-8.819566007760818
1.8772088496104297e8	5607.48640737237	-21.014481997740713	-8.834333753308261
1.8805638496104297e8	5605.303464148012	-21.022265476474544	-8.849322858226328
1.8839188496104297e8	5603.121370723516	-21.030048955208372	-8.864540059709524
1.8872738496104297e8	5600.940126768052	-21.037832433942203	-8.879992407286855
1.8906288496104297e8	5598.759731950922	-21.04561591267603	-8.895687282431583
1.8939838496104297e8	5596.5801859415815	-21.05339939140986	-8.911632419734534
1.8973388496104297e8	5594.40148840959	-21.06118287014369	-8.927835929793005
1.9006938496104297e8	5592.22363902464	-21.068966348877524	-8.944306323984815
1.9040488496104297e8	5590.046637456548	-21.07674982761135	-8.96105254131694
1.9074038496104297e8	5587.870483375275	-21.08453330634518	-8.978083977560777
1.9107588496104297e8	5585.695176450914	-21.09231678507901	-8.995410516911765
1.9141138496104297e8	5583.5207163536625	-21.10010026381284	-9.013042566440472
1.9174688496104297e8	5581.34710275385	-21.10788374254667	-9.030991093635812
1.9208238496104297e8	5579.174335321962	-21.1156672212805	-9.049267667379516
1.9241788496104297e8	5577.002413728574	-21.12345070001433	-9.067884502735197
1.9275338496104297e8	5574.831337644427	-21.13123417874816	-9.086854509986276
1.9308888496104297e8	5572.661106740363	-21.139017657481993	-9.10619134841579
1.9342438496104297e8	5570.4917206873615	-21.14680113621582	-9.125909485389187
1.9375988496104297e8	5568.3231791565295	-21.15458461494965	-9.14602426138028
1.9409538496104297e8	5566.1554818190925	-21.16236809368348	-9.166551961672454
1.9443088496104297e8	5563.988628346423	-21.17015157241731	-9.187509895574713
1.9476638496104297e8	5561.822618410022	-21.177935051151138	-9.20891648411798
1.9510188496104297e8	5559.6117602145905	-21.18575386669399	-9.229099299703343
1.9543738496104297e8	5557.224035788412	-21.19371020391623	-9.243003907341693
1.9577288496104297e8	5554.837336834548	-21.201666541138465	-9.257104582539565
1.9610838496104297e8	5552.451662912571	-21.2096228783607	-9.271406933938426
1.9644388496104297e8	5550.067013582274	-21.217579215582937	-9.28591681433439
1.9677938496104297e8	5547.683388403598	-21.225535552805177	-9.300640335058477
1.9711488496104297e8	5545.300786936714	-21.233491890027413	-9.315583881431431
1.9745038496104297e8	5542.919208741951	-21.24144822724965	-9.330754129390929
1.9778588496104297e8	5540.538653379838	-21.249404564471885	-9.346158063399512
1.9812138496104297e8	5538.159120411082	-21.25736090169412	-9.361802995753505
1.9845688496104297e8	5535.780609396609	-21.26531723891636	-9.377696587426536
1.9879238496104297e8	5533.403119897503	-21.273273576138596	-9.39384687059636
1.9912788496104297e8	5531.026651475036	-21.281229913360832	-9.410262273020832
1.9946338496104297e8	5528.6512036907	-21.28918625058307	-9.426951644448183
1.9979888496104297e8	5526.276776106135	-21.297142587805308	-9.443924285268837
2.0013438496104297e8	5523.903368283209	-21.305098925027544	-9.461189977640965
2.0046988496104297e8	5521.530979783936	-21.313055262249776	-9.478759019350615
2.0080538496104297e8	5519.159610170563	-21.321011599472016	-9.496642260699875
2.0114088496104297e8	5516.789259005489	-21.32896793669425	-9.514851144753921
2.0147638496104297e8	5514.419925851306	-21.336924273916487	-9.53339775132082
2.0181188496104297e8	5512.0516102708225	-21.344880611138727	-9.55229484508736
2.0214738496104297e8	5509.6843118270035	-21.352836948360963	-9.571555928391302
2.0248288496104297e8	5507.318030083001	-21.3607932855832	-9.59119529917649
2.0281838496104297e8	5504.952764602188	-21.368749622805435	-9.6112281147539
2.0315388496104297e8	5502.588514948092	-21.37670596002767	-9.63167046208087
2.0348938496104297e8	5500.225280684438	-21.38466229724991	-9.652539435374887
2.0382488496104297e8	5497.863061375132	-21.392618634472147	-9.673853222000044
2.0416038496104297e8	5495.501856584282	-21.400574971694382	-9.695631197707401
2.0449588496104297e8	5493.141665876197	-21.408531308916622	-9.71789403247902
2.0483138496104297e8	5490.740806275348	-21.416440703139102	-9.736066169180601
2.0516688496104297e8	5488.301935856087	-21.424306088146828	-9.750203478073226
2.0550238496104297e8	5485.864148731274	-21.432171473154554	-9.764543519992968
2.0583788496104297e8	5483.4274444196935	-21.440036858162284	-9.779092194136993
2.0617338496104297e8	5480.991822440411	-21.44790224317001	-9.793855660994108
2.0650888496104297e8	5478.5572823126695	-21.455767628177735	-9.808840358007389
2.0684438496104297e8	5476.123823555932	-21.46363301318546	-9.824053016428273
2.0717988496104297e8	5473.691445689878	-21.471498398193184	-9.839500679472573
2.0751538496104297e8	5471.260148234387	-21.479363783200913	-9.855190721900946
2.0785088496104297e8	5468.829930709585	-21.48722916820864	-9.871130871160121
2.0818638496104297e8	5466.40079263578	-21.495094553216365	-9.887329230236563
2.0852188496104297e8	5463.972733533501	-21.50295993822409	-9.903794302391773
2.0885738496104297e8	5461.545752923493	-21.510825323231817	-9.920535017968254
2.0919288496104297e8	5459.119850326703	-21.518690708239543	-9.937560763477702
2.0952838496104297e8	5456.695025264319	-21.52655609324727	-9.954881413208616
2.0986388496104297e8	5454.271277257715	-21.534421478254995	-9.972507363619837
2.1019938496104297e8	5451.848605828484	-21.54228686326272	-9.990449570819946
2.1053488496104297e8	5449.427010498434	-21.550152248270447	-10.008719591470872
2.1087038496104297e8	5447.006490789576	-21.558017633278173	-10.027329627498096
2.1120588496104297e8	5444.587046224158	-21.5658830182859	-10.046292575040662
2.1154138496104297e8	5442.168676324618	-21.573748403293624	-10.065622078132751
2.1187688496104297e8	5439.751380613601	-21.58161378830135	-10.085332587676561
2.1221238496104297e8	5437.335158614004	-21.58947917330908	-10.105439426344878
2.1254788496104297e8	5434.92000984887	-21.5973445583168	-10.125958860143598
2.1288338496104297e8	5432.505933841528	-21.605209943324528	-10.146908177471461
2.1321888496104297e8	5430.092930115444	-21.613075328332254	-10.168305776639738
2.1355438496104297e8	5427.6809981943525	-21.62094071333998	-10.19017126296202
2.1388988496104297e8	5425.2701376022	-21.628806098347706	-10.212525556697988
2.1422538496104297e8	5422.860347863085	-21.636671483355432	-10.23539101334063
2.1456088496104297e8	5420.451628501389	-21.644536868363158	-10.258791557980373
2.1489638496104297e8	5418.04580756621	-21.652429282690186	-10.278868975504537
2.1523188496104297e8	5415.64382903013	-21.66036272939718	-10.293369390452886
2.1556738496104297e8	5413.242915361549	-21.668296176104167	-10.308083165031505
2.1590288496104297e8	5410.843066088371	-21.676229622811157	-10.323016671887068
2.1623838496104297e8	5408.444280738737	-21.68416306951815	-10.33817657350851
2.1657388496104297e8	5406.046558840968	-21.692096516225142	-10.353569840074858
2.1690938496104297e8	5403.6498999236055	-21.700029962932135	-10.36920376869835
2.1724488496104297e8	5401.2543035153985	-21.707963409639124	-10.385086004195847
2.1758038496104297e8	5398.859769145306	-21.715896856346113	-10.401224561536504
2.1791588496104297e8	5396.466296342496	-21.723830303053106	-10.417627850130728
2.1825138496104297e8	5394.073884636343	-21.731763749760095	-10.434304700144667
2.1858688496104297e8	5391.682533556434	-21.739697196467088	-10.451264391046386
2.1892238496104297e8	5389.2922426325595	-21.747630643174077	-10.468516682614768
2.1925788496104297e8	5386.903011394724	-21.75556408988107	-10.486071848670582
2.1959338496104297e8	5384.514839373136	-21.763497536588062	-10.5039407138216
2.1992888496104297e8	5382.127726098204	-21.771430983295055	-10.52213469355087
2.2026438496104297e8	5379.741671100584	-21.77936443000204	-10.540665838019882
2.2059988496104297e8	5377.356673911083	-21.787297876709033	-10.559546880007574
2.2093538496104297e8	5374.9727340607515	-21.795231323416026	-10.578791287462794
2.2127088496104297e8	5372.589851080841	-21.80316477012302	-10.598413321213483
2.2160638496104297e8	5370.208024502809	-21.811098216830008	-10.618428098451938
2.2194188496104297e8	5367.827253858322	-21.819031663537	-10.638851662704127
2.2227738496104297e8	5365.447538679255	-21.82696511024399	-10.659701061094324
2.2261288496104297e8	5363.0688784976865	-21.834898556950982	-10.680994429837348
2.2294838496104297e8	5360.691272845907	-21.84283200365797	-10.702751089032633
2.2328388496104297e8	5358.314721256404	-21.85076545036496	-10.72499164800171
2.2361938496104297e8	5355.939223261907	-21.858698897071957	-10.747738122608396
2.2395488496104297e8	5353.564778395299	-21.866632343778946	-10.77101406623555
2.2429038496104297e8	5351.1913861897065	-21.87456579048594	-10.794844716371578
2.2462588496104297e8	5348.819046178446	-21.882499237192928	-10.819257159093786
2.2496138496104297e8	5346.447757895076	-21.89043268389992	-10.844280514136305
2.2529688496104297e8	5344.0775208732975	-21.89836613060691	-10.869946143713564
2.2563238496104297e8	5341.810874758191	-21.906330785870296	-10.89111400705655
2.2596788496104297e8	5339.665112550464	-21.914331954835824	-10.90658886142867
2.2630338496104297e8	5337.520212278065	-21.92233312380135	-10.922306955954909
2.2663888496104297e8	5335.376173594741	-21.930334292766876	-10.938276059612223
2.2697438496104297e8	5333.232996154409	-21.938335461732404	-10.954504319632623
2.2730988496104297e8	5331.090679611114	-21.94633663069793	-10.971000286464083
2.2764538496104297e8	5328.949223619051	-21.95433779966346	-10.987772940824987
2.2798088496104297e8	5326.808627832523	-21.962338968628988	-11.004831723066413
2.2831638496104297e8	5324.668891906003	-21.970340137594516	-11.022186565082624
2.2865188496104297e8	5322.530015494102	-21.97834130656004	-11.0398479250398
2.2898738496104297e8	5320.391998251541	-21.986342475525568	-11.057826825227112
2.2932288496104297e8	5318.2548398332065	-21.994343644491096	-11.076134893373142
2.2965838496104297e8	5316.118539894117	-22.002344813456624	-11.094784407815496
2.2999388496104297e8	5313.983098089429	-22.01034598242215	-11.113788346963021
2.3032938496104297e8	5311.848514074445	-22.01834715138768	-11.133160443549677
2.3066488496104297e8	5309.714787504579	-22.026348320353208	-11.152915244248094
2.3100038496104297e8	5307.581918035423	-22.034349489318735	-11.17306817529103
2.3133588496104297e8	5305.449905322665	-22.04235065828426	-11.193635614842293
2.3167138496104297e8	5303.3187490221635	-22.050351827249788	-11.214634972967655
2.3200688496104297e8	5301.188448789905	-22.058352996215312	-11.23608478018416
2.3234238496104297e8	5299.059004282023	-22.06635416518084	-11.25800478571623
2.3267788496104297e8	5296.930415154761	-22.074355334146368	-11.280416066764168
2.3301338496104297e8	5294.80268106453	-22.082356503111896	-11.30334115030019
2.3334888496104297e8	5292.675801667875	-22.090357672077424	-11.326804149155999
2.3368438496104297e8	5290.549776621457	-22.098358841042952	-11.350830914462769
2.3401988496104297e8	5288.424605582098	-22.10636001000848	-11.375449206859601
2.3435538496104297e8	5286.30028820675	-22.114361178974008	-11.400688889313559
2.3469088496104297e8	5284.176824152514	-22.122362347939532	-11.42658214490985
2.3502638496104297e8	5282.054213076598	-22.13036351690506	-11.45316372359598
2.3536188496104297e8	5279.932454636378	-22.138364685870588	-11.480471222625395
2.3569738496104297e8	5277.811548489364	-22.146365854836116	-11.5085454063792
2.3603288496104297e8	5275.691494293181	-22.154367023801644	-11.5374305723932
2.3636838496104297e8	5273.572291705615	-22.162368192767172	-11.567174971839657
2.3670388496104297e8	5271.453940384581	-22.1703693617327	-11.597831294484317
2.3703938496104297e8	5269.336439988134	-22.178370530698224	-11.629457230358774
2.3737488496104297e8	5267.352801664552	-22.186377532171853	-11.656715751409344
2.3771038496104297e8	5265.5976249100095	-22.19439452228069	-11.675297114592631
2.3804588496104297e8	5263.843033011952	-22.202411512389524	-11.694230292341864
2.3838138496104297e8	5262.089025775483	-22.21042850249836	-11.713528864513885
2.3871688496104297e8	5260.335603005804	-22.218445492607195	-11.73320721272768
2.3905238496104297e8	5258.582764508149	-22.22646248271603	-11.7532805847489
2.3938788496104297e8	5256.830510087829	-22.234479472824866	-11.773765165469907
2.3972338496104297e8	5255.078839550219	-22.24249646293371	-11.794678155313136
2.4005888496104297e8	5253.3277527007485	-22.25051345304254	-11.816037857009288
2.4039438496104297e8	5251.577249344941	-22.258530443151376	-11.837863771847394
2.4072988496104297e8	5249.827329288358	-22.266547433260214	-11.860176706665039
2.4106538496104297e8	5248.077992336633	-22.27456442336905	-11.882998893049846
2.4140088496104297e8	5246.329238295463	-22.282581413477885	-11.906354120463801
2.4173638496104297e8	5244.581066970605	-22.29059840358672	-11.93026788528863
2.4207188496104297e8	5242.833478167905	-22.298615393695556	-11.954767558133266
2.4240738496104297e8	5241.086471693247	-22.30663238380439	-11.979882572156093
2.4274288496104297e8	5239.340047352589	-22.314649373913227	-12.005644635651267
2.4307838496104297e8	5237.594204951953	-22.322666364022062	-12.032087972750102
2.4341388496104297e8	5235.848944297425	-22.330683354130898	-12.059249596820957
2.4374938496104297e8	5234.104265195159	-22.338700344239736	-12.087169622047236
2.4408488496104297e8	5232.360167451371	-22.346717334348572	-12.115891619765279
2.4442038496104297e8	5230.616650872332	-22.354734324457404	-12.14546302750697
2.4475588496104297e8	5228.873715264405	-22.362751314566243	-12.175935620387433
2.4509138496104297e8	5227.131360433992	-22.370768304675078	-12.20736605660022
2.4542688496104297e8	5225.389586187558	-22.378785294783917	-12.239816511455798
2.4576238496104297e8	5223.64839233166	-22.386802284892752	-12.273355417790178
2.4609788496104297e8	5221.907778672893	-22.394819275001588	-12.308058334903725
2.4643338496104297e8	5220.167745017924	-22.402836265110423	-12.344008973770599
2.4676888496104297e8	5218.428291173486	-22.41085325521926	-12.38130041350568
2.4710438496104297e8	5216.689416946376	-22.418870245328097	-12.420036553569958
2.4743988496104297e8	5214.951122143453	-22.426887235436933	-12.460333858752778
2.4777538496104297e8	5213.2134065716355	-22.434904225545765	-12.502323470749417
2.4811088496104297e8	5211.476270037941	-22.4429212156546	-12.546153782822467
2.4844638496104297e8	5209.739712349384	-22.45093820576344	-12.59199360502896
2.4878188496104297e8	5208.003733313113	-22.458955195872274	-12.640036090415627
2.4911738496104297e8	5206.268332736301	-22.46697218598111	-12.69050365285822
2.4945288496104297e8	5204.533510426186	-22.474989176089945	-12.743654193162069
2.4978838496104297e8	5202.799266190096	-22.483006166198784	-12.799789074642206
2.5012388496104297e8	5201.065599835399	-22.49102315630762	-12.859263473398498
2.5045938496104297e8	5199.332511169533	-22.499040146416455	-12.92250000577663
2.5079488496104297e8	5197.600000000003	-22.50705713652529	-12.990006962878732
