-4.0953776689846553e6	11858.709097194112	-15.535202795398968
-4.0448776689846553e6	11838.630855806043	-15.537109762451202
-3.9943776689846553e6	11818.5866093304	-15.539016729503434
-3.9438776689846553e6	11798.576300209625	-15.54092369655567
-3.8933776689846553e6	11778.59987098368	-15.542830663607901
-3.8428776689846553e6	11758.657264289748	-15.544737630660133
-3.7923776689846553e6	11738.748422862134	-15.546644597712367
-3.7418776689846553e6	11718.873289532165	-15.5485515647646
-3.6913776689846553e6	11699.031807227899	-15.550458531816835
-3.6408776689846553e6	11679.22391897402	-15.552365498869065
-3.5903776689846553e6	11659.449567891746	-15.554272465921299
-3.5398776689846553e6	11639.708697198532	-15.556179432973533
-3.4893776689846553e6	11620.001250207972	-15.558086400025765
-3.4388776689846553e6	11600.327170329703	-15.559993367077999
-3.3883776689846553e6	11580.686401069113	-15.561900334130232
-3.3378776689846553e6	11561.078886027239	-15.563807301182464
-3.2873776689846553e6	11541.504568900673	-15.565714268234697
-3.2368776689846553e6	11517.999015964502	-15.567369353272042
-3.1863776689846553e6	11494.436579408997	-15.569017767781787
-3.1358776689846553e6	11470.922344664907	-15.57066618229153
-3.0853776689846553e6	11447.456213125488	-15.572314596801277
-3.0348776689846553e6	11424.038086385779	-15.57396301131102
-2.9843776689846553e6	11400.667866242049	-15.575611425820764
-2.9338776689846553e6	11377.345454691536	-15.577259840330509
-2.8833776689846553e6	11354.070753931912	-15.578908254840254
-2.8328776689846553e6	11330.843666360915	-15.580556669349999
-2.7823776689846553e6	11307.664094575994	-15.582205083859742
-2.7318776689846553e6	11284.531941373853	-15.58385349836949
-2.6813776689846553e6	11261.447109750005	-15.585501912879232
-2.6308776689846553e6	11238.409502898407	-15.587150327388978
-2.5803776689846553e6	11212.006065880225	-15.58854136884389
-2.5298776689846553e6	11183.94896349363	-15.589802694248506
-2.4793776689846553e6	11155.962071646481	-15.591064019653125
-2.4288776689846553e6	11128.04521464282	-15.592325345057745
-2.3783776689846553e6	11100.198217226323	-15.593586670462361
-2.3278776689846553e6	11072.420904579289	-15.594847995866976
-2.2773776689846553e6	11044.713102321439	-15.596109321271596
-2.2268776689846553e6	11017.074636508829	-15.597370646676215
-2.1763776689846553e6	10989.505333632838	-15.598631972080831
-2.1258776689846553e6	10962.005020619072	-15.59989329748545
-2.0753776689846553e6	10934.542802962282	-15.601152059771051
-2.0248776689846553e6	10900.543680659133	-15.60185815724955
-1.9743776689846553e6	10866.650272910148	-15.602564254728051
-1.9238776689846553e6	10832.862251013696	-15.603270352206552
-1.8733776689846553e6	10799.179287290164	-15.603976449685053
-1.8228776689846553e6	10765.60105507887	-15.604682547163552
-1.7723776689846553e6	10732.127228734767	-15.605388644642051
-1.7218776689846553e6	10698.757483625346	-15.606094742120552
-1.6713776689846553e6	10665.491496127548	-15.606800839599053
-1.6208776689846553e6	10628.394962177148	-15.607147350636563
-1.5703776689846553e6	10586.614951394664	-15.607052256183849
-1.5198776689846553e6	10544.999177009811	-15.606957161731131
-1.4693776689846553e6	10503.546993412516	-15.606862067278417
-1.4188776689846553e6	10462.257757530637	-15.6067669728257
-1.3683776689846553e6	10421.130828819943	-15.606671878372985
-1.3178776689846553e6	10380.16556925413	-15.60657678392027
-1.2673776689846553e6	10333.900980935354	-15.605992810521887
-1.2168776689846553e6	10282.647257000413	-15.604941362506825
-1.1663776689846553e6	10231.647739509106	-15.603889914491761
-1.1158776689846553e6	10176.52001850117	-15.60241349214646
-1.0653776689846553e6	10118.875040612655	-15.600662506459543
-1.0148776689846553e6	10061.556593155963	-15.598911520772624
-964377.6689846553	9996.157388243248	-15.59632651581651
-913877.6689846553	9931.056263355162	-15.593728820697997
-863377.6689846553	9859.834280693756	-15.590482280577692
-812877.6689846553	9784.975819598452	-15.586821392633604
-762377.6689846553	9705.420888210649	-15.582622657897328
-711877.6689846553	9618.886624881143	-15.57763793617996
-661377.6689846553	9527.954313425487	-15.572144721799813
-610877.6689846553	9427.134037976974	-15.565583363354332
-560377.6689846553	9321.499267518828	-15.558443240016647
-509877.6689846553	9203.560724990264	-15.54995940661578
-459377.6689846553	9081.540895530607	-15.540961644418395
-408877.6689846553	8944.894412635393	-15.530444024480364
-358377.6689846553	8809.973306675425	-15.519904516973602
-307877.6689846553	8661.288378850391	-15.508302317400103
-257377.6689846553	8515.112789815927	-15.496700117826606
-206877.6689846553	8378.580410005334	-15.48638636088188
-156377.6689846553	8266.02438355424	-15.480041145685053
-105877.66898465529	8154.9804102757025	-15.473695930488226
-55377.66898465529	8045.42817757635	-15.4673507152914
-4877.668984655291	7963.177307994403	-15.465121917689764
45622.33101534471	7899.813941804959	-15.465790847372281
96122.33101534471	7836.954760819432	-15.466459777054798
146622.3310153447	7774.595753213112	-15.467128706737315
197122.3310153447	7715.258118093195	-15.468244703421096
247622.3310153447	7665.0183417462795	-15.4709018880602
298122.3310153447	7615.105713900278	-15.473559072699302
348622.3310153447	7565.518104248286	-15.476216257338407
399122.3310153447	7516.253396355428	-15.478873441977512
449622.3310153447	7469.128434129064	-15.4818567859241
500122.3310153447	7431.53969323369	-15.486506325224353
550622.3310153447	7394.140119448583	-15.491155864524604
601122.3310153447	7356.928760781346	-15.495805403824857
651622.3310153447	7319.904670030512	-15.50045494312511
702122.3310153447	7283.066904761504	-15.505104482425363
752622.3310153447	7249.375090387723	-15.510327972470458
803122.3310153447	7219.858964089058	-15.516334012124162
853622.3310153447	7190.463013902252	-15.522340051777864
904122.3310153447	7161.18675052534	-15.528346091431565
954622.3310153447	7132.029686648607	-15.534352131085267
1.0051223310153447e6	7102.99133694644	-15.540358170738969
1.0556223310153447e6	7074.2169707924895	-15.546392308281417
1.1061223310153447e6	7051.165295882628	-15.553511135608266
1.1566223310153447e6	7028.188735959817	-15.560629962935117
1.2071223310153447e6	7005.287046258271	-15.567748790261966
1.2576223310153447e6	6982.459982809802	-15.574867617588815
1.3081223310153447e6	6959.707302441162	-15.581986444915664
1.3586223310153447e6	6937.028762771536	-15.589105272242517
1.4091223310153447e6	6914.4241222099035	-15.596224099569366
1.4596223310153447e6	6895.954872846663	-15.604207635779133
1.5101223310153447e6	6877.631305922137	-15.612211732591835
1.5606223310153447e6	6859.356427411461	-15.620215829404536
1.6111223310153447e6	6841.130107942393	-15.628219926217238
1.6616223310153447e6	6822.952218486364	-15.63622402302994
1.7121223310153447e6	6804.822630357739	-15.64422811984264
1.7626223310153447e6	6786.741215212773	-15.652232216655344
1.8131223310153447e6	6769.770650291962	-15.66048523680351
1.8636223310153447e6	6754.970554017019	-15.669237802498753
1.9141223310153447e6	6740.20281376432	-15.677990368193997
1.9646223310153447e6	6725.467358797028	-15.686742933889242
2.0151223310153447e6	6710.764118532904	-15.695495499584485
2.0656223310153447e6	6696.093022544098	-15.704248065279728
2.1161223310153447e6	6681.454000556647	-15.713000630974973
2.1666223310153447e6	6666.846982450269	-15.721753196670216
2.2171223310153447e6	6652.693180217275	-15.730598199010126
2.2676223310153447e6	6640.896929671036	-15.739954876914716
2.3181223310153447e6	6629.121595695451	-15.749311554819304
2.3686223310153447e6	6617.3671412022295	-15.758668232723894
2.4191223310153447e6	6605.633529168806	-15.768024910628483
2.4696223310153447e6	6593.920722638298	-15.777381588533071
2.5201223310153447e6	6582.228684719354	-15.78673826643766
2.5706223310153447e6	6570.557378586	-15.79609494434225
2.6211223310153447e6	6558.906767477595	-15.805451622246839
2.6716223310153447e6	6548.151832666604	-15.81502112421347
2.7221223310153447e6	6538.523222709608	-15.824860686368968
2.7726223310153447e6	6528.908770965811	-15.834700248524467
2.8231223310153447e6	6519.308456616514	-15.844539810679969
2.8736223310153447e6	6509.722258873671	-15.854379372835467
2.9241223310153447e6	6500.150156979762	-15.864218934990966
2.9746223310153447e6	6490.592130207806	-15.874058497146468
3.0251223310153447e6	6481.048157861295	-15.883898059301966
3.0756223310153447e6	6471.5182192741595	-15.893737621457465
3.1261223310153447e6	6462.381987842394	-15.903689297564652
3.1766223310153447e6	6454.267795161195	-15.913939336284392
3.2271223310153447e6	6446.163790692794	-15.924189375004133
3.2776223310153447e6	6438.069961644829	-15.934439413723872
3.3281223310153447e6	6429.986295241001	-15.944689452443615
3.3786223310153447e6	6421.912778721066	-15.954939491163355
3.4291223310153447e6	6413.849399340755	-15.965189529883094
3.4796223310153447e6	6405.796144371868	-15.975439568602837
3.5301223310153447e6	6397.753001102142	-15.985689607322577
3.5806223310153447e6	6389.719956835277	-15.995939646042316
3.6311223310153447e6	6383.2011172805	-16.006514647796013
3.6816223310153447e6	6377.376683689993	-16.017238364506944
3.7321223310153447e6	6371.557564678504	-16.027962081217883
3.7826223310153447e6	6365.743755396654	-16.038685797928814
3.8331223310153447e6	6359.935250999524	-16.049409514639752
3.8836223310153447e6	6354.132046646603	-16.060133231350687
3.9341223310153447e6	6348.3341375018	-16.070856948061618
3.9846223310153447e6	6342.541518733432	-16.081580664772552
4.0351223310153447e6	6336.754185514239	-16.092304381483487
4.0856223310153447e6	6330.972133021333	-16.103028098194425
4.1361223310153447e6	6325.0330820060235	-16.1137879965638
4.1866223310153447e6	6319.049122026341	-16.124559161087458
4.237122331015345e6	6313.070823325671	-16.13533032561112
4.287622331015345e6	6307.098180548014	-16.14610149013478
4.338122331015345e6	6301.131188342429	-16.15687265465844
4.388622331015345e6	6295.169841363068	-16.1676438191821
4.439122331015345e6	6289.214134269099	-16.17841498370576
4.489622331015345e6	6283.264061724786	-16.18918614822942
4.540122331015345e6	6277.319618399406	-16.199957312753078
4.590622331015345e6	6271.3807989672705	-16.21072847727674
4.641122331015345e6	6266.315503782407	-16.221718918561187
4.691622331015345e6	6262.129552983701	-16.232930640926504
4.742122331015345e6	6257.946398434891	-16.244142363291818
4.792622331015345e6	6253.766038268062	-16.255354085657135
4.843122331015345e6	6249.5884706165425	-16.266565808022452
4.893622331015345e6	6245.413693614898	-16.277777530387766
4.944122331015345e6	6241.241705398985	-16.288989252753083
4.994622331015345e6	6237.072504105827	-16.3002009751184
5.045122331015345e6	6232.906087873768	-16.311412697483714
5.095622331015345e6	6228.742454842356	-16.32262441984903
5.146122331015345e6	6224.581603152387	-16.33383614221435
5.196622331015345e6	6220.764316991351	-16.34517842270466
5.247122331015345e6	6216.964921035015	-16.35652666372092
5.297622331015345e6	6213.167845598951	-16.367874904737185
5.348122331015345e6	6209.373089265855	-16.379223145753446
5.398622331015345e6	6205.580650619333	-16.390571386769707
5.449122331015345e6	6201.790528243811	-16.40191962778597
5.499622331015345e6	6198.002720724615	-16.41326786880223
5.550122331015345e6	6194.217226647932	-16.424616109818494
5.600622331015345e6	6190.434044600783	-16.435964350834755
5.651122331015345e6	6186.653173171081	-16.447312591851016
5.701622331015345e6	6182.998462839109	-16.458694628120554
5.752122331015345e6	6179.866766012619	-16.47021886566058
5.802622331015345e6	6176.736655394678	-16.48174310320061
5.853122331015345e6	6173.608130181868	-16.493267340740637
5.903622331015345e6	6170.481189571167	-16.50479157828066
5.954122331015345e6	6167.355832759997	-16.516315815820686
6.004622331015345e6	6164.232058946147	-16.527840053360713
6.055122331015345e6	6161.109867327829	-16.53936429090074
6.105622331015345e6	6157.98925710366	-16.550888528440765
6.156122331015345e6	6154.870227472658	-16.562412765980792
6.206622331015345e6	6151.752777634254	-16.573937003520818
6.257122331015345e6	6148.73667325397	-16.585495076019093
6.307622331015345e6	6146.090822848555	-16.597178272115425
6.358122331015345e6	6143.44611097366	-16.608861468211753
6.408622331015345e6	6140.802537139369	-16.620544664308085
6.459122331015345e6	6138.160100855971	-16.632227860404413
6.509622331015345e6	6135.51880163397	-16.643911056500745
6.560122331015345e6	6132.87863898408	-16.655594252597076
6.610622331015345e6	6130.239612417224	-16.667277448693405
6.661122331015345e6	6127.601721444537	-16.678960644789736
6.711622331015345e6	6124.964965577364	-16.690643840886068
6.762122331015345e6	6122.329344327259	-16.702327036982396
6.812622331015345e6	6119.724130335337	-16.714019317991756
6.863122331015345e6	6117.466472079299	-16.72581916131083
6.913622331015345e6	6115.20964670733	-16.73761900462991
6.964122331015345e6	6112.953653912188	-16.749418847948988
7.014622331015345e6	6110.6984933867125	-16.761218691268063
7.065122331015345e6	6108.444164823867	-16.773018534587138
7.115622331015345e6	6106.190667916716	-16.784818377906213
7.166122331015345e6	6103.938002358472	-16.79661822122529
7.216622331015345e6	6101.686167842426	-16.808418064544366
7.267122331015345e6	6099.435164061983	-16.82021790786344
7.317622331015345e6	6097.184990710696	-16.83201775118252
7.368122331015345e6	6094.935647482194	-16.843817594501594
7.418622331015345e6	6092.961032078469	-16.855690577271012
7.469122331015345e6	6091.052844853871	-16.867581132845494
7.519622331015345e6	6089.145255233361	-16.879471688419972
7.570122331015345e6	6087.2382630297925	-16.89136224399445
7.620622331015345e6	6085.331868056067	-16.903252799568932
7.671122331015345e6	6083.426070125155	-16.915143355143414
7.721622331015345e6	6081.520869050055	-16.92703391071789
7.772122331015345e6	6079.616264643864	-16.93892446629237
7.822622331015345e6	6077.712256719698	-16.95081502186685
7.873122331015345e6	6075.808845090772	-16.96270557744133
7.923622331015345e6	6073.906029570307	-16.97459613301581
7.974122331015345e6	6072.102775194031	-16.986535825378642
8.024622331015345e6	6070.437474326069	-16.998543765556875
8.075122331015345e6	6068.772630174165	-17.01055170573511
8.125622331015345e6	6067.108242613096	-17.02255964591334
8.176122331015345e6	6065.44431151763	-17.034567586091576
8.226622331015345e6	6063.780836762578	-17.04657552626981
8.277122331015345e6	6062.117818222787	-17.05858346644804
8.327622331015345e6	6060.455255773139	-17.070591406626278
8.378122331015345e6	6058.793149288547	-17.08259934680451
8.428622331015345e6	6057.131498643963	-17.094607286982743
8.479122331015345e6	6055.470303714369	-17.10661522716098
8.529622331015345e6	6053.809564374774	-17.118623167339212
8.580122331015345e6	6052.386646996637	-17.13068890055831
8.630622331015345e6	6050.965438900052	-17.142754968588086
8.681122331015345e6	6049.544564528432	-17.154821036617857
8.731622331015345e6	6048.12402380339	-17.16688710464763
8.782122331015345e6	6046.703816646602	-17.1789531726774
8.832622331015345e6	6045.283942979718	-17.19101924070717
8.883122331015345e6	6043.864402724451	-17.203085308736945
8.933622331015345e6	6042.445195802488	-17.215151376766716
8.984122331015345e6	6041.026322135579	-17.227217444796487
9.034622331015345e6	6039.607781645446	-17.23928351282626
9.085122331015345e6	6038.189574253866	-17.25134958085603
9.135622331015345e6	6036.845831059477	-17.263452794037683
9.186122331015345e6	6035.572553285549	-17.275591173124507
9.236622331015345e6	6034.299544068479	-17.287729552211335
9.287122331015345e6	6033.026803351615	-17.29986793129816
9.337622331015345e6	6031.754331078324	-17.312006310384984
9.388122331015345e6	6030.482127191986	-17.32414468947181
9.438622331015345e6	6029.210191635996	-17.336283068558636
9.489122331015345e6	6027.938524353755	-17.348421447645464
9.539622331015345e6	6026.667125288683	-17.36055982673229
9.590122331015345e6	6025.395994384194	-17.372698205819113
9.640622331015345e6	6024.125131583762	-17.38483658490594
9.691122331015345e6	6022.859315371889	-17.396974027804138
9.741622331015345e6	6021.722497014721	-17.40908624515578
9.792122331015345e6	6020.585893232708	-17.421198462507423
9.842622331015345e6	6019.449503985351	-17.433310679859066
9.893122331015345e6	6018.3133292321645	-17.445422897210708
9.943622331015345e6	6017.177368932633	-17.45753511456235
9.994122331015345e6	6016.041623046309	-17.469647331913993
1.0044622331015345e7	6014.906091532712	-17.481759549265636
1.0095122331015345e7	6013.770774351377	-17.49387176661728
1.0145622331015345e7	6012.635671461852	-17.50598398396892
1.0196122331015345e7	6011.500782823698	-17.518096201320564
1.0246622331015345e7	6010.366108396442	-17.530208418672206
1.0297122331015345e7	6009.247293127923	-17.542371434242256
1.0347622331015345e7	6008.14426502597	-17.55458504273875
1.0398122331015345e7	6007.04143939047	-17.566798651235246
1.0448622331015345e7	6005.938816184252	-17.579012259731737
1.0499122331015345e7	6004.836395370166	-17.59122586822823
1.0549622331015345e7	6003.734176911075	-17.603439476724724
1.0600122331015345e7	6002.632160769815	-17.615653085221215
1.0650622331015345e7	6001.530346909268	-17.62786669371771
1.0701122331015345e7	6000.428735292286	-17.6400803022142
1.0751622331015345e7	5999.327325881764	-17.652293910710696
1.0802122331015345e7	5998.2261186405685	-17.664507519207188
1.0852622331015345e7	5997.130269912154	-17.676734335618406
1.0903122331015345e7	5996.10525684093	-17.689142114543532
1.0953622331015345e7	5995.080418962131	-17.70154989346866
1.1004122331015345e7	5994.055756245803	-17.713957672393786
1.1054622331015345e7	5993.03126866203	-17.72636545131891
1.1105122331015345e7	5992.006956180867	-17.738773230244036
1.1155622331015345e7	5990.982818772386	-17.751181009169166
1.1206122331015345e7	5989.958856406654	-17.76358878809429
1.1256622331015345e7	5988.935069053763	-17.775996567019416
1.1307122331015345e7	5987.9114566838125	-17.788404345944542
1.1357622331015345e7	5986.888019266882	-17.80081212486967
1.1408122331015345e7	5985.86475677307	-17.813219903794796
1.1458622331015345e7	5984.869677607192	-17.825397095707743
1.1509122331015345e7	5983.880138747926	-17.837530030180467
1.1559622331015345e7	5982.890763499099	-17.84966296465319
1.1610122331015345e7	5981.90155183366	-17.861795899125912
1.1660622331015345e7	5980.912503724572	-17.873928833598637
1.1711122331015345e7	5979.923619144761	-17.886061768071357
1.1761622331015345e7	5978.934898067231	-17.89819470254408
1.1812122331015345e7	5977.946340464928	-17.910327637016806
1.1862622331015345e7	5976.957946310801	-17.92246057148953
1.1913122331015345e7	5975.969715577869	-17.934593505962255
1.1963622331015345e7	5974.981648239079	-17.94672644043498
1.2014122331015345e7	5973.96692973148	-17.959009289321937
1.2064622331015345e7	5972.91400229712	-17.971506757324725
1.2115122331015345e7	5971.861260443988	-17.984004225327514
1.2165622331015345e7	5970.808704139396	-17.9965016933303
1.2216122331015345e7	5969.756333350629	-18.008999161333087
1.2266622331015345e7	5968.704148044991	-18.02149662933587
1.2317122331015345e7	5967.652148189779	-18.033994097338656
1.2367622331015345e7	5966.600333752338	-18.046491565341448
1.2418122331015345e7	5965.548704699946	-18.058989033344233
1.2468622331015345e7	5964.49726099996	-18.071486501347017
1.2519122331015345e7	5963.44600261969	-18.083983969349806
1.2569622331015345e7	5962.415042711245	-18.096357766089653
1.2620122331015345e7	5961.416329123401	-18.108534350432784
1.2670622331015345e7	5960.417782821601	-18.120710934775914
1.2721122331015345e7	5959.419403777825	-18.132887519119045
1.2771622331015345e7	5958.421191964047	-18.14506410346218
1.2822122331015345e7	5957.423147352276	-18.15724068780531
1.2872622331015345e7	5956.425269914496	-18.16941727214844
1.2923122331015345e7	5955.4275596226935	-18.18159385649157
1.2973622331015345e7	5954.430016448893	-18.1937704408347
1.3024122331015345e7	5953.432640365091	-18.20594702517783
1.3074622331015345e7	5952.4354313432905	-18.218123609520962
1.3125122331015345e7	5951.423072460654	-18.2303546434497
1.3175622331015345e7	5950.331727202546	-18.242867125922047
1.3226122331015345e7	5949.240582070435	-18.255379608394392
1.3276622331015345e7	5948.149637027622	-18.26789209086674
1.3327122331015345e7	5947.058892037405	-18.280404573339087
1.3377622331015345e7	5945.968347063131	-18.292917055811436
1.3428122331015345e7	5944.87800206808	-18.305429538283782
1.3478622331015345e7	5943.787857015612	-18.31794202075613
1.3529122331015345e7	5942.6979118690515	-18.330454503228477
1.3579622331015345e7	5941.608166591742	-18.342966985700823
1.3630122331015345e7	5940.518621147021	-18.355479468173172
1.3680622331015345e7	5939.422155286528	-18.367943539526298
1.3731122331015345e7	5938.312093655382	-18.380313778224846
1.3781622331015345e7	5937.202239491708	-18.392684016923393
1.3832122331015345e7	5936.092592756706	-18.40505425562194
1.3882622331015345e7	5934.983153411631	-18.41742449432049
1.3933122331015345e7	5933.873921417702	-18.429794733019037
1.3983622331015345e7	5932.764896736186	-18.442164971717588
1.4034122331015345e7	5931.656079328325	-18.454535210416136
1.4084622331015345e7	5930.547469155373	-18.466905449114684
1.4135122331015345e7	5929.439066178616	-18.47927568781323
1.4185622331015345e7	5928.330870359321	-18.491645926511783
1.4236122331015345e7	5927.205751949721	-18.504058855660713
1.4286622331015345e7	5926.065094577188	-18.516511050546285
1.4337122331015345e7	5924.924656717743	-18.528963245431857
1.4387622331015345e7	5923.784438329143	-18.541415440317433
1.4438122331015345e7	5922.644439369151	-18.553867635203005
1.4488622331015345e7	5921.50465979553	-18.56631983008858
1.4539122331015345e7	5920.365099566091	-18.578772024974153
1.4589622331015345e7	5919.22575863858	-18.591224219859726
1.4640122331015345e7	5918.0866369708265	-18.6036764147453
1.4690622331015345e7	5916.947734520623	-18.616128609630874
1.4741122331015345e7	5915.809051245774	-18.62858080451645
1.4791622331015345e7	5914.51136347023	-18.640300796369917
1.4842122331015345e7	5913.197098512223	-18.651943229481166
1.4892622331015345e7	5911.883125597352	-18.663585662592414
1.4943122331015345e7	5910.5694446607	-18.675228095703662
1.4993622331015345e7	5909.256055637408	-18.686870528814914
1.5044122331015345e7	5907.942958462599	-18.698512961926163
1.5094622331015345e7	5906.630153071421	-18.710155395037408
1.5145122331015345e7	5905.317639399037	-18.72179782814866
1.5195622331015345e7	5904.005417380625	-18.733440261259908
1.5246122331015345e7	5902.693486951375	-18.745082694371156
1.5296622331015345e7	5901.381848046493	-18.756725127482405
1.5347122331015345e7	5900.070500601201	-18.768367560593653
1.5397622331015345e7	5898.759444550732	-18.7800099937049
1.5448122331015345e7	5897.448679830325	-18.79165242681615
1.5498622331015345e7	5896.138206375264	-18.803294859927398
1.5549122331015345e7	5894.828024120819	-18.814937293038646
1.5599622331015345e7	5893.518133002268	-18.826579726149898
1.5650122331015345e7	5892.208532954951	-18.838222159261147
1.5700622331015345e7	5890.899223914147	-18.849864592372395
1.5751122331015345e7	5889.590205815222	-18.861507025483643
1.5801622331015345e7	5888.281478593518	-18.87314945859489
1.5852122331015345e7	5886.973042184395	-18.88479189170614
1.5902622331015345e7	5885.49221906867	-18.896519259068125
1.5953122331015345e7	5883.942908368678	-18.908280505609028
1.6003622331015345e7	5882.394005512839	-18.92004175214993
1.6054122331015345e7	5880.8455103938095	-18.931802998690834
1.6104622331015345e7	5879.297422904248	-18.943564245231734
1.6155122331015345e7	5877.749742936849	-18.95532549177264
1.6205622331015345e7	5876.202470384323	-18.96708673831354
1.6256122331015345e7	5874.655605139443	-18.978847984854443
1.6306622331015345e7	5873.109147094979	-18.990609231395347
1.6357122331015345e7	5871.563096143737	-19.00237047793625
1.6407622331015345e7	5870.017452178555	-19.014131724477153
1.6458122331015345e7	5868.472215092295	-19.025892971018056
1.6508622331015345e7	5866.9273847778395	-19.03765421755896
1.6559122331015345e7	5865.38296112813	-19.049415464099862
1.6609622331015345e7	5863.838944036104	-19.061176710640765
1.6660122331015345e7	5862.295333394739	-19.072937957181665
1.6710622331015345e7	5860.75212909704	-19.084699203722572
1.6761122331015345e7	5859.20933103603	-19.09646045026347
1.6811622331015345e7	5857.66693910479	-19.108221696804375
1.6862122331015345e7	5856.1249531963995	-19.119982943345278
1.6912622331015345e7	5854.583373203976	-19.13174418988618
1.6963122331015345e7	5852.910388150129	-19.14346333599288
1.7013622331015345e7	5851.005609876214	-19.155108271062243
1.7064122331015345e7	5849.101451495657	-19.166753206131606
1.7114622331015345e7	5847.19791280672	-19.178398141200972
1.7165122331015345e7	5845.294993607727	-19.19004307627033
1.7215622331015345e7	5843.392693697073	-19.201688011339694
1.7266122331015345e7	5841.4910128732145	-19.213332946409057
1.7316622331015345e7	5839.589950934676	-19.224977881478424
1.7367122331015345e7	5837.6895076800365	-19.236622816547783
1.7417622331015345e7	5835.789682907982	-19.24826775161715
1.7468122331015345e7	5833.89047641719	-19.259912686686512
1.7518622331015345e7	5831.991888006478	-19.27155762175587
1.7569122331015345e7	5830.093917474687	-19.283202556825238
1.7619622331015345e7	5828.1965646207345	-19.294847491894597
1.7670122331015345e7	5826.299829243602	-19.30649242696396
1.7720622331015345e7	5824.403711142337	-19.318137362033323
1.7771122331015345e7	5822.508210116052	-19.329782297102685
1.7821622331015345e7	5820.613325963916	-19.341427232172048
1.7872122331015345e7	5818.719058485203	-19.35307216724141
1.7922622331015345e7	5816.825407479182	-19.364717102310774
1.7973122331015345e7	5814.9323727452675	-19.376362037380137
1.8023622331015345e7	5812.87771640884	-19.388044960412486
1.8074122331015345e7	5810.582205477065	-19.399784471517584
1.8124622331015345e7	5808.287601044738	-19.41152398262268
1.8175122331015345e7	5805.993902753881	-19.423263493727774
1.8225622331015345e7	5803.701110246648	-19.435003004832872
1.8276122331015345e7	5801.409223165352	-19.446742515937967
1.8326622331015345e7	5799.118241152453	-19.45848202704306
1.8377122331015345e7	5796.828163850528	-19.470221538148156
1.8427622331015345e7	5794.538990902303	-19.48196104925325
1.8478122331015345e7	5792.2507219506415	-19.49370056035835
1.8528622331015345e7	5789.963356638561	-19.505440071463447
1.8579122331015345e7	5787.676894609226	-19.517179582568538
1.8629622331015345e7	5785.391335505918	-19.528919093673636
1.8680122331015345e7	5783.10667897205	-19.54065860477873
1.8730622331015345e7	5780.822924651249	-19.55239811588383
1.8781122331015345e7	5778.540072187177	-19.564137626988924
1.8831622331015345e7	5776.258121223723	-19.575877138094018
1.8882122331015345e7	5773.977071404861	-19.587616649199116
1.8932622331015345e7	5771.69692237475	-19.59935616030421
1.8983122331015345e7	5769.417673777646	-19.611095671409306
1.9033622331015345e7	5767.132069252267	-19.62283499193964
1.9084122331015345e7	5764.582325425636	-19.634567348300454
1.9134622331015345e7	5762.033708882645	-19.646299704661264
1.9185122331015345e7	5759.486219124886	-19.658032061022073
1.9235622331015345e7	5756.939855654207	-19.669764417382886
1.9286122331015345e7	5754.394617972649	-19.681496773743696
1.9336622331015345e7	5751.850505582482	-19.693229130104505
1.9387122331015345e7	5749.307517986184	-19.70496148646532
1.9437622331015345e7	5746.765654686478	-19.716693842826132
1.9488122331015345e7	5744.224915186313	-19.72842619918694
1.9538622331015345e7	5741.685298988799	-19.74015855554775
1.9589122331015345e7	5739.146805597325	-19.75189091190856
1.9639622331015345e7	5736.60943451549	-19.763623268269374
1.9690122331015345e7	5734.073185247093	-19.775355624630187
1.9740622331015345e7	5731.53805729615	-19.787087980990997
1.9791122331015345e7	5729.004050166931	-19.798820337351806
1.9841622331015345e7	5726.47116336389	-19.81055269371262
1.9892122331015345e7	5723.939396391714	-19.822285050073432
1.9942622331015345e7	5721.408748755296	-19.834017406434242
1.9993122331015345e7	5718.879219959781	-19.84574976279505
2.0043622331015345e7	5716.350809510489	-19.857482119155865
2.0094122331015345e7	5713.642316349534	-19.869216224332238
2.0144622331015345e7	5710.895795522941	-19.88095070909677
2.0195122331015345e7	5708.150594935914	-19.8926851938613
2.0245622331015345e7	5705.40671395382	-19.904419678625835
2.0296122331015345e7	5702.664151942331	-19.916154163390367
2.0346622331015345e7	5699.922908267425	-19.927888648154898
2.0397122331015345e7	5697.182982295381	-19.939623132919433
2.0447622331015345e7	5694.444373392789	-19.951357617683964
2.0498122331015345e7	5691.707080926539	-19.963092102448496
2.0548622331015345e7	5688.971104263824	-19.97482658721303
2.0599122331015345e7	5686.236442772146	-19.98656107197756
2.0649622331015345e7	5683.503095819307	-19.998295556742093
2.0700122331015345e7	5680.771062773416	-20.010030041506624
2.0750622331015345e7	5678.040343002882	-20.021764526271156
2.0801122331015345e7	5675.310935876432	-20.03349901103569
2.0851622331015345e7	5672.582840763052	-20.045233495800222
2.0902122331015345e7	5669.856057032106	-20.056967980564757
2.0952622331015345e7	5667.130584053187	-20.06870246532929
2.1003122331015345e7	5664.406421196232	-20.080436950093823
2.1053622331015345e7	5661.683567831474	-20.092171434858354
2.1104122331015345e7	5658.8545921152945	-20.103926919390968
2.1154622331015345e7	5655.944417575246	-20.115698560654696
2.1205122331015345e7	5653.035739648287	-20.127470201918428
2.1255622331015345e7	5650.128557564744	-20.139241843182155
2.1306122331015345e7	5647.222870555374	-20.151013484445883
2.1356622331015345e7	5644.3186778512945	-20.162785125709615
2.1407122331015345e7	5641.41597868402	-20.174556766973343
2.1457622331015345e7	5638.514772285491	-20.186328408237074
2.1508122331015345e7	5635.615057888012	-20.198100049500802
2.1558622331015345e7	5632.716834724284	-20.20987169076453
2.1609122331015345e7	5629.820102027432	-20.221643332028258
2.1659622331015345e7	5626.924859030942	-20.233414973291985
2.1710122331015345e7	5624.031104968709	-20.24518661455572
2.1760622331015345e7	5621.13883907501	-20.25695825581945
2.1811122331015345e7	5618.248060584546	-20.268729897083176
2.1861622331015345e7	5615.35876873237	-20.280501538346904
2.1912122331015345e7	5612.4709627539705	-20.292273179610635
2.1962622331015345e7	5609.584641885198	-20.304044820874363
2.2013122331015345e7	5606.699805362307	-20.315816462138095
2.2063622331015345e7	5603.816452421945	-20.327588103401823
2.2114122331015345e7	5600.932780231256	-20.339358006373946
2.2164622331015345e7	5597.973067186621	-20.35105308928068
2.2215122331015345e7	5595.014918149553	-20.362748172187413
2.2265622331015345e7	5592.05833229359	-20.374443255094143
2.2316122331015345e7	5589.103308792696	-20.386138338000876
2.2366622331015345e7	5586.149846821284	-20.39783342090761
2.2417122331015345e7	5583.1979455541605	-20.409528503814343
2.2467622331015345e7	5580.2476041666305	-20.421223586721077
2.2518122331015345e7	5577.298821834402	-20.43291866962781
2.2568622331015345e7	5574.351597733599	-20.444613752534543
2.2619122331015345e7	5571.405931040815	-20.456308835441273
2.2669622331015345e7	5568.461820933063	-20.468003918348007
2.2720122331015345e7	5565.519266587795	-20.479699001254744
2.2770622331015345e7	5562.578267182895	-20.49139408416147
2.2821122331015345e7	5559.638821896683	-20.503089167068204
2.2871622331015345e7	5556.700929907912	-20.514784249974937
2.2922122331015345e7	5553.764590395771	-20.52647933288167
2.2972622331015345e7	5550.82980253988	-20.538174415788404
2.3023122331015345e7	5547.896565520304	-20.549869498695138
2.3073622331015345e7	5544.964878517512	-20.561564581601868
2.3124122331015345e7	5542.034740712425	-20.5732596645086
2.3174622331015345e7	5539.106151286428	-20.584954747415335
2.3225122331015345e7	5536.190674323212	-20.59668291344965
2.3275622331015345e7	5533.287415894889	-20.60844165866578
2.3326122331015345e7	5530.385679977248	-20.6202004038819
2.3376622331015345e7	5527.485465771865	-20.631959149098023
2.3427122331015345e7	5524.58677248075	-20.643717894314143
2.3477622331015345e7	5521.689599306304	-20.655476639530267
2.3528122331015345e7	5518.793945451357	-20.66723538474639
2.3578622331015345e7	5515.8998101191555	-20.678994129962515
2.3629122331015345e7	5513.0071925133625	-20.69075287517864
2.3679622331015345e7	5510.116091838062	-20.70251162039476
2.3730122331015345e7	5507.226507297753	-20.714270365610883
2.3780622331015345e7	5504.338438097354	-20.726029110827007
2.3831122331015345e7	5501.451883442196	-20.737787856043127
2.3881622331015345e7	5498.566842538023	-20.749546601259247
2.3932122331015345e7	5495.683314591019	-20.761305346475375
2.3982622331015345e7	5492.801298807758	-20.773064091691495
2.4033122331015345e7	5489.920794395241	-20.784822836907622
2.4083622331015345e7	5487.041800560883	-20.796581582123743
2.4134122331015345e7	5484.164316512512	-20.808340327339867
2.4184622331015345e7	5481.288341458379	-20.82009907255599
2.4235122331015345e7	5478.413874607143	-20.83185781777211
2.4285622331015345e7	5475.5409151678705	-20.843616562988235
2.4336122331015345e7	5472.669462350083	-20.855375308204355
2.4386622331015345e7	5470.021791325803	-20.86718723763263
2.4437122331015345e7	5467.5515796041145	-20.879041340317784
2.4487622331015345e7	5465.0824834074165	-20.89089544300294
2.4538122331015345e7	5462.614502231927	-20.902749545688092
2.4588622331015345e7	5460.147635574114	-20.91460364837324
2.4639122331015345e7	5457.681882930691	-20.926457751058397
2.4689622331015345e7	5455.217243798569	-20.93831185374355
2.4740122331015345e7	5452.7537176749065	-20.9501659564287
2.4790622331015345e7	5450.291304057049	-20.962020059113854
2.4841122331015345e7	5447.83000244264	-20.97387416179901
2.4891622331015345e7	5445.369812329478	-20.98572826448416
2.4942122331015345e7	5442.91073321563	-20.997582367169315
2.4992622331015345e7	5440.4527645993685	-21.009436469854464
2.5043122331015345e7	5437.995905979232	-21.02129057253962
2.5093622331015345e7	5435.540156853927	-21.033144675224776
2.5144122331015345e7	5433.085516722427	-21.044998777909928
2.5194622331015345e7	5430.63198508392	-21.05685288059508
2.5245122331015345e7	5428.17956143782	-21.068706983280233
2.5295622331015345e7	5425.728245283767	-21.080561085965385
2.5346122331015345e7	5423.27803612163	-21.092415188650538
2.5396622331015345e7	5420.828933451501	-21.10426929133569
2.5447122331015345e7	5418.380936773697	-21.116123394020846
2.5497622331015345e7	5415.934045588763	-21.127977496706
2.5548122331015345e7	5413.488259397469	-21.139831599391147
2.5598622331015345e7	5411.043577700809	-21.1516857020763
2.5649122331015345e7	5408.600000000003	-21.163539804761456
