-1.3777518896188828e8	18563.480364189185	-18.178791648159862	4.980642072689799
-1.3740768896188828e8	18536.797429650785	-18.177326375876948	4.9786753891016495
-1.3704018896188828e8	18510.15284885754	-18.175861103594038	4.976704830046095
-1.3667268896188828e8	18483.54656668027	-18.17439583131112	4.974730380219292
-1.3630518896188828e8	18456.978528068958	-18.17293055902821	4.972752024226571
-1.3593768896188828e8	18430.448678052733	-18.171465286745295	4.97076974658171
-1.3557018896188828e8	18403.956961739746	-18.17000001446238	4.968783531706213
-1.3520268896188828e8	18377.50332431705	-18.16853474217947	4.966793363928567
-1.3483518896188828e8	18351.087711050484	-18.16706946989656	4.964799227483513
-1.3446768896188828e8	18324.710067284526	-18.165604197613646	4.962801106511283
-1.3410018896188828e8	18298.370338442313	-18.164138925330732	4.960798985056853
-1.3373268896188828e8	18272.068470025337	-18.162673653047822	4.958792847069172
-1.3336518896188828e8	18245.804407613457	-18.161208380764908	4.956782676400396
-1.3299768896188828e8	18219.578096864716	-18.159743108481994	4.954768456805103
-1.3263018896188828e8	18193.389483515377	-18.15827783619908	4.952750171939507
-1.3226268896188828e8	18167.238513379587	-18.15681256391617	4.950727805360664
-1.3189518896188828e8	18141.125132349458	-18.155347291633255	4.948701340525666
-1.3152768896188828e8	18115.049286394777	-18.15388201935034	4.94667076079083
-1.3116018896188828e8	18089.010921563055	-18.15241674706743	4.944636049410876
-1.3079268896188828e8	18063.009983979413	-18.150951474784517	4.942597189538104
-1.3042518896188828e8	18037.046419846323	-18.149486202501603	4.940554164221548
-1.3005768896188828e8	18011.12017544362	-18.148020930218692	4.9385069564061395
-1.2969018896188828e8	17985.23119712834	-18.146555657935778	4.936455548931847
-1.2932268896188828e8	17959.379431334644	-18.145090385652868	4.934399924532817
-1.2895518896188828e8	17933.564824573674	-18.14362511336995	4.932340065836498
-1.2858768896188828e8	17907.787323433462	-18.14215984108704	4.930275955362763
-1.2822018896188828e8	17882.04687457878	-18.140694568804125	4.928207575523017
-1.2785268896188828e8	17856.34342475116	-18.13922929652121	4.926134908619303
-1.2748518896188828e8	17830.676920768594	-18.1377640242383	4.924057936843384
-1.2711768896188828e8	17805.04730952554	-18.13629875195539	4.921976642275833
-1.2675018896188828e8	17779.454537992773	-18.134833479672476	4.919891006885104
-1.2638268896188828e8	17753.898553217372	-18.133368207389562	4.91780101252659
-1.2601518896188828e8	17728.379302322443	-18.131902935106652	4.915706640941684
-1.2564768896188828e8	17702.896732507124	-18.130437662823734	4.913607873756812
-1.2528018896188828e8	17677.450791046453	-18.128972390540824	4.911504692482473
-1.2491268896188828e8	17652.04142529125	-18.12750711825791	4.909397078512261
-1.2454518896188828e8	17626.66858266801	-18.126041845975	4.907285013121875
-1.2417768896188828e8	17601.332210678775	-18.124576573692085	4.905168477468123
-1.2381018896188828e8	17576.032256901137	-18.12311130140917	4.903047452587909
-1.2344268896188828e8	17550.768668987937	-18.12164602912626	4.900921919397221
-1.2307518896188828e8	17525.5413946673	-18.120180756843347	4.8987918586900925
-1.2270768896188828e8	17500.35038174251	-18.118715484560433	4.896657251137569
-1.2234018896188828e8	17475.195578091767	-18.117250212277522	4.89451807728665
-1.2197268896188828e8	17450.076931668333	-18.115784939994608	4.892374317559226
-1.2160518896188828e8	17424.994390500276	-18.114319667711694	4.890225952251008
-1.2123768896188828e8	17399.947902690234	-18.112854395428784	4.888072961530433
-1.2087018896188828e8	17374.937416415545	-18.11138912314587	4.885915325437574
-1.2050268896188828e8	17349.962879928014	-18.10992385086296	4.883753023883023
-1.2013518896188828e8	17325.0242415538	-18.108458578580045	4.881586036646773
-1.1976768896188828e8	17300.12144969343	-18.10699330629713	4.879414343377081
-1.1940018896188828e8	17275.254452821497	-18.10552803401422	4.877237923589322
-1.1903268896188828e8	17250.423199486693	-18.104062761731306	4.875056756664831
-1.1866518896188828e8	17225.627638311675	-18.102597489448392	4.872870821849727
-1.1829768896188828e8	17200.86771799293	-18.10113221716548	4.870680098253733
-1.1793018896188828e8	17176.143387300704	-18.099666944882568	4.868484564848976
-1.1756268896188828e8	17151.454595078845	-18.098201672599654	4.866284200468775
-1.1719518896188828e8	17126.80129024482	-18.096736400316743	4.864078983806417
-1.1682768896188828e8	17102.183421789436	-18.09527112803383	4.861868893413921
-1.1646018896188828e8	17077.600938776843	-18.093805855750915	4.859653907700784
-1.1609268896188828e8	17053.053790344413	-18.092340583468	4.857434004932716
-1.1572518896188828e8	17028.541925702622	-18.09087531118509	4.855209163230362
-1.1535768896188828e8	17004.065294134958	-18.089410038902177	4.852979360568005
-1.1499018896188828e8	16979.623844997794	-18.087944766619266	4.850744574772262
-1.1462268896188828e8	16955.217527720284	-18.086479494336352	4.848504783520758
-1.1425518896188828e8	16930.84629180435	-18.085014222053438	4.846259964340786
-1.1388768896188828e8	16906.510086824415	-18.083548949770524	4.84401009460796
-1.1352018896188828e8	16882.208862427386	-18.082083677487613	4.841755151544841
-1.1315268896188828e8	16857.942568332626	-18.0806184052047	4.839495112219559
-1.1278518896188828e8	16833.711154331693	-18.07915313292179	4.83722995354441
-1.1241768896188828e8	16809.514570288335	-18.077687860638875	4.83495965227444
-1.1205018896188828e8	16785.35276613837	-18.07622258835596	4.832684185006016
-1.1168268896188828e8	16761.22569188958	-18.074757316073047	4.83040352817538
-1.1131518896188828e8	16737.133297621596	-18.073292043790136	4.82811765805718
-1.1094768896188828e8	16713.075533485815	-18.071826771507222	4.825826550762993
-1.1058018896188828e8	16689.052349705278	-18.070361499224312	4.823530182239826
-1.1021268896188828e8	16665.06369657458	-18.068896226941398	4.821228528268599
-1.0984518896188828e8	16641.109524459756	-18.067430954658484	4.818921564462618
-1.0947768896188828e8	16617.189783798192	-18.065965682375573	4.816609266266017
-1.0911018896188828e8	16593.30442509848	-18.06450041009266	4.814291608952196
-1.0874268896188828e8	16569.453398940434	-18.063035137809745	4.81196856762223
-1.0837518896188828e8	16545.63665597483	-18.061569865526835	4.809640117203269
-1.0800768896188828e8	16521.854146923364	-18.06010459324392	4.807306232446908
-1.0764018896188828e8	16498.105822578662	-18.058639320961007	4.804966887927548
-1.0727268896188828e8	16474.39163380398	-18.057174048678096	4.802622058040737
-1.0690518896188828e8	16450.711531533252	-18.055708776395182	4.800271717001482
-1.0653768896188828e8	16427.065466770917	-18.054243504112268	4.797915838842552
-1.0617018896188828e8	16403.45339059185	-18.052778231829357	4.7955543974127535
-1.0580268896188828e8	16379.875254141254	-18.051312959546443	4.793187366375194
-1.0543518896188828e8	16356.33100863455	-18.04984768726353	4.790814719205515
-1.0506768896188828e8	16332.820605357281	-18.04838241498062	4.788436429190108
-1.0470018896188828e8	16309.343995665013	-18.046917142697705	4.786052469424314
-1.0433268896188828e8	16285.901130983235	-18.045451870414794	4.783662812810595
-1.0396518896188828e8	16262.491962807224	-18.04398659813188	4.781267432056684
-1.0359768896188828e8	16239.116442702067	-18.042521325848966	4.7788662996737195
-1.0323018896188828e8	16215.774522302381	-18.041056053566052	4.776459387974346
-1.0286268896188828e8	16192.466153312334	-18.039590781283138	4.774046669070807
-1.0249518896188828e8	16169.191287505486	-18.038125509000228	4.771628114872998
-1.0212768896188828e8	16145.949876724799	-18.036660236717317	4.769203697086509
-1.0176018896188828e8	16122.741872882374	-18.035194964434403	4.766773387210637
-1.0139268896188828e8	16099.567227959458	-18.03372969215149	4.764337156536376
-1.0102518896188828e8	16076.425894006323	-18.032264419868575	4.761894976144382
-1.0065768896188828e8	16053.31782314216	-18.03079914758566	4.759446816902913
-1.0029018896188828e8	16030.242967554988	-18.02933387530275	4.756992649465745
-9.992268896188828e7	16007.201279501543	-18.027868603019837	4.754532444270059
-9.955518896188828e7	15984.192711307196	-18.026403330736926	4.752066171534306
-9.918768896188828e7	15961.217215365836	-18.024938058454012	4.7495938012560455
-9.882018896188828e7	15938.274744139786	-18.023472786171098	4.747115303209751
-9.845268896188828e7	15915.365250159699	-18.022007513888187	4.744630646944597
-9.808518896188828e7	15892.488686024428	-18.020542241605273	4.742139801782214
-9.771768896188828e7	15869.645004401047	-18.01907696932236	4.739642736814411
-9.735018896188828e7	15846.834158024583	-18.01761169703945	4.73713942090088
-9.698268896188828e7	15824.056099697997	-18.016146424756535	4.734629822666866
-9.661518896188828e7	15801.310782292177	-18.01468115247362	4.7321139105008
-9.624768896188828e7	15778.598158745672	-18.01321588019071	4.729591652551919
-9.588018896188828e7	15755.9181820647	-18.011750607907796	4.727063016727842
-9.551268896188828e7	15733.27080532303	-18.010285335624882	4.724527970692118
-9.514518896188828e7	15710.655981661885	-18.00882006334197	4.721986481861751
-9.477768896188828e7	15688.073664289832	-18.007354791059058	4.719438517404681
-9.441018896188828e7	15665.523806482708	-18.005889518776147	4.716884044237244
-9.404268896188828e7	15643.006361583504	-18.004424246493233	4.714323029021592
-9.367518896188828e7	15620.521283002277	-18.00295897421032	4.711755438163078
-9.330768896188828e7	15598.06852421605	-18.00149370192741	4.709181237807625
-9.294018896188828e7	15575.64803876872	-18.000028429644495	4.7066003938390315
-9.257268896188828e7	15553.259780270932	-17.99856315736158	4.704012871876271
-9.220518896188828e7	15530.90370240009	-17.997097885078666	4.701418637270737
-9.183768896188828e7	15508.579758900076	-17.995632612795756	4.698817655103462
-9.147018896188828e7	15486.287903581364	-17.994167340512842	4.696209890182297
-9.110268896188828e7	15464.028090320744	-17.99270206822993	4.693595307039054
-9.073518896188828e7	15441.800273061328	-17.991236795947017	4.69097386992661
-9.036768896188828e7	15419.604405812428	-17.989771523664103	4.688345542815979
-9.000018896188828e7	15397.440442649464	-17.98830625138119	4.685710289393336
-8.963268896188828e7	15375.30833771387	-17.98684097909828	4.68306807305701
-8.926518896188828e7	15353.20804521299	-17.98537570681537	4.68041885691443
-8.889768896188828e7	15331.13951942	-17.983910434532454	4.677762603779038
-8.853018896188828e7	15309.10271467379	-17.98244516224954	4.675099276167155
-8.816268896188828e7	15287.097585378895	-17.980979889966626	4.672428836294809
-8.779518896188828e7	15265.12408600538	-17.979514617683712	4.669751246074518
-8.742768896188828e7	15243.182171088733	-17.9780493454008	4.667066467112026
-8.706018896188828e7	15221.271795229868	-17.976584073117888	4.664374460703006
-8.669268896188828e7	15199.392913094853	-17.975118800834977	4.6616751878297125
-8.632518896188828e7	15177.545479415021	-17.973653528552063	4.658968609157582
-8.595768896188828e7	15155.729448986694	-17.97218825626915	4.656254685031798
-8.559018896188828e7	15133.9447766712	-17.970722983986235	4.653533375473806
-8.522268896188828e7	15112.191417394744	-17.969257711703325	4.6508046401777765
-8.485518896188828e7	15090.469326148323	-17.96779243942041	4.648068438507025
-8.448768896188828e7	15068.778457987626	-17.9663271671375	4.645324729490381
-8.412018896188828e7	15047.118768032948	-17.964861894854586	4.642573471818508
-8.375268896188828e7	15025.49021146909	-17.963396622571672	4.639814623840168
-8.338518896188828e7	15003.892743545275	-17.961931350288758	4.637048143558441
-8.301768896188828e7	14982.326319575044	-17.96046607800585	4.634273988626889
-8.265018896188828e7	14960.790894936175	-17.959000805722933	4.631492116345666
-8.228268896188828e7	14939.286425070582	-17.957535533440023	4.628702483657575
-8.191518896188828e7	14917.812865484202	-17.95607026115711	4.625905047144068
-8.154768896188828e7	14896.370171747005	-17.954604988874195	4.623099763021192
-8.118018896188828e7	14874.95829949272	-17.953139716591284	4.620286587135479
-8.081268896188828e7	14853.577204418953	-17.95167444430837	4.617465474959774
-8.044518896188828e7	14832.226842286933	-17.95020917202546	4.614636381589007
-8.007768896188828e7	14810.907168921432	-17.948743899742546	4.611799261735902
-7.971018896188828e7	14789.618140210767	-17.94727862745963	4.608954069726632
-7.934268896188828e7	14768.359712106712	-17.945813355176718	4.606100759496402
-7.897518896188828e7	14747.13184062428	-17.944348082893804	4.60323928458498
-7.860768896188828e7	14725.934481841734	-17.942882810610893	4.60036959813215
-7.824018896188828e7	14704.767591900465	-17.941417538327983	4.597491652873114
-7.787268896188828e7	14683.631127004908	-17.93995226604507	4.594605401133818
-7.750518896188828e7	14662.525043422453	-17.938486993762154	4.591710794826216
-7.713768896188828e7	14641.449297483347	-17.937021721479244	4.58880778544346
-7.677018896188828e7	14620.40384558058	-17.935556449196326	4.585896324055022
-7.640268896188828e7	14599.388644169905	-17.934091176913416	4.58297636130175
-7.603518896188828e7	14578.403649769582	-17.932625904630505	4.5800478473908415
-7.566768896188828e7	14557.448818960374	-17.93116063234759	4.577110732090754
-7.530018896188828e7	14536.52410838556	-17.929695360064677	4.57416496472603
-7.493268896188828e7	14515.62947475058	-17.928230087781767	4.571210494172058
-7.456518896188828e7	14494.764874823184	-17.926764815498853	4.5682472688497375
-7.419768896188828e7	14473.930265433317	-17.92529954321594	4.565275236720089
-7.383018896188828e7	14453.125603472894	-17.923834270933025	4.562294345278761
-7.346268896188828e7	14432.350845895826	-17.922368998650114	4.5593045415504685
-7.309518896188828e7	14411.605949717892	-17.9209037263672	4.556305772083345
-7.272768896188828e7	14390.890872016658	-17.91943845408429	4.553297982943205
-7.236018896188828e7	14370.205569931388	-17.917973181801376	4.5502811197077255
-7.199268896188828e7	14349.550000662925	-17.91650790951846	4.547255127460541
-7.162518896188828e7	14328.924121473709	-17.91504263723555	4.544219950785238
-7.125768896188828e7	14308.327889687534	-17.913577364952637	4.541175533759272
-7.089018896188828e7	14287.761262689562	-17.912112092669723	4.538121819947785
-7.052268896188828e7	14267.224197926209	-17.91064682038681	4.535058752397322
-7.015518896188828e7	14246.716652905056	-17.9091815481039	4.531986273629464
-6.978768896188828e7	14226.238585194762	-17.907716275820984	4.528904325634356
-6.942018896188828e7	14205.789952424953	-17.906251003538074	4.52581284986413
-6.905268896188828e7	14185.370712286234	-17.90478573125516	4.522711787226239
-6.868518896188828e7	14164.980822529948	-17.903320458972246	4.519601078076673
-6.831768896188828e7	14144.620240968186	-17.901855186689332	4.516480662213077
-6.795018896188828e7	14124.28892547369	-17.90038991440642	4.513350478867764
-6.758268896188828e7	14103.986833979743	-17.89892464212351	4.510210466700611
-6.721518896188828e7	14083.713924480106	-17.897459369840597	4.507060563791847
-6.684768896188828e7	14063.470155028912	-17.895994097557683	4.5039007076347275
-6.648018896188828e7	14043.255483740562	-17.89452882527477	4.500730835128088
-6.611268896188828e7	14023.069868789742	-17.893063552991855	4.4975508825687935
-6.574518896188828e7	14002.913268411177	-17.891598280708944	4.494360785644042
-6.537768896188828e7	13982.785640899656	-17.890133008426034	4.491160479423572
-6.501018896188828e7	13962.68694460993	-17.88866773614312	4.487949898351729
-6.464268896188828e7	13942.617137956522	-17.887202463860206	4.484728976239407
-6.427518896188828e7	13922.576179413845	-17.88573719157729	4.481497646255862
-6.390768896188828e7	13902.564027515984	-17.884271919294378	4.478255840920392
-6.354018896188828e7	13882.580640856566	-17.882806647011463	4.475003492093879
-6.317268896188828e7	13862.62597808877	-17.881341374728553	4.471740530970199
-6.280518896188828e7	13842.699997925201	-17.879876102445643	4.4684668880674865
-6.243768896188828e7	13822.802659137813	-17.87841083016273	4.465182493219256
-6.207018896188828e7	13802.933920557816	-17.876945557879818	4.461887275565378
-6.170268896188828e7	13783.093741075603	-17.875480285596904	4.458581163542907
-6.133518896188828e7	13763.282079640625	-17.87401501331399	4.455264084876756
-6.096768896188828e7	13743.498895261419	-17.872549741031076	4.4519359665702165
-6.060018896188828e7	13723.744147005362	-17.871084468748165	4.448596734895317
-6.023268896188828e7	13704.017793998699	-17.86961919646525	4.445246315383028
-5.986518896188828e7	13684.319795426445	-17.86815392418234	4.4418846328132915
-5.949768896188828e7	13664.650110532215	-17.866688651899427	4.438511611204892
-5.913018896188828e7	13645.008698618247	-17.865223379616513	4.435127173805151
-5.876268896188828e7	13625.395519045309	-17.8637581073336	4.431731243079447
-5.839518896188828e7	13605.81053123258	-17.862292835050688	4.4283237407005585
-5.802768896188828e7	13586.253694657526	-17.860827562767774	4.424904587537823
-5.766018896188828e7	13566.724968855873	-17.85936229048486	4.421473703646109
-5.729268896188828e7	13547.22431342152	-17.85789701820195	4.418031008254608
-5.692518896188828e7	13527.751688006443	-17.856431745919036	4.414576419755413
-5.655768896188828e7	13508.30705232061	-17.854966473636125	4.4111098556919215
-5.619018896188828e7	13488.890366131905	-17.85350120135321	4.407631232747021
-5.582268896188828e7	13469.501589266018	-17.852035929070297	4.404140466731074
-5.545518896188828e7	13450.140681606452	-17.850570656787383	4.400637472569694
-5.508768896188828e7	13430.807603094307	-17.849105384504472	4.397122164291303
-5.472018896188828e7	13411.502313728282	-17.84764011222156	4.393594455014472
-5.435268896188828e7	13392.224773564578	-17.846174839938648	4.390054256935037
-5.398518896188828e7	13372.97494271681	-17.844709567655734	4.386501481312985
-5.361768896188828e7	13353.75278135592	-17.84324429537282	4.382936038459108
-5.325018896188828e7	13334.558249710084	-17.841779023089906	4.379357837721418
-5.288268896188828e7	13315.391308064709	-17.840313750806995	4.375766787471314
-5.251518896188828e7	13296.251916762223	-17.83884847852408	4.372162795089509
-5.214768896188828e7	13277.140036202078	-17.83738320624117	4.36854576695169
-5.178018896188828e7	13258.055626840644	-17.835917933958253	4.364915608413926
-5.141268896188828e7	13238.998649191137	-17.834452661675343	4.361272223797815
-5.104518896188828e7	13219.969063823526	-17.832987389392432	4.357615516375344
-5.067768896188828e7	13200.96683136446	-17.831522117109515	4.353945388353486
-5.031018896188828e7	13181.991912497155	-17.830056844826604	4.350261740858501
-4.994268896188828e7	13163.044267961415	-17.82859157254369	4.346564473919963
-4.957518896188828e7	13144.123858553403	-17.82712630026078	4.342853486454471
-4.920768896188828e7	13125.230645125659	-17.825661027977866	4.339128676249073
-4.884018896188828e7	13106.36458858699	-17.824195755694955	4.335389939944371
-4.847268896188828e7	13087.525649902396	-17.82273048341204	4.331637173017312
-4.810518896188828e7	13068.71379009296	-17.821265211129127	4.327870269763651
-4.773768896188828e7	13049.928970235858	-17.819799938846213	4.3240891232800935
-4.737018896188828e7	13031.171151464156	-17.818334666563302	4.320293625446084
-4.700268896188828e7	13012.44029496682	-17.816869394280392	4.316483666905258
-4.663518896188828e7	12993.736361988516	-17.815404121997474	4.3126591370465395
-4.626768896188828e7	12975.059313829759	-17.813938849714564	4.308819923984866
-4.590018896188828e7	12956.409111846588	-17.81247357743165	4.304965914541555
-4.553268896188828e7	12937.785717450597	-17.81100830514874	4.3010969942242765
-4.516518896188828e7	12919.189092108913	-17.809543032865825	4.297213047206654
-4.479768896188828e7	12900.619197343978	-17.80807776058291	4.2933139563074505
-4.443018896188828e7	12882.075994733568	-17.8066124883	4.289399602969358
-4.406268896188828e7	12863.559445910709	-17.805147216017087	4.285469867237367
-4.369518896188828e7	12845.06951256348	-17.803681943734173	4.281524627736709
-4.332768896188828e7	12826.606156435171	-17.802216671451262	4.277563761650361
-4.296018896188828e7	12808.169339323968	-17.800751399168348	4.273587144696107
-4.259268896188828e7	12789.759023082992	-17.799286126885434	4.2695946511031355
-4.222518896188828e7	12771.375169620169	-17.79782085460252	4.265586153588174
-4.185768896188828e7	12753.017740898254	-17.79635558231961	4.261561523331141
-4.149018896188828e7	12734.6866989346	-17.794890310036696	4.2575206299502995
-4.112268896188828e7	12716.382005801184	-17.793425037753785	4.253463341476922
-4.075518896188828e7	12698.1036236245	-17.79195976547087	4.249389524329424
-4.038768896188828e7	12679.851514585476	-17.790494493187957	4.245299043286973
-4.002018896188828e7	12661.625640919405	-17.789029220905046	4.241191761462561
-3.965268896188828e7	12643.425964915865	-17.787563948622132	4.2370675402755165
-3.928518896188828e7	12625.25244891863	-17.78609867633922	4.2329262394234455
-3.891768896188828e7	12607.105055325588	-17.784633404056308	4.228767716853597
-3.855018896188828e7	12588.983746588738	-17.783168131773394	4.224591828733623
-3.818268896188828e7	12570.88848521398	-17.78170285949048	4.220398429421726
-3.781518896188828e7	12552.819233761114	-17.780237587207566	4.216187371436185
-3.744768896188828e7	12534.775954843819	-17.778772314924655	4.211958505424227
-3.708018896188828e7	12516.758611129471	-17.77730704264174	4.207711680130247
-3.671268896188828e7	12498.767165339059	-17.77584177035883	4.203446742363343
-3.634518896188828e7	12480.801580247204	-17.774376498075917	4.19916353696416
-3.597768896188828e7	12462.861818682077	-17.772911225793006	4.194861906771019
-3.561018896188828e7	12444.947843525215	-17.771445953510092	4.190541692585315
-3.524268896188828e7	12427.059617711528	-17.769980681227178	4.186202733136166
-3.487518896188828e7	12409.197104229184	-17.768515408944268	4.181844865044286
-3.450768896188828e7	12391.360266119615	-17.76705013666135	4.177467922785077
-3.414018896188828e7	12373.549066477332	-17.76558486437844	4.173071738650898
-3.377268896188828e7	12355.763468449853	-17.764119592095525	4.16865614271251
-3.3405188961888283e7	12338.003435237732	-17.762654319812615	4.164220962779663
-3.3037688961888283e7	12320.268930094371	-17.7611890475297	4.159766024360806
-3.2670188961888283e7	12302.559916326063	-17.75972377524679	4.155291150621892
-3.2302688961888283e7	12284.87635729177	-17.758258502963876	4.150796162344261
-3.1935188961888283e7	12267.218216403155	-17.756793230680962	4.146280877881574
-3.1567688961888283e7	12249.58545712446	-17.755327958398052	4.141745113115758
-3.1200188961888283e7	12231.97804297243	-17.753862686115138	4.13718868141197
-3.0832688961888283e7	12214.395937516312	-17.752397413832227	4.132611393572503
-3.0465188961888283e7	12196.839104377676	-17.75093214154931	4.128013057789659
-3.0097688961888283e7	12178.342811385652	-17.74916883249398	4.118420133658694
-2.9730188961888283e7	12158.352922311236	-17.74693465847946	4.100748925192121
-2.9362688961888283e7	12138.395845227062	-17.744700484464943	4.082759819059737
-2.8995188961888283e7	12118.471526274521	-17.742466310450425	4.064441167714493
-2.8627688961888283e7	12098.5799116835	-17.740232136435903	4.045780671507591
-2.8260188961888283e7	12078.720947772055	-17.737997962421385	4.026765329083012
-2.7892688961888283e7	12058.894580946428	-17.735763788406864	4.007381382963599
-2.7525188961888283e7	12039.100757700826	-17.733529614392346	3.987614259758273
-2.7157688961888283e7	12019.339424617217	-17.731295440377828	3.967448504339455
-2.6790188961888283e7	11999.610528365323	-17.72906126636331	3.9468677072459544
-2.6422688961888283e7	11979.914015702394	-17.72682709234879	3.9258544244570146
-2.6055188961888283e7	11960.249833473017	-17.72459291833427	3.9043900885548295
-2.5687688961888283e7	11940.617928609088	-17.72235874431975	3.882454910141885
-2.5320188961888283e7	11921.01824812962	-17.72012457030523	3.8600277682014994
-2.4952688961888283e7	11901.450739140535	-17.717890396290713	3.8370860878792095
-2.4585188961888283e7	11881.915348834567	-17.715656222276195	3.8136057039123767
-2.4217688961888283e7	11862.412024491252	-17.713422048261677	3.789560707636927
-2.3850188961888283e7	11842.940713476515	-17.711187874247155	3.7649232751428414
-2.3482688961888283e7	11823.501363242758	-17.708953700232634	3.739663473720487
-2.3115188961888283e7	11804.093921328642	-17.70671952621812	3.7137490432212634
-2.2747688961888283e7	11784.718335358872	-17.7044853522036	3.6871451483270055
-2.2380188961888283e7	11762.215336528165	-17.70182679376866	3.6604330151506845
-2.2012688961888283e7	11731.879830634685	-17.698107783369448	3.6345755480612207
-2.1645188961888283e7	11701.622561951755	-17.694388772970235	3.6080316846388176
-2.1277688961888283e7	11671.443328700603	-17.69066976257102	3.580763987531501
-2.0910188961888283e7	11641.341929622859	-17.686950752171807	3.55273187045665
-2.0542688961888283e7	11611.318163979207	-17.68323174177259	3.523891234838319
-2.0175188961888283e7	11581.371831548076	-17.679512731373375	3.4941940524720936
-1.9807688961888283e7	11551.502732624196	-17.675793720974163	3.463587884301933
-1.9440188961888283e7	11521.710668017491	-17.672074710574947	3.4320153232009045
-1.9072688961888283e7	11491.995439051467	-17.66835570017573	3.3994133458829663
-1.8705188961888283e7	11462.356847562112	-17.66463668977652	3.3657125555623026
-1.8337688961888283e7	11432.794695896471	-17.660917679377302	3.3308362924858956
-1.7970188961888283e7	11403.308786911346	-17.65719866897809	3.294699583674909
-1.7602688961888283e7	11373.898923972007	-17.653479658578874	3.2572078956823614
-1.7235188961888283e7	11344.564910950798	-17.64976064817966	3.218255644298488
-1.6867688961888283e7	11310.12382490761	-17.64518176313141	3.1818273207087486
-1.6500188961888283e7	11274.655278467246	-17.6404144381969	3.1449530849716743
-1.6132688961888283e7	11239.29796138262	-17.63564711326239	3.10666690968165
-1.5765188961888283e7	11204.051524838509	-17.63087978832788	3.066856346587449
-1.5397688961888283e7	11168.915621113581	-17.62611246339337	3.0253949550985233
-1.5030188961888283e7	11133.88990357691	-17.621345138458857	2.982139879961141
-1.4662688961888283e7	11098.97402668459	-17.616577813524344	2.9369288809441936
-1.4295188961888283e7	11064.167645976455	-17.611810488589832	2.8895766586929206
-1.3927688961888283e7	11029.470418072435	-17.60704316365532	2.839870266618839
-1.3560188961888283e7	10994.882000669368	-17.60227583872081	2.7875633216525135
-1.3192688961888283e7	10956.752258513907	-17.59692416192459	2.735737395928144
-1.2825188961888283e7	10913.24759059284	-17.59068732017576	2.68644418956122
-1.2457688961888283e7	10869.915661462128	-17.584450478426923	2.634594606598437
-1.2090188961888283e7	10826.755785248422	-17.578213636678093	2.5799089237508683
-1.1722688961888283e7	10783.767278801768	-17.571976794929256	2.522058835205133
-1.1355188961888283e7	10740.949461684695	-17.565739953180426	2.4606555070617255
-1.0987688961888283e7	10698.301656161462	-17.55950311143159	2.3952337184144445
-1.0620188961888283e7	10655.823187187354	-17.55326626968276	2.325230442120058
-1.0252688961888283e7	10606.80352878876	-17.545979252006504	2.256099165360266
-9.885188961888283e6	10554.029264892439	-17.53806610264914	2.1857571049422115
-9.517688961888283e6	10501.517579908064	-17.53015295329178	2.110090111034663
-9.150188961888283e6	10444.903190334626	-17.521587877603732	2.0326326509191457
-8.782688961888283e6	10384.494398740953	-17.512406798535086	1.953176920060045
-8.415188961888283e6	10324.434985407213	-17.503225719466435	1.866858799031526
-8.0476889618882835e6	10256.700678740459	-17.492864017510726	1.7807825459961715
-7.6801889618882835e6	10186.855396768919	-17.482123569152993	1.6895384385692203
-7.3126889618882835e6	10113.767954105555	-17.470869993058994	1.5929244508419689
-6.9451889618882835e6	10031.94556870127	-17.45832838283187	1.4965054767498833
-6.5776889618882835e6	9950.049185165451	-17.445690871709473	1.3905306141177718
-6.2101889618882835e6	9853.238964968297	-17.431004447764526	1.2896754887712654
-5.8426889618882835e6	9757.370671646097	-17.41631802381958	1.1774957953615492
-5.4751889618882835e6	9641.381021504792	-17.39900978515746	1.074231065466192
-5.1076889618882835e6	9526.055677737535	-17.38161139864578	0.959942522143438
-4.7401889618882835e6	9385.883291086895	-17.36139052850274	0.8608248534345816
-4.3726889618882835e6	9246.207813447169	-17.340998391386325	0.7527868882236798
-4.0051889618882835e6	9084.44164906687	-17.318992784967055	0.6669249199295817
-3.6376889618882835e6	8920.047381976497	-17.29661570533246	0.5817206031244567
-3.2701889618882835e6	8763.486262034181	-17.27542152203485	0.4932968870428392
-2.9026889618882835e6	8645.055076792698	-17.26297577758808	0.4339627044553521
-2.5351889618882835e6	8528.224389939447	-17.250530033141306	0.3708846708527768
-2.1676889618882835e6	8412.972572077717	-17.238084288694534	0.3035583202819429
-1.8001889618882835e6	8319.30715815345	-17.229502911956118	0.24388233531897416
-1.4326889618882835e6	8251.086134574434	-17.225669805677484	0.19656658669940796
-1.0651889618882835e6	8183.424545569693	-17.22183669939885	0.14690038428993168
-697688.9618882835	8116.317803593799	-17.21800359312022	0.09463794340284917
-330188.9618882835	8049.761358720732	-17.214170486841585	0.03949278995710214
37311.03811171651	7996.141508566695	-17.212858349611032	-0.0008361078006311082
404811.0381117165	7944.633913277646	-17.211905370061395	-0.04020777951208604
772311.0381117165	7893.458107060845	-17.210952390511757	-0.08119333819063494
1.1398110381117165e6	7842.611952678263	-17.20999941096212	-0.12393077008719552
1.5073110381117165e6	7792.093326659111	-17.20904643141248	-0.1685765514292496
1.8748110381117165e6	7745.750945602808	-17.208827265883016	-0.21050784093726926
2.2423110381117165e6	7708.475630789858	-17.21029204366181	-0.24285684464352283
2.6098110381117165e6	7671.379698079982	-17.2117568214406	-0.2762873906708768
2.9773110381117165e6	7634.462284222511	-17.213221599219388	-0.31087430763331964
3.3448110381117165e6	7597.722530121143	-17.21468637699818	-0.3467004690208391
3.7123110381117165e6	7561.159580813757	-17.216151154776973	-0.38385798941424715
4.0798110381117165e6	7524.7725854526825	-17.217615932555763	-0.4224496516482599
4.4473110381117165e6	7494.206416465477	-17.22018507353524	-0.453481277176405
4.8148110381117165e6	7466.047858943984	-17.22320246598982	-0.4817135963122766
5.1823110381117165e6	7437.99510373396	-17.226219858444402	-0.5107661937149848
5.5498110381117165e6	7410.047753296292	-17.229237250898983	-0.5406881650822792
5.9173110381117165e6	7382.205411585505	-17.232254643353567	-0.5715331501985073
6.2848110381117165e6	7354.467684044255	-17.235272035808148	-0.6033599116099803
6.6523110381117165e6	7326.8341775977	-17.238289428262732	-0.6362330084536445
7.0198110381117165e6	7299.889471665625	-17.241421993236557	-0.6692087978457278
7.3873110381117165e6	7278.405581812801	-17.245613669922164	-0.6937047885622083
7.7548110381117165e6	7256.984919975264	-17.249805346607772	-0.7188159331759674
8.1223110381117165e6	7235.627300070263	-17.25399702329338	-0.7445739253200537
8.489811038111717e6	7214.332536562642	-17.258188699978987	-0.7710129728933618
8.857311038111717e6	7193.100444463336	-17.262380376664595	-0.7981700712442177
9.224811038111717e6	7171.930839327661	-17.2665720533502	-0.8260853144953313
9.592311038111717e6	7150.8235372538065	-17.270763730035807	-0.8548022515844058
9.959811038111717e6	7129.77835488115	-17.274955406721414	-0.8843682949559415
1.0327311038111717e7	7110.832952573472	-17.279587223207496	-0.9105879435670289
1.0694811038111717e7	7094.123317557289	-17.284692171589395	-0.9328442636409315
1.1062311038111717e7	7077.452948250796	-17.289797119971297	-0.9556072248544234
1.1429811038111717e7	7060.821752384104	-17.294902068353196	-0.9789004318640062
1.1797311038111717e7	7044.2296379041745	-17.300007016735094	-1.0027491783798756
1.2164811038111717e7	7027.676512974267	-17.305111965116996	-1.0271806122609088
1.2532311038111717e7	7011.1622859734625	-17.3102169134989	-1.0522239212873035
1.2899811038111717e7	6994.686865496112	-17.3153218618808	-1.0779105427986728
1.3267311038111717e7	6978.250160351362	-17.3204268102627	-1.1042744009739092
1.3634811038111717e7	6961.852079562672	-17.325531758644598	-1.1313521762451908
1.4002311038111717e7	6948.666153772104	-17.331287268407955	-1.1516617895246726
1.4369811038111717e7	6935.5748074807125	-17.3370570702595	-1.1722243890506092
1.4737311038111717e7	6922.5081253973885	-17.342826872111047	-1.1932187017513958
1.5104811038111717e7	6909.4660610545525	-17.348596673962597	-1.2146632447856343
1.5472311038111717e7	6896.448568072161	-17.35436647581414	-1.2365777528352566
1.5839811038111717e7	6883.455600157536	-17.36013627766569	-1.2589832872398696
1.6207311038111717e7	6870.487111105289	-17.365906079517234	-1.28190235763995
1.6574811038111717e7	6857.543054796999	-17.37167588136878	-1.3053590578898393
1.6942311038111717e7	6844.623385201179	-17.377445683220326	-1.3293792182976607
1.7309811038111717e7	6831.728056373068	-17.383215485071876	-1.3539905766038003
1.7677311038111717e7	6820.221422602474	-17.38930558442373	-1.3753402506591272
1.8044811038111717e7	6809.726766286596	-17.395629051991946	-1.3942741211506653
1.8412311038111717e7	6799.2482586855995	-17.40195251956016	-1.4135734130630433
1.8779811038111717e7	6788.785874950554	-17.408275987128373	-1.433252509624896
1.9147311038111717e7	6778.339590270778	-17.41459945469659	-1.453326660342073
1.9514811038111717e7	6767.909379873717	-17.4209229222648	-1.4738120519912008
1.9882311038111717e7	6757.495219025021	-17.427246389833016	-1.4947258870382578
2.0249811038111717e7	6747.097083028316	-17.43356985740123	-1.5160864704339785
2.0617311038111717e7	6736.7149472252895	-17.439893324969447	-1.537913305883369
2.0984811038111717e7	6726.3487869955125	-17.446216792537662	-1.5602272028580544
2.1352311038111717e7	6715.9985777565125	-17.452540260105874	-1.5830503958229238
2.1719811038111717e7	6706.487585063976	-17.459056678881026	-1.6038981649037345
2.2087311038111717e7	6698.126785732649	-17.465839845957515	-1.6216579576304773
2.2454811038111717e7	6689.776409587028	-17.472623013034003	-1.639738872246006
2.2822311038111717e7	6681.436443632795	-17.47940618011049	-1.6581527355898924
2.3189811038111717e7	6673.106874891828	-17.48618934718698	-1.6769120401480162
2.3557311038111717e7	6664.787690402223	-17.492972514263464	-1.6960299949616724
2.3924811038111717e7	6656.478877218199	-17.499755681339952	-1.7155205814986598
2.4292311038111717e7	6648.180422410113	-17.50653884841644	-1.7353986150782703
2.4659811038111717e7	6639.892313064467	-17.51332201549293	-1.7556798125261486
2.5027311038111717e7	6631.61453628386	-17.520105182569417	-1.776380866832962
2.5394811038111717e7	6623.347079186946	-17.526888349645905	-1.7975195297053774
2.5762311038111717e7	6615.089928908451	-17.533671516722393	-1.8191147030321786
2.6129811038111717e7	6607.588953233053	-17.54064005036367	-1.8379560789814493
2.6497311038111717e7	6600.616211292342	-17.547737881319463	-1.8548686043650495
2.6864811038111717e7	6593.650827425863	-17.55483571227526	-1.8720720912112296
2.7232311038111717e7	6586.6927938689505	-17.561933543231056	-1.8895767263754266
2.7599811038111717e7	6579.742102865086	-17.569031374186856	-1.9073932412375918
2.7967311038111717e7	6572.798746665948	-17.57612920514265	-1.925532951216405
2.8334811038111717e7	6565.8627175314	-17.58322703609845	-1.9440077989340767
2.8702311038111717e7	6558.934007729433	-17.590324867054242	-1.9628304014440867
2.9069811038111717e7	6552.012609536261	-17.597422698010043	-1.9820141019895952
2.9437311038111717e7	6545.098515236193	-17.604520528965836	-2.0015730268243104
2.9804811038111717e7	6538.191717121739	-17.611618359921636	-2.0215221477018743
3.0172311038111717e7	6531.292207493471	-17.618716190877432	-2.0418773507262067
3.0539811038111717e7	6524.562426881177	-17.62585716231299	-2.061998859059946
3.0907311038111717e7	6518.919554753213	-17.633285205014015	-2.078084698159725
3.1274811038111717e7	6513.281562953436	-17.640713247715045	-2.0944335276638384
3.1642311038111717e7	6507.648447260995	-17.64814129041607	-2.1110540900618666
3.2009811038111717e7	6502.020203458734	-17.6555693331171	-2.127955571157087
3.2377311038111717e7	6496.3968273331075	-17.66299737581813	-2.1451476305552535
3.2744811038111717e7	6490.778314674229	-17.670425418519155	-2.1626404348203736
3.3112311038111717e7	6485.164661275838	-17.677853461220185	-2.1804446935824267
3.3479811038111717e7	6479.555862935351	-17.685281503921214	-2.1985716989181303
3.384731103811172e7	6473.95191545378	-17.69270954662224	-2.217033368367369
3.421481103811172e7	6468.352814635772	-17.70013758932327	-2.2358422919956524
3.458231103811172e7	6462.758556289623	-17.707565632024295	-2.255011783968044
3.494981103811172e7	6457.169136227256	-17.714993674725324	-2.2745559391636925
3.531731103811172e7	6451.7410162913075	-17.722462046508006	-2.2937238869194414
3.568481103811172e7	6447.114537896505	-17.73013602272671	-2.3092945898932715
3.605231103811172e7	6442.491377102684	-17.737809998945416	-2.3251115795698922
3.641981103811172e7	6437.871531530829	-17.745483975164117	-2.3411827725243244
3.678731103811172e7	6433.254998803626	-17.753157951382818	-2.3575164732775487
3.715481103811172e7	6428.641776545457	-17.760831927601522	-2.374121400066041
3.752231103811172e7	6424.0318623824405	-17.768505903820223	-2.391006712787179
3.788981103811172e7	6419.425253942364	-17.776179880038924	-2.4081820433447962
3.825731103811172e7	6414.821948854726	-17.78385385625763	-2.4256575286465645
3.862481103811172e7	6410.221944750726	-17.791527832476334	-2.443443846536262
3.899231103811172e7	6405.625239263262	-17.799201808695035	-2.4615522549798348
3.935981103811172e7	6401.03183002693	-17.806875784913736	-2.479994634865377
3.972731103811172e7	6396.441714678009	-17.814549761132437	-2.498783536824481
4.009481103811172e7	6391.854890854509	-17.82222373735114	-2.5179322325370848
4.046231103811172e7	6387.630069920499	-17.83001591795101	-2.533988748967245
4.082981103811172e7	6383.5151738120585	-17.837843423172192	-2.549256824591619
4.119731103811172e7	6379.40292850991	-17.845670928393375	-2.564761633480726
4.156481103811172e7	6375.2933323064235	-17.853498433614558	-2.5805106325596556
4.193231103811172e7	6371.186383495031	-17.86132593883574	-2.5965116367305705
4.229981103811172e7	6367.082080370301	-17.869153444056927	-2.612772842159236
4.266731103811172e7	6362.980421227889	-17.87698094927811	-2.6293028514863868
4.303481103811172e7	6358.881404364546	-17.884808454499293	-2.64611070115808
4.340231103811172e7	6354.785028078136	-17.892635959720476	-2.6632058910924035
4.376981103811172e7	6350.691290667593	-17.900463464941662	-2.680598416926391
4.413731103811172e7	6346.600190432937	-17.908290970162845	-2.698298805117204
4.450481103811172e7	6342.511725675351	-17.916118475384028	-2.7163181512062216
4.487231103811172e7	6338.425894697032	-17.92394598060521	-2.734668161594331
4.523981103811172e7	6334.342695801319	-17.931773485826394	-2.753361199222291
4.560731103811172e7	6331.017247685369	-17.93980254052399	-2.7681502417214165
4.597481103811172e7	6327.7015236237885	-17.94783372568605	-2.783115673528904
4.634231103811172e7	6324.387536096105	-17.955864910848113	-2.7983084765012456
4.670981103811172e7	6321.075284192861	-17.963896096010178	-2.8137356663066737
4.707731103811172e7	6317.764767005039	-17.971927281172242	-2.8294045884169283
4.744481103811172e7	6314.455983624145	-17.979958466334303	-2.8453229391086747
4.781231103811172e7	6311.148933142116	-17.987989651496363	-2.861498788163676
4.817981103811172e7	6307.843614651398	-17.99602083665843	-2.877940603435329
4.854731103811172e7	6304.54002724491	-18.004052021820492	-2.894657277468777
4.891481103811172e7	6301.238170016014	-18.012083206982552	-2.911658156384114
4.928231103811172e7	6297.938042058594	-18.02011439214462	-2.928953071257545
4.964981103811172e7	6294.639642466959	-18.02814557730668	-2.9465523722643168
5.001731103811172e7	6291.342970335932	-18.036176762468745	-2.9644669658803213
5.038481103811172e7	6288.048024760802	-18.044207947630806	-2.982708355477192
5.075231103811172e7	6285.110839524213	-18.05236622411275	-2.997614282387911
5.111981103811172e7	6282.2170684681205	-18.060539514656632	-3.012305970085124
5.148731103811172e7	6279.324629753028	-18.068712805200516	-3.027216725949954
5.185481103811172e7	6276.433522765525	-18.0768860957444	-3.0423531820614436
5.222231103811172e7	6273.543746892448	-18.085059386288286	-3.0577222763033
5.258981103811172e7	6270.655301520923	-18.093232676832173	-3.0733312714586027
5.295731103811172e7	6267.768186038383	-18.10140596737606	-3.0891877758185387
5.332481103811172e7	6264.882399832514	-18.109579257919943	-3.105299765451546
5.369231103811172e7	6261.997942291286	-18.117752548463827	-3.1216756082960346
5.405981103811172e7	6259.114812802979	-18.125925839007714	-3.1383240902588616
5.442731103811172e7	6256.233010756125	-18.134099129551597	-3.1552544435233396
5.479481103811172e7	6253.352535539548	-18.142272420095484	-3.172476377295129
5.516231103811172e7	6250.47338654234	-18.150445710639367	-3.190000111242366
5.552981103811172e7	6247.595563153912	-18.158619001183254	-3.20783641191841
5.589731103811172e7	6244.923112102357	-18.16684562502206	-3.223680340314967
5.626481103811172e7	6242.396841208046	-18.17511017336888	-3.2381088670056624
5.663231103811172e7	6239.871592271014	-18.183374721715698	-3.2527486275909157
5.699981103811172e7	6237.347364877847	-18.191639270062517	-3.267605899015237
5.736731103811172e7	6234.824158615297	-18.199903818409336	-3.2826872422330786
5.773481103811172e7	6232.301973070285	-18.208168366756155	-3.297999519605499
5.810231103811172e7	6229.780807829887	-18.216432915102978	-3.313549913649585
5.846981103811172e7	6227.260662481378	-18.224697463449793	-3.3293459472688527
5.883731103811172e7	6224.7415366121695	-18.232962011796616	-3.3453955056072595
5.920481103811172e7	6222.223429809849	-18.241226560143435	-3.3617068596857456
5.957231103811172e7	6219.706341662172	-18.249491108490254	-3.3782886919986774
5.993981103811172e7	6217.19027175706	-18.257755656837073	-3.3951501242684987
6.030731103811172e7	6214.6752196826	-18.266020205183892	-3.4123007475807032
6.067481103811172e7	6212.161185027038	-18.27428475353071	-3.429750655148392
6.104231103811172e7	6209.666219873184	-18.282556994832138	-3.447279229255511
6.140981103811172e7	6207.452832603027	-18.290948846890164	-3.4614674482400845
6.177731103811172e7	6205.240234277573	-18.29934069894819	-3.4758598735820545
6.214481103811172e7	6203.0284246156	-18.307732551006215	-3.4904624693746333
6.251231103811172e7	6200.817403335981	-18.316124403064244	-3.505281464870784
6.287981103811172e7	6198.6071701577275	-18.32451625512227	-3.520323370438414
6.324731103811172e7	6196.3977247999155	-18.332908107180295	-3.535594994733985
6.361481103811172e7	6194.18906698172	-18.34129995923832	-3.55110346320794
6.398231103811172e7	6191.981196422442	-18.349691811296346	-3.566856238067825
6.434981103811172e7	6189.774112841479	-18.358083663354375	-3.5828611398391215
6.471731103811172e7	6187.567815958308	-18.366475515412397	-3.5991263706797154
6.508481103811172e7	6185.362305492504	-18.374867367470422	-3.6156605396220054
6.545231103811172e7	6183.157581163779	-18.38325921952845	-3.6324726899371202
6.581981103811172e7	6180.953642691908	-18.391651071586477	-3.649572328838998
6.618731103811172e7	6178.750489796768	-18.400042923644506	-3.6669694597726017
6.655481103811172e7	6176.65441295316	-18.408471689910854	-3.6830497551624255
6.692231103811172e7	6174.698612760369	-18.416948942036612	-3.697227584574587
6.728981103811172e7	6172.743431859857	-18.425426194162366	-3.7116093192320574
6.765731103811172e7	6170.7888700555295	-18.433903446288124	-3.726200909945257
6.802481103811172e7	6168.834927151343	-18.442380698413878	-3.741008571891447
6.839231103811172e7	6166.88160295136	-18.450857950539636	-3.756038800509864
6.875981103811172e7	6164.928897259638	-18.45933520266539	-3.771298388609725
6.912731103811172e7	6162.976809880329	-18.467812454791147	-3.7867944448038973
6.949481103811172e7	6161.025340617672	-18.4762897069169	-3.8025344133934382
6.986231103811172e7	6159.07448927592	-18.48476695904266	-3.8185260958422287
7.022981103811172e7	6157.124255659436	-18.493244211168417	-3.8347776739967783
7.059731103811172e7	6155.17463957262	-18.501721463294174	-3.851297735224198
7.096481103811172e7	6153.225640819914	-18.51019871541993	-3.8680952996616953
7.133231103811172e7	6151.277259205853	-18.518675967545683	-3.8851798497940635
7.169981103811172e7	6149.329494535013	-18.52715321967144	-3.902561362601986
7.206731103811172e7	6147.51193336581	-18.535686366420336	-3.9175527948815203
7.243481103811172e7	6145.7432888911035	-18.544240386544736	-3.931751468437287
7.280231103811172e7	6143.9751532569235	-18.55279440666913	-3.9461546515738255
7.316981103811172e7	6142.207526316887	-18.561348426793526	-3.960768321770467
7.353731103811172e7	6140.440407924643	-18.569902446917926	-3.9755987224659854
7.390481103811172e7	6138.673797933882	-18.578456467042322	-3.9906523790744166
7.427231103811172e7	6136.9076961983355	-18.587010487166715	-4.00593611622489
7.463981103811172e7	6135.142102571778	-18.595564507291115	-4.021457076339492
7.500731103811172e7	6133.377016908038	-18.604118527415512	-4.037222739675725
7.537481103811172e7	6131.612439060952	-18.61267254753991	-4.053240945974363
7.574231103811172e7	6129.848368884431	-18.621226567664305	-4.069519917869506
7.610981103811172e7	6128.0848062324185	-18.629780587788698	-4.086068286235851
7.647731103811172e7	6126.3217509588985	-18.638334607913098	-4.102895117668753
7.684481103811172e7	6124.559202917899	-18.646888628037495	-4.120009944316159
7.721231103811172e7	6122.79734106802	-18.655442723048107	-4.137416966006214
7.757981103811172e7	6121.146959998795	-18.664043230815953	-4.151461054298612
7.794731103811172e7	6119.497023784677	-18.67264373858379	-4.1657051918513375
7.831481103811172e7	6117.847532305759	-18.681244246351632	-4.1801551602723155
7.868231103811172e7	6116.1984854421635	-18.689844754119473	-4.194816995489701
7.904981103811172e7	6114.549883074054	-18.698445261887315	-4.2096970028901
7.941731103811172e7	6112.9017250816005	-18.707045769655156	-4.2248017736002
7.978481103811172e7	6111.254011345031	-18.715646277422998	-4.240138202017018
8.015231103811172e7	6109.606741744609	-18.724246785190836	-4.255713504703482
8.051981103811172e7	6107.959916160598	-18.732847292958677	-4.271535240778965
8.088731103811172e7	6106.3135344733255	-18.741447800726522	-4.287611333948987
8.125481103811172e7	6104.66759656315	-18.750048308494364	-4.303950096334798
8.162231103811172e7	6103.022102310422	-18.758648816262202	-4.320560254282244
8.198981103811172e7	6101.377051595598	-18.767249324030047	-4.33745097635053
8.235731103811172e7	6099.7324442991	-18.775849831797885	-4.354631903705634
8.272481103811172e7	6098.119154940215	-18.784467181380858	-4.371212586120194
8.309231103811172e7	6096.598676644474	-18.793134938562634	-4.3853364892963445
8.345981103811172e7	6095.078577458115	-18.80180269574441	-4.399662738440179
8.382731103811172e7	6093.558857286624	-18.810470452926186	-4.414197215740135
8.419481103811172e7	6092.039516035507	-18.81913821010796	-4.428946063664908
8.456231103811172e7	6090.520553610268	-18.827805967289734	-4.44391570054978
8.492981103811172e7	6089.0019699164595	-18.83647372447151	-4.459112837367388
8.529731103811172e7	6087.483764859663	-18.845141481653286	-4.474544495792629
8.566481103811172e7	6085.965938345449	-18.853809238835062	-4.4902180276834
8.603231103811172e7	6084.448490279454	-18.862476996016838	-4.506141136112465
8.639981103811172e7	6082.931420567297	-18.87114475319861	-4.522321898101063
8.676731103811172e7	6081.414729114651	-18.879812510380386	-4.5387687892221935
8.713481103811172e7	6079.898415827213	-18.888480267562162	-4.555490710261213
8.750231103811172e7	6078.382480610672	-18.897148024743935	-4.572497016143671
8.786981103811172e7	6076.866923370782	-18.90581578192571	-4.589797547365783
8.823731103811172e7	6075.374454394044	-18.914512925720665	-4.6053932450902275
8.860481103811172e7	6073.90020097169	-18.923233171239584	-4.6196340303917705
8.897231103811172e7	6072.426305292424	-18.931953416758503	-4.634080548990112
8.933981103811172e7	6070.952767269415	-18.94067366227742	-4.648738832490589
8.970731103811172e7	6069.479586815894	-18.94939390779634	-4.6636151816978035
9.007481103811172e7	6068.006763845085	-18.958114153315258	-4.67871618287753
9.044231103811172e7	6066.534298270238	-18.966834398834173	-4.694048725265416
9.080981103811172e7	6065.062190004617	-18.97555464435309	-4.709620019938989
9.117731103811172e7	6063.59043896154	-18.98427488987201	-4.72543762018235
9.154481103811172e7	6062.119045054312	-18.992995135390927	-4.741509443487533
9.191231103811172e7	6060.648008196259	-19.001715380909843	-4.757843795352937
9.227981103811172e7	6059.177328300761	-19.010435626428766	-4.7744493950579185
9.264731103811172e7	6057.707005281175	-19.01915587194768	-4.791335403613776
9.301481103811172e7	6056.237039050935	-19.027876117466597	-4.80851145411545
9.338231103811172e7	6054.767429523419	-19.036596362985517	-4.825987684745718
9.374981103811172e7	6053.340230557025	-19.04533325584343	-4.840338006085917
9.411731103811172e7	6051.915390137171	-19.05407094936279	-4.854729845820789
9.448481103811172e7	6050.490885097478	-19.062808642882146	-4.869331838778378
9.485231103811172e7	6049.066715359015	-19.071546336401504	-4.884150213440061
9.521981103811172e7	6047.642880842836	-19.08028402992086	-4.899191479355383
9.558731103811172e7	6046.219381470049	-19.08902172344022	-4.914462444312071
9.595481103811172e7	6044.7962171617655	-19.097759416959576	-4.9299702328375234
9.632231103811172e7	6043.373387839119	-19.106497110478934	-4.94572230615762
9.668981103811172e7	6041.95089342326	-19.11523480399829	-4.961726483752828
9.705731103811172e7	6040.528733835357	-19.123972497517645	-4.9779909666674715
9.742481103811172e7	6039.106908996599	-19.132710191037003	-4.994524362746131
9.779231103811172e7	6037.685418828192	-19.14144788455636	-5.011335713991567
9.815981103811172e7	6036.264263251362	-19.150185578075718	-5.028434526261849
9.852731103811172e7	6034.843442187361	-19.158923271595075	-5.045830801550895
9.889481103811172e7	6033.419826767436	-19.167654176159587	-5.062083898080306
9.926231103811172e7	6031.991975573315	-19.176375158755267	-5.076453205213121
9.962981103811172e7	6030.564462290213	-19.185096141350947	-5.091032003229361
9.999731103811172e7	6029.137286838159	-19.193817123946626	-5.1058264909708635
1.0036481103811172e8	6027.710449137202	-19.202538106542306	-5.120843146552376
1.0073231103811172e8	6026.283949107414	-19.211259089137986	-5.136088744393551
1.0109981103811172e8	6024.85778666888	-19.219980071733666	-5.151570373569488
1.0146731103811172e8	6023.431961741697	-19.228701054329346	-5.16729545760424
1.0183481103811172e8	6022.006474246012	-19.237422036925025	-5.183271775845612
1.0220231103811172e8	6020.581324101959	-19.246143019520705	-5.199507486575323
1.0256981103811172e8	6019.1565112297	-19.254864002116385	-5.216011152026373
1.0293731103811172e8	6017.732035549419	-19.263584984712065	-5.232791765499699
1.0330481103811172e8	6016.307896981317	-19.272305967307744	-5.249858780795079
1.0367231103811172e8	6014.884095445613	-19.28102694990342	-5.267222144197454
1.0403981103811172e8	6013.460630862545	-19.289747932499104	-5.2848923292896135
1.0440731103811172e8	6012.022204251498	-19.298539436171254	-5.299672634310117
1.0477481103811172e8	6010.582175892202	-19.30733991136748	-5.3142611780554585
1.0514231103811172e8	6009.142492455397	-19.316140386563717	-5.329065702135146
1.0550981103811172e8	6007.703153858454	-19.32494086175995	-5.344092697859224
1.0587731103811172e8	6006.264160018799	-19.33374133695618	-5.359348953653773
1.0624481103811172e8	6004.8255108538315	-19.34254181215241	-5.374841573474754
1.0661231103811172e8	6003.387206281013	-19.351342287348643	-5.390577996670833
1.0697981103811172e8	6001.949246217798	-19.360142762544875	-5.406566019434204
1.0734731103811172e8	6000.511630581665	-19.36894323774111	-5.422813817994234
1.0771481103811172e8	5999.074359290115	-19.377743712937338	-5.439329973726674
1.0808231103811172e8	5997.637432260662	-19.38654418813357	-5.456123500371458
1.0844981103811172e8	5996.200849410863	-19.395344663329805	-5.473203873575225
1.0881731103811172e8	5994.764610658261	-19.404145138526037	-5.490581063000983
1.0918481103811172e8	5993.328715920456	-19.41294561372227	-5.50826556727733
1.0955231103811172e8	5991.862441614974	-19.42181343568118	-5.524237456793429
1.0991981103811172e8	5990.372593967686	-19.43073373047116	-5.53886318305235
1.1028731103811172e8	5988.883116763817	-19.439654025261145	-5.553706000219325
1.1065481103811172e8	5987.39400991127	-19.448574320051126	-5.568772450114965
1.1102231103811172e8	5985.905273317935	-19.45749461484111	-5.584069374786137
1.1138981103811172e8	5984.416906891764	-19.46641490963109	-5.5996039351629365
1.1175731103811172e8	5982.928910540722	-19.47533520442107	-5.615383631187823
1.1212481103811172e8	5981.441284172764	-19.484255499211052	-5.631416323558529
1.1249231103811172e8	5979.954027695936	-19.493175794001036	-5.6477102572425535
1.1285981103811172e8	5978.4671410182345	-19.502096088791017	-5.664274086939313
1.1322731103811172e8	5976.980624047723	-19.511016383580998	-5.68111690468681
1.1359481103811172e8	5975.494476692473	-19.519936678370982	-5.698248269833266
1.1396231103811172e8	5974.0086988605835	-19.528856973160963	-5.715678241621112
1.1432981103811172e8	5972.5232904601835	-19.537777267950943	-5.733417414661377
1.1469731103811172e8	5971.028198427527	-19.546670425825766	-5.7496210212740655
1.1506481103811172e8	5969.523938819556	-19.555537820041163	-5.764303497080604
1.1543231103811172e8	5968.020058174285	-19.564405214256556	-5.779204764372673
1.1579981103811172e8	5966.516556396244	-19.57327260847195	-5.794331442573904
1.1616731103811172e8	5965.013433389974	-19.582140002687343	-5.80969045612884
1.1653481103811172e8	5963.510689060075	-19.59100739690274	-5.8252890535360065
1.1690231103811172e8	5962.008323311137	-19.599874791118133	-5.841134827889114
1.1726981103811172e8	5960.506336047776	-19.608742185333526	-5.857235739072089
1.1763731103811172e8	5959.004727174662	-19.61760957954892	-5.873600137770336
1.1800481103811172e8	5957.503496596458	-19.626476973764312	-5.890236791479562
1.1837231103811172e8	5956.0026442178505	-19.63534436797971	-5.907154912714939
1.1873981103811172e8	5954.502169943594	-19.644211762195102	-5.924364189647871
1.1910731103811172e8	5953.00207367839	-19.653079156410495	-5.941874819425405
1.1947481103811172e8	5951.502355327041	-19.661946550625892	-5.95969754445925
1.1984231103811172e8	5949.983952851602	-19.670787717971557	-5.97615453557809
1.2020981103811172e8	5948.44400247829	-19.679598697276468	-5.99091343081918
1.2057731103811172e8	5946.904450668589	-19.688409676581383	-6.005893418198066
1.2094481103811172e8	5945.365297319365	-19.697220655886294	-6.0211012226201746
1.2131231103811172e8	5943.826542327481	-19.70603163519121	-6.036543880560196
1.2167981103811172e8	5942.288185589823	-19.71484261449612	-6.052228759611333
1.2204731103811172e8	5940.75022700335	-19.723653593801032	-6.068163579592272
1.2241481103811172e8	5939.212666464971	-19.732464573105947	-6.084356435363246
1.2278231103811172e8	5937.675503871697	-19.741275552410862	-6.100815821519996
1.2314981103811172e8	5936.138739120513	-19.750086531715773	-6.117550659154198
1.2351731103811172e8	5934.60237210847	-19.758897511020685	-6.134570324891432
1.2388481103811172e8	5933.066402732619	-19.767708490325603	-6.151884682443309
1.2425231103811172e8	5931.530830890033	-19.77651946963051	-6.169504116939595
1.2461981103811172e8	5929.995656477846	-19.785330448935426	-6.187439572339546
1.2498731103811172e8	5928.424503883644	-19.79419166341671	-6.204177546823769
1.2535481103811172e8	5926.802811810715	-19.8031232678021	-6.219030876155437
1.2572231103811172e8	5925.181563343849	-19.81205487218749	-6.234108157491635
1.2608981103811172e8	5923.56075836172	-19.820986476572873	-6.249416247649113
1.2645731103811172e8	5921.940396743027	-19.829918080958265	-6.264962323253138
1.2682481103811172e8	5920.320478366469	-19.83884968534365	-6.280753900940235
1.2719231103811172e8	5918.701003110818	-19.847781289729042	-6.296798859181853
1.2755981103811172e8	5917.081970854852	-19.85671289411443	-6.313105461887566
1.2792731103811172e8	5915.46338147738	-19.865644498499815	-6.329682383964838
1.2829481103811172e8	5913.845234857264	-19.874576102885207	-6.346538739033242
1.2866231103811172e8	5912.2275308734015	-19.883507707270596	-6.363684109514821
1.2902981103811172e8	5910.6102694046895	-19.89243931165598	-6.381128579349305
1.2939731103811172e8	5908.993450330102	-19.901370916041373	-6.39888276961386
1.2976481103811172e8	5907.377073528603	-19.910302520426757	-6.416957877362404
1.3013231103811172e8	5905.719844671628	-19.919201933717382	-6.43298685330287
1.3049981103811172e8	5904.040152039679	-19.928083467729113	-6.447936496891074
1.3086731103811172e8	5902.360937142437	-19.936965001740838	-6.463113028507569
1.3123481103811172e8	5900.6821998440255	-19.945846535752565	-6.478523441299244
1.3160231103811172e8	5899.003940008606	-19.954728069764293	-6.494175056794634
1.3196981103811172e8	5897.326157500381	-19.96360960377602	-6.5100755457913175
1.3233731103811172e8	5895.648852183588	-19.97249113778775	-6.526232950930943
1.3270481103811172e8	5893.972023922508	-19.981372671799477	-6.542655711128154
1.3307231103811172e8	5892.295672581455	-19.990254205811205	-6.559352688039198
1.3343981103811172e8	5890.619798024786	-19.999135739822933	-6.576333194778041
1.3380731103811172e8	5888.944400116895	-20.00801727383466	-6.593607027112966
1.3417481103811172e8	5887.2694787222135	-20.01689880784639	-6.611184497405281
1.3454231103811172e8	5885.595033705214	-20.025780341858116	-6.629076471584583
1.3490981103811172e8	5883.921064930405	-20.034661875869844	-6.6472944094925115
1.3527731103811172e8	5882.192754956447	-20.043664229549584	-6.662608518778638
1.3564481103811172e8	5880.456612929452	-20.052684969819133	-6.6776606481761425
1.3601231103811172e8	5878.720983328554	-20.06170571008868	-6.69294281107658
1.3637981103811172e8	5876.985866002541	-20.07072645035823	-6.70846214769479
1.3674731103811172e8	5875.2512608001825	-20.079747190627774	-6.724226135940739
1.3711481103811172e8	5873.517167570325	-20.088767930897323	-6.74024261305605
1.3748231103811172e8	5871.783586161878	-20.097788671166875	-6.756519799011614
1.3784981103811172e8	5870.050516423766	-20.10680941143642	-6.773066321841172
1.3821731103811172e8	5868.317958204969	-20.115830151705968	-6.789891245106302
1.3858481103811172e8	5866.585911354511	-20.124850891975516	-6.80700409771171
1.3895231103811172e8	5864.85437572146	-20.13387163224506	-6.824414906316364
1.3931981103811172e8	5863.12335115493	-20.14289237251461	-6.842134230616513
1.3968731103811172e8	5861.392837504078	-20.151913112784158	-6.860173201811455
1.4005481103811172e8	5859.663858524449	-20.1606972677243	-6.876503165202289
1.4042231103811172e8	5857.937144936253	-20.16907570199995	-6.889556498709908
1.4078981103811172e8	5856.2109401724465	-20.1774541362756	-6.902782477817603
1.4115731103811172e8	5854.485244083066	-20.185832570551252	-6.916185730686487
1.4152481103811172e8	5852.760056518229	-20.194211004826904	-6.929771074111622
1.4189231103811172e8	5851.035377328096	-20.202589439102557	-6.943543523914461
1.4225981103811172e8	5849.311206362836	-20.210967873378205	-6.957508306060987
1.4262731103811172e8	5847.5875434726995	-20.219346307653858	-6.971670868567218
1.4299481103811172e8	5845.864388507978	-20.227724741929507	-6.986036894259968
1.4336231103811172e8	5844.1417413189865	-20.23610317620516	-7.00061231446764
1.4372981103811172e8	5842.4196017560835	-20.24448161048081	-7.015403323723622
1.4409731103811172e8	5840.6979696696935	-20.25286004475646	-7.030416395573491
1.4446481103811172e8	5838.976844910275	-20.261238479032112	-7.04565829958699
1.4483231103811172e8	5837.25622732833	-20.269616913307765	-7.061136119686675
1.4519981103811172e8	5835.536116774414	-20.277995347583413	-7.076857273917434
1.4556731103811172e8	5833.816513099107	-20.28637378185907	-7.092829535794995
1.4593481103811172e8	5832.097416153034	-20.294752216134718	-7.109061057387206
1.4630231103811172e8	5830.378825786881	-20.303130650410367	-7.125560394299641
1.4666981103811172e8	5828.660741851382	-20.311509084686023	-7.142336532757267
1.4703731103811172e8	5826.943164197282	-20.31988751896167	-7.159398918996753
1.4740481103811172e8	5825.2260926754125	-20.328265953237324	-7.176757491210132
1.4777231103811172e8	5823.509527136605	-20.336644387512976	-7.194422714310271
1.4813981103811172e8	5821.79346743177	-20.345022821788625	-7.212405617822657
1.4850731103811172e8	5820.077913411858	-20.353401256064277	-7.230717837247068
1.4887481103811172e8	5818.362864927846	-20.36177969033993	-7.249371659277524
1.4924231103811172e8	5816.648321830742	-20.37015812461558	-7.268380071320658
1.4960981103811172e8	5814.934283971661	-20.37853655889123	-7.2877568158123225
1.4997731103811172e8	5813.220751201689	-20.38691499316688	-7.307516449901392
1.5034481103811172e8	5811.507723372009	-20.395293427442535	-7.327674411150059
1.5071231103811172e8	5809.727833204241	-20.403740315113424	-7.344690879377443
1.5107981103811172e8	5807.872541029967	-20.412264399127086	-7.357937004765027
1.5144731103811172e8	5806.017841329067	-20.42078848314075	-7.371360948023074
1.5181481103811172e8	5804.163733912339	-20.429312567154415	-7.3849675482912875
1.5218231103811172e8	5802.310218590642	-20.437836651168077	-7.39876184497623
1.5254981103811172e8	5800.457295174895	-20.44636073518174	-7.412749088956752
1.5291731103811172e8	5798.6049634760875	-20.454884819195406	-7.426934754584275
1.5328481103811172e8	5796.753223305238	-20.46340890320907	-7.441324552546544
1.5365231103811172e8	5794.902074473469	-20.471932987222736	-7.455924443670518
1.5401981103811172e8	5793.0515167919175	-20.480457071236398	-7.4707406537478676
1.5438731103811172e8	5791.201550071817	-20.488981155250062	-7.485779689475401
1.5475481103811172e8	5789.352174124448	-20.497505239263724	-7.501048355612525
1.5512231103811172e8	5787.50338876115	-20.50602932327739	-7.516553773469017
1.5548981103811172e8	5785.655193793336	-20.514553407291054	-7.532303400848813
1.5585731103811172e8	5783.807589032449	-20.52307749130472	-7.548305053589624
1.5622481103811172e8	5781.9605742900285	-20.531601575318383	-7.564566928854116
1.5659231103811172e8	5780.114149377637	-20.54012565933205	-7.581097630346391
1.5695981103811172e8	5778.268314106917	-20.54864974334571	-7.5979061956479645
1.5732731103811172e8	5776.423068289602	-20.557173827359374	-7.615002125890701
1.5769481103811172e8	5774.578411737434	-20.56569791137304	-7.632395418010593
1.5806231103811172e8	5772.734344262225	-20.574221995386704	-7.650096599856549
1.5842981103811172e8	5770.890865675869	-20.582746079400366	-7.6681167684629195
1.5879731103811172e8	5769.047975790307	-20.59127016341403	-7.686467631834162
1.5916481103811172e8	5767.205674417543	-20.599794247427695	-7.70516155463564
1.5953231103811172e8	5765.3639613696405	-20.60831833144136	-7.724211608237102
1.5989981103811172e8	5763.522836458732	-20.61684241545502	-7.7436316256161115
1.6026731103811172e8	5761.68229949698	-20.625366499468686	-7.763436261699034
1.6063481103811172e8	5759.842350296638	-20.63389058348235	-7.783641059798876
1.6100231103811172e8	5757.995210491024	-20.642409971532935	-7.803439392613993
1.6136981103811172e8	5756.083853182768	-20.650890218764633	-7.816664095535442
1.6173731103811172e8	5754.173130346503	-20.65937046599633	-7.830066037779391
1.6210481103811172e8	5752.263041771632	-20.66785071322803	-7.843650034727809
1.6247231103811172e8	5750.3535872476095	-20.676330960459726	-7.857421100710679
1.6283981103811172e8	5748.4447665639755	-20.684811207691425	-7.871384460118615
1.6320731103811172e8	5746.536579510307	-20.693291454923123	-7.885545559302399
1.6357481103811172e8	5744.629025876281	-20.701771702154822	-7.899910079327224
1.6394231103811172e8	5742.722105451636	-20.710251949386517	-7.914483949656426
1.6430981103811172e8	5740.815818026178	-20.71873219661822	-7.929273362847165
1.6467731103811172e8	5738.910163389784	-20.727212443849915	-7.944284790349221
1.6504481103811172e8	5737.005141332413	-20.735692691081617	-7.959524999507799
1.6541231103811172e8	5735.100751644058	-20.744172938313312	-7.975001071882124
1.6577981103811172e8	5733.196994114816	-20.75265318554501	-7.990720423003974
1.6614731103811172e8	5731.2938685348445	-20.76113343277671	-8.006690823714125
1.6651481103811172e8	5729.391374694368	-20.76961368000841	-8.022920423230392
1.6688231103811172e8	5727.489512383691	-20.778093927240107	-8.039417774118673
1.6724981103811172e8	5725.588281393159	-20.786574174471802	-8.056191859358579
1.6761731103811172e8	5723.6876815132155	-20.7950544217035	-8.073252121718035
1.6798481103811172e8	5721.787712534365	-20.8035346689352	-8.090608495677397
1.6835231103811172e8	5719.888374247181	-20.8120149161669	-8.108271442173272
1.6871981103811172e8	5717.989666442306	-20.820495163398597	-8.126251986466304
1.6908731103811172e8	5716.091588910452	-20.828975410630296	-8.144561759476167
1.6945481103811172e8	5714.194141442412	-20.837455657861994	-8.163213042971853
1.6982231103811172e8	5712.297323829016	-20.845935905093693	-8.182218819056947
1.7018981103811172e8	5710.401135861196	-20.85441615232539	-8.201592824449245
1.7055731103811172e8	5708.505577329942	-20.862896399557087	-8.221349610123161
1.7092481103811172e8	5706.610648026322	-20.871376646788786	-8.241504606963556
1.7129231103811172e8	5704.716347741447	-20.879856894020485	-8.262074198173035
1.7165981103811172e8	5702.790919580937	-20.888384523149472	-8.279819989224709
1.7202731103811172e8	5700.820557421984	-20.896980188145395	-8.293145129837418
1.7239481103811172e8	5698.850876039715	-20.905575853141322	-8.306650230514375
1.7276231103811172e8	5696.8818751989065	-20.914171518137252	-8.320340218708706
1.7312981103811172e8	5694.913554664416	-20.922767183133175	-8.334220227062433
1.7349731103811172e8	5692.945914201211	-20.931362848129105	-8.348295604959645
1.7386481103811172e8	5690.978953574312	-20.939958513125028	-8.362571930904432
1.7423231103811172e8	5689.012672548819	-20.948554178120958	-8.377055025795256
1.7459981103811172e8	5687.047070889946	-20.95714984311688	-8.391750967174783
1.7496731103811172e8	5685.082148362943	-20.96574550811281	-8.406666104542525
1.7533481103811172e8	5683.117904733187	-20.974341173108733	-8.421807075826806
1.7570231103811172e8	5681.154339766102	-20.982936838104663	-8.437180825123038
1.7606981103811172e8	5679.191453227195	-20.991532503100586	-8.452794621816947
1.7643731103811172e8	5677.229244882092	-21.000128168096516	-8.468656081224548
1.7680481103811172e8	5675.267714496433	-21.00872383309244	-8.484773186895582
1.7717231103811172e8	5673.306861836007	-21.01731949808837	-8.501154314743932
1.7753981103811172e8	5671.346686666632	-21.025915163084292	-8.517808259187575
1.7790731103811172e8	5669.387188754253	-21.03451082808022	-8.534744261502336
1.7827481103811172e8	5667.428367864849	-21.043106493076145	-8.551972040618281
1.7864231103811172e8	5665.470223764524	-21.051702158072068	-8.569501826615713
1.7900981103811172e8	5663.512756219432	-21.060297823067998	-8.587344397209815
1.7937731103811172e8	5661.555964995818	-21.068893488063924	-8.605511117549757
1.7974481103811172e8	5659.599849859995	-21.07748915305985	-8.624013983700285
1.8011231103811172e8	5657.64441057839	-21.086084818055774	-8.642865670222411
1.8047981103811172e8	5655.689646917471	-21.094680483051704	-8.662079582325795
1.8084731103811172e8	5653.735558643823	-21.10327614804763	-8.681669913130325
1.8121481103811172e8	5651.782145524087	-21.111871813043553	-8.701651706649553
1.8158231103811172e8	5649.82940732499	-21.120467478039483	-8.722040927196074
1.8194981103811172e8	5647.87734381333	-21.12906314303541	-8.742854536011027
1.8231731103811172e8	5645.934372998305	-21.13768502744599	-8.758793950729697
1.8268481103811172e8	5643.996543835507	-21.146320848951905	-8.772131033957915
1.8305231103811172e8	5642.059379785278	-21.154956670457825	-8.785648402159357
1.8341981103811172e8	5640.122880619327	-21.16359249196374	-8.799350996229133
1.8378731103811172e8	5638.187046109435	-21.17222831346966	-8.81324396300311
1.8415481103811172e8	5636.251876027498	-21.18086413497558	-8.827332666864386
1.8452231103811172e8	5634.317370145447	-21.189499956481495	-8.841622702179153
1.8488981103811172e8	5632.38352823533	-21.19813577798741	-8.856119906634033
1.8525731103811172e8	5630.450350069236	-21.20677159949333	-8.870830375554517
1.8562481103811172e8	5628.517835419371	-21.215407420999245	-8.88576047729236
1.8599231103811172e8	5626.585984057979	-21.22404324250516	-8.900916869779172
1.8635981103811172e8	5624.654795757423	-21.23267906401108	-8.91630651835391
1.8672731103811172e8	5622.724270290112	-21.241314885517	-8.931936714983726
1.8709481103811172e8	5620.794407428537	-21.249950707022915	-8.947815099010965
1.8746231103811172e8	5618.865206945283	-21.25858652852883	-8.963949679574037
1.8782981103811172e8	5616.936668613015	-21.26722235003475	-8.980348859866925
1.8819731103811172e8	5615.008792204457	-21.27585817154067	-8.99702146342125
1.8856481103811172e8	5613.0815774924085	-21.28449399304658	-9.01397676261669
1.8893231103811172e8	5611.155024249779	-21.2931298145525	-9.0312245096504
1.8929981103811172e8	5609.229132249515	-21.30176563605842	-9.048774970224398
1.8966731103811172e8	5607.3039012646805	-21.310401457564335	-9.066638960242283
1.9003481103811172e8	5605.37933106839	-21.31903727907025	-9.084827885843762
1.9040231103811172e8	5603.455421433832	-21.32767310057617	-9.103353787148057
1.9076981103811172e8	5601.532172134296	-21.33630892208209	-9.122229386126316
1.9113731103811172e8	5599.609582943148	-21.344944743588	-9.141468139079697
1.9150481103811172e8	5597.687653633801	-21.35358056509392	-9.161084294265365
1.9187231103811172e8	5595.766383979788	-21.36221638659984	-9.18109295528845
1.9223981103811172e8	5593.845773754678	-21.370852208105756	-9.201510150966522
1.9260731103811172e8	5591.925822732157	-21.37948802961167	-9.222352912476142
1.9297481103811172e8	5590.023608250577	-21.388137464285826	-9.241508607886486
1.9334231103811172e8	5588.171359545585	-21.396826225890436	-9.25478778088704
1.9370981103811172e8	5586.319724581339	-21.405514987495046	-9.26824566613547
1.9407731103811172e8	5584.468703154487	-21.414203749099656	-9.281887139576746
1.9444481103811172e8	5582.618295061716	-21.42289251070427	-9.295717279470244
1.9481231103811172e8	5580.768500099816	-21.431581272308875	-9.309741377739593
1.9517981103811172e8	5578.919318065608	-21.440270033913485	-9.323964952129737
1.9554731103811172e8	5577.070748756009	-21.4489587955181	-9.338393759241134
1.9591481103811172e8	5575.222791968004	-21.45764755712271	-9.35303380851815
1.9628231103811172e8	5573.375447498612	-21.46633631872732	-9.367891377276708
1.9664981103811172e8	5571.528715144964	-21.47502508033193	-9.382973026865246
1.9701731103811172e8	5569.682594704215	-21.48371384193654	-9.398285620063128
1.9738481103811172e8	5567.83708597362	-21.49240260354115	-9.41383633983197
1.9775231103811172e8	5565.992188750497	-21.50109136514576	-9.429632709548128
1.9811981103811172e8	5564.147902832206	-21.50978012675037	-9.445682614858995
1.9848731103811172e8	5562.30422801621	-21.51846888835498	-9.461994327322069
1.9885481103811172e8	5560.461164100002	-21.52715764995959	-9.478576530004156
1.9922231103811172e8	5558.61871088117	-21.5358464115642	-9.49543834523908
1.9958981103811172e8	5556.776868157361	-21.54453517316881	-9.512589364766017
1.9995731103811172e8	5554.935635726297	-21.55322393477342	-9.530039682497774
2.0032481103811172e8	5553.095013385739	-21.561912696378034	-9.547799930199302
2.0069231103811172e8	5551.255000933554	-21.57060145798264	-9.565881316392197
2.0105981103811172e8	5549.415598167635	-21.579290219587254	-9.584295668841689
2.0142731103811172e8	5547.5768048859845	-21.587978981191863	-9.603055481029438
2.0179481103811172e8	5545.738620886631	-21.596667742796473	-9.622173963069399
2.0216231103811172e8	5543.901045967697	-21.605356504401083	-9.641665097586474
2.0252981103811172e8	5542.064079927377	-21.614045266005693	-9.661543701149995
2.0289731103811172e8	5540.227722563898	-21.622734027610306	-9.681825491938083
2.0326481103811172e8	5538.391973675586	-21.631422789214916	-9.702527164407046
2.0363231103811172e8	5536.556833060833	-21.640111550819526	-9.72366647185444
2.0399981103811172e8	5534.722300518079	-21.648800312424132	-9.745262317898852
2.0436731103811172e8	5532.980846854547	-21.657550808224276	-9.759204147945184
2.0473481103811172e8	5531.246545332736	-21.666305714381178	-9.772756527017096
2.0510231103811172e8	5529.512787424196	-21.675060620538083	-9.786495099317655
2.0546981103811172e8	5527.779572958515	-21.683815526694982	-9.800425052337049
2.0583731103811172e8	5526.046901765361	-21.692570432851884	-9.814551793423135
2.0620481103811172e8	5524.314773674446	-21.70132533900879	-9.828880962383769
2.0657231103811172e8	5522.583188515536	-21.710080245165692	-9.843418445005263
2.0693981103811172e8	5520.852146118449	-21.718835151322594	-9.858170387568041
2.0730731103811172e8	5519.121646313059	-21.727590057479496	-9.873143212449099
2.0767481103811172e8	5517.391688929291	-21.736344963636398	-9.888343634910377
2.0804231103811172e8	5515.662273797125	-21.7450998697933	-9.903778681182924
2.0840981103811172e8	5513.933400746591	-21.753854775950206	-9.919455707968718
2.0877731103811172e8	5512.205069607777	-21.762609682107108	-9.935382423495636
2.0914481103811172e8	5510.477280210821	-21.77136458826401	-9.951566910276437
2.0951231103811172e8	5508.750032385915	-21.780119494420912	-9.968017649739952
2.0987981103811172e8	5507.023325963294	-21.788874400577814	-9.984743548922385
2.1024731103811172e8	5505.297160773287	-21.797629306734716	-10.00175396942904
2.1061481103811172e8	5503.571536646226	-21.806384212891622	-10.019058758902219
2.1098231103811172e8	5501.846453412497	-21.815139119048524	-10.036668285260143
2.1134981103811172e8	5500.121910902585	-21.823894025205426	-10.054593474004953
2.1171731103811172e8	5498.397908946994	-21.83264893136233	-10.072845848935954
2.1208481103811172e8	5496.674447376287	-21.84140383751923	-10.091437576648028
2.1245231103811172e8	5494.951526021082	-21.850158743676133	-10.110381515245523
2.1281981103811172e8	5493.22914471205	-21.858913649833035	-10.129691267760098
2.1318731103811172e8	5491.507303279913	-21.867668555989937	-10.149381240828331
2.1355481103811172e8	5489.786001555449	-21.87642346214684	-10.169466709263139
2.1392231103811172e8	5488.065239369487	-21.88517836830374	-10.189963887243902
2.1428981103811172e8	5486.345016552911	-21.893933274460643	-10.210890006956568
2.1465731103811172e8	5484.6253329366655	-21.90268818061755	-10.232263405639282
2.1502481103811172e8	5482.906188351711	-21.91144308677445	-10.254103622135256
2.1539231103811172e8	5481.187582629116	-21.920197992931353	-10.276431504226865
2.1575981103811172e8	5479.513064116103	-21.92896424720632	-10.29588297308184
2.1612731103811172e8	5477.914144251759	-21.937750073863448	-10.309790463476691
2.1649481103811172e8	5476.315690951624	-21.946535900520583	-10.323894103313235
2.1686231103811172e8	5474.717704079575	-21.95532172717771	-10.33819950477189
2.1722981103811172e8	5473.120183499497	-21.96410755383484	-10.352712524394635
2.1759731103811172e8	5471.523129075318	-21.97289338049197	-10.36743927748062
2.1796481103811172e8	5469.926540671033	-21.981679207149103	-10.382386153557725
2.1833231103811172e8	5468.330418150647	-21.99046503380623	-10.397559833028026
2.1869981103811172e8	5466.734761378208	-21.999250860463363	-10.412967305095702
2.1906731103811172e8	5465.139570217827	-22.008036687120494	-10.428615887097818
2.1943481103811172e8	5463.5448445336215	-22.016822513777623	-10.4445132453718
2.1980231103811172e8	5461.9505841897835	-22.025608340434754	-10.460667417808567
2.2016981103811172e8	5460.356789050519	-22.034394167091882	-10.477086838257412
2.2053731103811172e8	5458.76345898008	-22.043179993749014	-10.49378036296812
2.2090481103811172e8	5457.17059384275	-22.051965820406146	-10.510757299277888
2.2127231103811172e8	5455.578193502874	-22.060751647063277	-10.528027436775647
2.2163981103811172e8	5453.986257824829	-22.06953747372041	-10.545601081205099
2.2200731103811172e8	5452.394786673021	-22.078323300377534	-10.563489091400417
2.2237481103811172e8	5450.803779911891	-22.087109127034665	-10.581702919586077
2.2274231103811172e8	5449.213237405949	-22.095894953691797	-10.60025465541538
2.2310981103811172e8	5447.623159019706	-22.10468078034893	-10.619157074171717
2.2347731103811172e8	5446.033544617751	-22.113466607006057	-10.63842368961389
2.2384481103811172e8	5444.444394064685	-22.12225243366319	-10.658068812013001
2.2421231103811172e8	5442.855707225156	-22.13103826032032	-10.67810761200518
2.2457981103811172e8	5441.267483963854	-22.139824086977452	-10.698556190973907
2.2494731103811172e8	5439.679724145495	-22.14860991363458	-10.719431658779884
2.2531481103811172e8	5438.092427634869	-22.15739574029171	-10.74075221977861
2.2568231103811172e8	5436.505594296761	-22.16618156694884	-10.762537268209195
2.2604981103811172e8	5434.9192239960375	-22.174967393605968	-10.784807494206872
2.2641731103811172e8	5433.3333165975655	-22.183753220263103	-10.807585001891454
2.2678481103811172e8	5431.7478719662895	-22.19253904692023	-10.83089344122102
2.2715231103811172e8	5430.162889967164	-22.201324873577363	-10.854758155582308
2.2751981103811172e8	5428.578370465194	-22.21011070023449	-10.879206347426907
2.2788731103811172e8	5426.994313325413	-22.218896526891623	-10.904267264667483
2.2825481103811172e8	5425.535709036489	-22.2277376697033	-10.91995411335328
2.2862231103811172e8	5424.085409003822	-22.236582315069043	-10.935249852288289
2.2898981103811172e8	5422.63549665087	-22.24542696043478	-10.950783189802987
2.2935731103811172e8	5421.185971874021	-22.254271605800522	-10.966561624068456
2.2972481103811172e8	5419.736834569651	-22.263116251166267	-10.98259301389654
2.3009231103811172e8	5418.288084634198	-22.271960896532004	-10.99888560224494
2.3045981103811172e8	5416.83972196412	-22.28080554189775	-11.015448041669
2.3082731103811172e8	5415.39174645588	-22.28965018726349	-11.032289421916994
2.3119481103811172e8	5413.944158005996	-22.29849483262923	-11.049419299889163
2.3156231103811172e8	5412.496956511011	-22.307339477994972	-11.066847732207792
2.3192981103811172e8	5411.050141867471	-22.316184123360713	-11.084585310676205
2.3229731103811172e8	5409.603713971975	-22.325028768726455	-11.102643200939747
2.3266481103811172e8	5408.15767272115	-22.333873414092196	-11.121033184702119
2.3303231103811172e8	5406.712018011626	-22.342718059457937	-11.139767705896771
2.3339981103811172e8	5405.2667497400835	-22.35156270482368	-11.158859921266506
2.3376731103811172e8	5403.821867803234	-22.360407350189423	-11.178323755866174
2.3413481103811172e8	5402.377372097788	-22.369251995555164	-11.198173964074924
2.3450231103811172e8	5400.93326252051	-22.378096640920905	-11.218426196787634
2.3486981103811172e8	5399.489538968195	-22.38694128628665	-11.239097075552017
2.3523731103811172e8	5398.0462013376355	-22.39578593165239	-11.260204274531244
2.3560481103811172e8	5396.6032495256795	-22.404630577018132	-11.281766611304691
2.3597231103811172e8	5395.160683429204	-22.413475222383873	-11.303804147675725
2.3633981103811172e8	5393.718502945093	-22.422319867749614	-11.326338301839813
2.3670731103811172e8	5392.276707970261	-22.431164513115355	-11.349391973484776
2.3707481103811172e8	5390.835298401664	-22.440009158481097	-11.372989683654604
2.3744231103811172e8	5389.394274136291	-22.448853803846838	-11.397157731518318
2.3780981103811172e8	5387.953635071117	-22.45769844921258	-11.421924370556635
2.3817731103811172e8	5386.513381103212	-22.46654309457832	-11.447320007126073
2.3854481103811172e8	5385.0735121296175	-22.47538773994407	-11.473377424900221
2.3891231103811172e8	5383.634028047401	-22.484232385309806	-11.500132039343468
2.3927981103811172e8	5382.194928753715	-22.493077030675547	-11.527622187172563
2.3964731103811172e8	5380.756214145675	-22.501921676041288	-11.555889456742152
2.4001481103811172e8	5379.317884120466	-22.51076632140703	-11.584979066499875
2.4038231103811172e8	5377.87993857527	-22.519610966772774	-11.614940300155837
2.4074981103811172e8	5376.442377407328	-22.52845561213851	-11.645827009081346
2.4111731103811172e8	5375.005200513866	-22.537300257504253	-11.677698194798833
2.4148481103811172e8	5373.863538321615	-22.54634115667374	-11.696698911074893
2.4185231103811172e8	5372.723190393582	-22.555382768674857	-11.716016469011187
2.4221981103811172e8	5371.583084450348	-22.564424380675973	-11.735714557988919
2.4258731103811172e8	5370.443220440594	-22.573465992677093	-11.755808471723043
2.4295481103811172e8	5369.303598312969	-22.582507604678213	-11.776314444861073
2.4332231103811172e8	5368.164218016148	-22.59154921667933	-11.797249731788796
2.4368981103811172e8	5367.025079498812	-22.600590828680446	-11.818632693862995
2.4405731103811172e8	5365.886182709645	-22.609632440681565	-11.840482896176226
2.4442481103811172e8	5364.747527597372	-22.61867405268268	-11.862821215131495
2.4479231103811172e8	5363.609114110698	-22.627715664683798	-11.885669958309192
2.4515981103811172e8	5362.47094219835	-22.636757276684918	-11.909052998351257
2.4552731103811172e8	5361.333011809065	-22.645798888686034	-11.932995922876831
2.4589481103811172e8	5360.195322891591	-22.65484050068715	-11.957526202789557
2.4626231103811172e8	5359.0578753946875	-22.66388211268827	-11.98267338175235
2.4662981103811172e8	5357.920669267114	-22.672923724689387	-12.008469290106827
2.4699731103811172e8	5356.783704457672	-22.681965336690503	-12.034948287122267
2.4736481103811172e8	5355.646980915141	-22.691006948691623	-12.062147536198932
2.4773231103811172e8	5354.510498588317	-22.700048560692743	-12.090107318556077
2.4809981103811172e8	5353.3742574260405	-22.70909017269386	-12.118871392049028
2.4846731103811172e8	5352.238257377097	-22.718131784694975	-12.148487403137771
2.4883481103811172e8	5351.102498390352	-22.727173396696095	-12.179007361744253
2.4920231103811172e8	5349.96698041464	-22.736215008697215	-12.21048819088242
2.4956981103811172e8	5348.831703398809	-22.74525662069833	-12.242992365650522
2.4993731103811172e8	5347.696667291756	-22.754298232699448	-12.276588659608205
2.5030481103811172e8	5346.561872042321	-22.763339844700564	-12.311353020949507
2.5067231103811172e8	5345.427317599421	-22.77238145670168	-12.347369606536757
2.5103981103811172e8	5344.293003911948	-22.7814230687028	-12.384732009205697
2.5140731103811172e8	5343.158930928813	-22.79046468070392	-12.42354472338002
2.5177481103811172e8	5342.025098598937	-22.799506292705033	-12.463924906774603
2.5214231103811172e8	5340.891506871253	-22.808547904706156	-12.50600451300108
2.5250981103811172e8	5339.758155694696	-22.817589516707272	-12.549932892916717
2.5287731103811172e8	5338.625045018239	-22.826631128708385	-12.595879994058896
2.5324481103811172e8	5337.4921747908365	-22.835672740709505	-12.644040331161642
2.5361231103811172e8	5336.359544961466	-22.844714352710625	-12.694637962099538
2.5397981103811172e8	5335.227155479104	-22.85375596471174	-12.747932791150458
2.5434731103811172e8	5334.095006292778	-22.86279757671286	-12.80422864850957
2.5471481103811172e8	5332.963097351458	-22.871839188713977	-12.863883782771802
2.5508231103811172e8	5331.8314286041905	-22.880880800715097	-12.927324686391895
2.5544981103811172e8	5330.699999999998	-22.889922412716214	-12.995064611309237
